,anger,anticipation,disgust,fear,joy,sadness,surprise,trust
project,0.12771890686001117,0.17568321249302846,0.049451570923963566,0.05595835657185351,0.10243539691392453,0.07994050938836215,0.0210076222346161,0.3878044246142406
gutenberg,0.10781841109709964,0.23013871374527112,0.05170239596469105,0.07313997477931904,0.08007566204287515,0.11475409836065574,0.02395964691046658,0.3184110970996217
ebook,0.13940648723257418,0.1746031746031746,0.05521048999309869,0.11318150448585229,0.06073153899240856,0.13181504485852313,0.037957211870255345,0.28709454796411316
history,0.11311700182815355,0.14762340036563068,0.06307129798903108,0.13528336380255943,0.11585923217550274,0.09986288848263254,0.07244058500914076,0.25274223034734916
england,0.1273333665189905,0.1492359002439146,0.06794763303300314,0.16402011050823834,0.106675294937528,0.10587883916571257,0.05595101797003335,0.2229578376225795
accession,0.12249443207126948,0.17371937639198215,0.06792873051224943,0.16481069042316257,0.09354120267260578,0.10244988864142537,0.04565701559020043,0.22939866369710465
james,0.14277595628415302,0.14924590163934426,0.0753224043715847,0.16445901639344263,0.08555191256830601,0.10859016393442623,0.06225136612021858,0.21180327868852458
thomas,0.12841091492776888,0.12680577849117175,0.09149277688603533,0.15088282504012843,0.09149277688603533,0.08908507223113965,0.04975922953451044,0.27207062600321025
babington,0.18105263157894735,0.11789473684210526,0.08421052631578947,0.20210526315789473,0.06526315789473684,0.10105263157894737,0.06736842105263158,0.18105263157894735
macaulay,0.17995910020449898,0.11860940695296522,0.08793456032719835,0.20245398773006135,0.06339468302658487,0.10224948875255623,0.06543967280163598,0.17995910020449898
use,0.11902203116603977,0.17060720042987643,0.07791509940891994,0.12681354110693177,0.13057495969908653,0.092423428264374,0.058839333691563675,0.22380440623320796
cost,0.13263525305410123,0.1431064572425829,0.06631762652705062,0.13787085514834208,0.13263525305410123,0.08900523560209424,0.05410122164048866,0.2443280977312391
almost,0.11535996581926938,0.141422772911771,0.08203375347148044,0.14633625293740654,0.12176885280922879,0.12326425977355265,0.06131168553727835,0.2085024567400128
may,0.10684517949727637,0.15042331167552667,0.07724617706897684,0.1302749885147995,0.12909365360635294,0.10848592242567436,0.06129815580494848,0.23633261140644485
copy,0.18597236981934115,0.09989373007438895,0.07757704569606802,0.07545164718384698,0.04569606801275239,0.07226354941551541,0.02763018065887354,0.41551540913921364
give,0.10630323679727427,0.15315161839863714,0.06422487223168655,0.13458262350936967,0.12402044293015332,0.10647359454855196,0.06609880749574105,0.24514480408858605
away,0.12026002166847237,0.14756229685807148,0.07735644637053088,0.1477789815817985,0.12611050920910077,0.11830985915492959,0.06262188515709642,0.19999999999999998
terms,0.12627118644067797,0.1228813559322034,0.06525423728813559,0.12076271186440678,0.11186440677966102,0.08898305084745763,0.048305084745762714,0.3156779661016949
license,0.12023809523809523,0.19285714285714284,0.06071428571428571,0.12380952380952381,0.12261904761904763,0.09404761904761905,0.04285714285714286,0.24285714285714283
title,0.09076682316118936,0.12754303599374023,0.05555555555555555,0.11424100156494522,0.08841940532081378,0.07981220657276995,0.046948356807511735,0.3967136150234742
volume,0.1475826972010178,0.15267175572519082,0.07506361323155215,0.1564885496183206,0.09923664122137403,0.08651399491094146,0.07124681933842238,0.21119592875318066
5,0.14874141876430205,0.13501144164759726,0.07551487414187642,0.16018306636155605,0.08924485125858123,0.08695652173913042,0.06636155606407322,0.23798627002288328
author,0.08611279563371742,0.1594906003638569,0.05700424499696787,0.10430563978168587,0.11704063068526381,0.07277137659187387,0.05215281989084294,0.3511218920557914
posting,0.18376068376068377,0.11965811965811966,0.08547008547008547,0.20512820512820512,0.05982905982905983,0.10256410256410256,0.06837606837606838,0.1752136752136752
date,0.1267772511848341,0.15876777251184834,0.06753554502369669,0.15165876777251186,0.10071090047393365,0.10308056872037913,0.05331753554502369,0.2381516587677725
june,0.1146288209606987,0.15283842794759828,0.053493449781659395,0.13100436681222707,0.13973799126637557,0.08624454148471616,0.060043668122270744,0.26200873362445415
23,0.1605351170568562,0.12709030100334448,0.07692307692307693,0.1739130434782609,0.09698996655518395,0.09030100334448161,0.06354515050167224,0.21070234113712374
2008,0.18376068376068377,0.11965811965811966,0.08547008547008547,0.20512820512820512,0.05982905982905983,0.10256410256410256,0.06837606837606838,0.1752136752136752
2614,0.20454545454545453,0.06818181818181818,0.13636363636363635,0.20454545454545453,0.045454545454545456,0.06818181818181818,0.06818181818181818,0.20454545454545453
release,0.15130023640661938,0.15366430260047279,0.06382978723404255,0.1796690307328605,0.0945626477541371,0.10874704491725766,0.05673758865248226,0.19148936170212763
2001,0.1774193548387097,0.13440860215053765,0.07526881720430108,0.19892473118279574,0.06451612903225806,0.09677419354838711,0.07526881720430108,0.1774193548387097
language,0.12069756769160167,0.13951353832033042,0.0752638825149151,0.14502065167508033,0.12023864157870584,0.10050481872418542,0.05874254245066545,0.24001835704451585
english,0.13040192373754728,0.1402267262109241,0.0694606664376503,0.16255582274132602,0.10353830298866369,0.10175197526623155,0.05681896255582275,0.23524562006183444
start,0.11028315946348735,0.2801788375558868,0.06855439642324888,0.12816691505216096,0.0730253353204173,0.09687034277198213,0.06110283159463487,0.18181818181818182
produced,0.13117499302260674,0.14289701367569077,0.07786770862405805,0.16885291655037676,0.09740440971253139,0.11554563215182807,0.06363382640245605,0.2026234998604521
martin,0.11131725417439703,0.15955473098330242,0.06307977736549165,0.13358070500927643,0.14656771799628943,0.06679035250463822,0.07050092764378478,0.24860853432282004
adamson,0.17842323651452283,0.11618257261410789,0.08298755186721993,0.19917012448132781,0.07053941908713693,0.09958506224066391,0.06639004149377595,0.18672199170124482
second,0.12589670014347204,0.16409612625538023,0.07550215208034435,0.14867288378766144,0.10204447632711623,0.11101147776183645,0.05595408895265424,0.21682209469153518
v,0.14563106796116504,0.0970873786407767,0.14563106796116504,0.13592233009708737,0.14563106796116504,0.06796116504854369,0.038834951456310676,0.22330097087378636
chapters,0.17886178861788618,0.1138211382113821,0.08536585365853658,0.2032520325203252,0.06097560975609756,0.1138211382113821,0.06504065040650406,0.17886178861788618
xxiii-xxv,0.20454545454545453,0.06818181818181818,0.13636363636363635,0.20454545454545453,0.045454545454545456,0.06818181818181818,0.06818181818181818,0.20454545454545453
contents,0.14971751412429377,0.1214689265536723,0.09887005649717513,0.16949152542372878,0.08192090395480224,0.09604519774011297,0.07627118644067796,0.20621468926553668
chapter,0.14380825565912117,0.1453617399023524,0.0758988015978695,0.17376830892143807,0.08277851753217931,0.11118508655126498,0.06191744340878828,0.20528184642698624
xxiii,0.1923076923076923,0.08974358974358973,0.1282051282051282,0.1923076923076923,0.0641025641025641,0.05128205128205128,0.0641025641025641,0.21794871794871792
standing,0.13928112965340178,0.1258023106546855,0.08472400513478819,0.1617458279845956,0.09499358151476252,0.11938382541720154,0.04813863928112965,0.22593068035943517
armies,0.1547022815804118,0.1213132999443517,0.07679465776293823,0.1947690595436839,0.08235948803561491,0.10907067334446299,0.058987200890372835,0.20200333889816358
sunderland,0.1446776611694153,0.15254872563718141,0.07796101949025487,0.16791604197901047,0.07946026986506746,0.10869565217391304,0.05584707646176911,0.2128935532233883
lord,0.08785094005564456,0.10791670179580137,0.17696652896045867,0.10732653233285558,0.08009442711407133,0.07452997217772533,0.0463704578028834,0.31894443976055986
spencer,0.16744186046511628,0.11627906976744186,0.10697674418604651,0.17209302325581396,0.05581395348837209,0.10232558139534885,0.05581395348837209,0.22325581395348837
controversy,0.12140575079872204,0.15654952076677317,0.0670926517571885,0.12460063897763578,0.134185303514377,0.08626198083067094,0.04792332268370607,0.2619808306709265
touching,0.11395348837209303,0.14651162790697675,0.07674418604651162,0.14186046511627906,0.10232558139534885,0.09302325581395349,0.06046511627906977,0.2651162790697674
meeting,0.1282358581016299,0.14022051773729624,0.07766059443911792,0.16179290508149566,0.08796740172579098,0.10498561840843718,0.06567593480345157,0.23346116970278044
parliament,0.1257918552036199,0.12751953928424517,0.06853146853146853,0.1539284245166598,0.07412587412587412,0.09946524064171124,0.0523241464417935,0.29831345125462777
king,0.1274471289203169,0.14214627119753812,0.07552543704576703,0.1563870883258037,0.10400707130229815,0.10796831008970077,0.060269757087671044,0.22624893603090418
's,0.10339010639399815,0.15809645008064638,0.07169386939729798,0.12820550762810934,0.14260347149262345,0.10016425220852632,0.07056925968126193,0.22527708311753653
speech,0.12901271956390067,0.12961841308298,0.08298001211387038,0.14778921865536038,0.09509388249545729,0.08903694730466384,0.07268322228952151,0.25378558449424593
well,0.09875292283710055,0.1579111457521434,0.0715510522213562,0.1318784099766173,0.13663289166017148,0.10109119251753701,0.07162899454403741,0.23055339049103665
received,0.11229135053110774,0.17172483560950938,0.05715730905412241,0.12266059686393527,0.12923621648963077,0.09484066767830046,0.06575619625695499,0.2463328275164391
debate,0.132896305125149,0.15494636471990464,0.07926102502979737,0.14064362336114422,0.08760429082240762,0.09892729439809297,0.06972586412395708,0.23599523241954706
peace,0.07869709938183547,0.20518307180218734,0.0480266286257727,0.11768901569186875,0.1868758915834522,0.06847360912981455,0.047075606276747506,0.24797907750832143
establishment,0.11778290993071594,0.14780600461893767,0.07159353348729793,0.16628175519630486,0.11547344110854504,0.08775981524249422,0.053117782909930716,0.2401847575057737
attacked,0.1497907949790795,0.14225941422594143,0.07531380753138076,0.17740585774058576,0.09121338912133892,0.10460251046025104,0.058577405857740586,0.200836820083682
nation,0.11253504205046057,0.12154585502603125,0.06527833400080096,0.14397276732078496,0.10012014417300762,0.09511413696435723,0.0486583900680817,0.31277533039647576
averse,0.19014084507042256,0.09859154929577464,0.15140845070422534,0.21126760563380284,0.08450704225352113,0.07746478873239437,0.05633802816901409,0.1302816901408451
army,0.14796273119176748,0.13057989153108052,0.0753719927687387,0.19301905159226812,0.0750938673341677,0.10568766513697678,0.054651647893199824,0.21763315255180085
mutiny,0.1669941060903733,0.11787819253438114,0.08742632612966601,0.20530451866404714,0.06777996070726916,0.09037328094302553,0.09037328094302553,0.17387033398821217
act,0.12596320176128323,0.14326151910677778,0.0751690517376946,0.1589872621481365,0.09702783456518321,0.09907218116055984,0.05897153640509514,0.2415474131152697
navy,0.13201320132013203,0.14521452145214525,0.08250825082508252,0.19801980198019803,0.09240924092409242,0.07920792079207921,0.04290429042904291,0.22772277227722776
acts,0.13341204250295163,0.12514757969303425,0.07792207792207793,0.15820543093270367,0.09386068476977569,0.11275088547815823,0.048406139315230225,0.2502951593860685
concerning,0.1391249606547057,0.1476235442241108,0.07145105445388732,0.15486307837582627,0.0906515580736544,0.10859301227573183,0.05791627321372363,0.2297765187283601
high,0.12014563106796115,0.1448587819947043,0.07811120917917033,0.1381288614298323,0.11462930273609885,0.09995586937334508,0.06807149161518093,0.23609885260370694
treason,0.1880984952120383,0.07455540355677155,0.15321477428180574,0.19425444596443228,0.04856361149110807,0.08002735978112176,0.1183310533515732,0.1429548563611491
earl,0.12045071881880585,0.15036912317057374,0.08004144540862582,0.14635409920994688,0.11229115399559643,0.10244786944696282,0.06527651858567543,0.22276907136381296
clancarty,0.16363636363636364,0.1,0.10909090909090909,0.19090909090909092,0.08181818181818182,0.08181818181818182,0.06363636363636363,0.20909090909090908
ways,0.11886792452830189,0.1471698113207547,0.07547169811320754,0.17169811320754716,0.09811320754716982,0.08490566037735849,0.07169811320754717,0.2320754716981132
means,0.11915590321993814,0.1522648717482263,0.07513189012188465,0.14153174458795706,0.11096961979261415,0.09969074040385664,0.06057849736219755,0.24067673276332546
rights,0.12129380053908355,0.13544474393530997,0.0673854447439353,0.15431266846361186,0.10242587601078167,0.09299191374663072,0.053908355795148244,0.2722371967654986
sovereign,0.10303514376996806,0.10423322683706072,0.07308306709265176,0.1317891373801917,0.09824281150159746,0.0878594249201278,0.047124600638977644,0.3546325878594249
reference,0.07547169811320754,0.17190775681341716,0.04612159329140461,0.10482180293501048,0.12578616352201258,0.06708595387840671,0.07547169811320754,0.3333333333333333
crown,0.1249706916764361,0.14255568581477138,0.06893317702227432,0.15005861664712777,0.09660023446658851,0.10691676436107855,0.06236811254396249,0.24759671746776082
lands,0.14722483537158984,0.13922859830667922,0.08090310442144873,0.16839134524929444,0.09125117591721542,0.10395108184383821,0.06538099717779869,0.20366886171213547
proceedings,0.13939239213683943,0.14475363798825633,0.07939749808526934,0.16236916007148328,0.08195047230022977,0.11003318866479449,0.05565483788613736,0.22644881286699006
grants,0.15522388059701492,0.09253731343283582,0.08955223880597014,0.17313432835820894,0.08955223880597014,0.13432835820895522,0.06567164179104479,0.2
montague,0.12692307692307692,0.16346153846153846,0.07115384615384615,0.14615384615384613,0.10192307692307692,0.09807692307692308,0.08461538461538462,0.2076923076923077
accused,0.23274336283185842,0.08938053097345132,0.07876106194690266,0.23539823008849559,0.0743362831858407,0.08230088495575222,0.04424778761061947,0.16283185840707964
peculation,0.19753086419753088,0.08641975308641975,0.1358024691358025,0.19753086419753088,0.0617283950617284,0.04938271604938272,0.0617283950617284,0.20987654320987656
bill,0.1344463971880492,0.12355008787346221,0.07768014059753955,0.17592267135325132,0.08207381370826011,0.1210896309314587,0.06362038664323375,0.22161687170474514
pains,0.13108614232209737,0.16104868913857676,0.10861423220973782,0.1348314606741573,0.08239700374531835,0.11985018726591759,0.08239700374531835,0.17977528089887637
penalties,0.1440443213296399,0.12742382271468142,0.0886426592797784,0.16897506925207756,0.09418282548476453,0.07202216066481995,0.060941828254847646,0.24376731301939059
duncombe,0.1695906432748538,0.13450292397660815,0.0935672514619883,0.17543859649122806,0.07602339181286549,0.10526315789473684,0.040935672514619874,0.2046783625730994
dissension,0.19069767441860466,0.13023255813953488,0.08062015503875969,0.17364341085271318,0.07286821705426356,0.11317829457364341,0.05271317829457364,0.18604651162790697
houses,0.11502117953730857,0.1508634734441186,0.06549364613880744,0.1335940045617465,0.11599869664385795,0.0997067448680352,0.0707070707070707,0.2486151840990551
commercial,0.1262135922330097,0.13268608414239483,0.07766990291262137,0.17475728155339806,0.10679611650485436,0.06472491909385114,0.05501618122977346,0.2621359223300971
questions,0.125157496850063,0.16001679966400673,0.06467870642587148,0.16505669886602267,0.09491810163796725,0.09449811003779925,0.07013859722805543,0.22553548929021422
irish,0.14821492967904795,0.12477461233321313,0.07536963577353047,0.1855391272989542,0.07933645870897944,0.11575910566173819,0.06184637576631806,0.20915975477821852
manufactures,0.16379310344827586,0.09482758620689656,0.11206896551724138,0.1810344827586207,0.08620689655172414,0.05172413793103448,0.06896551724137931,0.24137931034482757
east,0.10395010395010396,0.15592515592515593,0.08108108108108109,0.13617463617463618,0.13721413721413722,0.10187110187110189,0.06133056133056134,0.22245322245322247
india,0.13654618473895583,0.0963855421686747,0.12851405622489961,0.1646586345381526,0.08032128514056225,0.10040160642570281,0.04819277108433735,0.24497991967871485
companies,0.16194331983805665,0.12955465587044535,0.07692307692307691,0.14979757085020243,0.10931174089068825,0.08502024291497975,0.060728744939271245,0.2267206477732793
fire,0.11935208866155157,0.11082693947144073,0.06223358908780903,0.30775788576300084,0.08908780903665812,0.11082693947144073,0.06351236146632566,0.1364023870417732
whitehall,0.13239676458067262,0.1600681140911026,0.07109408258833545,0.15793954874414645,0.0983397190293742,0.0898254576415496,0.06130268199233716,0.2290336313324819
visit,0.10596026490066225,0.15480132450331124,0.0732615894039735,0.146523178807947,0.1183774834437086,0.11009933774834436,0.0728476821192053,0.21812913907284767
czar,0.15,0.125,0.09999999999999999,0.15,0.10833333333333334,0.041666666666666664,0.06666666666666667,0.25833333333333336
portland,0.13663366336633664,0.15445544554455445,0.08316831683168317,0.1306930693069307,0.12673267326732673,0.06930693069306931,0.06336633663366337,0.23564356435643566
embassy,0.14854682454251883,0.13132400430570504,0.08611410118406888,0.18083961248654468,0.08503767491926803,0.09472551130247578,0.06027987082884822,0.2131324004305705
france,0.13753541076487252,0.1436260623229462,0.07294617563739376,0.17138810198300283,0.09178470254957506,0.1048158640226629,0.06359773371104815,0.2143059490084986
spanish,0.13242894056847546,0.13824289405684753,0.10335917312661498,0.17183462532299743,0.0813953488372093,0.11498708010335917,0.049095607235142114,0.20865633074935397
succession,0.11757789535567313,0.157554379776602,0.0634920634920635,0.16166960611405057,0.1011169900058789,0.09876543209876544,0.06055261610817167,0.23927101704879486
count,0.10349962769918093,0.13402829486224868,0.059568131049888305,0.13924050632911392,0.10573343261355174,0.08413998510796723,0.055845122859270284,0.31794489947877885
tallard,0.136,0.14400000000000002,0.10400000000000001,0.152,0.096,0.032,0.08,0.256
newmarket,0.1744186046511628,0.0930232558139535,0.11627906976744186,0.19767441860465115,0.0813953488372093,0.04651162790697675,0.06976744186046512,0.22093023255813954
insecure,0.17674418604651163,0.11627906976744186,0.06976744186046512,0.21395348837209302,0.08372093023255814,0.10697674418604651,0.04186046511627907,0.19069767441860463
state,0.120066308809599,0.14572150299968425,0.06907167666561415,0.15464161667192927,0.10112093463845911,0.10506788759077992,0.06157246605620461,0.24273760656772972
roads,0.12727272727272726,0.1159090909090909,0.08636363636363636,0.15454545454545454,0.12727272727272726,0.1159090909090909,0.04772727272727273,0.225
negotiations,0.14494773519163764,0.154006968641115,0.07735191637630662,0.16445993031358885,0.08153310104529617,0.10662020905923346,0.0613240418118467,0.20975609756097563
relating,0.14376996805111822,0.14696485623003194,0.08466453674121406,0.17252396166134187,0.08146964856230032,0.08945686900958466,0.06709265175718851,0.21405750798722048
goes,0.1362126245847176,0.14617940199335547,0.07308970099667773,0.15725359911406422,0.10631229235880399,0.10077519379844961,0.05647840531561461,0.22369878183831673
holland,0.1424012764260072,0.13721579577183884,0.07738332668528121,0.1810929397686478,0.0885520542481053,0.10969285999202234,0.05743917032309534,0.20622257678500203
returns,0.14941022280471822,0.14416775884665795,0.07601572739187418,0.17038007863695936,0.08125819134993448,0.11467889908256881,0.06159895150720839,0.20249017038007863
william,0.13958905249147324,0.1426669994176857,0.07237334664337408,0.16729057482738538,0.08992596289826137,0.10951667914482988,0.05997837118376174,0.21865901339322852
reconciled,0.1355140186915888,0.17289719626168226,0.09813084112149534,0.18224299065420563,0.09345794392523366,0.07476635514018692,0.04672897196261683,0.19626168224299068
marlborough,0.1354359925788497,0.13450834879406307,0.07606679035250462,0.1753246753246753,0.08905380333951761,0.10575139146567718,0.06400742115027828,0.2198515769944341
xxiv,0.1846153846153846,0.07692307692307693,0.12307692307692308,0.1846153846153846,0.06153846153846154,0.07692307692307693,0.06153846153846154,0.23076923076923078
altered,0.1412639405204461,0.1412639405204461,0.07806691449814127,0.1449814126394052,0.10037174721189593,0.06691449814126395,0.06691449814126395,0.26022304832713755
position,0.10128205128205128,0.14679487179487177,0.06346153846153846,0.12948717948717947,0.1282051282051282,0.11666666666666667,0.06346153846153846,0.25064102564102564
ministry,0.12121212121212123,0.060606060606060615,0.08712121212121211,0.14015151515151517,0.17424242424242423,0.10984848484848485,0.03787878787878788,0.2689393939393939
elections,0.16231884057971013,0.13333333333333333,0.08840579710144927,0.20724637681159422,0.047826086956521734,0.09420289855072464,0.053623188405797106,0.21304347826086956
first,0.10398565715073783,0.16466694249069094,0.06771479795890221,0.14294580057923045,0.12005240656461177,0.10260653702937526,0.06750792994069783,0.23051992828575368
partition,0.1650943396226415,0.1132075471698113,0.11792452830188678,0.1650943396226415,0.080188679245283,0.1132075471698113,0.04716981132075471,0.1981132075471698
treaty,0.13419483101391652,0.13518886679920478,0.07256461232604373,0.16998011928429427,0.08151093439363817,0.11829025844930419,0.04771371769383698,0.24055666003976145
domestic,0.13157894736842107,0.12609649122807018,0.08333333333333334,0.14473684210526316,0.11622807017543861,0.10197368421052634,0.059210526315789484,0.23684210526315794
discontent,0.16511794138670477,0.13461996664284012,0.08696688110555158,0.18227305218012865,0.0702883011675006,0.12485108410769595,0.05718370264474624,0.178699070764832
littleton,0.1724137931034483,0.09195402298850576,0.09195402298850576,0.16091954022988506,0.09195402298850576,0.09195402298850576,0.06896551724137931,0.2298850574712644
chosen,0.10678391959798995,0.1419597989949749,0.0728643216080402,0.12437185929648242,0.10804020100502514,0.09170854271356785,0.06030150753768845,0.29396984924623115
speaker,0.12460567823343847,0.14037854889589904,0.07886435331230283,0.14826498422712933,0.08832807570977917,0.0946372239747634,0.07570977917981071,0.24921135646687695
amount,0.1337579617834395,0.14861995753715498,0.07430997876857749,0.1337579617834395,0.12951167728237792,0.09341825902335457,0.05732484076433121,0.22929936305732485
land,0.10180520570948783,0.15218303946263645,0.07493702770780858,0.14525608732157852,0.13685978169605376,0.109151973131822,0.07304785894206549,0.20675902602854745
force,0.2275512360025354,0.10226072258609761,0.0509190788083668,0.25375026410310586,0.06401859285865202,0.0914853158673146,0.045848299175998315,0.16416649059792945
unpopularity,0.15333333333333335,0.12444444444444444,0.07555555555555556,0.17777777777777778,0.08222222222222222,0.1111111111111111,0.06666666666666667,0.2088888888888889
disbanding,0.16666666666666666,0.10317460317460317,0.10317460317460317,0.15873015873015872,0.07142857142857142,0.0873015873015873,0.07936507936507936,0.23015873015873012
death,0.14579659024103467,0.14596455866297137,0.12698412698412698,0.17250356932896616,0.05081044763584446,0.15495086923658352,0.10875955320399765,0.09423028470647518
electoral,0.15151515151515152,0.11363636363636365,0.11363636363636365,0.17424242424242423,0.060606060606060615,0.09090909090909091,0.06818181818181819,0.2272727272727273
prince,0.13576305755076704,0.15154739735745323,0.07253702225769264,0.16156779285270903,0.09532677130442493,0.10658863172829654,0.06038840117052407,0.2162809257781325
bavaria,0.12871287128712872,0.12871287128712872,0.09900990099009901,0.1485148514851485,0.07920792079207921,0.0594059405940594,0.0594059405940594,0.297029702970297
renewed,0.14522821576763484,0.15352697095435686,0.06639004149377593,0.15767634854771784,0.0995850622406639,0.12448132780082986,0.07053941908713693,0.18257261410788383
discussion,0.11007025761124122,0.17096018735362997,0.05386416861826697,0.1451990632318501,0.13114754098360654,0.08899297423887587,0.06323185011709602,0.23653395784543324
question,0.11636475284003685,0.15290144304574763,0.06754682222904514,0.14983113294442738,0.09978507829290759,0.09824992324224747,0.06877494626957323,0.24654590113601474
naval,0.15444245676803817,0.14728682170542637,0.06976744186046512,0.1830649970184854,0.07573047107930829,0.11389385807990461,0.0584376863446631,0.19737626714370904
administration,0.11264946507237257,0.1290119572057898,0.08432976714915043,0.17432347388294528,0.0893643801132788,0.10320956576463185,0.051604782882315924,0.25550660792951546
commission,0.12708066581306018,0.14980793854033292,0.06850192061459667,0.14596670934699105,0.08674775928297056,0.1030729833546735,0.04801536491677337,0.2708066581306018
forfeitures,0.13970588235294115,0.12499999999999999,0.0661764705882353,0.1838235294117647,0.05147058823529411,0.16176470588235295,0.05147058823529411,0.2205882352941176
prorogation,0.15611814345991562,0.12447257383966245,0.08016877637130801,0.18143459915611815,0.06329113924050633,0.1160337552742616,0.05907172995780591,0.21940928270042195
changes,0.12270714737507904,0.1391524351676154,0.07210626185958253,0.15243516761543327,0.09993674889310562,0.1087919038583175,0.07084123972169512,0.23402909550917136
household,0.11630321910695741,0.14330218068535827,0.06853582554517133,0.16199376947040497,0.1111111111111111,0.09449636552440291,0.06749740394600208,0.23676012461059193
darien,0.09489051094890512,0.15328467153284672,0.07299270072992702,0.13138686131386862,0.09489051094890512,0.07299270072992702,0.051094890510948905,0.3284671532846716
trial,0.14903683676917878,0.13180128421764112,0.08110848259547145,0.16897600540723218,0.07840486650895573,0.118621155795877,0.06083136194660359,0.21122000675904024
cowper,0.16216216216216217,0.0972972972972973,0.07567567567567567,0.15135135135135133,0.0972972972972973,0.14054054054054055,0.05405405405405406,0.2216216216216216
duels,0.19178082191780818,0.1095890410958904,0.0821917808219178,0.19178082191780818,0.0136986301369863,0.1506849315068493,0.0684931506849315,0.19178082191780818
captain,0.12488350419384903,0.1500465983224604,0.0717614165890028,0.16309412861137,0.08946877912395154,0.11369990680335508,0.05871388630009319,0.228331780055918
kidd,0.20388349514563106,0.1553398058252427,0.08737864077669903,0.1553398058252427,0.019417475728155338,0.14563106796116504,0.058252427184466014,0.17475728155339806
attacks,0.13754646840148702,0.12639405204460966,0.08178438661710039,0.17100371747211895,0.07434944237918216,0.14869888475836432,0.07063197026022305,0.1895910780669145
burnet,0.13000728332119446,0.1380189366351056,0.0721048798252003,0.15258557902403494,0.10342316096139838,0.10706482155863072,0.06445739257101238,0.23233794610342312
attack,0.2135007849293563,0.10989010989010987,0.058608058608058594,0.2579801151229722,0.05703819989534275,0.09523809523809522,0.04709576138147566,0.1606488749345892
somers,0.13295880149812733,0.13670411985018724,0.07303370786516852,0.1292134831460674,0.07865168539325842,0.1254681647940075,0.059925093632958795,0.2640449438202247
dispute,0.25773195876288657,0.117820324005891,0.06332842415316642,0.11634756995581737,0.0751104565537555,0.08394698085419734,0.05007363770250368,0.235640648011782
pretender,0.13564213564213562,0.1587301587301587,0.07503607503607503,0.15295815295815293,0.09379509379509378,0.10822510822510821,0.06637806637806636,0.2092352092352092
recognised,0.1219512195121951,0.14329268292682926,0.06402439024390243,0.1615853658536585,0.0823170731707317,0.11280487804878048,0.06097560975609755,0.2530487804878049
return,0.10432816537467698,0.16020671834625322,0.06298449612403101,0.14018087855297157,0.13081395348837208,0.10497416020671833,0.0607235142118863,0.23578811369509042
general,0.11436431518962469,0.1283159756337198,0.06464924346629987,0.13971310670072706,0.09147180192572214,0.09559834938101788,0.05452937708783651,0.31135783061505207
election,0.12655601659751037,0.1421161825726141,0.07105809128630705,0.15248962655601658,0.08609958506224066,0.1146265560165975,0.06327800829875518,0.2437759336099585
fifth,0.08556149732620322,0.15508021390374332,0.06417112299465241,0.15508021390374332,0.10695187165775401,0.10160427807486631,0.04812834224598931,0.28342245989304815
thought,0.08996859412525403,0.2776648808424165,0.06031775355625347,0.11629410677997415,0.11065952336966563,0.08913726214668391,0.05902457047847774,0.1969333087012747
right,0.12552891396332863,0.14809590973201692,0.06657263751763047,0.13723554301833568,0.10860366713681241,0.10944992947813821,0.06389280677009873,0.24062059238363892
portion,0.10613943808532779,0.149843912591051,0.07908428720083246,0.1331945889698231,0.12486992715920917,0.10301768990634756,0.060353798126951096,0.24349635796045785
given,0.10970231532524807,0.14939360529217197,0.07239985299522234,0.14479970599044467,0.11466372657111355,0.10345461227489892,0.05880191106210951,0.2467842704887909
world,0.09455635092392208,0.16464125187281506,0.05959713667388046,0.12618611619776926,0.14732811719660396,0.09289162643582485,0.05776593973697353,0.25703346096221075
left,0.10671863400148476,0.15144766146993316,0.07052709725315515,0.14476614699331847,0.1252783964365256,0.1165553080920564,0.07925018559762434,0.205456570155902
authority,0.08815592203898051,0.127736131934033,0.05217391304347826,0.11874062968515743,0.10134932533733132,0.07856071964017991,0.04707646176911544,0.3862068965517242
would,0.10889770769150436,0.1498877343219675,0.06882147146363114,0.14492715785076496,0.12252623883870294,0.10803613388334812,0.06318207926479034,0.23372147668529059
indeed,0.11044900221729488,0.14398558758314853,0.07289356984478934,0.14065964523281593,0.1305432372505543,0.10753880266075386,0.06333148558758314,0.23059866962305983
possible,0.10357142857142856,0.15625,0.05848214285714286,0.13660714285714287,0.11830357142857142,0.10982142857142858,0.06875,0.24821428571428572
help,0.10193933366484337,0.1636001989060169,0.06016907011437096,0.1372451516658379,0.139234211834908,0.11188463451019394,0.06315266036797614,0.2227747389358528
might,0.10730196674997283,0.15766597848527653,0.06894490926871671,0.14756057807236772,0.1205041834184505,0.10833423883516244,0.06383787895251548,0.22585026621753773
obtained,0.11160714285714285,0.14583333333333334,0.0818452380952381,0.13839285714285715,0.11979166666666667,0.11235119047619047,0.05803571428571428,0.23214285714285712
friends,0.10637217567910638,0.15105356689515106,0.0715917745620716,0.13404417364813404,0.14343742066514345,0.11144960649911145,0.07235338918507236,0.20969789286620968
much,0.10901966810079902,0.15066072526121696,0.07168100799016595,0.1300706822372465,0.13475722188076214,0.10763675476336816,0.07206515058389674,0.22410878918254457
believe,0.09725792630676951,0.14524421593830336,0.06855184233076264,0.12510711225364182,0.14310197086546703,0.10025706940874037,0.06726649528706084,0.2532133676092545
public,0.11001763995914958,0.23006220406647482,0.06554637452418531,0.13638473679324112,0.09609135642001672,0.09655556587132115,0.054962399034444345,0.21037972333116703
last,0.10906958561376076,0.1527234818868908,0.07284336721396925,0.14503518373729476,0.12197028928850664,0.12874641647120147,0.0673703414125619,0.20224133437581443
thoughts,0.08444444444444445,0.15733333333333333,0.0631111111111111,0.12088888888888888,0.16177777777777777,0.11555555555555555,0.06488888888888888,0.232
great,0.11227339213687337,0.14383227693807898,0.07379992021630247,0.1438766012144852,0.12291121847435842,0.10792961304906698,0.06675236026771864,0.22862461770311598
mind,0.09760119940029985,0.1671664167916042,0.06326836581709146,0.1335832083958021,0.13838080959520238,0.1047976011994003,0.07001499250374812,0.22518740629685155
passed,0.1177875049741345,0.15081575805809788,0.07023477914842817,0.1571826502188619,0.11062475129327497,0.1177875049741345,0.06605650616792678,0.20951054516514125
among,0.11064718162839249,0.15043595726390765,0.070367186540587,0.1337344958860371,0.13434852020139998,0.10008596340415081,0.07012157681444185,0.23025911826108314
us,0.08452214952268583,0.1678644213236083,0.05931567092137724,0.12152740534162823,0.15349136544030892,0.09825163573956881,0.07679931352568915,0.23822803818513355
sacred,0.09536541889483065,0.14795008912655971,0.06951871657754011,0.13458110516934046,0.13725490196078433,0.11051693404634581,0.06417112299465241,0.24064171122994651
two,0.10697526445557942,0.16336594289350195,0.0677642567406347,0.1332219836156844,0.13115406028791857,0.10307802433786686,0.0655372623876561,0.22890320528115807
months,0.1023142509135201,0.1528623629719854,0.07917174177831914,0.1431181485992692,0.11266747868453107,0.11997563946406821,0.07186358099878198,0.21802679658952498
reign,0.10646599777034561,0.14715719063545152,0.0613154960981048,0.14269788182831664,0.13043478260869565,0.11036789297658865,0.05406911928651059,0.24749163879598665
difficulty,0.19713954387321217,0.08581368380363354,0.038654812524159254,0.2168534982605334,0.0769230769230769,0.19134132199458828,0.03826826439891766,0.1550057982218786
account,0.09216589861751152,0.12211981566820276,0.06336405529953917,0.10691244239631337,0.10230414746543778,0.0956221198156682,0.056912442396313365,0.36059907834101385
attempt,0.09460946094609461,0.27172717271727176,0.06490649064906491,0.13641364136413642,0.08635863586358636,0.10671067106710672,0.04675467546754676,0.19251925192519254
made,0.10952526331857732,0.1472294306212792,0.07388185009922149,0.1473057548465883,0.1211265455655625,0.10624332163028544,0.06380705235841856,0.23088078156006717
preceding,0.12982456140350876,0.1485380116959064,0.07485380116959064,0.15789473684210525,0.11345029239766082,0.10409356725146199,0.05146198830409357,0.2198830409356725
part,0.11317768104471707,0.1447038649254716,0.07808996174647145,0.13916369872048545,0.12267510882469333,0.11265004616805173,0.05803983643318824,0.23149980213692128
supply,0.11422845691382764,0.14829659318637273,0.052104208416833664,0.13827655310621242,0.1342685370741483,0.12024048096192383,0.0661322645290581,0.22645290581162322
hand,0.10983629494892962,0.15209178676367707,0.06870015391073177,0.14341681824541766,0.13404225549181473,0.10493913530152511,0.07303763816986147,0.21393591716804253
must,0.10758346993356915,0.154430161332068,0.06530929169182988,0.13846950219998275,0.12388922439824002,0.10456388577344493,0.06487792252609784,0.2408765421447675
pleasure,0.09446640316205533,0.15573122529644268,0.05454545454545455,0.13043478260869565,0.1600790513833992,0.09367588932806324,0.08102766798418973,0.2300395256916996
interest,0.08443067389620448,0.1684740511231603,0.05422153369481021,0.1212238574748257,0.1545313710302091,0.08094500387296667,0.07319907048799379,0.2629744384198296
fit,0.10829268292682927,0.15999999999999998,0.09073170731707318,0.1473170731707317,0.1151219512195122,0.09073170731707318,0.07121951219512195,0.21658536585365853
life,0.10449168523915654,0.15695182581861822,0.07440425167152409,0.13980798902794447,0.13457911880678897,0.11597805588890796,0.065318018172467,0.20846905537459284
thanks,0.07713498622589532,0.1652892561983471,0.05234159779614325,0.12121212121212123,0.17630853994490361,0.07988980716253444,0.07438016528925621,0.2534435261707989
kind,0.08034880099657427,0.10806602304578013,0.05076300218000623,0.08813453752725008,0.23793210837745252,0.08751167860479601,0.05200872002491435,0.29523512924322637
advice,0.11902050113895216,0.13553530751708429,0.06492027334851937,0.15945330296127563,0.07915717539863326,0.09168564920273349,0.05922551252847381,0.29100227790432803
assistance,0.13755020080321284,0.12951807228915663,0.071285140562249,0.1897590361445783,0.0823293172690763,0.10642570281124498,0.06124497991967871,0.22188755020080325
rejoicings,0.15275813295615276,0.13861386138613863,0.06506364922206506,0.18387553041018387,0.08203677510608202,0.099009900990099,0.07637906647807638,0.20226308345120225
london,0.12644598683039687,0.1553657234383342,0.06851752980957466,0.1583911728065492,0.10001779676098951,0.10749243637657946,0.06335646912261969,0.2204128848549564
december,0.1220472440944882,0.14173228346456693,0.06299212598425198,0.1377952755905512,0.11023622047244094,0.08661417322834647,0.05118110236220473,0.2874015748031496
1697,0.175,0.125,0.125,0.175,0.075,0.025,0.075,0.225
celebrated,0.07552320291173796,0.25477707006369427,0.054595086442220206,0.10737033666969974,0.23657870791628755,0.07097361237488627,0.04367606915377616,0.1565059144676979
prosperity,0.10662525879917184,0.14699792960662525,0.07971014492753623,0.13975155279503104,0.13457556935817805,0.10144927536231883,0.06625258799171842,0.22463768115942026
continued,0.1068512602058928,0.17003904863329783,0.07028753993610225,0.14164004259850904,0.13383031593894215,0.10401135960241392,0.0617678381256656,0.21157259495917644
till,0.10514372163388806,0.16925113464447808,0.06486384266263237,0.13785930408472014,0.1212178517397882,0.11875945537065054,0.06618759455370651,0.21671709531013617
long,0.08994998437011566,0.2850890903407315,0.058924663957486724,0.12402313222882151,0.10604876523913723,0.10214129415442326,0.052516411378555804,0.18130665833072837
midnight,0.11764705882352941,0.14705882352941177,0.08235294117647059,0.15882352941176472,0.11176470588235293,0.09999999999999999,0.07647058823529412,0.20588235294117646
following,0.1019644527595884,0.18896164639850327,0.06969130028063611,0.11739943872778298,0.11599625818521983,0.09962581852198316,0.05612722170252572,0.2502338634237605
morning,0.0894187779433681,0.18380526577247888,0.05365126676602087,0.12021857923497267,0.13412816691505217,0.12965722801788376,0.08892200695479383,0.2001987083954297
met,0.10377358490566037,0.15441906653426019,0.07249255213505461,0.13058589870903675,0.12959285004965243,0.1156901688182721,0.07646474677259185,0.2169811320754717
one,0.10127221643463713,0.15673832749313382,0.06689396091801623,0.1306941945259968,0.13688164914606815,0.10679672948827226,0.06970357041386496,0.23101935158001075
age,0.10195567144719687,0.1514993481095176,0.07301173402868318,0.1288135593220339,0.14315514993481096,0.09517601043024772,0.07692307692307693,0.22946544980443284
necessary,0.09943181818181818,0.16161616161616163,0.057133838383838384,0.14741161616161616,0.1212121212121212,0.09659090909090909,0.06186868686868687,0.2547348484848485
speedily,0.12283737024221453,0.14186851211072662,0.08823529411764705,0.14186851211072662,0.09861591695501731,0.12283737024221453,0.06920415224913495,0.21453287197231835
stood,0.10089567966280294,0.15674394099051633,0.06664910432033719,0.13883034773445732,0.13382507903055846,0.10669125395152791,0.07455216016859852,0.22181243414120125
forth,0.13450118764845606,0.12885985748218529,0.07007125890736343,0.1466745843230404,0.11846793349168647,0.12529691211401428,0.06353919239904988,0.2125890736342043
importance,0.08024691358024692,0.26851851851851855,0.05246913580246914,0.12551440329218108,0.11008230452674898,0.08024691358024692,0.05246913580246914,0.23045267489711935
even,0.11600615621392843,0.1410799025266128,0.08022316275490572,0.1458253174297807,0.12049506220341157,0.11908426317814542,0.06649993587277157,0.21078619982044375
joy,0.09627059843885515,0.14614050303555942,0.05637467476149176,0.13790112749349523,0.21509106678230702,0.09887250650477016,0.06981786643538596,0.17953165654813527
ryswick,0.060606060606060615,0.12121212121212123,0.060606060606060615,0.15151515151515152,0.21212121212121213,0.060606060606060615,0.060606060606060615,0.27272727272727276
men,0.12431918936035466,0.13793540215326155,0.07758074730842306,0.15592146928435718,0.11703609879670679,0.11025965801139961,0.06713109563014566,0.2098163394553515
eagerly,0.12165450121654503,0.15815085158150854,0.07299270072992702,0.18004866180048665,0.12895377128953772,0.10705596107055963,0.05109489051094891,0.18004866180048665
asked,0.08540103866128101,0.1633006347374495,0.055972302365839575,0.12637045585689555,0.1454125793421812,0.08078476630121177,0.08251586843623773,0.26024235429890363
