,anger,anticipation,disgust,fear,joy,sadness,surprise,trust
project,0.12293295731316498,0.1715164722471478,0.0494808357902833,0.05627483655941546,0.10370465324958339,0.08114344314831431,0.01910011536982438,0.3958466863222664
gutenberg,0.09272816007808687,0.22303562713518793,0.0527086383601757,0.07662274280136652,0.07223035627135188,0.12347486578818936,0.01268911664226452,0.34651049292337727
ebook,0.0969807868252516,0.14913083257090576,0.05763952424519671,0.11344922232387923,0.08508691674290943,0.1253430924062214,0.022872827081427266,0.3494967978042086
rebel,0.2357071213640923,0.05817452357071214,0.06820461384152458,0.2888665997993982,0.062186559679037114,0.10631895687061184,0.02908726178535607,0.15145436308926782
war,0.10459995106435038,0.11194029850746266,0.0628823097626621,0.3279911915830682,0.07291411793491558,0.09285539515537068,0.04196231954979202,0.18485441644237827
clerk,0.11573236889692586,0.1301989150090416,0.030741410488245934,0.18806509945750452,0.108499095840868,0.06148282097649187,0.052441229656419536,0.3128390596745027
's,0.09838933333333331,0.16059733333333331,0.06899199999999998,0.12832,0.14301866666666666,0.11470933333333332,0.07193599999999999,0.21403733333333333
diary,0.11801242236024845,0.024844720496894408,0.037267080745341616,0.21739130434782608,0.19254658385093168,0.049689440993788817,0.037267080745341616,0.32298136645962733
confederate,0.08849557522123894,0.10297666934835076,0.05671761866452132,0.17216411906677392,0.07240547063555913,0.08085277554304103,0.04706355591311343,0.3793242156074014
states,0.08375469985738365,0.12809542331129264,0.059380267081550635,0.15454427589783484,0.07805004537793338,0.08556981719175419,0.039284325165305334,0.3713211461169455
capital,0.12357954545454544,0.15909090909090906,0.05823863636363636,0.13920454545454544,0.13068181818181818,0.08664772727272727,0.07670454545454544,0.22585227272727273
john,0.06645425580336824,0.11879836140191169,0.2594446973145198,0.08921256258534366,0.10468821119708695,0.07919890760127447,0.052344105598543474,0.22985889849795174
beauchamp,0.15217391304347824,0.021739130434782608,0.06521739130434782,0.2608695652173913,0.13043478260869565,0.043478260869565216,0.043478260869565216,0.2826086956521739
jones,0.12829525483304044,0.1265377855887522,0.09490333919156416,0.17223198594024605,0.1265377855887522,0.10369068541300527,0.057996485061511435,0.1898066783831283
use,0.12154547893748323,0.17654950362221625,0.08451837939361416,0.1094714247383955,0.13898577944727664,0.08317681781593775,0.06439495572846794,0.22135766031660853
anyone,0.11538461538461539,0.15384615384615385,0.07692307692307693,0.11538461538461539,0.11538461538461539,0.038461538461538464,0.0,0.38461538461538464
anywhere,0.14814814814814814,0.13580246913580246,0.12962962962962962,0.15432098765432098,0.11728395061728396,0.08641975308641975,0.024691358024691357,0.20370370370370372
cost,0.07399864222674814,0.18601493550577056,0.0570264765784114,0.10183299389002036,0.1208418194161575,0.09504412763068568,0.0814663951120163,0.2837746096401901
almost,0.10179903466432645,0.15818341377797276,0.08117595436594997,0.13361123299692848,0.13141728828433522,0.13032031592803858,0.0796401930671347,0.1838525669153137
restrictions,0.13380281690140844,0.15492957746478872,0.04929577464788732,0.16901408450704222,0.09859154929577464,0.09154929577464788,0.07746478873239436,0.22535211267605632
may,0.10008228759514504,0.1686381403003497,0.06598436535692244,0.12538572310224233,0.13299732565315778,0.10460810532812177,0.06696153054926969,0.2353425221147912
copy,0.15384615384615388,0.1442936148818502,0.07139265962795376,0.08094519859225742,0.06686777275012569,0.07943690296631474,0.04022121669180493,0.3629964806435395
give,0.08683872807642949,0.18166262655069154,0.052188792242977323,0.10537573078568373,0.14701269071723938,0.10223869955796377,0.07300727220875516,0.25167545986025947
away,0.10396927016645327,0.17016645326504481,0.06606914212548015,0.13508322663252242,0.12804097311139567,0.1395646606914213,0.0795134443021767,0.1775928297055058
terms,0.11680143755615455,0.14061096136567836,0.04582210242587601,0.09119496855345911,0.1253369272237197,0.06289308176100629,0.05031446540880503,0.367026055705301
license,0.11099585062240663,0.21473029045643155,0.059128630705394196,0.09647302904564316,0.11721991701244813,0.09543568464730291,0.03215767634854772,0.27385892116182575
included,0.05752212389380531,0.18584070796460178,0.048672566371681415,0.08849557522123894,0.13274336283185842,0.09734513274336283,0.06637168141592921,0.3230088495575221
online,0.06909090909090909,0.1490909090909091,0.06909090909090909,0.12000000000000001,0.11636363636363636,0.11272727272727273,0.03636363636363636,0.32727272727272727
title,0.07624113475177306,0.13652482269503546,0.03900709219858156,0.08687943262411349,0.10638297872340427,0.06382978723404256,0.04964539007092199,0.4414893617021277
author,0.08628841607565012,0.14184397163120568,0.054373522458628844,0.09692671394799056,0.0768321513002364,0.08037825059101655,0.043735224586288424,0.4196217494089835
release,0.09929078014184396,0.1347517730496454,0.07801418439716311,0.1631205673758865,0.12056737588652483,0.10638297872340426,0.06382978723404255,0.23404255319148937
date,0.09021276595744682,0.1974468085106383,0.04595744680851064,0.11914893617021276,0.11404255319148936,0.1123404255319149,0.05446808510638298,0.2663829787234043
january,0.09727626459143969,0.16472114137483787,0.053177691309987035,0.13229571984435798,0.1309987029831388,0.08171206225680935,0.055771725032425425,0.2840466926070039
26,0.11295681063122923,0.1661129568106312,0.02325581395348837,0.10299003322259136,0.14285714285714285,0.10963455149501661,0.10299003322259136,0.23920265780730895
language,0.09691011235955056,0.1558988764044944,0.05758426966292136,0.10814606741573034,0.15168539325842698,0.10112359550561799,0.07443820224719103,0.25421348314606745
english,0.09912023460410559,0.1747800586510264,0.05571847507331379,0.10967741935483871,0.14838709677419357,0.10087976539589442,0.07624633431085044,0.23519061583577713
start,0.07174887892376682,0.37369207772795215,0.041853512705530636,0.09865470852017938,0.08669656203288491,0.09566517189835574,0.05829596412556053,0.17339312406576982
produced,0.09855272226051,0.15644383184011026,0.07580978635423846,0.12887663680220537,0.12405237767057202,0.09993108201240523,0.055823569951757405,0.2605099931082012
suzanne,0.15384615384615383,0.02564102564102564,0.05128205128205128,0.2564102564102564,0.1282051282051282,0.05128205128205128,0.05128205128205128,0.28205128205128205
shell,0.21703296703296704,0.041208791208791215,0.021978021978021976,0.24450549450549453,0.03571428571428571,0.18131868131868134,0.1620879120879121,0.09615384615384616
stephanie,0.15384615384615383,0.02564102564102564,0.05128205128205128,0.2564102564102564,0.1282051282051282,0.05128205128205128,0.05128205128205128,0.28205128205128205
eason,0.15384615384615383,0.02564102564102564,0.05128205128205128,0.2564102564102564,0.1282051282051282,0.05128205128205128,0.05128205128205128,0.28205128205128205
distributed,0.06774193548387097,0.22419354838709676,0.05806451612903226,0.11451612903225808,0.12419354838709677,0.09516129032258065,0.02903225806451613,0.2870967741935484
proofreading,0.08860759493670886,0.08860759493670886,0.05063291139240507,0.13924050632911394,0.18987341772151903,0.08860759493670886,0.06329113924050633,0.29113924050632917
team,0.08860759493670886,0.08860759493670886,0.05063291139240507,0.13924050632911394,0.18987341772151903,0.08860759493670886,0.06329113924050633,0.29113924050632917
http,0.06808510638297872,0.18297872340425533,0.06382978723404256,0.13617021276595745,0.1021276595744681,0.07659574468085108,0.021276595744680854,0.348936170212766
//www.pgdp.net,0.08860759493670886,0.08860759493670886,0.05063291139240507,0.13924050632911394,0.18987341772151903,0.08860759493670886,0.06329113924050633,0.29113924050632917
j,0.1272727272727273,0.1090909090909091,0.03636363636363637,0.2,0.018181818181818184,0.1090909090909091,0.03636363636363637,0.36363636363636365
b.,0.1025728987993139,0.17495711835334476,0.04905660377358491,0.11801029159519726,0.12761578044596913,0.1344768439108062,0.07101200686106347,0.22229845626072042
department,0.10782865583456425,0.14549483013293943,0.05022156573116691,0.2178729689807976,0.0723781388478582,0.08862629246676514,0.048005908419497784,0.2695716395864106
government,0.09531325886352598,0.11874696454589607,0.0519669742593492,0.28654686741136476,0.08183584264205926,0.07746478873239437,0.047717338513841676,0.24040796503156872
wild,0.09944190766108575,0.12278031456113649,0.0700152207001522,0.13444951801116184,0.11821410451547439,0.1111111111111111,0.22983257229832574,0.11415525114155252
western,0.11917098445595854,0.16191709844559585,0.06606217616580311,0.133419689119171,0.11787564766839377,0.09585492227979274,0.08549222797927461,0.22020725388601037
scenes,0.12653061224489795,0.14285714285714285,0.06938775510204082,0.1673469387755102,0.11020408163265305,0.14693877551020407,0.12653061224489795,0.11020408163265305
etc,0.13383702104695092,0.11980572045331894,0.08364813815434431,0.1899622234214787,0.08580679978413386,0.11117107393416084,0.04856988667026445,0.22719913653534812
philadelphia,0.2028985507246377,0.13768115942028986,0.10144927536231885,0.21014492753623193,0.057971014492753624,0.12318840579710147,0.043478260869565216,0.12318840579710147
co.,0.09345794392523364,0.2118380062305296,0.040498442367601244,0.11838006230529595,0.11214953271028036,0.08722741433021806,0.059190031152647975,0.2772585669781931
entered,0.09060175794455715,0.16768086544962815,0.06152805949966194,0.12643678160919541,0.14874915483434756,0.10953346855983774,0.06761325219743071,0.22785665990534146
according,0.08622828784119106,0.15136476426799006,0.06947890818858561,0.11476426799007444,0.12965260545905707,0.10545905707196031,0.06699751861042184,0.2760545905707196
act,0.0943281771307249,0.12981498331816801,0.07036700030330605,0.11677282377919321,0.10160752198968759,0.09250834091598423,0.05368516833484986,0.3409159842280861
congress,0.07465900933237615,0.07860732232591529,0.1974156496769562,0.12167982770997846,0.05886575735821967,0.07501794687724335,0.041277817659727205,0.35247666905958364
year,0.07383329463663803,0.19549570466682145,0.05688414209426515,0.1019270954260506,0.1506849315068493,0.09635477130253076,0.0761550963547713,0.24866496401207333
office,0.07738392411382924,0.16625062406390415,0.03669495756365452,0.10808786819770344,0.109335996005991,0.08986520219670494,0.06864702945581627,0.3437343984023964
district,0.1462829736211031,0.1486810551558753,0.07434052757793765,0.1774580335731415,0.05755395683453237,0.06235011990407673,0.03357314148681055,0.2997601918465228
court,0.1832023575638507,0.22445972495088412,0.039783889980353634,0.20284872298624754,0.07490176817288802,0.07269155206286837,0.0400294695481336,0.16208251473477406
united,0.07473460721868365,0.13312101910828025,0.05116772823779193,0.1422505307855626,0.07664543524416136,0.07643312101910828,0.03524416135881104,0.4104033970276008
eastern,0.11708860759493671,0.12974683544303797,0.08860759493670885,0.18670886075949367,0.08544303797468354,0.0981012658227848,0.05379746835443038,0.24050632911392406
pennsylvania,0.16289592760180996,0.12669683257918551,0.07239819004524886,0.19457013574660634,0.09049773755656108,0.13122171945701358,0.04524886877828054,0.17647058823529413
written,0.09164535379369139,0.21483375959079287,0.03452685421994885,0.09164535379369139,0.14620630861040068,0.10784313725490197,0.07502131287297528,0.23827791986359761
knowledge,0.09192439862542956,0.16151202749140894,0.059278350515463915,0.1331615120274914,0.13487972508591067,0.09621993127147767,0.07130584192439864,0.25171821305841924
president,0.07593659942363112,0.11585014409221901,0.06123919308357348,0.13631123919308355,0.07348703170028818,0.07997118155619597,0.03544668587896253,0.42175792507204607
secretary,0.07947310647639956,0.1521405049396268,0.053128430296377614,0.24127332601536775,0.07135016465422613,0.0933040614709111,0.04237102085620198,0.26695938529088914
informed,0.09090909090909093,0.15303030303030304,0.06515151515151515,0.16212121212121214,0.10909090909090909,0.10303030303030304,0.04242424242424243,0.27424242424242423
note,0.08523908523908523,0.1902286902286902,0.04677754677754677,0.09979209979209977,0.1455301455301455,0.09459459459459459,0.08212058212058211,0.2557172557172557
official,0.07829534192269573,0.12091179385530226,0.03865213082259663,0.10505450941526263,0.08622398414271555,0.06937561942517344,0.036669970267591674,0.46481665014866197
conduct,0.09910447761194029,0.15701492537313433,0.07343283582089552,0.1373134328358209,0.11761194029850747,0.10985074626865672,0.061492537313432835,0.24417910447761196
allowed,0.097953216374269,0.16739766081871343,0.06432748538011696,0.13304093567251463,0.1286549707602339,0.10453216374269007,0.06944444444444445,0.23464912280701755
still,0.1002909796314258,0.16023278370514063,0.06333656644034918,0.13685741998060136,0.13957322987390883,0.12172647914645975,0.07827352085354025,0.19970902036857419
execute,0.13793103448275862,0.11494252873563217,0.08045977011494253,0.1839080459770115,0.04597701149425287,0.09195402298850575,0.04597701149425287,0.29885057471264365
important,0.06368772470467385,0.14946070878274267,0.03389830508474576,0.10118130457113508,0.10580380071905496,0.08115048793014895,0.053929121725731895,0.4108885464817668
position,0.10272277227722772,0.16212871287128713,0.07013201320132015,0.14232673267326734,0.1216996699669967,0.11344884488448846,0.06724422442244225,0.22029702970297033
end,0.09814563545906829,0.1759384893713252,0.05653550429669833,0.12777023971053822,0.1417910447761194,0.11171415649027591,0.07281772953414745,0.21528720036182725
career,0.08553971486761712,0.34012219959266804,0.03258655804480652,0.10386965376782079,0.12830957230142567,0.08350305498981671,0.07331975560081466,0.15274949083503056
friends,0.08172778123057799,0.18614045991298944,0.052827843380981974,0.09944064636420136,0.16438781852082038,0.11000621504039776,0.08607830950901181,0.21939092604101926
understand,0.09059233449477351,0.15418118466898953,0.07055749128919861,0.10801393728222997,0.13066202090592333,0.1132404181184669,0.06184668989547039,0.27090592334494773
accepted,0.06998158379373849,0.18600368324125233,0.0423572744014733,0.10313075506445672,0.14732965009208102,0.11602209944751382,0.0865561694290976,0.24861878453038674
poor,0.09959294436906377,0.1496607869742198,0.07896879240162823,0.12455902306648574,0.14559023066485752,0.12957937584803256,0.06933514246947083,0.20271370420624152
clerkship,0.07547169811320754,0.1320754716981132,0.018867924528301886,0.169811320754717,0.1320754716981132,0.2641509433962264,0.07547169811320754,0.1320754716981132
declined,0.12727272727272726,0.17727272727272725,0.07272727272727272,0.13636363636363635,0.07727272727272727,0.10909090909090907,0.054545454545454536,0.24545454545454543
tendered,0.01818181818181818,0.1636363636363636,0.01818181818181818,0.14545454545454545,0.0909090909090909,0.19999999999999998,0.12727272727272726,0.23636363636363633
mr.,0.07631536080794916,0.17339957647825377,0.052695878807623386,0.12159960905684965,0.11760873106369114,0.0932562306564587,0.06320247597328554,0.30192213715588856
administration,0.08974358974358973,0.15598290598290596,0.07051282051282051,0.11965811965811964,0.1346153846153846,0.094017094017094,0.06196581196581196,0.2735042735042735
polk,0.12162162162162163,0.10810810810810811,0.13513513513513514,0.13513513513513514,0.02702702702702703,0.12162162162162163,0.02702702702702703,0.32432432432432434
j.,0.10146862483311082,0.1602136181575434,0.06008010680907878,0.17089452603471295,0.09746328437917223,0.08277703604806408,0.056074766355140186,0.27102803738317754
va.,0.09523809523809525,0.11111111111111112,0.03174603174603175,0.253968253968254,0.07936507936507937,0.126984126984127,0.0634920634920635,0.23809523809523814
march,0.10398098633392752,0.1681521093285799,0.06298276886512182,0.15210932857991682,0.10992275698158052,0.12418300653594772,0.06238859180035651,0.21628045157456924
volume,0.08641975308641975,0.1728395061728395,0.037037037037037035,0.09876543209876543,0.1419753086419753,0.1111111111111111,0.06790123456790123,0.2839506172839506
flight,0.11827956989247312,0.17473118279569894,0.08333333333333334,0.13978494623655915,0.14784946236559143,0.09946236559139786,0.07258064516129033,0.1639784946236559
north,0.12986003110419905,0.14502332814930013,0.07387247278382582,0.19401244167962672,0.1026438569206843,0.09642301710730948,0.05209953343701399,0.2060653188180404
escape,0.08761122518822723,0.242984257357974,0.06297056810403832,0.26762491444216285,0.0650239561943874,0.0999315537303217,0.04928131416837782,0.1245722108145106
virginia.,0.09917355371900827,0.11570247933884298,0.08264462809917356,0.11570247933884298,0.1322314049586777,0.08264462809917356,0.049586776859504134,0.3223140495867769
revolutionary,0.06451612903225808,0.19354838709677422,0.03225806451612904,0.2580645161290323,0.09677419354838711,0.06451612903225808,0.09677419354838711,0.19354838709677422
scene,0.0929032258064516,0.16,0.06967741935483872,0.14580645161290323,0.13548387096774195,0.1303225806451613,0.10580645161290324,0.16
richmond.,0.1372549019607843,0.1764705882352941,0.0784313725490196,0.19607843137254902,0.06862745098039215,0.0784313725490196,0.058823529411764705,0.2058823529411765
union,0.10681586978636827,0.14445574771108852,0.07019328585961343,0.16073245167853512,0.10783316378433368,0.1017293997965412,0.05798575788402849,0.25025432349949134
convention,0.09771986970684039,0.1530944625407166,0.04234527687296417,0.13680781758957655,0.11400651465798045,0.10749185667752444,0.06840390879478828,0.28013029315960913
passes,0.11764705882352941,0.1568627450980392,0.058823529411764705,0.2156862745098039,0.058823529411764705,0.1568627450980392,0.058823529411764705,0.1764705882352941
ordinance,0.06299212598425195,0.13385826771653542,0.023622047244094484,0.1417322834645669,0.08661417322834644,0.10236220472440943,0.055118110236220465,0.39370078740157477
great,0.0928998827956326,0.16760224538893345,0.06162482265128617,0.12189254210104251,0.15193387206218,0.10684103386589354,0.08740978348035285,0.20979581765467892
excitement,0.06994127068873464,0.23064602242391882,0.03577148958889481,0.08916177255739453,0.21195942338494392,0.07314468766684462,0.19006940736785902,0.0993059263214095
prevails,0.11557788944723618,0.16080402010050251,0.07537688442211056,0.17085427135678394,0.11557788944723618,0.11055276381909547,0.09547738693467336,0.15577889447236182
south,0.14963833634719712,0.13245931283905968,0.081374321880651,0.2038878842676311,0.08634719710669078,0.11347197106690778,0.04656419529837252,0.18625678119349007
13,0.12422360248447205,0.18219461697722567,0.055900621118012424,0.12215320910973085,0.13250517598343683,0.12008281573498966,0.08281573498964803,0.18012422360248448
depart,0.07462686567164178,0.26865671641791045,0.014925373134328358,0.1791044776119403,0.05970149253731343,0.2537313432835821,0.014925373134328358,0.13432835820895522
interview,0.06586826347305388,0.18263473053892215,0.06586826347305388,0.15269461077844312,0.11976047904191617,0.08982035928143713,0.08383233532934131,0.23952095808383234
government.,0.09375,0.15625,0.0625,0.125,0.09375,0.15625,0.0,0.3125
removed,0.08075601374570446,0.1649484536082474,0.07560137457044673,0.16666666666666666,0.09965635738831616,0.10137457044673538,0.0549828178694158,0.25601374570446733
family,0.0830550918196995,0.17111853088480802,0.0634390651085142,0.11644407345575962,0.15358931552587649,0.10893155258764609,0.06886477462437396,0.2345575959933222
30,0.1791767554479419,0.1791767554479419,0.024213075060532687,0.12106537530266344,0.13559322033898305,0.10411622276029056,0.06295399515738499,0.1937046004842615
troops,0.14564052605942523,0.12810521188504626,0.0784218217243059,0.20944958597174865,0.08426692644909888,0.1100828056502679,0.051631758402338045,0.19240136385776913
beginning,0.0838079739625712,0.2017900732302685,0.04719283970707893,0.12855980471928397,0.16192026037428803,0.09438567941415786,0.07729861676159479,0.2050447518307567
gen.,0.14067234165344109,0.13533400663684894,0.07978646659933632,0.2102149761939114,0.07387101428365316,0.10128408599047757,0.04472659067955562,0.21411051796277594
lee,0.13393645189761694,0.14938217122683142,0.07502206531332746,0.1763018534863195,0.10944395410414828,0.10260370697263901,0.04567519858781995,0.20763459841129747
made,0.09643165822941104,0.17298431905173475,0.06309420916162489,0.12137300901345843,0.13612791702679342,0.10945795777256451,0.07223113964686999,0.2282997900975429
full,0.10275095645837129,0.18145381672435779,0.060120240480961915,0.11022044088176353,0.14483512479504462,0.1098560757879395,0.0783384951721625,0.2124248496993988
battle,0.3109831345125463,0.12710818593171536,0.06787330316742081,0.16083916083916083,0.07363225010283835,0.09502262443438914,0.04072398190045249,0.12381735911147676
expected,0.0785024154589372,0.3242753623188406,0.048913043478260865,0.09420289855072463,0.11473429951690821,0.08937198067632851,0.06642512077294686,0.18357487922705315
manassas,0.20689655172413796,0.10344827586206898,0.0896551724137931,0.2,0.08620689655172414,0.11379310344827587,0.05172413793103449,0.1482758620689655
carolina.,0.11956521739130434,0.19565217391304346,0.06521739130434782,0.13043478260869565,0.08695652173913043,0.07608695652173912,0.021739130434782608,0.3043478260869565
volunteers,0.06122448979591837,0.13543599257884972,0.03339517625231911,0.08905380333951762,0.10204081632653063,0.0463821892393321,0.03896103896103897,0.4935064935064935
daily,0.07007203667321545,0.29862475442043224,0.05239030779305828,0.11656843483955467,0.1237721021611002,0.09299279633267846,0.05893909626719057,0.18664047151277013
winder,0.12518853695324283,0.0995475113122172,0.10558069381598792,0.20361990950226244,0.06636500754147812,0.11613876319758672,0.05279034690799396,0.23076923076923075
appears,0.10185185185185186,0.16126543209876543,0.08641975308641975,0.1419753086419753,0.10648148148148147,0.11342592592592593,0.0625,0.22608024691358022
upon,0.10096116878123798,0.16093810073048828,0.07043444828911956,0.1259131103421761,0.1334871203383314,0.11607074202229911,0.07650903498654364,0.2156862745098039
toombs,0.07246376811594203,0.17391304347826086,0.043478260869565216,0.2318840579710145,0.057971014492753624,0.11594202898550725,0.057971014492753624,0.24637681159420294
hunter,0.044011544011544015,0.2633477633477634,0.029581529581529587,0.2417027417027417,0.05772005772005772,0.22510822510822512,0.04256854256854257,0.09595959595959597
col,0.21052631578947367,0.18421052631578946,0.0,0.3157894736842105,0.0,0.15789473684210525,0.0,0.13157894736842105
b,0.08099688473520249,0.1884735202492212,0.04984423676012461,0.11214953271028036,0.13395638629283488,0.11682242990654204,0.06542056074766354,0.2523364485981308
gen,0.1282051282051282,0.16173570019723865,0.08481262327416172,0.15581854043392504,0.10650887573964496,0.10256410256410256,0.03747534516765286,0.22287968441814596
garnett,0.2121212121212121,0.0606060606060606,0.1212121212121212,0.1818181818181818,0.0,0.1212121212121212,0.0,0.303030303030303
bartow,0.1111111111111111,0.19444444444444445,0.05555555555555555,0.1388888888888889,0.08333333333333333,0.1111111111111111,0.08333333333333333,0.2222222222222222
v.,0.06060606060606061,0.16905901116427433,0.06220095693779904,0.12759170653907495,0.13237639553429026,0.12121212121212122,0.059011164274322174,0.2679425837320574
son,0.08134991119005328,0.16802841918294847,0.06003552397868561,0.12788632326820604,0.15275310834813496,0.11687388987566606,0.06465364120781526,0.2284191829484902
custis,0.12639405204460966,0.137546468401487,0.044609665427509285,0.1821561338289963,0.08921933085501857,0.137546468401487,0.0483271375464684,0.2342007434944238
appointed,0.07925696594427244,0.16470588235294117,0.05139318885448916,0.12569659442724457,0.10712074303405572,0.08421052631578947,0.05696594427244582,0.3306501547987616
herald,0.1021897810218978,0.12408759124087591,0.0875912408759124,0.1678832116788321,0.1021897810218978,0.0656934306569343,0.0364963503649635,0.3138686131386861
contains,0.07167235494880547,0.1808873720136519,0.09897610921501708,0.10238907849829353,0.10580204778156997,0.11945392491467577,0.06484641638225257,0.2559726962457338
pretty,0.04686091919495344,0.2403124061279664,0.030940222288975673,0.05977771102433164,0.2409131871432863,0.06999098828477021,0.05166716731751277,0.2595373986182037
correct,0.1037037037037037,0.12222222222222223,0.059259259259259255,0.14444444444444443,0.09259259259259259,0.14444444444444443,0.05555555555555556,0.2777777777777778
army,0.14499449944994502,0.12145214521452145,0.07788778877887789,0.19977997799779978,0.08360836083608363,0.11331133113311331,0.05060506050605061,0.2083608360836084
list,0.05190311418685122,0.19377162629757788,0.04498269896193772,0.09688581314878894,0.12110726643598617,0.10726643598615918,0.03806228373702422,0.34602076124567477
c.,0.10395622895622897,0.1414141414141414,0.06902356902356903,0.14015151515151517,0.11405723905723905,0.0968013468013468,0.06186868686868687,0.2727272727272727
s.,0.09905660377358493,0.13301886792452833,0.051886792452830205,0.16415094339622646,0.09433962264150945,0.09150943396226417,0.060377358490566045,0.3056603773584906
appearance,0.08439086294416243,0.16370558375634517,0.07614213197969542,0.14276649746192893,0.14530456852791876,0.12055837563451777,0.08375634517766498,0.1833756345177665
plug,0.08928571428571429,0.07142857142857142,0.2678571428571429,0.17857142857142858,0.05357142857142857,0.05357142857142857,0.05357142857142857,0.23214285714285715
rupture,0.03636363636363636,0.06363636363636363,0.04545454545454545,0.20909090909090908,0.09999999999999999,0.1909090909090909,0.17272727272727273,0.1818181818181818
beauregard.,0.1276595744680851,0.10638297872340426,0.1276595744680851,0.1276595744680851,0.10638297872340426,0.06382978723404255,0.0425531914893617,0.2978723404255319
sick.,0.07692307692307691,0.15384615384615383,0.07692307692307691,0.11538461538461538,0.11538461538461538,0.11538461538461538,0.03846153846153846,0.30769230769230765
alien,0.0704225352112676,0.0704225352112676,0.20422535211267606,0.2676056338028169,0.05633802816901408,0.09859154929577464,0.05633802816901408,0.176056338028169
enemies,0.1226993865030675,0.1012269938650307,0.09815950920245399,0.2039877300613497,0.10889570552147242,0.11042944785276074,0.06901840490797548,0.1855828220858896
ordered,0.1403301886792453,0.13443396226415094,0.0695754716981132,0.20518867924528303,0.08136792452830188,0.08372641509433962,0.06014150943396226,0.22523584905660377
brief,0.1030701754385965,0.14254385964912283,0.059210526315789484,0.12061403508771933,0.13815789473684215,0.1535087719298246,0.0679824561403509,0.21491228070175444
president.,0.0909090909090909,0.14285714285714285,0.0909090909090909,0.1688311688311688,0.12987012987012986,0.12987012987012986,0.06493506493506493,0.1818181818181818
large,0.090282131661442,0.17429467084639497,0.06499477533960292,0.11765935214211075,0.1471264367816092,0.10512016718913271,0.07189132706374085,0.22863113897596657
numbers,0.1590909090909091,0.11363636363636363,0.0943181818181818,0.19659090909090907,0.09999999999999999,0.125,0.0409090909090909,0.17045454545454544
cavalry,0.19038817005545286,0.10536044362292052,0.11275415896487984,0.2606284658040665,0.05637707948243992,0.088724584103512,0.044362292051756,0.1414048059149723
preparations,0.11526479750778816,0.17757009345794392,0.06542056074766354,0.17133956386292837,0.09968847352024922,0.12149532710280374,0.05607476635514018,0.19314641744548286
69,0.16967509025270758,0.15523465703971118,0.07581227436823104,0.11552346570397111,0.1263537906137184,0.11552346570397111,0.03971119133574007,0.20216606498194944
four,0.09636295463067118,0.17097862767154107,0.05811773528308962,0.13835770528683916,0.12748406449193853,0.12485939257592803,0.0764904386951631,0.2073490813648294
hundred,0.1085820895522388,0.15783582089552237,0.06343283582089553,0.13992537313432835,0.12462686567164179,0.10932835820895521,0.08022388059701492,0.21604477611940295
thousand,0.12103004291845493,0.13948497854077252,0.08025751072961372,0.16437768240343345,0.1004291845493562,0.12360515021459226,0.05793991416309012,0.21287553648068666
want,0.0989922940130409,0.16360403082394784,0.07528156490812092,0.11825726141078839,0.14522821576763487,0.10906935388263189,0.08298755186721991,0.20657972732661528
yankees,0.15839243498817965,0.1347517730496454,0.08510638297872339,0.19858156028368792,0.07092198581560283,0.10874704491725767,0.06382978723404255,0.1796690307328605
offer,0.07889125799573561,0.17803837953091683,0.05223880597014926,0.10127931769722814,0.16844349680170576,0.09701492537313433,0.05970149253731343,0.26439232409381663
sell,0.13622291021671826,0.1547987616099071,0.07430340557275542,0.2043343653250774,0.08978328173374614,0.08668730650154798,0.05263157894736842,0.20123839009287925
walker,0.07563025210084033,0.11764705882352941,0.06722689075630252,0.21008403361344538,0.10084033613445377,0.12605042016806722,0.06722689075630252,0.23529411764705882
benjamin,0.09652509652509651,0.1583011583011583,0.07528957528957528,0.166023166023166,0.08687258687258687,0.10424710424710423,0.05405405405405404,0.25868725868725867
a.,0.10830324909747292,0.11191335740072202,0.07761732851985559,0.21841155234657042,0.05595667870036101,0.10469314079422383,0.03429602888086643,0.2888086642599278
washington,0.0998217468805704,0.14884135472370766,0.0766488413547237,0.18627450980392155,0.09714795008912656,0.07754010695187166,0.044563279857397504,0.26916221033868093
assigned,0.1087866108786611,0.17573221757322177,0.06694560669456068,0.14644351464435149,0.12133891213389124,0.09205020920502092,0.07112970711297072,0.2175732217573222
temporarily,0.1568627450980392,0.09803921568627451,0.09803921568627451,0.29411764705882354,0.0196078431372549,0.0784313725490196,0.0,0.2549019607843137
head,0.10249671484888304,0.15412051811526187,0.0754646142293974,0.13497278017645953,0.1347850572554909,0.13685000938614605,0.07677867467617797,0.1845316313121832
passport,0.10416666666666666,0.10714285714285714,0.07738095238095237,0.20238095238095238,0.06845238095238095,0.14285714285714285,0.044642857142857144,0.25297619047619047
order,0.11072902338376893,0.14878496102705183,0.06304447501146264,0.14213663457129758,0.11829436038514443,0.0958276020174232,0.07404860155891793,0.24713434204493354
publication,0.10798122065727699,0.20187793427230047,0.06807511737089202,0.13380281690140844,0.10328638497652581,0.09859154929577464,0.06807511737089202,0.2183098591549296
names,0.059080962800875284,0.13566739606126915,0.07221006564551424,0.14660831509846828,0.1137855579868709,0.12691466083150987,0.052516411378555804,0.29321663019693656
efforts,0.11038961038961038,0.1477272727272727,0.08685064935064934,0.14204545454545453,0.1314935064935065,0.11607142857142858,0.054383116883116873,0.21103896103896103
secure,0.09565217391304347,0.15031055900621118,0.0670807453416149,0.14906832298136646,0.12795031055900621,0.10062111801242235,0.07701863354037267,0.23229813664596272
g.,0.07913669064748202,0.12949640287769784,0.052757793764988015,0.15827338129496404,0.10311750599520385,0.08872901678657076,0.055155875299760196,0.33333333333333337
myers,0.136,0.09599999999999999,0.104,0.184,0.064,0.088,0.032,0.296
lawyer,0.20149253731343283,0.08955223880597014,0.19402985074626866,0.23134328358208955,0.07462686567164178,0.029850746268656716,0.04477611940298507,0.13432835820895522
price,0.0960698689956332,0.18195050946142652,0.06259097525473072,0.11499272197962156,0.14119359534206696,0.09170305676855896,0.06695778748180495,0.24454148471615722
gains,0.1044776119402985,0.1791044776119403,0.029850746268656716,0.13432835820895522,0.16417910447761194,0.16417910447761194,0.07462686567164178,0.14925373134328357
victory,0.0821199767035527,0.22947000582411184,0.0448456610366919,0.0844496214327315,0.2143273150844496,0.0617355853232382,0.0425160163075131,0.24053581828771112
cut-throats,0.125,0.125,0.08333333333333333,0.1875,0.125,0.125,0.0,0.22916666666666666
cut,0.13121845710165825,0.1420331651045422,0.0980533525594809,0.15645277577505406,0.11319394376351839,0.11319394376351839,0.06560922855082912,0.18024513338139872
pieces,0.15198863636363638,0.14204545454545459,0.07244318181818184,0.17613636363636367,0.10937500000000001,0.13636363636363638,0.06676136363636365,0.14488636363636367
fort,0.1141804788213628,0.10128913443830571,0.05893186003683241,0.15469613259668508,0.06998158379373849,0.08379373848987108,0.03867403314917127,0.3784530386740331
spy,0.15873015873015875,0.15873015873015875,0.126984126984127,0.14285714285714288,0.126984126984127,0.07936507936507937,0.03174603174603175,0.17460317460317462
washington.,0.2571428571428571,0.05714285714285714,0.14285714285714285,0.2857142857142857,0.11428571428571428,0.02857142857142857,0.0,0.11428571428571428
success,0.06686046511627906,0.2621124031007752,0.0377906976744186,0.09689922480620156,0.23788759689922484,0.06540697674418605,0.06104651162790698,0.17199612403100775
leesburg,0.14814814814814814,0.18518518518518517,0.037037037037037035,0.07407407407407407,0.18518518518518517,0.07407407407407407,0.05555555555555555,0.24074074074074073
ball,0.15058823529411763,0.14588235294117646,0.09411764705882353,0.1411764705882353,0.09176470588235294,0.13647058823529412,0.07764705882352942,0.1623529411764706
bluff,0.16384180790960454,0.16949152542372883,0.07344632768361582,0.1807909604519774,0.0903954802259887,0.08474576271186442,0.07344632768361582,0.16384180790960454
quarrel,0.33490566037735847,0.10849056603773584,0.06132075471698112,0.09433962264150941,0.08962264150943396,0.10377358490566035,0.06603773584905659,0.14150943396226415
beauregard,0.1761546723952739,0.13748657357679914,0.08915145005370569,0.21160042964554243,0.06659505907626208,0.0966702470461869,0.04511278195488722,0.17722878625134264
mr,0.0870026525198939,0.17347480106100796,0.056233421750663135,0.11299734748010612,0.1506631299734748,0.12108753315649869,0.09588859416445625,0.20265251989389924
naval,0.14606741573033707,0.11235955056179775,0.08426966292134831,0.20786516853932585,0.03932584269662921,0.12921348314606743,0.028089887640449437,0.25280898876404495
loss,0.20491329479768786,0.08208092485549133,0.05289017341040462,0.2315028901734104,0.06936416184971099,0.19855491329479766,0.0338150289017341,0.126878612716763
port,0.13595166163141995,0.13595166163141995,0.09365558912386707,0.18731117824773413,0.07854984894259819,0.10876132930513595,0.05740181268882175,0.202416918429003
royal,0.10311750599520382,0.15707434052757793,0.0647482014388489,0.12709832134292565,0.16067146282973618,0.09472422062350119,0.07673860911270981,0.2158273381294964
takes,0.11671087533156498,0.16843501326259944,0.06896551724137931,0.1246684350132626,0.123342175066313,0.10079575596816975,0.0716180371352785,0.22546419098143236
affair,0.1262135922330097,0.13980582524271842,0.07766990291262135,0.15145631067961163,0.10485436893203882,0.10679611650485436,0.07572815533980581,0.21747572815533978
belmont,0.20512820512820512,0.07692307692307691,0.1282051282051282,0.20512820512820512,0.05128205128205128,0.10256410256410256,0.05128205128205128,0.1794871794871795
it.,0.09302325581395349,0.046511627906976744,0.046511627906976744,0.09302325581395349,0.046511627906976744,0.18604651162790697,0.09302325581395349,0.39534883720930236
enemy,0.24587109341915817,0.06115016515626324,0.18590666553739307,0.2753451342423986,0.04023037181333108,0.07461675277377827,0.02727195731345812,0.08960785974421953
old,0.09003004130679686,0.16738640630867443,0.06721742395794218,0.1145324821629741,0.15339842283139318,0.11565903116785581,0.07538490424333459,0.21639128802102892
missouri,0.12875536480686695,0.11587982832618025,0.09871244635193133,0.17167381974248927,0.0815450643776824,0.09442060085836909,0.05150214592274678,0.2575107296137339
mason,0.10344827586206896,0.1724137931034483,0.05172413793103448,0.15517241379310345,0.1206896551724138,0.06896551724137931,0.05172413793103448,0.27586206896551724
captured.,0.21739130434782608,0.043478260869565216,0.13043478260869565,0.2608695652173913,0.08695652173913043,0.043478260869565216,0.043478260869565216,0.17391304347826086
french,0.11677631578947369,0.15871710526315788,0.061677631578947366,0.14226973684210525,0.10855263157894737,0.11348684210526315,0.07072368421052631,0.22779605263157895
consul,0.09448818897637794,0.1259842519685039,0.023622047244094484,0.1496062992125984,0.07086614173228345,0.04724409448818897,0.055118110236220465,0.4330708661417323
lieutenant,0.07,0.11666666666666667,0.043333333333333335,0.12666666666666668,0.08,0.09,0.06333333333333334,0.41
shore,0.10982658959537572,0.16040462427745664,0.07658959537572255,0.15606936416184972,0.11271676300578035,0.13728323699421965,0.07658959537572255,0.17052023121387283
virginia,0.125,0.10904255319148937,0.08643617021276596,0.20079787234042554,0.07845744680851063,0.125,0.04920212765957447,0.22606382978723405
breckinridge,0.17,0.060000000000000005,0.13,0.27,0.04,0.1,0.04,0.19000000000000003
marshall,0.07894736842105263,0.15789473684210525,0.05263157894736842,0.21052631578947367,0.07894736842105263,0.07894736842105263,0.02631578947368421,0.3157894736842105
richmond,0.12475247524752477,0.1514851485148515,0.06881188118811882,0.20396039603960398,0.08366336633663367,0.10495049504950496,0.0504950495049505,0.21188118811881188
stuart,0.17714285714285716,0.10857142857142858,0.12000000000000001,0.23428571428571432,0.06857142857142857,0.06285714285714286,0.08571428571428573,0.14285714285714288
h.,0.10101010101010101,0.1526374859708193,0.06060606060606061,0.15488215488215487,0.10325476992143659,0.10774410774410774,0.04938271604938271,0.27048260381593714
returns,0.0981132075471698,0.12075471698113206,0.0490566037735849,0.1169811320754717,0.10566037735849056,0.13962264150943396,0.045283018867924525,0.32452830188679244
kentucky,0.14018691588785046,0.11838006230529595,0.07476635514018691,0.21806853582554517,0.07165109034267912,0.13707165109034267,0.03426791277258567,0.20560747663551404
judge,0.11453077699293641,0.16347124117053483,0.058526740665993955,0.18012108980827446,0.07467204843592332,0.09838546922300707,0.05398587285570131,0.25630676084762866
goes,0.1084070796460177,0.17035398230088494,0.06637168141592921,0.13716814159292035,0.12168141592920355,0.10398230088495575,0.0752212389380531,0.2168141592920354
waiting,0.08369565217391303,0.23804347826086955,0.0608695652173913,0.10217391304347825,0.15108695652173912,0.11304347826086955,0.08043478260869565,0.17065217391304346
britain,0.08588957055214724,0.12883435582822086,0.049079754601226995,0.12883435582822086,0.13496932515337423,0.049079754601226995,0.06134969325153375,0.3619631901840491
yankee,0.13617886178861788,0.12804878048780488,0.07723577235772358,0.18089430894308944,0.07520325203252033,0.12398373983739837,0.0467479674796748,0.23170731707317074
m.,0.1046875,0.17187500000000003,0.06875,0.1453125,0.10781249999999999,0.0953125,0.05781250000000001,0.24843750000000003
seward,0.05405405405405404,0.17117117117117114,0.018018018018018014,0.13513513513513511,0.10810810810810809,0.09009009009009007,0.018018018018018014,0.4054054054054054
gives,0.08808290155440415,0.15751295336787566,0.053886010362694296,0.1305699481865285,0.14818652849740935,0.08911917098445596,0.06632124352331606,0.2663212435233161
enemy.,0.13333333333333333,0.11851851851851851,0.08888888888888888,0.11851851851851851,0.11851851851851851,0.13333333333333333,0.04444444444444444,0.24444444444444446
jackson,0.1662591687041565,0.1491442542787286,0.09535452322738387,0.17359413202933988,0.07579462102689487,0.11491442542787286,0.06356968215158924,0.16136919315403425
exaggerated,0.1639344262295082,0.09836065573770492,0.11475409836065574,0.21311475409836067,0.01639344262295082,0.13114754098360656,0.01639344262295082,0.24590163934426232
reports,0.13576642335766423,0.13722627737226278,0.07737226277372262,0.1897810218978102,0.08759124087591241,0.11240875912408758,0.05255474452554744,0.2072992700729927
