,anger,anticipation,disgust,fear,joy,sadness,surprise,trust
project,0.1232017705643674,0.16894135005533012,0.0483216525267429,0.046108447067502764,0.11102914053854665,0.07709332349686462,0.019918849133161196,0.4053854666174843
gutenberg,0.08445040214477212,0.22788203753351208,0.04289544235924933,0.045576407506702415,0.10187667560321717,0.12332439678284182,0.022788203753351208,0.3512064343163539
ebook,0.05759162303664921,0.1963350785340314,0.03926701570680628,0.049738219895287955,0.1832460732984293,0.0863874345549738,0.06282722513089004,0.3246073298429319
woman,0.11912034208918755,0.13052331500712688,0.1195275911219711,0.13215231113826106,0.16554673182651192,0.11504785176135207,0.04846263490124211,0.1696192221543474
robinson,0.08823529411764705,0.23529411764705882,0.0,0.11764705882352941,0.1764705882352941,0.08823529411764705,0.0,0.29411764705882354
use,0.13599999999999998,0.178,0.103,0.127,0.127,0.107,0.047,0.175
cost,0.1566265060240964,0.14457831325301204,0.08433734939759037,0.12048192771084339,0.12048192771084339,0.07228915662650602,0.07228915662650602,0.22891566265060243
almost,0.11586314152410576,0.1500777604976672,0.08398133748055987,0.15707620528771382,0.12363919129082428,0.15552099533437014,0.07153965785381027,0.14230171073094866
may,0.12845257903494176,0.13044925124792014,0.11597337770382696,0.15856905158069884,0.11663893510815308,0.1420965058236273,0.05008319467554077,0.15773710482529119
copy,0.19254658385093168,0.10559006211180123,0.07867494824016563,0.062111801242236024,0.05175983436853002,0.07039337474120082,0.03312629399585921,0.40579710144927533
give,0.08949704142011834,0.1856508875739645,0.05917159763313609,0.10650887573964496,0.16420118343195267,0.10428994082840236,0.07618343195266272,0.21449704142011833
away,0.10064412238325282,0.17713365539452494,0.05555555555555556,0.15458937198067632,0.12882447665056362,0.13365539452495973,0.08293075684380033,0.16666666666666666
terms,0.12540716612377847,0.11889250814332246,0.04723127035830619,0.0765472312703583,0.12866449511400652,0.06188925081433224,0.04560260586319218,0.39576547231270354
license,0.08968609865470852,0.226457399103139,0.05381165919282511,0.06950672645739911,0.1569506726457399,0.08295964125560537,0.05605381165919282,0.2645739910313901
sex,0.08356122759039807,0.18656943178365243,0.0817380735338803,0.09480401093892435,0.2127013065937405,0.08963840777879065,0.020054694621695533,0.2309328471589183
love,0.06586737714624037,0.11589698046181171,0.04928952042628774,0.097246891651865,0.42125518058022493,0.07593250444049733,0.04026050917702782,0.13425103611604497
life,0.08321308321308321,0.1620971620971621,0.0885040885040885,0.13035113035113036,0.17316017316017315,0.12265512265512266,0.05242905242905243,0.1875901875901876
author,0.07386363636363635,0.16477272727272727,0.07954545454545454,0.125,0.13068181818181815,0.13068181818181815,0.011363636363636362,0.28409090909090906
date,0.06818181818181819,0.27272727272727276,0.022727272727272728,0.08333333333333334,0.15151515151515152,0.09090909090909091,0.05303030303030303,0.25757575757575757
15,0.11764705882352941,0.1764705882352941,0.029411764705882353,0.08823529411764705,0.1764705882352941,0.058823529411764705,0.058823529411764705,0.29411764705882354
prepared,0.08208955223880597,0.2388059701492537,0.022388059701492536,0.11194029850746269,0.1417910447761194,0.0373134328358209,0.029850746268656712,0.33582089552238803
distributed,0.04395604395604395,0.26373626373626374,0.04395604395604395,0.07692307692307693,0.1098901098901099,0.1098901098901099,0.010989010989010988,0.34065934065934067
https,0.0,0.2325581395348837,0.0,0.0,0.2790697674418604,0.0,0.0,0.48837209302325574
also,0.11095700416088766,0.14563106796116504,0.10402219140083219,0.14008321775312066,0.13730929264909847,0.11511789181692093,0.05409153952843273,0.1927877947295423
original,0.10294117647058824,0.11764705882352941,0.08823529411764705,0.11764705882352941,0.11764705882352941,0.08823529411764705,0.029411764705882353,0.338235294117647
see,0.08118081180811808,0.2129678439641539,0.054296257248286774,0.11122825513969425,0.1555086979441223,0.1043753294675804,0.09172377438060095,0.18871903004744334
's,0.10006568863586598,0.1608276768119115,0.07400919640902123,0.12853076417779724,0.15830961243704836,0.10959054083643528,0.07039632143639149,0.19827019925552877
many,0.10081541882876205,0.14529280948851,0.08969607116382505,0.1430689399555226,0.14010378057820608,0.12083024462564863,0.07042253521126761,0.18977020014825796
words,0.3166869671132765,0.12545676004872106,0.05115712545676005,0.08404384896467722,0.1376370280146163,0.08526187576126674,0.06333739342265529,0.1364190012180268
complete,0.17716535433070868,0.11023622047244094,0.12992125984251968,0.20866141732283466,0.07874015748031496,0.1811023622047244,0.03543307086614173,0.07874015748031496
end,0.08809135399673736,0.16639477977161501,0.07504078303425774,0.14518760195758565,0.16150081566068514,0.09951060358890701,0.08319738988580751,0.18107667210440456
face,0.12693082605775688,0.1208865010073875,0.10141034251175285,0.15379449294828743,0.1208865010073875,0.14439220953660173,0.09200805910006715,0.13969106783075888
equal,0.13402061855670103,0.10309278350515463,0.09278350515463916,0.1649484536082474,0.15463917525773196,0.15463917525773196,0.05154639175257732,0.14432989690721648
chief,0.08133971291866028,0.10526315789473684,0.07655502392344496,0.20095693779904306,0.10047846889952153,0.12918660287081338,0.05263157894736842,0.2535885167464115
department,0.07042253521126761,0.14084507042253522,0.05633802816901408,0.19718309859154928,0.11267605633802816,0.1267605633802817,0.02816901408450704,0.2676056338028169
diseases,0.14093959731543623,0.12080536912751677,0.1342281879194631,0.22147651006711405,0.05369127516778523,0.14093959731543623,0.020134228187919462,0.16778523489932884
hospital,0.04022988505747126,0.045977011494252866,0.04022988505747126,0.23563218390804594,0.07471264367816091,0.22988505747126434,0.028735632183908042,0.30459770114942525
editor,0.09375,0.125,0.0625,0.15625000000000003,0.125,0.15625000000000003,0.0,0.28125
american,0.017241379310344827,0.1982758620689655,0.008620689655172414,0.15517241379310345,0.06896551724137931,0.025862068965517238,0.025862068965517238,0.5
sexology,0.13559322033898305,0.10169491525423728,0.08474576271186442,0.20338983050847456,0.08474576271186442,0.15254237288135594,0.01694915254237288,0.22033898305084745
critic,0.10526315789473684,0.10526315789473684,0.05263157894736842,0.15789473684210525,0.10526315789473684,0.15789473684210525,0.0,0.3157894736842105
guide,0.0909090909090909,0.11363636363636363,0.04545454545454545,0.13636363636363635,0.11363636363636363,0.13636363636363635,0.022727272727272724,0.3409090909090909
treatment,0.13518886679920478,0.11133200795228627,0.17892644135188865,0.16567263088137837,0.09145129224652086,0.1365142478462558,0.025844930417495027,0.15506958250497016
sexual,0.1320582877959927,0.11657559198542805,0.1051912568306011,0.16256830601092895,0.17987249544626593,0.11862477231329689,0.032559198542805104,0.15255009107468123
impotence,0.18181818181818182,0.09006734006734007,0.12542087542087543,0.2112794612794613,0.07154882154882156,0.15067340067340068,0.03367003367003367,0.13552188552188552
disorders,0.11578947368421054,0.10526315789473685,0.30526315789473685,0.17894736842105263,0.042105263157894736,0.1368421052631579,0.0,0.11578947368421054
men,0.11203319502074688,0.14764868603042874,0.08713692946058091,0.14073305670816041,0.13969571230982017,0.12482710926694329,0.06500691562932226,0.18291839557399722
women,0.1231766612641815,0.12803889789303077,0.12706645056726093,0.15235008103727712,0.1244732576985413,0.12414910858995136,0.045056726094003234,0.17568881685575363
gonorrhea,0.16177636796193498,0.06423473433782712,0.16732751784298175,0.20380650277557494,0.06661379857256146,0.1879460745440127,0.029341792228390163,0.1189532117367169
limitation,0.09322033898305086,0.12711864406779663,0.10169491525423728,0.15254237288135594,0.07627118644067797,0.18644067796610173,0.01694915254237288,0.2457627118644068
offspring,0.16,0.10695652173913044,0.12521739130434784,0.20086956521739133,0.0791304347826087,0.1443478260869565,0.034782608695652174,0.14869565217391306
prevention,0.10502283105022832,0.16133942161339423,0.11415525114155252,0.15525114155251143,0.1263318112633181,0.16286149162861494,0.0213089802130898,0.1537290715372907
conception,0.09364548494983278,0.17391304347826086,0.11705685618729098,0.15384615384615383,0.1237458193979933,0.14715719063545152,0.03344481605351171,0.15719063545150502
knowledge,0.12850467289719625,0.12733644859813084,0.10397196261682243,0.17757009345794392,0.10280373831775702,0.14953271028037382,0.04439252336448598,0.1658878504672897
girls,0.08122090015519916,0.17744438696326953,0.07139161924469736,0.10967408173823072,0.16968442834971545,0.10501810657009829,0.08484221417485772,0.2007242628039317
problems,0.11428571428571428,0.11428571428571428,0.11428571428571428,0.2,0.08571428571428572,0.17142857142857143,0.02857142857142857,0.17142857142857143
tales,0.07894736842105263,0.18421052631578946,0.07894736842105263,0.10526315789473684,0.13157894736842105,0.10526315789473684,0.02631578947368421,0.2894736842105263
eugenics,0.08888888888888888,0.22222222222222224,0.02222222222222222,0.11111111111111112,0.17777777777777776,0.11111111111111112,0.02222222222222222,0.24444444444444446
marriage,0.14523076923076925,0.12215384615384617,0.11784615384615386,0.1747692307692308,0.11015384615384616,0.12307692307692308,0.03876923076923077,0.168
etc,0.09090909090909093,0.1393939393939394,0.11515151515151516,0.15151515151515152,0.13333333333333336,0.12121212121212123,0.024242424242424242,0.22424242424242424
new,0.06818181818181816,0.22077922077922074,0.04329004329004328,0.10497835497835496,0.15043290043290042,0.09415584415584413,0.09523809523809523,0.22294372294372292
york,0.06015037593984962,0.20300751879699247,0.03759398496240601,0.09774436090225563,0.12781954887218044,0.08270676691729323,0.06015037593984962,0.3308270676691729
medical,0.0673076923076923,0.17307692307692304,0.14423076923076922,0.19711538461538458,0.03846153846153846,0.06249999999999999,0.01923076923076923,0.2980769230769231
association,0.08304498269896192,0.1522491349480969,0.07958477508650517,0.1522491349480969,0.11418685121107265,0.10726643598615916,0.017301038062283735,0.2941176470588235
state,0.043227665706051875,0.13256484149855907,0.04899135446685879,0.11239193083573486,0.13256484149855907,0.09798270893371758,0.06051873198847262,0.37175792507204614
society,0.0909090909090909,0.1590909090909091,0.07575757575757576,0.13636363636363635,0.09848484848484848,0.1590909090909091,0.0606060606060606,0.2196969696969697
etc.,0.11764705882352941,0.1283422459893048,0.0909090909090909,0.1336898395721925,0.1443850267379679,0.11229946524064172,0.0213903743315508,0.25133689839572193
company,0.125,0.16249999999999998,0.049999999999999996,0.1375,0.125,0.11249999999999999,0.0625,0.22499999999999998
copyright,0.09170305676855896,0.20087336244541484,0.07860262008733625,0.04366812227074236,0.07423580786026202,0.0829694323144105,0.008733624454148471,0.4192139737991266
little,0.07911802853437094,0.16428880242109814,0.0609597924773022,0.13575443147427582,0.1608300907911803,0.11716385646346736,0.09035884133160398,0.19152615650670124
old,0.06493506493506494,0.19109461966604824,0.04823747680890538,0.10760667903525047,0.18923933209647498,0.09833024118738405,0.09833024118738405,0.20222634508348794
superior,0.026315789473684213,0.15789473684210528,0.052631578947368425,0.10526315789473685,0.15789473684210528,0.23684210526315794,0.052631578947368425,0.2105263157894737
several,0.08115183246073299,0.19109947643979058,0.0549738219895288,0.12303664921465969,0.14397905759162302,0.12303664921465969,0.0549738219895288,0.22774869109947643
first,0.08221024258760108,0.17744833782569633,0.0831087151841869,0.12443845462713389,0.20619946091644206,0.09613656783468105,0.0633423180592992,0.1671159029649596
beginning,0.10447761194029852,0.1691542288557214,0.1144278606965174,0.12437810945273632,0.12437810945273632,0.1144278606965174,0.04477611940298508,0.20398009950248758
time,0.06206705458575783,0.3829315599889166,0.052923247436963146,0.09226932668329177,0.11332779163203104,0.085619285120532,0.06760875588805763,0.14325297866444997
twashtri,0.058823529411764705,0.2058823529411765,0.14705882352941177,0.2058823529411765,0.11764705882352941,0.08823529411764705,0.058823529411764705,0.11764705882352941
created,0.07894736842105263,0.18421052631578946,0.15789473684210525,0.13157894736842105,0.07894736842105263,0.13157894736842105,0.02631578947368421,0.21052631578947367
world,0.08230958230958232,0.17690417690417692,0.05896805896805898,0.13144963144963148,0.1461916461916462,0.13759213759213762,0.07371007371007372,0.1928746928746929
create,0.16666666666666663,0.12499999999999999,0.08333333333333331,0.12499999999999999,0.20833333333333331,0.10416666666666666,0.02083333333333333,0.16666666666666663
found,0.06041257367387033,0.10117878192534381,0.03732809430255403,0.07956777996070727,0.2829076620825147,0.07662082514734773,0.048624754420432216,0.31335952848722987
man,0.12528577960676726,0.1373266270385612,0.10531931108062795,0.1150739216582838,0.1828989483310471,0.09907026367931719,0.06325255296448712,0.1717725956409084
remain,0.09722222222222222,0.1388888888888889,0.16666666666666666,0.16666666666666666,0.05555555555555555,0.2222222222222222,0.013888888888888888,0.1388888888888889
one,0.09633449990790202,0.17148646159513722,0.07349419782648739,0.12285872167986739,0.14901455148277767,0.11291213851538037,0.07202062995026709,0.2018787990421809
element,0.05128205128205128,0.15384615384615385,0.05128205128205128,0.07692307692307693,0.25641025641025644,0.10256410256410256,0.10256410256410256,0.20512820512820512
fell,0.07374631268436577,0.08259587020648966,0.06489675516224189,0.16519174041297932,0.11209439528023597,0.35398230088495575,0.053097345132743355,0.09439528023598819
profound,0.02702702702702703,0.1891891891891892,0.05405405405405406,0.16216216216216217,0.21621621621621623,0.05405405405405406,0.08108108108108109,0.21621621621621623
aroused,0.06,0.18,0.08,0.14,0.16,0.08,0.08,0.22000000000000003
follows,0.17142857142857143,0.1285714285714286,0.17142857142857143,0.1,0.11428571428571428,0.08571428571428572,0.04285714285714286,0.18571428571428572
took,0.08060453400503777,0.172544080604534,0.0654911838790932,0.1259445843828715,0.15365239294710326,0.10957178841309823,0.09445843828715365,0.19773299748110829
plants,0.0625,0.21875000000000003,0.09375,0.1875,0.15625000000000003,0.09375,0.09375,0.09375
trembling,0.09090909090909091,0.11616161616161615,0.0404040404040404,0.3333333333333333,0.10606060606060606,0.10101010101010101,0.09090909090909091,0.1212121212121212
flower,0.02702702702702703,0.16216216216216217,0.05405405405405406,0.1891891891891892,0.24324324324324326,0.08108108108108109,0.08108108108108109,0.16216216216216217
sun,0.025134649910233394,0.22082585278276481,0.01436265709156194,0.053859964093357277,0.22980251346499103,0.053859964093357277,0.18850987432675045,0.21364452423698385
rays,0.15068493150684933,0.12328767123287672,0.1095890410958904,0.2191780821917808,0.09589041095890412,0.12328767123287672,0.0547945205479452,0.12328767123287672
tears,0.046153846153846156,0.16923076923076927,0.06153846153846154,0.12307692307692308,0.24615384615384617,0.09230769230769231,0.09230769230769231,0.16923076923076927
vanity,0.19680851063829785,0.07446808510638298,0.14893617021276595,0.2127659574468085,0.0797872340425532,0.15425531914893617,0.05851063829787234,0.07446808510638298
sweet,0.0343980343980344,0.20147420147420148,0.0343980343980344,0.05651105651105651,0.21867321867321868,0.05896805896805896,0.16953316953316955,0.22604422604422603
cruelty,0.125,0.09999999999999999,0.15,0.22499999999999998,0.125,0.125,0.049999999999999996,0.09999999999999999
fire,0.09424083769633508,0.10820244328097732,0.048865619546247824,0.38045375218150085,0.09075043630017453,0.1012216404886562,0.06282722513089005,0.11343804537521815
chill,0.16249999999999998,0.1375,0.09999999999999999,0.2125,0.075,0.15,0.11249999999999999,0.049999999999999996
formed,0.024390243902439025,0.2926829268292683,0.036585365853658534,0.024390243902439025,0.2926829268292683,0.06097560975609757,0.036585365853658534,0.23170731707317074
made,0.09222050489438435,0.16177228232869656,0.07573415765069552,0.12982998454404948,0.15662029881504383,0.11798042246264813,0.08397733127253994,0.18186501803194233
present,0.07298657718120806,0.1870805369127517,0.07130872483221477,0.08305369127516779,0.1719798657718121,0.07634228187919463,0.1300335570469799,0.20721476510067116
eight,0.14130434782608697,0.15217391304347827,0.1956521739130435,0.14130434782608697,0.07608695652173914,0.08695652173913043,0.03260869565217391,0.17391304347826086
days,0.11330698287220024,0.2121212121212121,0.04611330698287219,0.057971014492753624,0.15151515151515152,0.10144927536231883,0.11067193675889328,0.20685111989459812
later,0.07407407407407407,0.1748971193415638,0.05555555555555555,0.10082304526748971,0.1707818930041152,0.11522633744855967,0.08024691358024691,0.22839506172839508
came,0.09420289855072463,0.15881642512077293,0.057367149758454104,0.13828502415458938,0.1322463768115942,0.12681159420289853,0.10929951690821256,0.1829710144927536
said,0.07216164207825529,0.18345093008338678,0.04650416933932008,0.10647851186658112,0.18056446440025659,0.09878127004490057,0.10038486209108402,0.2116741500962155
lord,0.11290322580645161,0.06451612903225806,0.24193548387096775,0.16129032258064516,0.06451612903225806,0.09677419354838708,0.03225806451612903,0.22580645161290322
creature,0.06918238993710692,0.09433962264150943,0.23270440251572322,0.27672955974842767,0.07547169811320754,0.08176100628930817,0.03773584905660377,0.1320754716981132
gave,0.09253246753246754,0.1866883116883117,0.06006493506493506,0.12824675324675325,0.16396103896103895,0.10876623376623377,0.08279220779220779,0.17694805194805194
existence,0.08888888888888888,0.11111111111111112,0.11111111111111112,0.17777777777777776,0.17777777777777776,0.06666666666666667,0.06666666666666667,0.2
without,0.09801233721727211,0.1439342015078821,0.0788211103495545,0.1487320082248115,0.13913639479095272,0.13296778615490062,0.05757368060315285,0.2008224811514736
rest,0.08169934640522876,0.18300653594771243,0.05555555555555555,0.12418300653594772,0.1568627450980392,0.14052287581699346,0.0784313725490196,0.17973856209150327
takes,0.07216494845360824,0.13402061855670103,0.15463917525773196,0.21649484536082475,0.07216494845360824,0.18556701030927833,0.0824742268041237,0.0824742268041237
nothing,0.11358811040339703,0.1454352441613588,0.07430997876857749,0.15498938428874734,0.14331210191082802,0.11889596602972399,0.06794055201698514,0.18152866242038215
always,0.08463035019455253,0.1614785992217899,0.0671206225680934,0.11381322957198445,0.1605058365758755,0.10992217898832686,0.08949416342412451,0.2130350194552529
ill,0.18867924528301885,0.07547169811320754,0.18867924528301885,0.20754716981132076,0.03773584905660377,0.20754716981132076,0.03773584905660377,0.056603773584905655
take,0.07004160887656033,0.20527045769764213,0.06449375866851595,0.11442441054091539,0.16366158113730928,0.10471567267683772,0.08737864077669903,0.19001386962552008
back,0.10594900849858357,0.1818696883852691,0.07138810198300283,0.12464589235127478,0.12691218130311616,0.11614730878186968,0.0838526912181303,0.18923512747875357
god,0.030634573304157548,0.20568927789934355,0.0350109409190372,0.20131291028446388,0.21663019693654267,0.045951859956236324,0.030634573304157548,0.2341356673960613
remember,0.06034482758620689,0.22413793103448273,0.04310344827586207,0.06034482758620689,0.24137931034482757,0.051724137931034475,0.07758620689655173,0.24137931034482757
corner,0.06976744186046512,0.12790697674418605,0.06976744186046512,0.12790697674418605,0.33720930232558144,0.10465116279069768,0.029069767441860468,0.13372093023255813
eye,0.16265060240963855,0.06626506024096386,0.15662650602409636,0.19277108433734938,0.09638554216867469,0.16265060240963855,0.030120481927710843,0.13253012048192772
three,0.0891861761426979,0.17948717948717952,0.08361204013377928,0.11148272017837235,0.1516164994425864,0.09476031215161651,0.08584169453734672,0.2040133779264214
coming,0.06030150753768845,0.44053601340033505,0.04355108877721943,0.07705192629815745,0.08710217755443886,0.09212730318257957,0.07705192629815745,0.12227805695142378
understand,0.1003584229390681,0.15412186379928314,0.06810035842293907,0.11469534050179211,0.15412186379928314,0.10394265232974911,0.07885304659498209,0.22580645161290322
exactly,0.07317073170731707,0.1951219512195122,0.17073170731707318,0.12195121951219513,0.12195121951219513,0.14634146341463414,0.0,0.17073170731707318
sure,0.08566108007448789,0.1750465549348231,0.0670391061452514,0.11545623836126631,0.17690875232774675,0.0931098696461825,0.0968342644320298,0.1899441340782123
causes,0.17748917748917747,0.0974025974025974,0.1396103896103896,0.20238095238095238,0.07575757575757576,0.14502164502164502,0.032467532467532464,0.12987012987012986
annoyance,0.15384615384615385,0.10256410256410256,0.25641025641025644,0.12820512820512822,0.07692307692307693,0.15384615384615385,0.05128205128205128,0.07692307692307693
pleasure,0.10631229235880399,0.11960132890365449,0.08970099667774087,0.11627906976744186,0.186046511627907,0.10963455149501661,0.08637873754152824,0.186046511627907
relieve,0.0,0.13793103448275862,0.13793103448275862,0.1724137931034483,0.10344827586206895,0.24137931034482757,0.06896551724137931,0.13793103448275862
go,0.07852564102564104,0.19791666666666666,0.05689102564102565,0.1338141025641026,0.12660256410256412,0.11698717948717949,0.08333333333333334,0.2059294871794872
way,0.0932982917214192,0.17871222076215504,0.06964520367936926,0.1307490144546649,0.14848883048620237,0.1176084099868594,0.08278580814717477,0.17871222076215504
best,0.05472636815920398,0.19651741293532338,0.03233830845771144,0.1044776119402985,0.19651741293532338,0.09203980099502486,0.06467661691542288,0.25870646766169153
live,0.06766917293233082,0.15789473684210525,0.07518796992481203,0.09022556390977443,0.17293233082706766,0.13533834586466165,0.08270676691729323,0.21804511278195488
neither,0.07142857142857144,0.11904761904761907,0.09523809523809525,0.11904761904761907,0.1904761904761905,0.09523809523809525,0.09523809523809525,0.2142857142857143
went,0.09250585480093677,0.15456674473067916,0.06557377049180328,0.1557377049180328,0.12177985948477751,0.13466042154566746,0.08548009367681499,0.18969555035128807
chapter,0.10861001688238604,0.1468767585818796,0.10973550928531234,0.16038266741699495,0.12099043331457514,0.1344963421496905,0.05346088913899832,0.1654473832301632
book,0.0830188679245283,0.14716981132075468,0.06792452830188679,0.0981132075471698,0.1509433962264151,0.07924528301886792,0.07547169811320754,0.2981132075471698
believe,0.11974789915966387,0.12394957983193278,0.08403361344537816,0.14705882352941177,0.17436974789915966,0.11344537815126052,0.0546218487394958,0.18277310924369747
even,0.11862189271696467,0.14958569559529003,0.08068033144352378,0.14129960750109027,0.13257740950719582,0.14129960750109027,0.07413868294810293,0.16179677278674226
important,0.048192771084337345,0.18554216867469878,0.048192771084337345,0.06987951807228915,0.13734939759036144,0.06506024096385542,0.043373493975903614,0.40240963855421685
examined,0.14814814814814814,0.1111111111111111,0.08641975308641975,0.14814814814814814,0.1111111111111111,0.1728395061728395,0.037037037037037035,0.1851851851851852
carefully,0.09302325581395349,0.1744186046511628,0.046511627906976744,0.16279069767441862,0.13953488372093023,0.10465116279069768,0.06976744186046512,0.20930232558139536
books,0.07692307692307691,0.17948717948717946,0.03846153846153846,0.10256410256410255,0.1923076923076923,0.07692307692307691,0.025641025641025637,0.30769230769230765
written,0.0898876404494382,0.28089887640449435,0.0,0.011235955056179775,0.1797752808988764,0.056179775280898875,0.11235955056179775,0.2696629213483146
know,0.09918200408997956,0.17075664621676892,0.06697341513292433,0.12934560327198363,0.15286298568507156,0.1165644171779141,0.06697341513292433,0.19734151329243352
strict,0.16666666666666669,0.1,0.03333333333333333,0.1,0.13333333333333333,0.13333333333333333,0.03333333333333333,0.30000000000000004
forces,0.06593406593406594,0.0879120879120879,0.021978021978021976,0.09890109890109891,0.5494505494505495,0.05494505494505495,0.04395604395604395,0.07692307692307693
say,0.09315068493150686,0.16073059360730593,0.06575342465753424,0.12968036529680366,0.1552511415525114,0.1232876712328767,0.08127853881278539,0.19086757990867578
satisfactory,0.10714285714285715,0.18571428571428572,0.03571428571428572,0.09285714285714286,0.12142857142857143,0.11428571428571428,0.04285714285714286,0.30000000000000004
girl,0.11035189613939188,0.1527160915613256,0.105227195080287,0.10796036897847629,0.1527160915613256,0.11103518961393921,0.06627946703108986,0.19371370003416472
excellent,0.02127659574468085,0.1773049645390071,0.02127659574468085,0.0425531914893617,0.28368794326241137,0.06382978723404256,0.06382978723404256,0.326241134751773
general,0.06987951807228915,0.18072289156626506,0.06987951807228915,0.12048192771084336,0.10843373493975902,0.10120481927710843,0.043373493975903614,0.3060240963855421
hygiene,0.0746268656716418,0.16417910447761194,0.2388059701492537,0.1044776119402985,0.11940298507462685,0.0746268656716418,0.014925373134328356,0.208955223880597
manifestations,0.06249999999999999,0.1640625,0.0703125,0.0859375,0.3125,0.04687499999999999,0.0,0.25781249999999994
instinct,0.07234042553191489,0.19361702127659575,0.05319148936170213,0.07872340425531914,0.2702127659574468,0.07872340425531914,0.027659574468085105,0.22553191489361704
ethics,0.0,0.13333333333333333,0.06666666666666667,0.06666666666666667,0.19999999999999998,0.09999999999999999,0.03333333333333333,0.39999999999999997
none,0.04838709677419354,0.2096774193548387,0.03225806451612903,0.09677419354838708,0.22580645161290322,0.03225806451612903,0.04838709677419354,0.3064516129032258
whether,0.0900735294117647,0.16176470588235295,0.08639705882352941,0.1323529411764706,0.1525735294117647,0.10661764705882354,0.08272058823529412,0.18750000000000003
fully,0.04469273743016759,0.2122905027932961,0.05027932960893854,0.08379888268156425,0.1675977653631285,0.07262569832402234,0.05027932960893854,0.31843575418994413
though,0.09772296015180265,0.17267552182163187,0.07305502846299809,0.11669829222011384,0.15844402277039848,0.1110056925996205,0.09108159392789374,0.1793168880455408
honest,0.1111111111111111,0.0625,0.11805555555555555,0.1388888888888889,0.1875,0.1388888888888889,0.027777777777777776,0.2152777777777778
page,0.03225806451612903,0.03225806451612903,0.03225806451612903,0.03225806451612903,0.3870967741935483,0.03225806451612903,0.03225806451612903,0.4193548387096774
last,0.0850091407678245,0.19104204753199266,0.06855575868372943,0.12979890310786105,0.16270566727605118,0.10603290676416818,0.07404021937842778,0.18281535648994512
everything,0.096579476861167,0.17303822937625754,0.06438631790744466,0.11871227364185111,0.1448692152917505,0.12474849094567406,0.06841046277665996,0.20925553319919518
truth,0.10902255639097744,0.08458646616541353,0.07518796992481203,0.11842105263157894,0.2349624060150376,0.08646616541353383,0.043233082706766915,0.24812030075187969
least,0.08388520971302428,0.16997792494481234,0.0640176600441501,0.15452538631346577,0.14128035320088297,0.11258278145695365,0.07947019867549668,0.19426048565121412
would,0.09758485639686683,0.17656657963446476,0.06445822454308094,0.14849869451697129,0.13397519582245432,0.11684073107049608,0.08371409921671018,0.1783616187989556
free,0.11753371868978806,0.1252408477842004,0.09441233140655107,0.15221579961464357,0.11946050096339114,0.12138728323699423,0.0674373795761079,0.2023121387283237
exaggeration,0.1509433962264151,0.09433962264150943,0.18867924528301885,0.11320754716981131,0.07547169811320754,0.1320754716981132,0.03773584905660377,0.20754716981132076
attempt,0.11178247734138974,0.25981873111782483,0.0664652567975831,0.08761329305135954,0.1329305135951662,0.09667673716012086,0.07552870090634442,0.16918429003021151
stupid,0.1733333333333333,0.12,0.21333333333333332,0.13333333333333333,0.07999999999999999,0.10666666666666666,0.039999999999999994,0.13333333333333333
ignorant,0.15521064301552107,0.0975609756097561,0.16407982261640797,0.1951219512195122,0.07760532150776053,0.13747228381374724,0.035476718403547665,0.13747228381374724
used,0.11253196930946291,0.15856777493606136,0.10485933503836316,0.11508951406649615,0.10741687979539641,0.09462915601023016,0.05882352941176469,0.24808184143222506
plain,0.16363636363636364,0.09090909090909093,0.08181818181818182,0.1272727272727273,0.07272727272727272,0.10000000000000002,0.06363636363636364,0.3
necessary,0.10294117647058823,0.15686274509803919,0.09313725490196079,0.12254901960784313,0.15196078431372548,0.12745098039215685,0.0588235294117647,0.18627450980392157
enough,0.1063257065948856,0.1601615074024226,0.07940780619111709,0.1426648721399731,0.1386271870794078,0.14131897711978464,0.07133243606998654,0.1601615074024226
avoid,0.08633093525179857,0.1366906474820144,0.06474820143884892,0.30935251798561153,0.12949640287769784,0.08633093525179857,0.02877697841726619,0.15827338129496404
human,0.13416815742397137,0.08944543828264757,0.13595706618962433,0.17173524150268335,0.16636851520572452,0.14669051878354203,0.032200357781753126,0.12343470483005367
happiness,0.04270462633451957,0.22064056939501778,0.02491103202846975,0.08185053380782917,0.38434163701067614,0.06405693950177935,0.046263345195729534,0.13523131672597863
place,0.08452830188679245,0.17886792452830186,0.07773584905660377,0.13358490566037737,0.15396226415094338,0.11547169811320754,0.06792452830188679,0.1879245283018868
discuss,0.05084745762711864,0.25423728813559326,0.06779661016949153,0.05084745762711864,0.18644067796610173,0.06779661016949153,0.08474576271186442,0.23728813559322035
importance,0.07662835249042146,0.26053639846743293,0.10727969348659004,0.09195402298850575,0.14559386973180077,0.07662835249042146,0.0421455938697318,0.19923371647509577
two,0.09668379262027091,0.16020551144325082,0.10042036431574031,0.14105558150397013,0.14572629612330687,0.11116300794021484,0.06819243344231667,0.17655301261092948
recognize,0.10714285714285714,0.10714285714285714,0.1607142857142857,0.17857142857142858,0.03571428571428571,0.23214285714285712,0.05357142857142857,0.125
put,0.10563380281690142,0.16338028169014085,0.07605633802816902,0.14084507042253522,0.14084507042253522,0.12535211267605634,0.07183098591549296,0.17605633802816903
certain,0.09147869674185465,0.14536340852130328,0.12030075187969926,0.14285714285714288,0.13157894736842107,0.14661654135338348,0.050125313283208024,0.1716791979949875
scientific,0.07142857142857142,0.16666666666666666,0.05952380952380952,0.08333333333333333,0.13095238095238096,0.07142857142857142,0.08333333333333333,0.3333333333333333
seemed,0.10618651892890121,0.1698984302862419,0.06001846722068329,0.15327793167128345,0.12280701754385966,0.14035087719298248,0.09695290858725762,0.1505078485687904
sometimes,0.07874015748031496,0.17322834645669294,0.06692913385826772,0.11023622047244094,0.16535433070866143,0.0905511811023622,0.10236220472440945,0.2125984251968504
highly,0.14583333333333331,0.08333333333333331,0.10416666666666666,0.12499999999999999,0.12499999999999999,0.08333333333333331,0.06249999999999999,0.2708333333333333
results,0.14809590973201692,0.10719322990126941,0.14950634696755996,0.17207334273624825,0.10437235543018336,0.15796897038081806,0.03526093088857546,0.12552891396332866
sake,0.15555555555555556,0.08888888888888888,0.11111111111111112,0.17777777777777776,0.13333333333333333,0.2,0.0,0.13333333333333333
nevertheless,0.1358024691358025,0.0925925925925926,0.12962962962962965,0.1728395061728395,0.1111111111111111,0.19135802469135804,0.024691358024691357,0.1419753086419753
must,0.10683585755218993,0.1686451084731887,0.09128121162505116,0.14367580843225541,0.12239050347932869,0.11829717560376586,0.06426524764633647,0.18460908718788374
direct,0.16666666666666669,0.16666666666666669,0.07142857142857144,0.09523809523809525,0.14285714285714288,0.14285714285714288,0.0,0.2142857142857143
purpose,0.09345794392523364,0.1308411214953271,0.10280373831775702,0.07476635514018691,0.17757009345794392,0.12149532710280374,0.037383177570093455,0.2616822429906542
pain,0.15277777777777776,0.06944444444444445,0.10648148148148147,0.2708333333333333,0.06944444444444445,0.24305555555555555,0.03009259259259259,0.05787037037037037
misery,0.16379310344827588,0.060344827586206906,0.16379310344827588,0.20689655172413793,0.06896551724137931,0.19827586206896552,0.034482758620689655,0.10344827586206896
seems,0.08133971291866028,0.1722488038277512,0.06220095693779904,0.12440191387559808,0.15789473684210525,0.1291866028708134,0.07655502392344497,0.19617224880382775
devote,0.125,0.09375,0.09375,0.15625000000000003,0.09375,0.15625000000000003,0.03125,0.25
self,0.0909090909090909,0.0606060606060606,0.1212121212121212,0.1818181818181818,0.1212121212121212,0.2121212121212121,0.0606060606060606,0.15151515151515152
relation,0.12359550561797754,0.15355805243445694,0.13483146067415733,0.14232209737827717,0.1310861423220974,0.10861423220973784,0.04868913857677903,0.15730337078651688
wants,0.07692307692307691,0.17948717948717946,0.03846153846153846,0.10256410256410255,0.1923076923076923,0.11538461538461536,0.07692307692307691,0.21794871794871792
useful,0.16129032258064516,0.16129032258064516,0.16129032258064516,0.12903225806451613,0.06451612903225806,0.12903225806451613,0.03225806451612903,0.16129032258064516
work,0.14650537634408603,0.1814516129032258,0.04435483870967742,0.07078853046594982,0.11827956989247311,0.08960573476702509,0.05465949820788531,0.29435483870967744
humanity,0.0,0.12121212121212122,0.030303030303030304,0.06060606060606061,0.36363636363636365,0.09090909090909091,0.0,0.33333333333333337
healthy,0.0746268656716418,0.17910447761194032,0.1144278606965174,0.13432835820895522,0.18905472636815923,0.11940298507462686,0.03980099502487562,0.1492537313432836
problem,0.07964601769911503,0.09734513274336283,0.07964601769911503,0.2654867256637168,0.07079646017699114,0.2743362831858407,0.017699115044247784,0.1150442477876106
constantly,0.13333333333333333,0.02222222222222222,0.13333333333333333,0.2,0.02222222222222222,0.2,0.08888888888888888,0.2
eyes,0.0933040614709111,0.1432491767288694,0.05872667398463228,0.1394072447859495,0.16026344676180024,0.14983534577387486,0.08013172338090012,0.17508232711306257
ambition,0.075,0.22499999999999998,0.0,0.049999999999999996,0.22499999999999998,0.049999999999999996,0.075,0.3
merely,0.12179487179487178,0.1314102564102564,0.09615384615384615,0.12179487179487178,0.18269230769230765,0.12179487179487178,0.044871794871794865,0.17948717948717946
interesting,0.012987012987012986,0.25974025974025977,0.03896103896103896,0.03896103896103896,0.20779220779220778,0.06493506493506494,0.051948051948051945,0.3246753246753247
facts,0.043478260869565216,0.1217391304347826,0.03478260869565217,0.1217391304347826,0.1217391304347826,0.05217391304347826,0.03478260869565217,0.4695652173913043
practical,0.09836065573770492,0.13114754098360656,0.06557377049180328,0.22950819672131148,0.04918032786885246,0.22950819672131148,0.01639344262295082,0.18032786885245902
instrumental,0.15151515151515152,0.1212121212121212,0.1212121212121212,0.1212121212121212,0.15151515151515152,0.1818181818181818,0.0606060606060606,0.0909090909090909
confidently,0.05405405405405406,0.16216216216216217,0.05405405405405406,0.1891891891891892,0.16216216216216217,0.08108108108108109,0.10810810810810811,0.1891891891891892
destroying,0.13253012048192772,0.12048192771084339,0.14457831325301204,0.16867469879518074,0.08433734939759037,0.1807228915662651,0.03614457831325301,0.13253012048192772
medieval,0.11363636363636363,0.11363636363636363,0.11363636363636363,0.1590909090909091,0.11363636363636363,0.1818181818181818,0.06818181818181818,0.13636363636363635
hope,0.028836251287332648,0.22142121524201855,0.018537590113285273,0.04737384140061792,0.21627188465499483,0.04531410916580845,0.1812564366632338,0.24098867147270855
hearts,0.045454545454545456,0.15151515151515152,0.030303030303030304,0.09090909090909091,0.23484848484848486,0.09090909090909091,0.06818181818181819,0.2878787878787879
bringing,0.15476190476190474,0.11904761904761904,0.13095238095238096,0.15476190476190474,0.14285714285714285,0.11904761904761904,0.047619047619047616,0.13095238095238096
increasing,0.07407407407407407,0.14814814814814814,0.037037037037037035,0.1851851851851852,0.14814814814814814,0.14814814814814814,0.037037037037037035,0.2222222222222222
however,0.07422680412371134,0.1711340206185567,0.04536082474226805,0.13608247422680414,0.16082474226804125,0.10103092783505156,0.09278350515463918,0.21855670103092786
slight,0.11224489795918367,0.11224489795918367,0.09183673469387754,0.17346938775510204,0.13265306122448978,0.19387755102040816,0.05102040816326531,0.13265306122448978
degree,0.08189655172413793,0.16379310344827586,0.09482758620689656,0.1422413793103448,0.15948275862068964,0.125,0.07327586206896551,0.15948275862068964
total,0.15000000000000002,0.1,0.03333333333333333,0.25000000000000006,0.1,0.16666666666666669,0.13333333333333333,0.06666666666666667
mission,0.013333333333333332,0.2533333333333333,0.0,0.07999999999999999,0.24,0.05333333333333333,0.06666666666666667,0.29333333333333333
shall,0.0749440715883669,0.16890380313199108,0.030201342281879196,0.10738255033557047,0.20134228187919465,0.09507829977628636,0.0894854586129754,0.23266219239373603
increase,0.1492537313432836,0.1492537313432836,0.16417910447761194,0.1492537313432836,0.059701492537313425,0.08955223880597014,0.059701492537313425,0.1791044776119403
1,0.09090909090909091,0.12727272727272726,0.12727272727272726,0.12727272727272726,0.16363636363636364,0.12727272727272726,0.07272727272727272,0.16363636363636364
paramount,0.04081632653061224,0.30612244897959184,0.08163265306122448,0.02040816326530612,0.32653061224489793,0.02040816326530612,0.0,0.20408163265306123
need,0.09385113268608415,0.1585760517799353,0.05825242718446603,0.11650485436893206,0.15533980582524273,0.08414239482200649,0.07119741100323626,0.26213592233009714
reasons,0.13679245283018868,0.1509433962264151,0.12264150943396225,0.12264150943396225,0.11792452830188678,0.08018867924528301,0.0330188679245283,0.23584905660377356
misstep,0.09195402298850573,0.21839080459770113,0.11494252873563217,0.0689655172413793,0.21839080459770113,0.0689655172413793,0.0,0.21839080459770113
serious,0.16976127320954906,0.09814323607427056,0.13527851458885942,0.20424403183023873,0.08753315649867374,0.14323607427055704,0.034482758620689655,0.1273209549071618
consequences,0.12195121951219513,0.12804878048780488,0.12195121951219513,0.14634146341463414,0.12804878048780488,0.16463414634146342,0.030487804878048783,0.15853658536585366
boy,0.07543859649122807,0.14912280701754388,0.26491228070175443,0.0824561403508772,0.15087719298245614,0.06666666666666668,0.03508771929824562,0.1754385964912281
occupies,0.02380952380952381,0.2142857142857143,0.04761904761904762,0.09523809523809525,0.380952380952381,0.0,0.0,0.23809523809523814
physical,0.08755760368663594,0.15360983102918588,0.059907834101382486,0.09831029185867896,0.2841781874039939,0.08141321044546852,0.03533026113671275,0.19969278033794163
disabilities,0.05128205128205127,0.23076923076923073,0.10256410256410255,0.07692307692307691,0.2564102564102564,0.05128205128205127,0.025641025641025637,0.2051282051282051
female,0.059233449477351915,0.21951219512195122,0.11149825783972124,0.06968641114982578,0.2613240418118467,0.04181184668989547,0.045296167247386755,0.19163763066202089
organs,0.1226993865030675,0.13957055214723926,0.12883435582822086,0.1503067484662577,0.13957055214723926,0.10429447852760736,0.033742331288343565,0.18098159509202455
