,anger,anticipation,disgust,fear,joy,sadness,surprise,trust
project,0.12235817575083427,0.16573971078976643,0.05228031145717464,0.04560622914349277,0.09899888765294773,0.08453837597330367,0.022246941045606233,0.40823136818687433
gutenberg,0.08097165991902835,0.21862348178137653,0.056680161943319846,0.04453441295546559,0.056680161943319846,0.14979757085020245,0.03643724696356276,0.35627530364372473
ebook,0.046875,0.17968750000000003,0.07812500000000001,0.046875,0.0625,0.13281250000000003,0.0859375,0.3671875
secret,0.06428571428571428,0.19285714285714284,0.03928571428571428,0.11607142857142856,0.06607142857142857,0.05357142857142857,0.04642857142857142,0.42142857142857143
armies,0.07216494845360824,0.18556701030927833,0.11340206185567009,0.14432989690721648,0.04123711340206185,0.06185567010309278,0.010309278350515462,0.37113402061855666
john,0.109375,0.06249999999999999,0.28124999999999994,0.20312499999999997,0.015624999999999998,0.109375,0.0,0.21875
l.,0.1095890410958904,0.1095890410958904,0.2191780821917808,0.23287671232876714,0.0136986301369863,0.09589041095890412,0.0,0.2191780821917808
spivak,0.10937500000000001,0.0625,0.25,0.203125,0.015625,0.10937500000000001,0.0,0.25
use,0.13529411764705881,0.18823529411764703,0.09411764705882351,0.11176470588235293,0.14705882352941177,0.05294117647058823,0.041176470588235294,0.22941176470588234
anyone,0.11009174311926605,0.18348623853211007,0.055045871559633024,0.10091743119266054,0.09174311926605504,0.09174311926605504,0.07339449541284403,0.2935779816513761
almost,0.1607142857142857,0.13839285714285715,0.11160714285714286,0.16964285714285712,0.044642857142857144,0.1294642857142857,0.05803571428571428,0.1875
may,0.14030612244897958,0.1760204081632653,0.11734693877551022,0.10969387755102042,0.07908163265306123,0.11479591836734694,0.053571428571428575,0.20918367346938777
copy,0.18032786885245902,0.10382513661202185,0.08743169398907104,0.054644808743169404,0.03825136612021858,0.07650273224043716,0.04918032786885246,0.4098360655737705
give,0.07017543859649122,0.2236842105263158,0.039473684210526314,0.12280701754385966,0.12280701754385966,0.09649122807017543,0.09210526315789473,0.23245614035087722
terms,0.1377551020408163,0.12244897959183672,0.0510204081632653,0.07653061224489795,0.10714285714285712,0.06122448979591836,0.04591836734693877,0.39795918367346933
license,0.11200000000000002,0.208,0.05600000000000001,0.096,0.104,0.104,0.04,0.28
online,0.07142857142857144,0.10714285714285715,0.10714285714285715,0.07142857142857144,0.03571428571428572,0.07142857142857144,0.0,0.5357142857142858
new,0.09307875894988066,0.21479713603818612,0.07637231503579951,0.12649164677804295,0.11455847255369928,0.08353221957040571,0.07637231503579951,0.21479713603818612
nazi,0.07457627118644068,0.17627118644067796,0.0384180790960452,0.11299435028248589,0.10621468926553672,0.04632768361581921,0.056497175141242945,0.3887005649717514
date,0.15151515151515152,0.21212121212121213,0.0606060606060606,0.1212121212121212,0.0606060606060606,0.0606060606060606,0.0,0.3333333333333333
start,0.04,0.4666666666666666,0.04,0.05333333333333333,0.06666666666666667,0.06666666666666667,0.04,0.22666666666666668
produced,0.04225352112676056,0.1267605633802817,0.07042253521126761,0.08450704225352113,0.08450704225352113,0.16901408450704225,0.0,0.4225352112676056
distributed,0.05063291139240506,0.21518987341772153,0.05063291139240506,0.0759493670886076,0.08860759493670887,0.12658227848101267,0.012658227848101266,0.379746835443038
http,0.017241379310344824,0.17241379310344826,0.051724137931034475,0.017241379310344824,0.10344827586206895,0.15517241379310343,0.0,0.48275862068965514
made,0.08996539792387542,0.17301038062283736,0.05363321799307958,0.14878892733564014,0.12110726643598614,0.10207612456747404,0.08823529411764705,0.22318339100346019
's,0.1053888130968622,0.17019099590723055,0.07742155525238745,0.1442701227830832,0.1087994542974079,0.10675306957708047,0.08867667121418826,0.19849931787175987
please,0.07894736842105264,0.2894736842105263,0.0,0.15789473684210528,0.07894736842105264,0.13157894736842107,0.05263157894736842,0.21052631578947367
see,0.052083333333333336,0.2734375,0.0546875,0.109375,0.12760416666666666,0.10677083333333333,0.09375,0.18229166666666666
book,0.06451612903225806,0.2903225806451613,0.11290322580645164,0.12903225806451613,0.048387096774193554,0.08064516129032259,0.016129032258064516,0.25806451612903225
comes,0.05882352941176471,0.23529411764705885,0.029411764705882356,0.05882352941176471,0.17647058823529413,0.0,0.11764705882352942,0.3235294117647059
popular,0.07317073170731707,0.2195121951219512,0.048780487804878044,0.19512195121951217,0.048780487804878044,0.024390243902439022,0.048780487804878044,0.3414634146341463
time,0.08752997601918465,0.4064748201438849,0.046762589928057555,0.1354916067146283,0.06354916067146284,0.07673860911270983,0.051558752997601924,0.13189448441247
world,0.09271523178807949,0.15894039735099338,0.052980132450331126,0.20529801324503313,0.11258278145695366,0.06622516556291391,0.039735099337748346,0.271523178807947
story,0.13761467889908258,0.13761467889908258,0.08256880733944955,0.14678899082568808,0.10091743119266056,0.11009174311926608,0.09174311926605506,0.19266055045871563
despite,0.15789473684210528,0.10526315789473684,0.15789473684210528,0.10526315789473684,0.07894736842105264,0.13157894736842107,0.0,0.26315789473684215
powerful,0.1407766990291262,0.1650485436893204,0.11650485436893203,0.1650485436893204,0.13106796116504854,0.04368932038834951,0.019417475728155338,0.21844660194174756
personal,0.03448275862068965,0.10344827586206895,0.03448275862068965,0.08620689655172413,0.15517241379310343,0.051724137931034475,0.0,0.5344827586206896
might,0.10511363636363635,0.1789772727272727,0.07102272727272727,0.17045454545454544,0.08806818181818181,0.11363636363636363,0.11931818181818181,0.15340909090909088
well,0.08943089430894309,0.2032520325203252,0.06775067750677508,0.13279132791327913,0.1111111111111111,0.07588075880758809,0.11382113821138211,0.2059620596205962
important,0.08270676691729324,0.13533834586466167,0.030075187969924814,0.13533834586466167,0.09022556390977444,0.030075187969924814,0.04511278195488722,0.4511278195488722
press,0.0588235294117647,0.20588235294117646,0.08823529411764705,0.20588235294117646,0.02941176470588235,0.1176470588235294,0.0588235294117647,0.2352941176470588
several,0.0821917808219178,0.1506849315068493,0.0410958904109589,0.15525114155251143,0.1095890410958904,0.1095890410958904,0.04566210045662101,0.3059360730593607
years,0.09090909090909091,0.16883116883116883,0.06926406926406926,0.1471861471861472,0.11255411255411255,0.10822510822510824,0.06926406926406926,0.23376623376623376
evidence,0.07547169811320756,0.20754716981132076,0.03773584905660378,0.09433962264150945,0.12264150943396228,0.03773584905660378,0.06603773584905662,0.3584905660377359
fascist,0.11227154046997391,0.18798955613577026,0.05483028720626632,0.19843342036553524,0.0731070496083551,0.0783289817232376,0.04960835509138381,0.2454308093994778
activities,0.09056603773584905,0.16226415094339622,0.045283018867924525,0.13584905660377358,0.06792452830188679,0.08301886792452828,0.07547169811320754,0.33962264150943394
united,0.03944773175542406,0.17159763313609466,0.02564102564102564,0.12228796844181461,0.06706114398422092,0.057199211045364885,0.029585798816568046,0.48717948717948717
states,0.0367504835589942,0.1644100580270793,0.02707930367504836,0.12765957446808512,0.06769825918762089,0.06576402321083173,0.02707930367504836,0.4835589941972921
set,0.1476323119777159,0.16991643454039,0.07520891364902507,0.12256267409470753,0.10584958217270195,0.10584958217270195,0.06685236768802229,0.2061281337047354
official,0.03571428571428571,0.14285714285714285,0.0,0.017857142857142856,0.08928571428571429,0.017857142857142856,0.07142857142857142,0.6249999999999999
propaganda,0.08272506082725062,0.18004866180048662,0.0340632603406326,0.11192214111922141,0.1265206812652068,0.04136253041362531,0.0632603406326034,0.36009732360097324
hitler,0.10526315789473685,0.13622291021671828,0.05572755417956657,0.14860681114551086,0.13622291021671828,0.07739938080495357,0.07739938080495357,0.2631578947368421
campaign,0.08571428571428572,0.17142857142857143,0.04285714285714286,0.18571428571428572,0.04285714285714286,0.07142857142857144,0.04285714285714286,0.3571428571428572
americas,0.1212121212121212,0.1212121212121212,0.0303030303030303,0.18181818181818182,0.09090909090909091,0.15151515151515152,0.0303030303030303,0.2727272727272727
would,0.11480865224625625,0.1846921797004992,0.0632279534109817,0.1772046589018303,0.09567387687188021,0.11064891846921798,0.09068219633943429,0.16306156405990016
letters,0.09478672985781991,0.15165876777251186,0.08056872037914693,0.1279620853080569,0.0995260663507109,0.1137440758293839,0.061611374407582936,0.27014218009478674
records,0.06349206349206349,0.15873015873015875,0.07936507936507937,0.09523809523809523,0.14285714285714285,0.11111111111111112,0.09523809523809523,0.25396825396825395
chapter,0.08878504672897196,0.22429906542056077,0.06074766355140187,0.1074766355140187,0.09345794392523366,0.13084112149532712,0.11214953271028039,0.18224299065420563
names,0.08771929824561404,0.21052631578947367,0.05263157894736842,0.05263157894736842,0.14035087719298245,0.07017543859649122,0.08771929824561404,0.29824561403508776
go,0.1062992125984252,0.19685039370078744,0.051181102362204724,0.15748031496062995,0.1062992125984252,0.07480314960629922,0.1141732283464567,0.19291338582677167
far,0.12135922330097088,0.13106796116504854,0.06310679611650484,0.1990291262135922,0.08737864077669902,0.12135922330097088,0.05339805825242718,0.2233009708737864
toward,0.15073529411764705,0.13970588235294115,0.11397058823529412,0.15441176470588233,0.07720588235294117,0.13602941176470587,0.08455882352941177,0.14338235294117646
many,0.07755102040816325,0.19999999999999998,0.044897959183673466,0.1183673469387755,0.12244897959183673,0.08571428571428572,0.09795918367346938,0.2530612244897959
us,0.11214953271028036,0.21028037383177567,0.03738317757009345,0.1261682242990654,0.13551401869158877,0.051401869158878497,0.09345794392523364,0.2336448598130841
books,0.1346153846153846,0.05769230769230768,0.24999999999999994,0.24999999999999994,0.03846153846153846,0.1346153846153846,0.01923076923076923,0.11538461538461536
brigade,0.1470588235294118,0.11764705882352942,0.11764705882352942,0.3235294117647059,0.05882352941176471,0.08823529411764706,0.05882352941176471,0.08823529411764706
america,0.07142857142857142,0.2571428571428571,0.05238095238095238,0.12857142857142856,0.08571428571428572,0.06666666666666667,0.03333333333333333,0.30476190476190473
europe,0.1568627450980392,0.13725490196078433,0.11764705882352941,0.2549019607843137,0.0392156862745098,0.0784313725490196,0.0392156862745098,0.17647058823529413
illustration,0.09345794392523364,0.21495327102803735,0.05607476635514018,0.1308411214953271,0.09345794392523364,0.08411214953271028,0.06542056074766354,0.2616822429906542
modern,0.12121212121212123,0.12121212121212123,0.24242424242424246,0.27272727272727276,0.0,0.12121212121212123,0.0,0.12121212121212123
inc.,0.1276595744680851,0.1276595744680851,0.17021276595744678,0.276595744680851,0.042553191489361694,0.10638297872340426,0.0,0.14893617021276595
avenue,0.12121212121212123,0.09090909090909093,0.3030303030303031,0.24242424242424246,0.030303030303030307,0.12121212121212123,0.0,0.09090909090909093
york,0.1111111111111111,0.20740740740740743,0.08888888888888889,0.16296296296296295,0.06666666666666667,0.059259259259259255,0.059259259259259255,0.24444444444444444
copyright,0.09574468085106383,0.18085106382978722,0.10638297872340426,0.08510638297872339,0.042553191489361694,0.09574468085106383,0.031914893617021274,0.36170212765957444
1939,0.06249999999999999,0.390625,0.06249999999999999,0.06249999999999999,0.031249999999999997,0.06249999999999999,0.031249999999999997,0.29687499999999994
published,0.12244897959183675,0.163265306122449,0.10204081632653063,0.14285714285714288,0.10204081632653063,0.06122448979591837,0.10204081632653063,0.20408163265306126
city,0.09722222222222222,0.16666666666666666,0.09722222222222222,0.125,0.06944444444444445,0.05555555555555555,0.06944444444444445,0.3194444444444445
part,0.13777777777777778,0.16444444444444445,0.08444444444444445,0.17777777777777778,0.07555555555555556,0.10222222222222223,0.08444444444444445,0.17333333333333334
without,0.11170212765957446,0.175531914893617,0.07446808510638298,0.14095744680851063,0.0877659574468085,0.1276595744680851,0.06648936170212766,0.2154255319148936
written,0.11111111111111112,0.23333333333333334,0.07777777777777778,0.06666666666666667,0.1,0.1,0.1,0.2111111111111111
permission,0.07692307692307693,0.15384615384615385,0.12820512820512822,0.15384615384615385,0.10256410256410256,0.05128205128205128,0.05128205128205128,0.28205128205128205
information,0.09722222222222222,0.16666666666666666,0.037037037037037035,0.1527777777777778,0.08333333333333333,0.06944444444444445,0.037037037037037035,0.3564814814814815
address,0.10344827586206898,0.27586206896551724,0.034482758620689655,0.10344827586206898,0.10344827586206898,0.10344827586206898,0.06896551724137931,0.20689655172413796
first,0.13999999999999999,0.21749999999999997,0.06499999999999999,0.13749999999999998,0.0875,0.07999999999999999,0.0925,0.18
printing,0.05,0.4166666666666667,0.016666666666666666,0.0,0.08333333333333334,0.03333333333333333,0.05,0.35
february,0.0824742268041237,0.20618556701030927,0.04123711340206185,0.07216494845360824,0.10309278350515463,0.0824742268041237,0.06185567010309278,0.35051546391752575
second,0.11855670103092783,0.20618556701030927,0.0670103092783505,0.12886597938144329,0.07216494845360824,0.10309278350515463,0.08762886597938144,0.21649484536082472
march,0.05434782608695652,0.2717391304347826,0.043478260869565216,0.07608695652173914,0.11956521739130434,0.06521739130434782,0.05434782608695652,0.3152173913043478
printed,0.048780487804878044,0.36585365853658536,0.0,0.0,0.09756097560975609,0.048780487804878044,0.048780487804878044,0.39024390243902435
page,0.1111111111111111,0.2546296296296296,0.0462962962962963,0.06481481481481483,0.06018518518518518,0.14351851851851852,0.08333333333333333,0.2361111111111111
7,0.0625,0.3541666666666667,0.020833333333333332,0.08333333333333333,0.0625,0.0625,0.020833333333333332,0.3333333333333333
czechoslovakia,0.1238095238095238,0.26666666666666666,0.04761904761904762,0.10476190476190476,0.09523809523809525,0.03809523809523809,0.04761904761904762,0.27619047619047615
ii,0.09523809523809525,0.3571428571428572,0.0,0.09523809523809525,0.02380952380952381,0.09523809523809525,0.02380952380952381,0.30952380952380953
england,0.08235294117647059,0.21176470588235294,0.06666666666666667,0.12549019607843137,0.1215686274509804,0.07058823529411765,0.050980392156862744,0.27058823529411763
cliveden,0.07407407407407407,0.25925925925925924,0.08641975308641976,0.08641975308641976,0.09876543209876543,0.08641975308641976,0.0617283950617284,0.2469135802469136
17,0.07894736842105264,0.34210526315789475,0.0,0.07894736842105264,0.02631578947368421,0.07894736842105264,0.05263157894736842,0.34210526315789475
france,0.09195402298850575,0.1839080459770115,0.04597701149425287,0.21072796934865898,0.06896551724137931,0.05363984674329502,0.05363984674329502,0.2911877394636015
army,0.0782608695652174,0.19130434782608696,0.026086956521739132,0.20869565217391306,0.052173913043478265,0.026086956521739132,0.017391304347826087,0.4000000000000001
dynamite,0.049999999999999996,0.35000000000000003,0.0,0.09999999999999999,0.049999999999999996,0.024999999999999998,0.049999999999999996,0.375
mexico,0.0392156862745098,0.23529411764705882,0.0392156862745098,0.14705882352941177,0.08333333333333334,0.0784313725490196,0.058823529411764705,0.3186274509803922
panama,0.031999999999999994,0.27199999999999996,0.007999999999999998,0.08799999999999998,0.09599999999999999,0.08799999999999998,0.055999999999999994,0.36
canal,0.05844155844155845,0.28571428571428575,0.025974025974025976,0.14935064935064937,0.05844155844155845,0.09090909090909093,0.019480519480519484,0.31168831168831174
vi,0.07894736842105264,0.34210526315789475,0.0,0.10526315789473684,0.02631578947368421,0.10526315789473684,0.02631578947368421,0.31578947368421056
agents,0.10191082802547771,0.15711252653927815,0.04670912951167728,0.15286624203821655,0.07643312101910828,0.07006369426751592,0.050955414012738856,0.34394904458598724
arrive,0.07692307692307693,0.3653846153846154,0.0,0.09615384615384616,0.038461538461538464,0.09615384615384616,0.038461538461538464,0.2884615384615385
spies,0.06024096385542169,0.2771084337349398,0.0,0.14457831325301207,0.03614457831325302,0.06024096385542169,0.03614457831325302,0.3855421686746988
american,0.09611829944547136,0.17375231053604437,0.03881700554528651,0.17190388170055454,0.09611829944547136,0.07763401109057302,0.06839186691312385,0.27726432532347506
patriots,0.05882352941176471,0.3823529411764706,0.0,0.029411764705882356,0.029411764705882356,0.05882352941176471,0.05882352941176471,0.3823529411764706
henry,0.06521739130434782,0.34782608695652173,0.021739130434782608,0.07246376811594203,0.05797101449275362,0.05797101449275362,0.05797101449275362,0.3188405797101449
ford,0.06282722513089005,0.2670157068062827,0.03664921465968587,0.08376963350785341,0.08376963350785341,0.052356020942408384,0.04712041884816754,0.36649214659685864
underground,0.03333333333333333,0.3,0.016666666666666666,0.15,0.1,0.05,0.05,0.3
dies,0.08163265306122447,0.22448979591836732,0.040816326530612235,0.0510204081632653,0.020408163265306117,0.08163265306122447,0.06122448979591836,0.43877551020408156
committee,0.08021390374331551,0.1657754010695187,0.0481283422459893,0.0641711229946524,0.03743315508021391,0.0588235294117647,0.0695187165775401,0.47593582887700536
conclusion,0.05882352941176471,0.35294117647058826,0.0,0.08823529411764706,0.05882352941176471,0.05882352941176471,0.029411764705882356,0.35294117647058826
order,0.12574850299401197,0.2215568862275449,0.059880239520958084,0.155688622754491,0.08383233532934131,0.0718562874251497,0.059880239520958084,0.2215568862275449
letter,0.03762376237623763,0.47326732673267335,0.009900990099009903,0.023762376237623766,0.05544554455445545,0.03564356435643565,0.04554455445544555,0.3188118811881188
harry,0.20792079207920788,0.1386138613861386,0.0099009900990099,0.099009900990099,0.0792079207920792,0.1683168316831683,0.029702970297029698,0.2673267326732673
a.,0.15178571428571427,0.15178571428571427,0.017857142857142856,0.0982142857142857,0.0982142857142857,0.11607142857142856,0.0625,0.30357142857142855
jung,0.1794871794871795,0.19230769230769232,0.00641025641025641,0.11538461538461539,0.08974358974358974,0.09615384615384616,0.06410256410256411,0.25641025641025644
anti-semitic,0.05555555555555555,0.4166666666666667,0.013888888888888888,0.027777777777777776,0.06944444444444445,0.041666666666666664,0.05555555555555555,0.3194444444444445
peter,0.024096385542168676,0.3975903614457832,0.024096385542168676,0.0,0.0963855421686747,0.04819277108433735,0.04819277108433735,0.3614457831325302
v.,0.037037037037037035,0.48148148148148145,0.0,0.0,0.05555555555555555,0.037037037037037035,0.037037037037037035,0.35185185185185186
armstrong,0.026666666666666665,0.41333333333333333,0.0,0.013333333333333332,0.09333333333333334,0.05333333333333333,0.06666666666666667,0.33333333333333337
90,0.13953488372093023,0.3488372093023256,0.0,0.0,0.09302325581395349,0.046511627906976744,0.09302325581395349,0.27906976744186046
account,0.056338028169014086,0.22535211267605634,0.0,0.028169014084507043,0.07042253521126761,0.056338028169014086,0.07042253521126761,0.49295774647887325
reverend,0.08064516129032259,0.25806451612903225,0.016129032258064516,0.03225806451612903,0.20967741935483872,0.048387096774193554,0.06451612903225806,0.2903225806451613
gerald,0.06521739130434782,0.32608695652173914,0.021739130434782608,0.043478260869565216,0.15217391304347827,0.021739130434782608,0.06521739130434782,0.30434782608695654
b.,0.06,0.3,0.019999999999999997,0.039999999999999994,0.15999999999999998,0.019999999999999997,0.06,0.33999999999999997
winrod,0.09401709401709402,0.2136752136752137,0.042735042735042736,0.06837606837606837,0.1282051282051282,0.05128205128205128,0.09401709401709402,0.3076923076923077
capitol,0.058823529411764705,0.39215686274509803,0.0,0.058823529411764705,0.0784313725490196,0.0196078431372549,0.11764705882352941,0.27450980392156865
news,0.10071942446043165,0.23741007194244604,0.028776978417266185,0.13669064748201437,0.1223021582733813,0.05755395683453237,0.1079136690647482,0.20863309352517984
feature,0.0689655172413793,0.396551724137931,0.0,0.051724137931034475,0.10344827586206895,0.017241379310344824,0.12068965517241378,0.24137931034482757
service,0.10526315789473684,0.21052631578947367,0.028708133971291863,0.10526315789473684,0.11961722488038277,0.062200956937799035,0.09569377990430622,0.2727272727272727
independent,0.02702702702702703,0.37837837837837845,0.0,0.05405405405405406,0.10810810810810811,0.02702702702702703,0.02702702702702703,0.37837837837837845
general,0.07480314960629922,0.19291338582677167,0.019685039370078743,0.1062992125984252,0.06692913385826772,0.03937007874015749,0.05905511811023623,0.4409448818897639
rodriguez,0.06134969325153374,0.2883435582822086,0.04294478527607362,0.08588957055214724,0.09202453987730061,0.04907975460122699,0.05521472392638037,0.32515337423312884
allen,0.07017543859649122,0.2456140350877193,0.03508771929824561,0.14035087719298245,0.10526315789473684,0.04385964912280702,0.04385964912280702,0.3157894736842105
german,0.10432569974554706,0.183206106870229,0.035623409669211195,0.1450381679389313,0.08905852417302798,0.0737913486005089,0.05597964376590331,0.31297709923664124
e.,0.07142857142857142,0.40476190476190477,0.023809523809523808,0.0,0.07142857142857142,0.023809523809523808,0.11904761904761905,0.2857142857142857
tietzow,0.07500000000000001,0.37500000000000006,0.0,0.05,0.05,0.07500000000000001,0.1,0.275
showing,0.06849315068493152,0.3013698630136986,0.0547945205479452,0.04109589041095891,0.09589041095890412,0.08219178082191782,0.0273972602739726,0.32876712328767127
sullivan,0.08333333333333333,0.3611111111111111,0.08333333333333333,0.027777777777777776,0.05555555555555555,0.05555555555555555,0.027777777777777776,0.3055555555555555
g.,0.031746031746031744,0.4126984126984127,0.0,0.015873015873015872,0.07936507936507937,0.031746031746031744,0.047619047619047616,0.38095238095238093
orgell,0.06250000000000001,0.3625,0.0125,0.07500000000000001,0.1,0.037500000000000006,0.07500000000000001,0.275
small,0.11494252873563218,0.14942528735632182,0.08045977011494253,0.20689655172413793,0.09195402298850575,0.14367816091954025,0.05747126436781609,0.15517241379310345
central,0.08860759493670886,0.13924050632911392,0.07594936708860758,0.17721518987341772,0.10126582278481011,0.08860759493670886,0.03797468354430379,0.2911392405063291
past,0.06097560975609756,0.18292682926829268,0.07317073170731707,0.14634146341463414,0.12195121951219512,0.1097560975609756,0.07317073170731707,0.2317073170731707
five,0.10714285714285714,0.1857142857142857,0.10714285714285714,0.09999999999999999,0.09285714285714285,0.12142857142857143,0.0857142857142857,0.19999999999999998
organized,0.07777777777777778,0.2,0.04444444444444444,0.12222222222222222,0.12222222222222222,0.06666666666666667,0.1,0.26666666666666666
directed,0.05172413793103449,0.1724137931034483,0.017241379310344827,0.1724137931034483,0.05172413793103449,0.06896551724137931,0.08620689655172414,0.3793103448275862
machine,0.06976744186046512,0.14728682170542634,0.007751937984496124,0.16279069767441862,0.08527131782945736,0.023255813953488372,0.023255813953488372,0.4806201550387597
develop,0.16666666666666669,0.36666666666666664,0.0,0.1,0.06666666666666667,0.1,0.06666666666666667,0.13333333333333333
influence,0.07407407407407407,0.2592592592592593,0.037037037037037035,0.07407407407407407,0.07407407407407407,0.14814814814814814,0.07407407407407407,0.2592592592592593
people,0.08018867924528303,0.19339622641509435,0.028301886792452834,0.19811320754716985,0.08962264150943397,0.09905660377358493,0.06603773584905662,0.24528301886792456
appeared,0.08,0.2,0.08666666666666666,0.12666666666666665,0.11333333333333334,0.09333333333333334,0.11333333333333334,0.18666666666666668
attempt,0.10416666666666667,0.2916666666666667,0.10416666666666667,0.3125,0.041666666666666664,0.10416666666666667,0.0,0.041666666666666664
government,0.06481481481481483,0.1527777777777778,0.04861111111111111,0.3425925925925926,0.06944444444444445,0.05555555555555555,0.03935185185185185,0.22685185185185183
officials,0.041666666666666664,0.08333333333333333,0.0625,0.4166666666666667,0.041666666666666664,0.041666666666666664,0.041666666666666664,0.2708333333333333
direct,0.10526315789473684,0.15789473684210528,0.10526315789473684,0.1842105263157895,0.07894736842105264,0.10526315789473684,0.05263157894736842,0.21052631578947367
also,0.12781954887218047,0.1729323308270677,0.09022556390977444,0.15037593984962408,0.08270676691729324,0.08270676691729324,0.07518796992481204,0.2180451127819549
naval,0.03333333333333333,0.13333333333333333,0.08333333333333334,0.33333333333333337,0.05,0.06666666666666667,0.0,0.3
military,0.08189655172413791,0.15517241379310343,0.038793103448275856,0.3318965517241379,0.06034482758620689,0.038793103448275856,0.047413793103448267,0.24568965517241376
zone,0.0,0.32786885245901637,0.0,0.14754098360655735,0.08196721311475409,0.016393442622950817,0.016393442622950817,0.40983606557377045
espionage,0.05555555555555556,0.14444444444444443,0.04444444444444444,0.1888888888888889,0.09444444444444446,0.06111111111111111,0.07222222222222222,0.33888888888888885
network,0.037037037037037035,0.2962962962962963,0.037037037037037035,0.2037037037037037,0.07407407407407407,0.05555555555555555,0.037037037037037035,0.2592592592592593
axis,0.08602150537634407,0.13978494623655913,0.03225806451612903,0.26881720430107525,0.08602150537634407,0.1182795698924731,0.021505376344086016,0.24731182795698922
operating,0.1081081081081081,0.1891891891891892,0.027027027027027025,0.027027027027027025,0.16216216216216214,0.027027027027027025,0.1081081081081081,0.3513513513513513
peace,0.0495049504950495,0.2772277227722772,0.0198019801980198,0.099009900990099,0.17821782178217818,0.029702970297029698,0.0396039603960396,0.3069306930693069
fifth,0.16176470588235295,0.11764705882352942,0.08823529411764706,0.1911764705882353,0.08823529411764706,0.04411764705882353,0.014705882352941178,0.2941176470588236
column,0.16176470588235295,0.11764705882352942,0.08823529411764706,0.1911764705882353,0.08823529411764706,0.04411764705882353,0.014705882352941178,0.2941176470588236
1,0.07142857142857144,0.10714285714285715,0.03571428571428572,0.07142857142857144,0.03571428571428572,0.14285714285714288,0.0,0.5357142857142858
countries,0.10810810810810811,0.12612612612612614,0.036036036036036036,0.20720720720720723,0.10810810810810811,0.07207207207207207,0.04504504504504505,0.2972972972972973
especially,0.1411764705882353,0.16470588235294117,0.01176470588235294,0.22352941176470587,0.10588235294117646,0.07058823529411765,0.03529411764705882,0.24705882352941175
republic,0.0925925925925926,0.2037037037037037,0.018518518518518517,0.16666666666666666,0.07407407407407407,0.05555555555555555,0.07407407407407407,0.3148148148148148
turned,0.13157894736842107,0.15460526315789475,0.09868421052631579,0.13486842105263158,0.09868421052631579,0.12828947368421054,0.08552631578947369,0.16776315789473684
germany,0.09671848013816926,0.153713298791019,0.03972366148531952,0.17271157167530227,0.1157167530224525,0.06563039723661485,0.07253886010362694,0.28324697754749567
munich,0.11904761904761905,0.16666666666666669,0.047619047619047616,0.14285714285714285,0.14285714285714285,0.07142857142857142,0.0,0.3095238095238095
italian,0.05084745762711865,0.13559322033898305,0.02824858757062147,0.15819209039548024,0.13559322033898305,0.04519774011299435,0.06214689265536723,0.384180790960452
built,0.1111111111111111,0.08333333333333333,0.08333333333333333,0.2222222222222222,0.08333333333333333,0.1111111111111111,0.1111111111111111,0.19444444444444445
amazing,0.1388888888888889,0.19444444444444445,0.08333333333333333,0.16666666666666666,0.1111111111111111,0.05555555555555555,0.08333333333333333,0.16666666666666666
western,0.14705882352941177,0.14705882352941177,0.0588235294117647,0.20588235294117646,0.08823529411764705,0.08823529411764705,0.0,0.2647058823529412
hemisphere,0.16666666666666669,0.16666666666666669,0.06666666666666667,0.16666666666666669,0.1,0.06666666666666667,0.0,0.26666666666666666
one,0.11529592621060722,0.16218293620292082,0.0730207532667179,0.14757878554957723,0.10991544965411221,0.08916218293620291,0.08224442736356648,0.22059953881629515
able,0.08849557522123895,0.168141592920354,0.07079646017699115,0.168141592920354,0.1415929203539823,0.07964601769911504,0.07964601769911504,0.20353982300884957
discover,0.1875,0.1875,0.03125,0.125,0.125,0.125,0.09375,0.125
directly,0.09374999999999999,0.21875,0.031249999999999997,0.06249999999999999,0.06249999999999999,0.06249999999999999,0.06249999999999999,0.40624999999999994
upon,0.09740259740259741,0.18398268398268397,0.06493506493506493,0.14502164502164502,0.09740259740259741,0.09956709956709957,0.08658008658008659,0.2251082251082251
austria,0.1452991452991453,0.11965811965811966,0.09401709401709402,0.1111111111111111,0.13675213675213674,0.05982905982905983,0.06837606837606837,0.26495726495726496
working,0.11290322580645164,0.1532258064516129,0.06451612903225806,0.19354838709677422,0.08064516129032259,0.06451612903225806,0.05645161290322582,0.2741935483870968
already,0.1099476439790576,0.19895287958115182,0.06806282722513089,0.13612565445026178,0.1256544502617801,0.06806282722513089,0.12041884816753928,0.17277486910994766
fascism,0.13432835820895522,0.13432835820895522,0.059701492537313425,0.14179104477611937,0.08955223880597014,0.1044776119402985,0.05223880597014925,0.28358208955223874
throughout,0.06451612903225806,0.12903225806451613,0.03225806451612903,0.1935483870967742,0.06451612903225806,0.08064516129032258,0.06451612903225806,0.3709677419354839
thought,0.07956989247311828,0.40860215053763443,0.06881720430107527,0.09032258064516129,0.07741935483870968,0.08817204301075268,0.07526881720430108,0.1118279569892473
came,0.11647254575707155,0.1497504159733777,0.0831946755407654,0.1231281198003328,0.10981697171381033,0.11480865224625625,0.11480865224625625,0.18801996672212978
present,0.029411764705882353,0.2107843137254902,0.024509803921568627,0.07352941176470588,0.19117647058823528,0.058823529411764705,0.18137254901960786,0.23039215686274508
case,0.07168458781362007,0.0967741935483871,0.03225806451612903,0.3225806451612903,0.04659498207885304,0.3010752688172043,0.053763440860215055,0.07526881720430108
cagoulards,0.07894736842105263,0.13157894736842105,0.026315789473684206,0.24999999999999997,0.039473684210526314,0.14473684210526314,0.05263157894736841,0.2763157894736842
spy,0.02941176470588235,0.14705882352941177,0.02941176470588235,0.2352941176470588,0.0588235294117647,0.08823529411764705,0.14705882352941177,0.2647058823529412
chief,0.11392405063291139,0.10126582278481011,0.06962025316455696,0.15189873417721517,0.09493670886075949,0.08860759493670886,0.06329113924050632,0.31645569620253167
details,0.08108108108108107,0.16216216216216214,0.08108108108108107,0.13513513513513511,0.13513513513513511,0.05405405405405404,0.08108108108108107,0.27027027027027023
found,0.05430711610486891,0.11235955056179775,0.05056179775280899,0.0749063670411985,0.2696629213483146,0.052434456928838954,0.04681647940074907,0.3389513108614232
subsequently,0.05882352941176471,0.1470588235294118,0.0,0.1470588235294118,0.11764705882352942,0.11764705882352942,0.08823529411764706,0.3235294117647059
czech,0.1323529411764706,0.1323529411764706,0.05882352941176471,0.27941176470588236,0.04411764705882353,0.10294117647058826,0.04411764705882353,0.20588235294117652
police,0.06185567010309278,0.05154639175257732,0.0,0.34020618556701027,0.05154639175257732,0.05154639175257732,0.03092783505154639,0.41237113402061853
given,0.10563380281690142,0.17605633802816906,0.035211267605633804,0.16901408450704228,0.11267605633802817,0.09154929577464789,0.12676056338028172,0.18309859154929578
much,0.10227272727272729,0.19886363636363638,0.0653409090909091,0.11647727272727273,0.11363636363636366,0.08522727272727273,0.10227272727272729,0.21590909090909094
various,0.0909090909090909,0.1818181818181818,0.036363636363636355,0.0909090909090909,0.14545454545454542,0.054545454545454536,0.0909090909090909,0.3090909090909091
americans,0.09322033898305085,0.11864406779661019,0.05084745762711865,0.21186440677966106,0.1016949152542373,0.11016949152542374,0.06779661016949153,0.2457627118644068
country,0.08359133126934985,0.1609907120743034,0.030959752321981428,0.1455108359133127,0.11455108359133129,0.06811145510835914,0.0804953560371517,0.31578947368421056
hope,0.02092050209205021,0.23430962343096234,0.029288702928870293,0.04184100418410042,0.20502092050209203,0.029288702928870293,0.18828451882845187,0.2510460251046025
even,0.1051212938005391,0.14824797843665768,0.07547169811320756,0.16442048517520216,0.09164420485175204,0.13746630727762804,0.08894878706199462,0.18867924528301888
brief,0.023809523809523808,0.21428571428571427,0.023809523809523808,0.16666666666666669,0.09523809523809523,0.16666666666666669,0.07142857142857142,0.2380952380952381
early,0.0746268656716418,0.16417910447761194,0.014925373134328358,0.16417910447761194,0.13432835820895522,0.08955223880597016,0.10447761194029852,0.2537313432835821
november,0.05555555555555555,0.24074074074074073,0.037037037037037035,0.16666666666666666,0.12962962962962965,0.05555555555555555,0.05555555555555555,0.2592592592592593
1936,0.04,0.20000000000000004,0.04,0.06000000000000001,0.14000000000000004,0.030000000000000006,0.08,0.41000000000000003
newspaper,0.15999999999999998,0.13999999999999999,0.07999999999999999,0.13999999999999999,0.13999999999999999,0.06,0.06,0.21999999999999997
take,0.10175438596491228,0.21403508771929824,0.045614035087719294,0.15087719298245614,0.09824561403508772,0.13333333333333333,0.07368421052631578,0.18245614035087718
within,0.1504854368932039,0.2038834951456311,0.03398058252427185,0.14077669902912623,0.11165048543689322,0.08737864077669905,0.10194174757281554,0.16990291262135923
defeat,0.15555555555555556,0.13333333333333333,0.13333333333333333,0.24444444444444444,0.08888888888888888,0.08888888888888888,0.04444444444444444,0.11111111111111112
means,0.15384615384615388,0.12307692307692308,0.03076923076923077,0.16923076923076924,0.046153846153846156,0.10769230769230771,0.06153846153846154,0.30769230769230776
sabotage,0.14634146341463417,0.04878048780487806,0.14634146341463417,0.2682926829268293,0.0,0.19512195121951223,0.09756097560975611,0.09756097560975611
used,0.1348314606741573,0.11235955056179775,0.056179775280898875,0.15730337078651685,0.06741573033707865,0.033707865168539325,0.10112359550561797,0.33707865168539325
organizations,0.09459459459459461,0.17567567567567569,0.05405405405405406,0.18918918918918923,0.06756756756756757,0.05405405405405406,0.09459459459459461,0.2702702702702703
borders,0.1794871794871795,0.10256410256410256,0.10256410256410256,0.3076923076923077,0.05128205128205128,0.07692307692307693,0.02564102564102564,0.15384615384615385
nations,0.1964285714285714,0.125,0.08928571428571429,0.1607142857142857,0.10714285714285714,0.07142857142857142,0.017857142857142856,0.23214285714285712
gave,0.09060402684563759,0.20469798657718122,0.07718120805369129,0.10738255033557047,0.12751677852348994,0.087248322147651,0.12080536912751678,0.18456375838926173
industrial,0.0963855421686747,0.1927710843373494,0.012048192771084338,0.16867469879518074,0.12048192771084339,0.06024096385542169,0.03614457831325302,0.3132530120481928
aggressions,0.1891891891891892,0.1081081081081081,0.05405405405405405,0.1891891891891892,0.13513513513513514,0.1081081081081081,0.027027027027027025,0.1891891891891892
instead,0.14102564102564102,0.14102564102564102,0.05128205128205128,0.1794871794871795,0.14102564102564102,0.07692307692307693,0.08974358974358974,0.1794871794871795
put,0.12669683257918551,0.1493212669683258,0.06787330316742081,0.15384615384615385,0.09954751131221719,0.10859728506787329,0.10407239819004524,0.19004524886877827
totalitarian,0.0967741935483871,0.16129032258064516,0.03225806451612903,0.24193548387096772,0.0967741935483871,0.08064516129032258,0.08064516129032258,0.2096774193548387
powers,0.10185185185185185,0.1851851851851852,0.0462962962962963,0.2222222222222222,0.0925925925925926,0.1111111111111111,0.0462962962962963,0.19444444444444445
nazis,0.10945273631840796,0.19900497512437812,0.05970149253731343,0.13432835820895522,0.12437810945273632,0.05472636815920398,0.03980099502487562,0.27860696517412936
plans,0.14705882352941177,0.2352941176470588,0.0,0.2352941176470588,0.0588235294117647,0.02941176470588235,0.08823529411764705,0.20588235294117646
group,0.10666666666666666,0.1733333333333333,0.04,0.06666666666666667,0.10666666666666666,0.09333333333333334,0.08,0.33333333333333337
every,0.09770114942528736,0.22413793103448276,0.05172413793103448,0.14367816091954025,0.1206896551724138,0.08045977011494253,0.10919540229885057,0.1724137931034483
come,0.11250000000000002,0.2,0.04687500000000001,0.140625,0.09375000000000001,0.10312500000000001,0.090625,0.21250000000000002
large,0.14285714285714288,0.163265306122449,0.06122448979591837,0.22448979591836735,0.0816326530612245,0.0816326530612245,0.04081632653061225,0.20408163265306126
members,0.09701492537313432,0.15671641791044774,0.03731343283582089,0.15671641791044774,0.1044776119402985,0.08208955223880596,0.08955223880597014,0.2761194029850746
months,0.11627906976744186,0.06976744186046512,0.09302325581395347,0.16279069767441862,0.09302325581395347,0.06976744186046512,0.06976744186046512,0.32558139534883723
sent,0.11170212765957446,0.18085106382978722,0.042553191489361694,0.17021276595744678,0.10106382978723404,0.08510638297872339,0.06382978723404255,0.24468085106382978
period,0.15555555555555556,0.11111111111111112,0.02222222222222222,0.17777777777777776,0.13333333333333333,0.08888888888888888,0.04444444444444444,0.26666666666666666
immediately,0.08974358974358974,0.358974358974359,0.05128205128205128,0.07692307692307693,0.07692307692307693,0.038461538461538464,0.07692307692307693,0.23076923076923078
learned,0.08661417322834647,0.13385826771653545,0.09448818897637797,0.14960629921259844,0.11811023622047245,0.07874015748031497,0.07874015748031497,0.2598425196850394
little,0.07296137339055794,0.16952789699570814,0.07725321888412016,0.13948497854077252,0.12875536480686695,0.11373390557939914,0.10300429184549356,0.19527896995708152
work,0.14339622641509434,0.18364779874213835,0.03773584905660377,0.09056603773584905,0.1018867924528302,0.07798742138364781,0.045283018867924525,0.319496855345912
however,0.12831858407079647,0.13274336283185842,0.07964601769911504,0.15486725663716813,0.07079646017699115,0.12389380530973453,0.084070796460177,0.2256637168141593
gestapo,0.09375,0.203125,0.03125,0.10937500000000001,0.09375,0.046875,0.03125,0.39062500000000006
fight,0.2913385826771654,0.07480314960629922,0.03937007874015749,0.30708661417322836,0.055118110236220486,0.09055118110236222,0.051181102362204724,0.09055118110236222
whose,0.08955223880597014,0.14925373134328357,0.03731343283582089,0.11194029850746268,0.12686567164179105,0.09701492537313432,0.08955223880597014,0.29850746268656714
line,0.11904761904761905,0.19523809523809524,0.0619047619047619,0.15238095238095237,0.07619047619047618,0.19523809523809524,0.0619047619047619,0.13809523809523808
way,0.10000000000000002,0.17000000000000004,0.065,0.15000000000000002,0.11750000000000001,0.11750000000000001,0.09250000000000001,0.18750000000000003
announced,0.06451612903225806,0.09677419354838711,0.06451612903225806,0.09677419354838711,0.19354838709677422,0.06451612903225806,0.06451612903225806,0.3548387096774194
