,anger,anticipation,disgust,fear,joy,sadness,surprise,trust
0,36.666666666666664,49.666666666666664,15.666666666666666,13.666666666666666,29.666666666666668,25.333333333333332,6.666666666666667,122.33333333333333
1,6.666666666666667,18.0,4.666666666666667,3.6666666666666665,4.666666666666667,12.333333333333334,3.0,29.333333333333332
2,2.0,7.666666666666667,3.3333333333333335,2.0,2.6666666666666665,5.666666666666667,3.6666666666666665,15.666666666666666
3,12.0,36.0,7.333333333333333,21.666666666666668,12.333333333333334,10.0,8.666666666666666,78.66666666666667
4,2.3333333333333335,6.0,3.6666666666666665,4.666666666666667,1.3333333333333333,2.0,0.3333333333333333,12.0
5,2.3333333333333335,1.3333333333333333,6.0,4.333333333333333,0.3333333333333333,2.3333333333333335,0.0,4.666666666666667
6,2.6666666666666665,2.6666666666666665,5.333333333333333,5.666666666666667,0.3333333333333333,2.3333333333333335,0.0,5.333333333333333
7,2.3333333333333335,1.3333333333333333,5.333333333333333,4.333333333333333,0.3333333333333333,2.3333333333333335,0.0,5.333333333333333
8,7.666666666666667,10.666666666666666,5.333333333333333,6.333333333333333,8.333333333333334,3.0,2.3333333333333335,13.0
9,4.0,6.666666666666667,2.0,3.6666666666666665,3.3333333333333335,3.3333333333333335,2.6666666666666665,10.666666666666666
10,12.0,10.333333333333334,8.333333333333334,12.666666666666666,3.3333333333333335,9.666666666666666,4.333333333333333,14.0
11,18.333333333333332,23.0,15.333333333333334,14.333333333333334,10.333333333333334,15.0,7.0,27.333333333333332
12,11.0,6.333333333333333,5.333333333333333,3.3333333333333335,2.3333333333333335,4.666666666666667,3.0,25.0
13,5.333333333333333,17.0,3.0,9.333333333333334,9.333333333333334,7.333333333333333,7.0,17.666666666666668
14,9.0,8.0,3.3333333333333335,5.0,7.0,4.0,3.0,26.0
15,4.666666666666667,8.666666666666666,2.3333333333333335,4.0,4.333333333333333,4.333333333333333,1.6666666666666667,11.666666666666666
16,0.6666666666666666,1.0,1.0,0.6666666666666666,0.3333333333333333,0.6666666666666666,0.0,5.0
17,13.0,30.0,10.666666666666666,17.666666666666668,16.0,11.666666666666666,10.666666666666666,30.0
18,22.0,52.0,11.333333333333334,33.333333333333336,31.333333333333332,13.666666666666666,16.666666666666668,114.66666666666667
19,1.6666666666666667,2.3333333333333335,0.6666666666666666,1.3333333333333333,0.6666666666666666,0.6666666666666666,0.0,3.6666666666666665
20,1.0,11.666666666666666,1.0,1.3333333333333333,1.6666666666666667,1.6666666666666667,1.0,5.666666666666667
21,1.0,3.0,1.6666666666666667,2.0,2.0,4.0,0.0,10.0
22,1.3333333333333333,5.666666666666667,1.3333333333333333,2.0,2.3333333333333335,3.3333333333333335,0.3333333333333333,10.0
23,0.3333333333333333,3.3333333333333335,1.0,0.3333333333333333,2.0,3.0,0.0,9.333333333333334
24,17.333333333333332,33.333333333333336,10.333333333333334,28.666666666666668,23.333333333333332,19.666666666666668,17.0,43.0
25,103.0,166.33333333333334,75.66666666666667,141.0,106.33333333333333,104.33333333333333,86.66666666666667,194.0
26,1.0,3.6666666666666665,0.0,2.0,1.0,1.6666666666666667,0.6666666666666666,2.6666666666666665
27,6.666666666666667,35.0,7.0,14.0,16.333333333333332,13.666666666666666,12.0,23.333333333333332
28,1.3333333333333333,6.0,2.3333333333333335,2.6666666666666665,1.0,1.6666666666666667,0.3333333333333333,5.333333333333333
29,0.6666666666666666,2.6666666666666665,0.3333333333333333,0.6666666666666666,2.0,0.0,1.3333333333333333,3.6666666666666665
30,1.0,3.0,0.6666666666666666,2.6666666666666665,0.6666666666666666,0.3333333333333333,0.6666666666666666,4.666666666666667
31,24.333333333333332,113.0,13.0,37.666666666666664,17.666666666666668,21.333333333333332,14.333333333333334,36.666666666666664
32,4.666666666666667,8.0,2.6666666666666665,10.333333333333334,5.666666666666667,3.3333333333333335,2.0,13.666666666666666
33,5.0,5.0,3.0,5.333333333333333,3.6666666666666665,4.0,3.3333333333333335,7.0
34,2.0,1.3333333333333333,2.0,1.3333333333333333,1.0,1.6666666666666667,0.0,3.3333333333333335
35,9.666666666666666,11.333333333333334,8.0,11.333333333333334,9.0,3.0,1.3333333333333333,15.0
36,0.6666666666666666,2.0,0.6666666666666666,1.6666666666666667,3.0,1.0,0.0,10.333333333333334
37,12.333333333333334,21.0,8.333333333333334,20.0,10.333333333333334,13.333333333333334,14.0,18.0
38,11.0,25.0,8.333333333333334,16.333333333333332,13.666666666666666,9.333333333333334,14.0,25.333333333333332
39,3.6666666666666665,6.0,1.3333333333333333,6.0,4.0,1.3333333333333333,2.0,20.0
40,0.6666666666666666,2.3333333333333335,1.0,2.3333333333333335,0.3333333333333333,1.3333333333333333,0.6666666666666666,2.6666666666666665
41,6.0,11.0,3.0,11.333333333333334,8.0,8.0,3.3333333333333335,22.333333333333332
42,7.0,13.0,5.333333333333333,11.333333333333334,8.666666666666666,8.333333333333334,5.333333333333333,18.0
43,2.6666666666666665,7.333333333333333,1.3333333333333333,3.3333333333333335,4.333333333333333,1.3333333333333333,2.3333333333333335,12.666666666666666
44,14.333333333333334,24.0,7.0,25.333333333333332,9.333333333333334,10.0,6.333333333333333,31.333333333333332
45,8.0,14.333333333333334,4.0,12.0,6.0,7.333333333333333,6.666666666666667,30.0
46,6.666666666666667,29.0,4.333333333333333,20.666666666666668,11.333333333333334,9.666666666666666,5.0,82.33333333333333
47,6.333333333333333,28.333333333333332,4.666666666666667,22.0,11.666666666666666,11.333333333333334,4.666666666666667,83.33333333333333
48,17.666666666666668,20.333333333333332,9.0,14.666666666666666,12.666666666666666,12.666666666666666,8.0,24.666666666666668
49,0.6666666666666666,2.6666666666666665,0.0,0.3333333333333333,1.6666666666666667,0.3333333333333333,1.3333333333333333,11.666666666666666
50,11.333333333333334,24.666666666666668,4.666666666666667,15.333333333333334,17.333333333333332,5.666666666666667,8.666666666666666,49.333333333333336
51,11.333333333333334,14.666666666666666,6.0,16.0,14.666666666666666,8.333333333333334,8.333333333333334,28.333333333333332
52,2.0,4.0,1.0,4.333333333333333,1.0,1.6666666666666667,1.0,8.333333333333334
53,1.3333333333333333,1.3333333333333333,0.3333333333333333,2.0,1.0,1.6666666666666667,0.3333333333333333,3.0
54,46.0,74.0,25.333333333333332,71.0,38.333333333333336,44.333333333333336,36.333333333333336,65.33333333333333
55,6.666666666666667,10.666666666666666,5.666666666666667,9.0,7.0,8.0,4.333333333333333,19.0
56,1.3333333333333333,3.3333333333333335,1.6666666666666667,2.0,3.0,2.3333333333333335,2.0,5.333333333333333
57,6.333333333333333,16.0,4.333333333333333,7.666666666666667,6.666666666666667,9.333333333333334,8.0,13.0
58,1.6666666666666667,4.0,1.0,1.0,2.6666666666666665,1.3333333333333333,1.6666666666666667,5.666666666666667
59,9.0,16.666666666666668,4.333333333333333,13.333333333333334,9.0,6.333333333333333,9.666666666666666,16.333333333333332
60,8.333333333333334,9.0,4.333333333333333,13.666666666666666,6.0,8.333333333333334,3.6666666666666665,15.333333333333334
61,13.666666666666666,12.666666666666666,10.333333333333334,14.0,7.0,12.333333333333334,7.666666666666667,13.0
62,6.333333333333333,16.333333333333332,3.6666666666666665,9.666666666666666,10.0,7.0,8.0,20.666666666666668
63,8.0,15.0,2.6666666666666665,9.0,9.666666666666666,3.6666666666666665,6.666666666666667,16.666666666666668
64,2.3333333333333335,1.0,4.333333333333333,4.333333333333333,0.6666666666666666,2.3333333333333335,0.3333333333333333,2.0
65,1.6666666666666667,1.3333333333333333,1.3333333333333333,3.6666666666666665,0.6666666666666666,1.0,0.6666666666666666,1.0
66,5.0,18.0,3.6666666666666665,9.0,6.0,4.666666666666667,2.3333333333333335,21.333333333333332
67,2.6666666666666665,2.3333333333333335,2.0,4.333333333333333,0.6666666666666666,1.3333333333333333,0.6666666666666666,3.0
68,3.3333333333333335,7.666666666666667,2.0,4.666666666666667,3.3333333333333335,3.0,2.3333333333333335,9.333333333333334
69,1.3333333333333333,1.3333333333333333,2.6666666666666665,3.0,0.0,1.3333333333333333,0.0,1.3333333333333333
70,2.0,2.0,2.6666666666666665,4.333333333333333,0.6666666666666666,1.6666666666666667,0.0,2.3333333333333335
71,1.3333333333333333,1.0,3.3333333333333335,2.6666666666666665,0.3333333333333333,1.3333333333333333,0.0,1.0
72,5.0,9.333333333333334,4.0,7.333333333333333,3.0,2.6666666666666665,2.6666666666666665,11.0
73,3.0,5.666666666666667,3.3333333333333335,2.6666666666666665,1.3333333333333333,3.0,1.0,11.333333333333334
74,1.3333333333333333,8.333333333333334,1.3333333333333333,1.3333333333333333,0.6666666666666666,1.3333333333333333,0.6666666666666666,6.333333333333333
75,2.0,2.6666666666666665,1.6666666666666667,2.3333333333333335,1.6666666666666667,1.0,1.6666666666666667,3.3333333333333335
76,2.3333333333333335,4.0,2.3333333333333335,3.0,1.6666666666666667,1.3333333333333333,1.6666666666666667,7.666666666666667
77,10.333333333333334,12.333333333333334,6.333333333333333,13.333333333333334,5.666666666666667,7.666666666666667,6.333333333333333,13.0
78,14.0,22.0,9.333333333333334,17.666666666666668,11.0,16.0,8.333333333333334,27.0
79,3.3333333333333335,7.0,2.3333333333333335,2.0,3.0,3.0,3.0,6.333333333333333
80,1.0,2.0,1.6666666666666667,2.0,1.3333333333333333,0.6666666666666666,0.6666666666666666,3.6666666666666665
81,7.0,12.0,2.6666666666666665,11.0,6.0,5.0,2.6666666666666665,25.666666666666668
82,1.0,2.6666666666666665,0.3333333333333333,1.0,1.0,1.0,0.6666666666666666,2.0
83,18.666666666666668,29.0,8.666666666666666,18.333333333333332,11.666666666666666,10.666666666666666,12.333333333333334,24.0
84,1.0,8.333333333333334,0.3333333333333333,0.0,1.6666666666666667,0.6666666666666666,1.0,7.0
85,2.6666666666666665,6.666666666666667,1.3333333333333333,2.3333333333333335,3.3333333333333335,2.6666666666666665,2.0,11.333333333333334
86,7.666666666666667,13.333333333333334,4.333333333333333,8.333333333333334,4.666666666666667,6.666666666666667,5.666666666666667,14.0
87,1.6666666666666667,8.333333333333334,1.3333333333333333,2.3333333333333335,3.6666666666666665,2.0,1.6666666666666667,9.666666666666666
88,0.6666666666666666,5.0,0.0,0.0,1.3333333333333333,0.6666666666666666,0.6666666666666666,5.333333333333333
89,8.0,18.333333333333332,3.3333333333333335,4.666666666666667,4.333333333333333,10.333333333333334,6.0,17.0
90,1.0,5.666666666666667,0.3333333333333333,1.3333333333333333,1.0,1.0,0.3333333333333333,5.333333333333333
91,4.333333333333333,9.333333333333334,1.6666666666666667,3.6666666666666665,3.3333333333333335,1.3333333333333333,1.6666666666666667,9.666666666666666
92,1.3333333333333333,5.0,0.0,1.3333333333333333,0.3333333333333333,1.3333333333333333,0.3333333333333333,4.333333333333333
93,7.0,18.0,5.666666666666667,10.666666666666666,10.333333333333334,6.0,4.333333333333333,23.0
94,2.0,7.0,2.3333333333333335,2.3333333333333335,2.6666666666666665,2.3333333333333335,1.6666666666666667,6.666666666666667
95,1.0,4.333333333333333,0.0,1.0,0.3333333333333333,1.0,0.6666666666666666,4.333333333333333
96,8.0,16.0,4.0,18.333333333333332,6.0,4.666666666666667,4.666666666666667,25.333333333333332
97,3.0,7.333333333333333,1.0,8.0,2.0,1.0,0.6666666666666666,15.333333333333334
98,0.6666666666666666,4.666666666666667,0.0,1.3333333333333333,0.6666666666666666,0.3333333333333333,0.6666666666666666,5.0
99,2.6666666666666665,16.0,2.6666666666666665,10.0,5.666666666666667,5.333333333333333,4.0,21.666666666666668
100,1.3333333333333333,11.333333333333334,0.3333333333333333,3.6666666666666665,4.0,3.6666666666666665,2.3333333333333335,15.0
101,3.0,14.666666666666666,1.3333333333333333,7.666666666666667,3.0,4.666666666666667,1.0,16.0
102,1.0,4.333333333333333,0.0,1.3333333333333333,0.3333333333333333,1.3333333333333333,0.3333333333333333,4.0
103,16.0,24.666666666666668,7.333333333333333,24.0,12.0,11.0,8.0,54.0
104,1.3333333333333333,6.333333333333333,0.0,1.6666666666666667,0.6666666666666666,1.6666666666666667,0.6666666666666666,5.0
105,1.6666666666666667,7.666666666666667,0.0,4.0,1.0,1.6666666666666667,1.0,10.666666666666666
106,17.333333333333332,31.333333333333332,7.0,31.0,17.333333333333332,14.0,12.333333333333334,50.0
107,0.6666666666666666,4.333333333333333,0.0,0.3333333333333333,0.3333333333333333,0.6666666666666666,0.6666666666666666,4.333333333333333
108,3.0,16.0,1.0,3.3333333333333335,2.6666666666666665,2.6666666666666665,2.6666666666666665,14.666666666666666
109,4.0,17.0,2.3333333333333335,5.333333333333333,5.333333333333333,3.3333333333333335,3.0,23.333333333333332
110,0.6666666666666666,6.0,0.3333333333333333,3.0,2.0,1.0,1.0,6.0
111,2.6666666666666665,7.333333333333333,1.3333333333333333,1.6666666666666667,0.6666666666666666,2.6666666666666665,2.0,14.333333333333334
112,5.0,10.333333333333334,3.0,4.0,2.3333333333333335,3.6666666666666665,4.333333333333333,29.666666666666668
113,0.6666666666666666,4.0,0.0,1.0,0.6666666666666666,0.6666666666666666,0.3333333333333333,4.0
114,7.0,12.333333333333334,3.3333333333333335,8.666666666666666,4.666666666666667,4.0,3.3333333333333335,12.333333333333334
115,6.333333333333333,79.66666666666667,1.6666666666666667,4.0,9.333333333333334,6.0,7.666666666666667,53.666666666666664
116,7.0,4.666666666666667,0.3333333333333333,3.3333333333333335,2.6666666666666665,5.666666666666667,1.0,9.0
117,5.666666666666667,5.666666666666667,0.6666666666666666,3.6666666666666665,3.6666666666666665,4.333333333333333,2.3333333333333335,11.333333333333334
118,9.333333333333334,10.0,0.3333333333333333,6.0,4.666666666666667,5.0,3.3333333333333335,13.333333333333334
119,1.3333333333333333,10.0,0.3333333333333333,0.6666666666666666,1.6666666666666667,1.0,1.3333333333333333,7.666666666666667
120,0.6666666666666666,11.0,0.6666666666666666,0.0,2.6666666666666665,1.3333333333333333,1.3333333333333333,10.0
121,0.6666666666666666,8.666666666666666,0.0,0.0,1.0,0.6666666666666666,0.6666666666666666,6.333333333333333
122,0.6666666666666666,10.333333333333334,0.0,0.3333333333333333,2.3333333333333335,1.3333333333333333,1.6666666666666667,8.333333333333334
123,2.0,5.0,0.0,0.0,1.3333333333333333,0.6666666666666666,1.3333333333333333,4.0
124,1.3333333333333333,5.333333333333333,0.0,0.6666666666666666,1.6666666666666667,1.3333333333333333,1.6666666666666667,11.666666666666666
125,1.6666666666666667,5.333333333333333,0.3333333333333333,0.6666666666666666,4.333333333333333,1.0,1.3333333333333333,6.0
126,1.0,5.0,0.3333333333333333,0.6666666666666666,2.3333333333333335,0.3333333333333333,1.0,4.666666666666667
127,1.0,5.0,0.3333333333333333,0.6666666666666666,2.6666666666666665,0.3333333333333333,1.0,5.666666666666667
128,3.6666666666666665,8.333333333333334,1.6666666666666667,2.6666666666666665,5.0,2.0,3.6666666666666665,12.0
129,1.0,6.666666666666667,0.0,1.0,1.3333333333333333,0.3333333333333333,2.0,4.666666666666667
130,4.666666666666667,11.0,1.3333333333333333,6.333333333333333,5.666666666666667,2.6666666666666665,5.0,9.666666666666666
131,1.3333333333333333,7.666666666666667,0.0,1.0,2.0,0.3333333333333333,2.3333333333333335,4.666666666666667
132,7.333333333333333,14.666666666666666,2.0,7.333333333333333,8.333333333333334,4.333333333333333,6.666666666666667,19.0
133,0.3333333333333333,4.666666666666667,0.0,0.6666666666666666,1.3333333333333333,0.3333333333333333,0.3333333333333333,4.666666666666667
134,6.333333333333333,16.333333333333332,1.6666666666666667,9.0,5.666666666666667,3.3333333333333335,5.0,37.333333333333336
135,3.3333333333333335,15.666666666666666,2.3333333333333335,4.666666666666667,5.0,2.6666666666666665,3.0,17.666666666666668
136,2.6666666666666665,9.333333333333334,1.3333333333333333,5.333333333333333,4.0,1.6666666666666667,1.6666666666666667,12.0
137,13.666666666666666,24.0,4.666666666666667,19.0,11.666666666666666,9.666666666666666,7.333333333333333,41.0
138,1.0,5.666666666666667,0.3333333333333333,0.0,1.0,0.3333333333333333,1.6666666666666667,4.0
139,1.0,5.0,0.0,0.6666666666666666,0.6666666666666666,1.0,1.3333333333333333,3.6666666666666665
140,1.6666666666666667,7.333333333333333,1.3333333333333333,1.0,2.3333333333333335,2.0,0.6666666666666666,8.0
141,1.0,4.333333333333333,1.0,0.3333333333333333,0.6666666666666666,0.6666666666666666,0.3333333333333333,3.6666666666666665
142,0.6666666666666666,8.666666666666666,0.0,0.3333333333333333,1.6666666666666667,0.6666666666666666,1.0,8.0
143,1.6666666666666667,9.666666666666666,0.3333333333333333,2.0,2.6666666666666665,1.0,2.0,7.333333333333333
144,6.666666666666667,8.666666666666666,4.666666666666667,12.0,5.333333333333333,8.333333333333334,3.3333333333333335,9.0
145,2.3333333333333335,3.6666666666666665,2.0,4.666666666666667,2.6666666666666665,2.3333333333333335,1.0,7.666666666666667
146,1.6666666666666667,5.0,2.0,4.0,3.3333333333333335,3.0,2.0,6.333333333333333
147,5.0,8.666666666666666,5.0,4.666666666666667,4.333333333333333,5.666666666666667,4.0,9.333333333333334
148,2.3333333333333335,6.0,1.3333333333333333,3.6666666666666665,3.6666666666666665,2.0,3.0,8.0
149,1.0,3.3333333333333335,0.3333333333333333,3.3333333333333335,1.0,1.3333333333333333,1.6666666666666667,7.333333333333333
150,3.0,6.333333333333333,0.3333333333333333,7.0,3.6666666666666665,1.0,1.0,20.666666666666668
151,1.6666666666666667,3.6666666666666665,0.0,1.0,0.6666666666666666,1.0,0.6666666666666666,1.3333333333333333
152,0.6666666666666666,2.3333333333333335,0.3333333333333333,0.6666666666666666,0.6666666666666666,1.3333333333333333,0.6666666666666666,2.3333333333333335
153,5.666666666666667,13.666666666666666,2.0,14.0,6.333333333333333,7.0,4.666666666666667,17.333333333333332
154,4.0,10.0,4.333333333333333,6.333333333333333,5.666666666666667,4.666666666666667,5.666666666666667,9.333333333333334
155,1.6666666666666667,4.666666666666667,1.6666666666666667,5.0,0.6666666666666666,1.6666666666666667,0.0,0.6666666666666666
156,9.333333333333334,22.0,7.0,49.333333333333336,10.0,8.0,5.666666666666667,32.666666666666664
157,0.6666666666666666,1.3333333333333333,1.0,6.666666666666667,0.6666666666666666,0.6666666666666666,0.6666666666666666,4.333333333333333
158,1.3333333333333333,2.0,1.3333333333333333,2.3333333333333335,1.0,1.3333333333333333,0.6666666666666666,2.6666666666666665
159,5.666666666666667,7.666666666666667,4.0,6.666666666666667,3.6666666666666665,3.6666666666666665,3.3333333333333335,9.666666666666666
160,0.6666666666666666,2.6666666666666665,1.6666666666666667,6.666666666666667,1.0,1.3333333333333333,0.0,6.0
161,6.333333333333333,12.0,3.0,25.666666666666668,4.666666666666667,3.0,3.6666666666666665,19.0
162,0.0,6.666666666666667,0.0,3.0,1.6666666666666667,0.3333333333333333,0.3333333333333333,8.333333333333334
163,3.3333333333333335,8.666666666666666,2.6666666666666665,11.333333333333334,5.666666666666667,3.6666666666666665,4.333333333333333,20.333333333333332
164,0.6666666666666666,5.333333333333333,0.6666666666666666,3.6666666666666665,1.3333333333333333,1.0,0.6666666666666666,4.666666666666667
165,2.6666666666666665,4.333333333333333,1.0,8.333333333333334,2.6666666666666665,3.6666666666666665,0.6666666666666666,7.666666666666667
166,1.3333333333333333,2.3333333333333335,0.3333333333333333,0.3333333333333333,2.0,0.3333333333333333,1.3333333333333333,4.333333333333333
167,1.6666666666666667,9.333333333333334,0.6666666666666666,3.3333333333333335,6.0,1.0,1.3333333333333333,10.333333333333334
168,3.6666666666666665,2.6666666666666665,2.0,4.333333333333333,2.0,1.0,0.3333333333333333,6.666666666666667
169,3.6666666666666665,2.6666666666666665,2.0,4.333333333333333,2.0,1.0,0.3333333333333333,6.666666666666667
170,0.6666666666666666,1.0,0.3333333333333333,0.6666666666666666,0.3333333333333333,1.3333333333333333,0.0,5.0
171,4.0,4.666666666666667,1.3333333333333333,7.666666666666667,4.0,2.6666666666666665,1.6666666666666667,11.0
172,4.0,4.666666666666667,0.3333333333333333,6.333333333333333,3.0,2.0,1.0,7.0
173,1.6666666666666667,3.6666666666666665,0.3333333333333333,3.0,1.3333333333333333,1.0,1.3333333333333333,5.666666666666667
174,13.333333333333334,15.666666666666666,10.0,13.666666666666666,10.0,13.0,8.666666666666666,17.0
175,18.666666666666668,29.666666666666668,7.666666666666667,33.333333333333336,22.333333333333332,12.666666666666666,14.0,54.666666666666664
176,1.6666666666666667,2.3333333333333335,0.6666666666666666,2.0,2.0,1.0,0.0,4.333333333333333
177,3.0,8.0,1.6666666666666667,9.333333333333334,8.0,2.6666666666666665,3.6666666666666665,22.666666666666668
178,1.3333333333333333,1.0,1.0,2.6666666666666665,1.0,1.3333333333333333,1.3333333333333333,2.3333333333333335
179,1.6666666666666667,2.3333333333333335,1.0,2.0,1.3333333333333333,0.6666666666666666,1.0,2.0
180,1.6666666666666667,1.6666666666666667,0.6666666666666666,2.3333333333333335,1.0,1.0,0.0,3.0
181,1.6666666666666667,1.6666666666666667,0.6666666666666666,1.6666666666666667,1.0,0.6666666666666666,0.0,2.6666666666666665
182,50.0,70.33333333333333,31.666666666666668,64.0,47.666666666666664,38.666666666666664,35.666666666666664,95.66666666666667
183,3.3333333333333335,6.333333333333333,2.6666666666666665,6.333333333333333,5.333333333333333,3.0,3.0,7.666666666666667
184,2.0,2.0,0.3333333333333333,1.3333333333333333,1.3333333333333333,1.3333333333333333,1.0,1.3333333333333333
185,1.0,2.3333333333333335,0.3333333333333333,0.6666666666666666,0.6666666666666666,0.6666666666666666,0.6666666666666666,4.333333333333333
186,15.0,28.333333333333332,10.0,22.333333333333332,15.0,15.333333333333334,13.333333333333334,34.666666666666664
187,5.666666666666667,4.666666666666667,3.6666666666666665,4.333333333333333,5.333333333333333,2.3333333333333335,2.6666666666666665,10.333333333333334
188,4.666666666666667,6.333333333333333,2.6666666666666665,8.0,3.3333333333333335,2.6666666666666665,2.3333333333333335,11.333333333333334
189,7.0,12.666666666666666,4.333333333333333,8.666666666666666,8.0,4.333333333333333,7.666666666666667,11.0
190,6.0,6.0,2.6666666666666665,6.333333333333333,4.0,4.666666666666667,2.3333333333333335,12.666666666666666
191,1.3333333333333333,2.6666666666666665,0.6666666666666666,4.0,1.3333333333333333,1.6666666666666667,1.3333333333333333,7.666666666666667
192,12.333333333333334,63.333333333333336,10.666666666666666,14.0,12.0,13.666666666666666,11.666666666666666,17.333333333333332
193,23.333333333333332,30.0,16.666666666666668,24.666666666666668,22.0,23.0,23.0,37.666666666666664
194,2.0,14.333333333333334,1.6666666666666667,5.0,13.0,4.0,12.333333333333334,15.666666666666666
195,6.666666666666667,9.0,3.0,30.0,4.333333333333333,28.0,5.0,7.0
196,2.0,3.3333333333333335,0.6666666666666666,6.333333333333333,1.0,3.6666666666666665,1.3333333333333333,7.0
197,0.3333333333333333,1.6666666666666667,0.3333333333333333,2.6666666666666665,0.6666666666666666,1.0,1.6666666666666667,3.0
198,6.0,5.333333333333333,3.6666666666666665,8.0,5.0,4.666666666666667,3.3333333333333335,16.666666666666668
199,1.0,2.0,1.0,1.6666666666666667,1.6666666666666667,0.6666666666666666,1.0,3.3333333333333335
200,9.666666666666666,20.0,9.0,13.333333333333334,48.0,9.333333333333334,8.333333333333334,60.333333333333336
201,0.6666666666666666,1.6666666666666667,0.0,1.6666666666666667,1.3333333333333333,1.3333333333333333,1.0,3.6666666666666665
202,3.0,3.0,1.3333333333333333,6.333333333333333,1.0,2.3333333333333335,1.0,4.666666666666667
203,2.0,1.6666666666666667,0.0,11.0,1.6666666666666667,1.6666666666666667,1.0,13.333333333333334
204,5.0,8.333333333333334,1.6666666666666667,8.0,5.333333333333333,4.333333333333333,6.0,8.666666666666666
205,12.0,23.333333333333332,7.666666666666667,13.666666666666666,13.333333333333334,10.0,12.0,25.333333333333332
206,1.6666666666666667,3.3333333333333335,0.6666666666666666,1.6666666666666667,2.6666666666666665,1.0,1.6666666666666667,5.666666666666667
207,3.6666666666666665,4.666666666666667,2.0,8.333333333333334,4.0,4.333333333333333,2.6666666666666665,9.666666666666666
208,9.0,17.333333333333332,3.3333333333333335,15.666666666666666,12.333333333333334,7.333333333333333,8.666666666666666,34.0
209,1.6666666666666667,18.666666666666668,2.3333333333333335,3.3333333333333335,16.333333333333332,2.3333333333333335,15.0,20.0
210,13.0,18.333333333333332,9.333333333333334,20.333333333333332,11.333333333333334,17.0,11.0,23.333333333333332
211,0.3333333333333333,3.0,0.3333333333333333,2.3333333333333335,1.3333333333333333,2.3333333333333335,1.0,3.3333333333333335
212,1.6666666666666667,3.6666666666666665,0.3333333333333333,3.6666666666666665,3.0,2.0,2.3333333333333335,5.666666666666667
213,1.0,4.333333333333333,0.6666666666666666,3.0,2.3333333333333335,1.0,1.0,4.666666666666667
214,1.3333333333333333,6.666666666666667,1.3333333333333333,2.0,4.666666666666667,1.0,2.6666666666666665,13.666666666666666
215,2.6666666666666665,2.3333333333333335,1.3333333333333333,2.3333333333333335,2.3333333333333335,1.0,1.0,3.6666666666666665
216,9.666666666666666,20.333333333333332,4.333333333333333,14.333333333333334,9.333333333333334,12.666666666666666,7.0,17.333333333333332
217,10.333333333333334,14.0,2.3333333333333335,9.666666666666666,7.666666666666667,6.0,7.0,11.666666666666666
218,2.3333333333333335,2.0,2.0,3.6666666666666665,1.3333333333333333,1.3333333333333333,0.6666666666666666,1.6666666666666667
219,3.3333333333333335,2.6666666666666665,0.6666666666666666,3.6666666666666665,1.0,2.3333333333333335,1.3333333333333333,6.666666666666667
220,2.0,0.6666666666666666,2.0,3.6666666666666665,0.0,2.6666666666666665,1.3333333333333333,1.3333333333333333
221,4.0,3.3333333333333335,1.6666666666666667,4.666666666666667,2.0,1.0,3.0,10.0
222,2.3333333333333335,4.333333333333333,1.3333333333333333,4.666666666666667,1.6666666666666667,1.3333333333333333,2.3333333333333335,6.666666666666667
223,2.3333333333333335,1.3333333333333333,1.3333333333333333,4.0,0.6666666666666666,1.0,0.3333333333333333,2.0
224,3.6666666666666665,2.3333333333333335,1.6666666666666667,3.0,2.0,1.3333333333333333,0.3333333333333333,4.333333333333333
225,9.0,20.333333333333332,7.666666666666667,10.666666666666666,12.666666666666666,8.666666666666666,12.0,18.333333333333332
226,2.6666666666666665,5.333333333333333,0.3333333333333333,4.666666666666667,3.3333333333333335,1.6666666666666667,1.0,8.666666666666666
227,2.3333333333333335,1.3333333333333333,0.6666666666666666,2.3333333333333335,1.6666666666666667,1.3333333333333333,0.3333333333333333,2.3333333333333335
228,3.6666666666666665,3.6666666666666665,1.3333333333333333,4.666666666666667,3.6666666666666665,2.0,2.3333333333333335,4.666666666666667
229,9.333333333333334,11.0,5.0,11.333333333333334,7.333333333333333,8.0,7.666666666666667,14.0
230,2.0,3.3333333333333335,0.6666666666666666,5.0,2.0,1.6666666666666667,1.6666666666666667,4.333333333333333
231,3.6666666666666665,6.666666666666667,1.6666666666666667,8.0,3.3333333333333335,4.0,1.6666666666666667,7.0
232,7.333333333333333,13.333333333333334,4.0,9.0,8.333333333333334,3.6666666666666665,2.6666666666666665,18.666666666666668
233,1.6666666666666667,2.6666666666666665,0.0,2.6666666666666665,0.6666666666666666,0.3333333333333333,1.0,2.3333333333333335
234,2.6666666666666665,4.333333333333333,1.0,1.6666666666666667,2.6666666666666665,2.3333333333333335,2.0,8.333333333333334
235,5.666666666666667,13.0,3.0,8.333333333333334,7.0,4.666666666666667,6.333333333333333,10.0
236,12.0,21.333333333333332,5.0,15.0,10.0,11.0,9.666666666666666,22.666666666666668
237,2.3333333333333335,2.6666666666666665,1.0,3.6666666666666665,1.3333333333333333,1.3333333333333333,0.6666666666666666,3.3333333333333335
238,4.333333333333333,7.0,1.6666666666666667,7.0,4.666666666666667,3.6666666666666665,4.0,12.333333333333334
239,1.6666666666666667,1.0,1.3333333333333333,2.3333333333333335,1.3333333333333333,1.0,1.0,4.666666666666667
240,7.0,11.333333333333334,2.6666666666666665,10.666666666666666,6.333333333333333,5.333333333333333,4.0,15.333333333333334
241,2.3333333333333335,1.6666666666666667,0.3333333333333333,2.6666666666666665,2.0,1.3333333333333333,0.6666666666666666,4.0
242,2.3333333333333335,9.333333333333334,1.3333333333333333,2.0,2.0,1.0,2.0,6.0
243,3.6666666666666665,5.666666666666667,4.0,6.333333333333333,5.0,3.3333333333333335,3.3333333333333335,11.0
244,11.333333333333334,26.333333333333332,12.0,21.666666666666668,20.0,17.666666666666668,16.0,30.333333333333332
245,38.0,48.666666666666664,10.0,24.0,27.0,20.666666666666668,12.0,84.66666666666667
246,9.666666666666666,10.0,6.0,11.666666666666666,5.333333333333333,9.333333333333334,6.333333333333333,17.0
247,2.0,4.333333333333333,0.6666666666666666,2.3333333333333335,2.0,1.0,0.6666666666666666,8.333333333333334
248,24.666666666666668,6.333333333333333,3.3333333333333335,26.0,4.666666666666667,7.666666666666667,4.333333333333333,7.666666666666667
249,4.0,6.666666666666667,1.6666666666666667,5.0,5.666666666666667,4.333333333333333,4.0,13.333333333333334
250,8.333333333333334,13.666666666666666,4.333333333333333,10.666666666666666,5.333333333333333,13.666666666666666,4.333333333333333,9.666666666666666
251,13.333333333333334,22.666666666666668,8.666666666666666,20.0,15.666666666666666,15.666666666666666,12.333333333333334,25.0
252,0.6666666666666666,1.0,0.6666666666666666,1.0,2.0,0.6666666666666666,0.6666666666666666,3.6666666666666665
253,9.666666666666666,20.0,5.333333333333333,14.0,12.666666666666666,10.333333333333334,8.666666666666666,15.0
254,2.3333333333333335,5.333333333333333,0.3333333333333333,3.6666666666666665,2.6666666666666665,0.3333333333333333,1.3333333333333333,6.333333333333333
255,1.0,2.3333333333333335,0.3333333333333333,2.6666666666666665,0.3333333333333333,0.3333333333333333,0.0,6.666666666666667
256,1.6666666666666667,3.0,1.0,2.6666666666666665,1.3333333333333333,0.6666666666666666,0.6666666666666666,8.0
257,12.666666666666666,18.666666666666668,5.0,10.0,9.333333333333334,7.0,7.666666666666667,22.333333333333332
258,1.6666666666666667,1.3333333333333333,0.3333333333333333,2.3333333333333335,1.6666666666666667,0.3333333333333333,0.0,3.0
259,3.3333333333333335,6.666666666666667,1.6666666666666667,5.0,2.3333333333333335,2.0,2.0,6.666666666666667
260,9.333333333333334,15.666666666666666,6.666666666666667,36.666666666666664,7.0,7.333333333333333,4.333333333333333,23.333333333333332
261,36.0,45.666666666666664,19.0,41.333333333333336,27.666666666666668,28.666666666666668,24.0,45.0
262,1.6666666666666667,3.0,0.0,1.0,1.6666666666666667,1.0,1.0,5.333333333333333
263,0.3333333333333333,2.3333333333333335,0.6666666666666666,1.3333333333333333,1.0,0.6666666666666666,0.6666666666666666,3.3333333333333335
264,0.3333333333333333,1.6666666666666667,0.3333333333333333,0.3333333333333333,1.3333333333333333,1.0,0.6666666666666666,4.333333333333333
265,2.3333333333333335,8.666666666666666,0.6666666666666666,1.3333333333333333,2.3333333333333335,2.0,1.3333333333333333,13.0
266,28.333333333333332,35.666666666666664,15.666666666666666,36.0,22.666666666666668,25.666666666666668,20.666666666666668,40.0
267,1.0,6.0,0.3333333333333333,1.3333333333333333,2.6666666666666665,1.0,1.3333333333333333,13.0
268,2.3333333333333335,1.6666666666666667,0.3333333333333333,2.6666666666666665,1.0,0.6666666666666666,0.3333333333333333,3.0
269,9.333333333333334,10.333333333333334,4.0,12.333333333333334,7.333333333333333,6.0,4.0,17.333333333333332
270,0.3333333333333333,2.6666666666666665,0.3333333333333333,1.3333333333333333,10.333333333333334,2.0,1.0,10.333333333333334
271,0.0,5.333333333333333,0.0,1.6666666666666667,1.3333333333333333,0.3333333333333333,1.0,3.6666666666666665
272,1.6666666666666667,1.0,0.0,1.3333333333333333,1.3333333333333333,1.0,1.0,7.0
273,1.6666666666666667,1.6666666666666667,0.3333333333333333,1.3333333333333333,11.333333333333334,0.6666666666666666,0.3333333333333333,8.333333333333334
274,1.6666666666666667,1.6666666666666667,0.0,2.3333333333333335,1.0,1.3333333333333333,3.0,1.6666666666666667
275,1.0,2.6666666666666665,0.3333333333333333,3.0,0.6666666666666666,0.6666666666666666,0.3333333333333333,1.3333333333333333
276,8.333333333333334,6.666666666666667,4.666666666666667,9.666666666666666,6.0,7.0,5.0,10.0
277,1.3333333333333333,3.0,0.6666666666666666,5.0,1.3333333333333333,2.0,0.6666666666666666,4.333333333333333
278,0.3333333333333333,4.333333333333333,0.0,0.6666666666666666,5.0,0.6666666666666666,0.6666666666666666,10.666666666666666
279,0.0,3.6666666666666665,0.0,1.0,3.3333333333333335,0.3333333333333333,1.3333333333333333,5.333333333333333
280,5.333333333333333,4.666666666666667,5.666666666666667,7.666666666666667,3.6666666666666665,6.666666666666667,3.3333333333333335,5.666666666666667
281,3.6666666666666665,7.333333333333333,1.0,2.6666666666666665,4.666666666666667,1.6666666666666667,3.0,26.333333333333332
282,15.333333333333334,47.333333333333336,14.0,17.333333333333332,33.0,13.333333333333334,25.0,45.0
283,2.3333333333333335,1.3333333333333333,1.0,3.0,0.6666666666666666,1.3333333333333333,0.6666666666666666,3.3333333333333335
284,3.0,0.3333333333333333,2.3333333333333335,3.6666666666666665,0.3333333333333333,1.0,0.3333333333333333,1.0
285,9.333333333333334,9.333333333333334,3.3333333333333335,6.0,5.333333333333333,2.6666666666666665,1.6666666666666667,11.333333333333334
286,7.333333333333333,12.0,6.333333333333333,16.0,7.666666666666667,6.333333333333333,3.3333333333333335,18.666666666666668
287,10.0,15.333333333333334,4.333333333333333,8.333333333333334,10.0,3.6666666666666665,7.333333333333333,20.0
288,1.0,3.0,1.0,2.0,1.6666666666666667,0.6666666666666666,1.0,4.666666666666667
289,4.0,13.666666666666666,1.3333333333333333,3.6666666666666665,2.3333333333333335,1.3333333333333333,2.6666666666666665,14.0
290,8.333333333333334,16.0,7.0,8.666666666666666,10.333333333333334,6.666666666666667,6.0,19.0
291,6.666666666666667,14.333333333333334,5.0,12.666666666666666,11.333333333333334,6.666666666666667,8.333333333333334,17.333333333333332
292,6.0,51.0,6.666666666666667,11.333333333333334,47.666666666666664,9.666666666666666,46.666666666666664,13.666666666666666
293,37.0,58.333333333333336,31.666666666666668,48.666666666666664,49.0,37.333333333333336,44.0,46.0
294,4.333333333333333,6.666666666666667,3.3333333333333335,9.0,5.333333333333333,6.333333333333333,3.6666666666666665,10.666666666666666
295,1.0,3.6666666666666665,1.0,1.6666666666666667,1.3333333333333333,1.6666666666666667,0.0,7.0
296,4.0,2.3333333333333335,2.0,5.666666666666667,1.6666666666666667,4.0,2.6666666666666665,1.3333333333333333
297,0.3333333333333333,2.3333333333333335,0.3333333333333333,0.3333333333333333,3.6666666666666665,0.3333333333333333,1.0,9.0
298,14.333333333333334,21.666666666666668,8.0,17.333333333333332,12.333333333333334,10.333333333333334,9.666666666666666,24.666666666666668
299,1.6666666666666667,5.0,1.0,4.333333333333333,2.3333333333333335,2.3333333333333335,1.6666666666666667,10.333333333333334
300,22.666666666666668,25.333333333333332,8.0,29.333333333333332,16.333333333333332,18.666666666666668,10.0,30.333333333333332
301,2.6666666666666665,4.0,2.3333333333333335,2.0,3.6666666666666665,2.6666666666666665,3.6666666666666665,5.0
302,3.6666666666666665,5.0,3.0,3.6666666666666665,3.3333333333333335,8.666666666666666,1.3333333333333333,6.333333333333333
303,6.666666666666667,8.333333333333334,5.333333333333333,8.333333333333334,4.0,7.333333333333333,4.666666666666667,12.333333333333334
304,28.0,52.0,19.0,41.666666666666664,34.0,28.0,26.0,52.666666666666664
305,1.0,3.6666666666666665,0.6666666666666666,0.6666666666666666,4.666666666666667,0.6666666666666666,1.6666666666666667,4.666666666666667
306,23.0,25.666666666666668,14.333333333333334,23.666666666666668,20.666666666666668,18.666666666666668,16.333333333333332,27.333333333333332
307,5.333333333333333,10.666666666666666,4.0,12.333333333333334,6.666666666666667,10.666666666666666,6.333333333333333,18.333333333333332
308,4.666666666666667,10.333333333333334,3.0,6.333333333333333,6.0,2.6666666666666665,2.6666666666666665,15.0
309,0.0,4.0,0.3333333333333333,0.6666666666666666,3.0,0.3333333333333333,0.3333333333333333,4.0
310,5.333333333333333,8.0,2.3333333333333335,10.333333333333334,5.666666666666667,3.6666666666666665,1.6666666666666667,18.333333333333332
311,1.0,1.3333333333333333,0.3333333333333333,0.3333333333333333,2.6666666666666665,1.3333333333333333,1.0,3.3333333333333335
312,1.3333333333333333,1.0,0.3333333333333333,1.3333333333333333,1.3333333333333333,1.0,1.0,4.333333333333333
313,2.0,7.0,0.3333333333333333,3.0,6.333333333333333,2.3333333333333335,3.0,8.333333333333334
314,6.333333333333333,10.0,3.0,10.666666666666666,9.333333333333334,5.666666666666667,6.333333333333333,15.333333333333334
315,1.6666666666666667,1.6666666666666667,1.0,3.3333333333333335,1.0,0.3333333333333333,0.0,5.0
316,14.666666666666666,19.0,9.0,16.666666666666668,11.666666666666666,12.0,8.333333333333334,21.666666666666668
317,1.0,0.6666666666666666,0.3333333333333333,2.0,1.6666666666666667,1.3333333333333333,1.3333333333333333,6.333333333333333
318,0.3333333333333333,2.3333333333333335,0.6666666666666666,2.3333333333333335,2.3333333333333335,0.6666666666666666,1.0,5.333333333333333
319,1.0,3.3333333333333335,0.3333333333333333,2.0,1.6666666666666667,0.3333333333333333,1.3333333333333333,3.0
320,5.333333333333333,5.666666666666667,2.0,5.333333333333333,4.0,2.0,3.0,11.0
321,1.6666666666666667,1.3333333333333333,0.6666666666666666,2.6666666666666665,1.0,0.6666666666666666,0.3333333333333333,3.6666666666666665
322,3.3333333333333335,2.0,0.6666666666666666,5.0,1.0,1.3333333333333333,0.6666666666666666,3.6666666666666665
323,5.666666666666667,7.333333333333333,1.3333333333333333,7.666666666666667,3.3333333333333335,1.0,1.6666666666666667,7.666666666666667
324,1.3333333333333333,2.0,0.3333333333333333,2.3333333333333335,0.0,0.6666666666666666,0.0,3.0
325,3.0,23.333333333333332,0.3333333333333333,4.333333333333333,5.0,1.6666666666666667,3.0,17.0
326,1.3333333333333333,2.3333333333333335,1.3333333333333333,2.3333333333333335,1.6666666666666667,0.6666666666666666,0.3333333333333333,2.3333333333333335
327,2.0,4.333333333333333,0.3333333333333333,1.3333333333333333,2.6666666666666665,0.3333333333333333,1.0,6.0
328,0.6666666666666666,2.3333333333333335,0.6666666666666666,3.6666666666666665,1.0,0.3333333333333333,1.0,4.0
329,1.3333333333333333,2.6666666666666665,0.6666666666666666,3.0,2.0,0.6666666666666666,1.0,2.6666666666666665
330,17.333333333333332,18.0,9.666666666666666,18.666666666666668,14.0,14.333333333333334,10.333333333333334,18.333333333333332
331,1.0,2.0,0.3333333333333333,2.6666666666666665,1.6666666666666667,1.3333333333333333,0.6666666666666666,7.333333333333333
332,0.6666666666666666,2.0,0.3333333333333333,0.6666666666666666,1.3333333333333333,0.3333333333333333,0.6666666666666666,3.6666666666666665
333,0.3333333333333333,1.0,0.6666666666666666,1.0,1.6666666666666667,0.3333333333333333,0.0,3.0
334,0.6666666666666666,2.6666666666666665,0.3333333333333333,1.3333333333333333,1.3333333333333333,0.0,0.6666666666666666,2.6666666666666665
335,0.3333333333333333,2.3333333333333335,0.0,2.0,1.6666666666666667,0.6666666666666666,0.3333333333333333,10.666666666666666
336,2.6666666666666665,2.3333333333333335,1.3333333333333333,3.6666666666666665,1.6666666666666667,3.6666666666666665,2.0,7.0
337,9.666666666666666,10.333333333333334,3.6666666666666665,13.0,9.0,8.666666666666666,7.666666666666667,16.666666666666668
338,7.0,14.0,5.0,11.333333333333334,11.333333333333334,9.333333333333334,6.0,19.0
339,1.3333333333333333,2.3333333333333335,0.0,1.3333333333333333,1.6666666666666667,1.0,1.0,3.3333333333333335
340,1.3333333333333333,2.6666666666666665,0.0,2.0,1.3333333333333333,0.3333333333333333,0.3333333333333333,11.0
341,1.0,2.3333333333333335,0.3333333333333333,2.0,1.0,0.6666666666666666,0.6666666666666666,5.0
342,1.0,1.6666666666666667,0.0,1.6666666666666667,1.6666666666666667,1.0,1.0,4.666666666666667
343,1.0,1.6666666666666667,0.3333333333333333,1.6666666666666667,0.6666666666666666,1.3333333333333333,0.6666666666666666,2.0
344,0.0,3.6666666666666665,0.0,0.6666666666666666,3.0,0.0,1.6666666666666667,6.666666666666667
345,1.3333333333333333,3.0,0.3333333333333333,3.6666666666666665,2.6666666666666665,0.6666666666666666,1.0,9.0
346,3.0,9.666666666666666,1.3333333333333333,10.333333333333334,6.333333333333333,4.333333333333333,3.6666666666666665,19.333333333333332
347,1.3333333333333333,3.0,0.3333333333333333,2.6666666666666665,1.3333333333333333,2.0,0.3333333333333333,5.666666666666667
348,5.666666666666667,10.333333333333334,0.6666666666666666,4.333333333333333,4.333333333333333,4.333333333333333,4.0,11.666666666666666
349,3.3333333333333335,2.6666666666666665,1.3333333333333333,7.0,3.3333333333333335,2.3333333333333335,1.6666666666666667,5.0
350,2.3333333333333335,2.6666666666666665,0.3333333333333333,6.0,1.3333333333333333,2.0,1.3333333333333333,4.333333333333333
351,4.666666666666667,6.0,3.0,12.0,6.0,3.6666666666666665,2.0,12.0
352,1.6666666666666667,3.0,0.0,3.0,2.6666666666666665,0.6666666666666666,1.6666666666666667,5.666666666666667
353,6.0,11.666666666666666,4.666666666666667,10.0,11.0,8.0,6.666666666666667,20.0
354,1.0,2.6666666666666665,0.3333333333333333,1.0,3.0,1.0,0.3333333333333333,10.666666666666666
355,3.3333333333333335,3.0,1.6666666666666667,3.6666666666666665,2.3333333333333335,4.0,1.6666666666666667,11.0
356,1.3333333333333333,3.3333333333333335,0.6666666666666666,2.0,1.3333333333333333,1.6666666666666667,0.0,7.0
357,12.0,24.0,3.3333333333333335,8.666666666666666,13.333333333333334,12.0,11.666666666666666,20.666666666666668
358,4.333333333333333,10.333333333333334,1.3333333333333333,6.666666666666667,4.666666666666667,5.0,4.666666666666667,9.0
359,6.0,25.333333333333332,2.6666666666666665,6.0,3.3333333333333335,3.6666666666666665,3.6666666666666665,6.666666666666667
360,6.0,3.0,1.0,0.6666666666666666,3.3333333333333335,0.0,3.0,21.0
361,6.333333333333333,1.6666666666666667,1.3333333333333333,3.0,1.3333333333333333,0.6666666666666666,0.0,3.6666666666666665
362,8.0,12.0,3.6666666666666665,14.0,6.333333333333333,7.333333333333333,7.0,17.666666666666668
363,2.3333333333333335,1.3333333333333333,0.6666666666666666,0.6666666666666666,1.3333333333333333,1.0,0.3333333333333333,3.6666666666666665
364,0.6666666666666666,6.333333333333333,0.6666666666666666,2.6666666666666665,2.3333333333333335,1.6666666666666667,1.3333333333333333,8.333333333333334
365,14.666666666666666,20.333333333333332,8.0,9.333333333333334,12.333333333333334,14.0,11.666666666666666,23.666666666666668
366,3.0,2.0,1.0,1.6666666666666667,1.6666666666666667,1.0,1.3333333333333333,9.333333333333334
367,1.6666666666666667,2.0,0.3333333333333333,3.0,0.6666666666666666,1.3333333333333333,1.0,4.0
368,11.666666666666666,57.0,7.0,10.666666666666666,52.333333333333336,10.666666666666666,50.0,56.333333333333336
369,0.6666666666666666,1.3333333333333333,0.3333333333333333,1.3333333333333333,2.0,1.0,0.3333333333333333,3.3333333333333335
370,48.666666666666664,54.333333333333336,3.6666666666666665,15.333333333333334,47.333333333333336,10.333333333333334,43.666666666666664,57.666666666666664
371,12.333333333333334,3.3333333333333335,3.0,0.3333333333333333,4.666666666666667,11.0,2.3333333333333335,8.333333333333334
372,4.666666666666667,3.6666666666666665,2.3333333333333335,3.3333333333333335,4.0,7.333333333333333,2.6666666666666665,9.666666666666666
373,2.6666666666666665,6.333333333333333,1.3333333333333333,4.333333333333333,3.0,2.3333333333333335,1.6666666666666667,8.333333333333334
374,3.3333333333333335,18.0,1.0,5.666666666666667,16.0,2.6666666666666665,16.0,26.0
375,2.3333333333333335,4.333333333333333,2.6666666666666665,2.3333333333333335,4.333333333333333,2.0,3.0,5.333333333333333
376,1.6666666666666667,1.0,0.6666666666666666,3.0,0.3333333333333333,0.6666666666666666,0.3333333333333333,2.3333333333333335
377,1.0,2.3333333333333335,0.6666666666666666,2.3333333333333335,1.3333333333333333,0.6666666666666666,0.6666666666666666,11.666666666666666
378,3.6666666666666665,10.0,2.3333333333333335,6.0,4.666666666666667,4.0,6.666666666666667,9.333333333333334
379,4.0,2.3333333333333335,0.6666666666666666,3.3333333333333335,1.0,0.6666666666666666,0.3333333333333333,5.333333333333333
380,1.6666666666666667,1.6666666666666667,0.0,2.6666666666666665,0.0,0.3333333333333333,0.0,5.0
381,2.3333333333333335,1.6666666666666667,1.0,3.3333333333333335,0.3333333333333333,0.3333333333333333,0.0,3.6666666666666665
382,2.0,2.0,0.0,2.3333333333333335,0.6666666666666666,0.3333333333333333,0.3333333333333333,4.0
383,2.0,4.0,0.6666666666666666,3.0,3.3333333333333335,0.6666666666666666,1.0,4.0
384,5.666666666666667,14.666666666666666,2.6666666666666665,4.666666666666667,7.333333333333333,5.666666666666667,3.3333333333333335,17.0
385,1.0,3.0,0.3333333333333333,0.3333333333333333,1.0,0.3333333333333333,0.6666666666666666,4.666666666666667
386,4.333333333333333,6.666666666666667,2.6666666666666665,7.333333333333333,4.0,2.6666666666666665,2.0,8.333333333333334
387,2.6666666666666665,1.6666666666666667,1.6666666666666667,2.0,1.3333333333333333,2.3333333333333335,1.0,3.3333333333333335
388,1.6666666666666667,2.3333333333333335,2.3333333333333335,2.3333333333333335,2.0,0.6666666666666666,0.3333333333333333,5.0
389,14.333333333333334,11.666666666666666,0.3333333333333333,5.0,8.666666666666666,4.666666666666667,6.333333333333333,16.666666666666668
390,2.0,4.0,0.3333333333333333,2.3333333333333335,12.333333333333334,1.6666666666666667,2.6666666666666665,16.0
391,2.0,1.6666666666666667,1.3333333333333333,2.3333333333333335,2.0,1.0,0.0,4.666666666666667
392,6.0,6.333333333333333,4.333333333333333,8.0,4.0,7.666666666666667,2.6666666666666665,8.0
393,9.333333333333334,9.666666666666666,4.666666666666667,11.333333333333334,6.333333333333333,8.0,5.0,10.0
394,4.333333333333333,5.0,2.3333333333333335,6.0,5.666666666666667,3.3333333333333335,3.3333333333333335,10.666666666666666
395,1.0,2.3333333333333335,1.0,1.0,1.0,0.3333333333333333,0.3333333333333333,3.3333333333333335
396,2.3333333333333335,1.0,1.0,2.3333333333333335,0.6666666666666666,0.6666666666666666,0.6666666666666666,4.333333333333333
397,3.6666666666666665,4.666666666666667,1.3333333333333333,5.333333333333333,2.6666666666666665,1.6666666666666667,2.0,9.0
398,3.0,3.3333333333333335,1.6666666666666667,2.6666666666666665,1.3333333333333333,2.3333333333333335,1.0,4.333333333333333
399,1.6666666666666667,2.3333333333333335,1.3333333333333333,1.3333333333333333,2.0,0.6666666666666666,1.0,4.333333333333333
400,1.0,2.3333333333333335,1.3333333333333333,1.3333333333333333,1.6666666666666667,1.0,1.6666666666666667,3.0
401,2.6666666666666665,7.666666666666667,1.6666666666666667,4.333333333333333,3.6666666666666665,2.6666666666666665,3.3333333333333335,9.333333333333334
402,0.3333333333333333,1.6666666666666667,7.0,0.3333333333333333,1.3333333333333333,0.6666666666666666,1.0,10.0
403,1.3333333333333333,1.6666666666666667,0.3333333333333333,1.0,1.3333333333333333,1.3333333333333333,2.0,3.0
404,1.6666666666666667,1.3333333333333333,1.3333333333333333,1.6666666666666667,2.0,1.6666666666666667,0.6666666666666666,2.0
405,4.0,5.666666666666667,2.0,4.666666666666667,4.333333333333333,2.3333333333333335,1.3333333333333333,11.666666666666666
406,1.0,1.3333333333333333,0.6666666666666666,2.0,0.6666666666666666,1.0,0.3333333333333333,2.3333333333333335
407,2.6666666666666665,3.0,1.0,3.6666666666666665,2.6666666666666665,1.3333333333333333,0.3333333333333333,3.3333333333333335
408,0.6666666666666666,2.3333333333333335,0.6666666666666666,1.3333333333333333,1.0,0.6666666666666666,0.6666666666666666,2.6666666666666665
409,13.0,27.0,6.0,20.0,20.666666666666668,13.0,15.666666666666666,25.666666666666668
410,1.6666666666666667,2.0,0.3333333333333333,2.0,1.0,1.3333333333333333,1.0,3.6666666666666665
411,1.0,1.6666666666666667,0.6666666666666666,1.6666666666666667,1.6666666666666667,0.0,0.3333333333333333,7.666666666666667
412,1.0,1.0,1.3333333333333333,2.0,1.0,0.3333333333333333,0.0,6.333333333333333
413,3.3333333333333335,4.666666666666667,1.3333333333333333,10.333333333333334,8.333333333333334,2.0,1.6666666666666667,16.333333333333332
414,2.3333333333333335,4.0,1.6666666666666667,3.0,1.3333333333333333,2.3333333333333335,1.3333333333333333,4.666666666666667
415,2.0,6.666666666666667,0.6666666666666666,4.333333333333333,4.0,0.3333333333333333,3.3333333333333335,16.0
416,0.3333333333333333,1.0,0.3333333333333333,0.6666666666666666,0.3333333333333333,0.6666666666666666,1.3333333333333333,9.666666666666666
417,1.0,2.6666666666666665,1.0,5.333333333333333,1.3333333333333333,1.0,0.0,4.666666666666667
418,1.0,2.0,0.3333333333333333,3.0,1.6666666666666667,1.6666666666666667,1.0,5.0
419,0.6666666666666666,1.6666666666666667,0.3333333333333333,2.6666666666666665,1.6666666666666667,0.6666666666666666,0.6666666666666666,3.6666666666666665
420,0.3333333333333333,1.6666666666666667,0.6666666666666666,1.3333333333333333,0.6666666666666666,1.6666666666666667,0.6666666666666666,4.666666666666667
421,2.6666666666666665,0.6666666666666666,1.6666666666666667,4.333333333333333,1.0,2.6666666666666665,0.3333333333333333,4.333333333333333
422,15.0,19.333333333333332,7.333333333333333,14.333333333333334,12.0,7.333333333333333,9.333333333333334,24.0
423,3.3333333333333335,6.0,3.0,5.0,6.333333333333333,4.0,3.0,7.666666666666667
424,4.0,4.333333333333333,1.3333333333333333,3.0,3.3333333333333335,2.0,2.6666666666666665,9.0
425,2.3333333333333335,1.0,2.3333333333333335,2.3333333333333335,3.0,1.6666666666666667,1.3333333333333333,3.0
426,1.0,1.0,1.0,1.0,2.0,1.0,0.6666666666666666,3.3333333333333335
427,5.0,5.666666666666667,3.3333333333333335,7.333333333333333,6.333333333333333,5.333333333333333,3.3333333333333335,9.0
428,1.6666666666666667,2.0,1.0,3.6666666666666665,2.6666666666666665,1.6666666666666667,0.3333333333333333,4.333333333333333
429,1.6666666666666667,1.6666666666666667,1.3333333333333333,3.3333333333333335,0.3333333333333333,2.3333333333333335,0.6666666666666666,1.3333333333333333
430,14.666666666666666,22.0,9.0,14.666666666666666,17.666666666666668,11.666666666666666,12.333333333333334,25.666666666666668
431,1.3333333333333333,2.3333333333333335,1.0,2.0,1.0,1.0,1.3333333333333333,3.6666666666666665
432,15.0,15.333333333333334,9.666666666666666,14.0,7.333333333333333,9.333333333333334,7.666666666666667,14.333333333333334
433,1.3333333333333333,3.3333333333333335,0.3333333333333333,2.6666666666666665,1.6666666666666667,1.0,1.0,4.666666666666667
434,8.0,5.333333333333333,1.0,5.666666666666667,3.6666666666666665,4.666666666666667,5.0,8.333333333333334
435,2.3333333333333335,2.3333333333333335,1.6666666666666667,5.0,1.3333333333333333,2.0,0.6666666666666666,9.666666666666666
436,0.3333333333333333,2.6666666666666665,0.3333333333333333,0.6666666666666666,3.0,0.3333333333333333,1.6666666666666667,6.0
437,2.0,5.0,1.0,4.666666666666667,3.3333333333333335,2.0,3.0,9.0
438,2.3333333333333335,5.666666666666667,2.0,3.3333333333333335,3.0,1.0,1.6666666666666667,6.666666666666667
439,11.333333333333334,12.0,10.0,13.666666666666666,7.666666666666667,15.0,5.0,11.666666666666666
440,1.3333333333333333,3.3333333333333335,0.6666666666666666,2.3333333333333335,2.3333333333333335,0.0,1.6666666666666667,6.0
441,1.3333333333333333,2.6666666666666665,0.3333333333333333,1.6666666666666667,1.0,0.6666666666666666,1.0,2.0
442,2.6666666666666665,2.6666666666666665,0.3333333333333333,5.333333333333333,1.3333333333333333,4.0,1.0,4.333333333333333
443,11.666666666666666,2.3333333333333335,0.6666666666666666,11.333333333333334,1.6666666666666667,8.666666666666666,2.0,6.666666666666667
444,3.0,25.0,0.6666666666666666,6.0,4.333333333333333,4.0,2.6666666666666665,8.0
445,17.333333333333332,30.0,11.666666666666666,24.333333333333332,15.0,15.0,12.0,28.0
446,6.666666666666667,9.666666666666666,5.333333333333333,9.0,5.666666666666667,9.0,5.333333333333333,11.0
447,2.0,2.3333333333333335,1.6666666666666667,6.666666666666667,0.0,1.6666666666666667,0.3333333333333333,4.333333333333333
448,5.0,3.6666666666666665,1.3333333333333333,4.333333333333333,2.3333333333333335,4.666666666666667,2.3333333333333335,4.666666666666667
449,1.6666666666666667,1.0,1.3333333333333333,1.6666666666666667,1.3333333333333333,1.6666666666666667,0.0,5.0
450,2.3333333333333335,4.0,1.3333333333333333,1.3333333333333333,3.3333333333333335,0.6666666666666666,2.3333333333333335,3.0
451,4.333333333333333,3.3333333333333335,3.0,4.0,2.6666666666666665,4.0,2.6666666666666665,6.666666666666667
452,3.0,6.333333333333333,2.3333333333333335,4.0,5.333333333333333,3.6666666666666665,3.6666666666666665,12.0
453,4.333333333333333,5.666666666666667,3.0,1.3333333333333333,5.0,2.3333333333333335,2.6666666666666665,6.666666666666667
454,1.6666666666666667,2.6666666666666665,4.666666666666667,1.6666666666666667,2.6666666666666665,1.0,2.3333333333333335,9.333333333333334
455,2.6666666666666665,6.333333333333333,1.6666666666666667,4.666666666666667,1.6666666666666667,4.333333333333333,1.3333333333333333,6.0
456,6.0,5.0,3.3333333333333335,4.0,5.0,6.0,16.333333333333332,7.0
457,2.6666666666666665,2.3333333333333335,0.0,2.3333333333333335,1.3333333333333333,2.0,0.6666666666666666,4.0
458,0.6666666666666666,2.6666666666666665,0.3333333333333333,3.0,1.6666666666666667,0.3333333333333333,0.6666666666666666,4.0
459,8.333333333333334,6.0,4.333333333333333,11.333333333333334,5.0,7.666666666666667,3.6666666666666665,9.333333333333334
460,1.0,3.0,0.3333333333333333,3.3333333333333335,1.3333333333333333,1.0,1.6666666666666667,6.333333333333333
461,1.0,1.3333333333333333,1.0,3.0,0.6666666666666666,3.0,0.6666666666666666,18.666666666666668
462,1.6666666666666667,5.666666666666667,0.6666666666666666,2.0,2.6666666666666665,1.0,3.3333333333333335,3.6666666666666665
463,5.666666666666667,11.0,4.333333333333333,6.0,5.666666666666667,6.666666666666667,5.666666666666667,14.0
464,10.0,10.666666666666666,8.0,11.333333333333334,8.0,8.666666666666666,6.0,21.666666666666668
465,1.6666666666666667,1.0,0.6666666666666666,1.6666666666666667,0.3333333333333333,1.3333333333333333,1.0,3.0
466,1.6666666666666667,1.3333333333333333,0.3333333333333333,2.3333333333333335,1.3333333333333333,0.6666666666666666,0.3333333333333333,6.666666666666667
467,8.0,10.333333333333334,3.6666666666666665,7.666666666666667,5.0,7.0,4.0,10.333333333333334
468,1.3333333333333333,1.6666666666666667,0.3333333333333333,2.6666666666666665,1.3333333333333333,1.0,0.3333333333333333,3.3333333333333335
469,2.0,1.0,0.6666666666666666,2.6666666666666665,0.0,1.3333333333333333,0.3333333333333333,3.3333333333333335
470,11.333333333333334,2.6666666666666665,1.6666666666666667,11.333333333333334,1.6666666666666667,3.6666666666666665,1.6666666666666667,3.6666666666666665
471,3.0,6.666666666666667,2.0,9.333333333333334,7.666666666666667,2.6666666666666665,4.333333333333333,21.0
472,2.0,1.3333333333333333,1.0,2.6666666666666665,0.6666666666666666,1.6666666666666667,1.0,2.0
473,1.6666666666666667,4.333333333333333,0.6666666666666666,1.0,2.0,1.0,2.6666666666666665,5.0
474,5.333333333333333,5.0,3.0,5.0,4.0,3.3333333333333335,2.0,7.666666666666667
475,1.0,2.0,0.0,2.0,1.6666666666666667,1.3333333333333333,1.0,2.6666666666666665
476,4.333333333333333,7.666666666666667,1.0,6.666666666666667,5.333333333333333,2.0,3.3333333333333335,15.666666666666666
477,7.0,7.0,4.333333333333333,12.333333333333334,4.333333333333333,5.666666666666667,2.6666666666666665,12.666666666666666
478,2.3333333333333335,4.0,1.0,3.6666666666666665,1.6666666666666667,2.0,1.6666666666666667,7.333333333333333
479,1.3333333333333333,1.6666666666666667,1.0,1.3333333333333333,1.0,0.6666666666666666,0.6666666666666666,3.0
480,3.6666666666666665,11.0,3.3333333333333335,8.666666666666666,6.666666666666667,5.666666666666667,5.0,16.333333333333332
481,0.3333333333333333,2.0,0.6666666666666666,5.333333333333333,0.0,0.3333333333333333,0.6666666666666666,2.3333333333333335
482,2.6666666666666665,2.0,0.6666666666666666,3.3333333333333335,1.3333333333333333,1.0,1.3333333333333333,3.3333333333333335
483,6.0,9.333333333333334,4.333333333333333,5.666666666666667,8.0,6.666666666666667,5.0,14.0
484,1.3333333333333333,1.3333333333333333,0.3333333333333333,3.3333333333333335,0.6666666666666666,1.6666666666666667,0.0,1.3333333333333333
485,4.333333333333333,5.0,1.3333333333333333,4.0,4.333333333333333,2.0,3.0,8.0
486,2.6666666666666665,2.0,1.6666666666666667,1.6666666666666667,0.3333333333333333,1.6666666666666667,1.3333333333333333,2.3333333333333335
487,4.666666666666667,5.0,1.0,2.6666666666666665,2.6666666666666665,2.0,2.0,7.666666666666667
488,1.0,1.6666666666666667,0.3333333333333333,2.3333333333333335,1.3333333333333333,0.6666666666666666,0.3333333333333333,3.0
489,1.0,1.3333333333333333,0.3333333333333333,2.0,0.6666666666666666,1.0,0.3333333333333333,3.6666666666666665
490,21.666666666666668,41.333333333333336,13.333333333333334,28.666666666666668,27.0,24.0,24.333333333333332,40.333333333333336
491,2.6666666666666665,16.666666666666668,1.6666666666666667,2.6666666666666665,16.0,2.0,13.666666666666666,15.333333333333334
492,1.3333333333333333,2.0,0.6666666666666666,2.0,1.3333333333333333,1.0,2.3333333333333335,2.3333333333333335
493,1.0,1.6666666666666667,0.3333333333333333,1.6666666666666667,1.0,0.6666666666666666,1.3333333333333333,3.6666666666666665
494,1.0,2.3333333333333335,1.6666666666666667,2.0,1.6666666666666667,1.0,1.6666666666666667,8.333333333333334
495,3.6666666666666665,7.0,3.0,6.0,4.666666666666667,2.6666666666666665,4.0,11.666666666666666
496,7.0,7.0,1.6666666666666667,7.333333333333333,3.3333333333333335,3.0,3.6666666666666665,8.0
497,1.0,2.0,0.6666666666666666,1.0,2.0,0.0,1.3333333333333333,4.0
498,2.3333333333333335,5.0,0.6666666666666666,3.3333333333333335,4.0,2.3333333333333335,0.6666666666666666,6.333333333333333
499,0.6666666666666666,2.0,0.3333333333333333,1.3333333333333333,3.3333333333333335,0.3333333333333333,0.3333333333333333,3.0
500,1.3333333333333333,1.0,0.3333333333333333,1.3333333333333333,0.6666666666666666,1.0,0.3333333333333333,2.3333333333333335
501,1.0,2.6666666666666665,0.0,1.0,2.0,0.6666666666666666,1.3333333333333333,4.0
502,6.0,11.0,3.0,8.666666666666666,5.333333333333333,4.0,4.333333333333333,14.666666666666666
503,0.3333333333333333,1.3333333333333333,0.3333333333333333,1.0,1.3333333333333333,0.3333333333333333,0.6666666666666666,6.333333333333333
504,1.6666666666666667,2.3333333333333335,1.3333333333333333,4.333333333333333,1.3333333333333333,0.3333333333333333,0.3333333333333333,6.0
505,2.0,3.0,1.3333333333333333,1.6666666666666667,2.3333333333333335,1.6666666666666667,1.6666666666666667,13.666666666666666
506,1.3333333333333333,3.0,0.3333333333333333,2.3333333333333335,1.6666666666666667,1.3333333333333333,0.6666666666666666,8.666666666666666
507,4.0,10.0,2.3333333333333335,6.666666666666667,8.0,3.0,6.0,15.333333333333334
508,1.3333333333333333,5.0,0.0,1.6666666666666667,5.333333333333333,1.0,1.6666666666666667,11.0
509,4.333333333333333,16.666666666666668,3.0,6.0,10.666666666666666,6.0,7.666666666666667,14.666666666666666
510,2.6666666666666665,6.0,2.0,4.666666666666667,5.666666666666667,3.3333333333333335,3.6666666666666665,11.333333333333334
511,3.3333333333333335,5.0,2.0,4.0,3.0,2.6666666666666665,2.0,7.0
512,13.333333333333334,91.0,7.0,19.0,19.333333333333332,14.333333333333334,15.0,30.0
513,0.6666666666666666,2.0,0.0,1.3333333333333333,1.6666666666666667,0.6666666666666666,2.0,3.3333333333333335
514,1.0,2.6666666666666665,1.0,1.6666666666666667,0.6666666666666666,1.0,0.6666666666666666,3.0
515,15.0,14.333333333333334,5.666666666666667,10.0,8.0,9.0,7.333333333333333,17.333333333333332
516,14.333333333333334,21.666666666666668,5.666666666666667,16.666666666666668,10.666666666666666,14.0,11.333333333333334,19.0
517,2.0,4.0,1.3333333333333333,3.0,2.0,1.3333333333333333,2.3333333333333335,6.666666666666667
518,1.6666666666666667,4.666666666666667,1.0,1.0,3.0,0.3333333333333333,2.3333333333333335,3.0
519,3.3333333333333335,7.666666666666667,3.3333333333333335,9.0,6.0,9.333333333333334,5.333333333333333,9.666666666666666
520,19.666666666666668,15.333333333333334,17.333333333333332,24.0,14.0,19.666666666666668,8.333333333333334,17.333333333333332
521,0.6666666666666666,1.3333333333333333,0.6666666666666666,1.6666666666666667,1.3333333333333333,1.6666666666666667,0.0,2.3333333333333335
522,2.3333333333333335,18.0,14.0,2.6666666666666665,19.0,1.0,14.666666666666666,23.666666666666668
523,14.333333333333334,19.333333333333332,7.666666666666667,6.0,14.333333333333334,2.3333333333333335,2.3333333333333335,46.333333333333336
524,2.3333333333333335,3.0,0.6666666666666666,2.3333333333333335,1.0,0.0,0.6666666666666666,4.0
525,5.333333333333333,8.333333333333334,2.0,8.333333333333334,5.666666666666667,3.3333333333333335,3.6666666666666665,11.0
526,8.0,15.333333333333334,6.666666666666667,10.666666666666666,12.666666666666666,12.0,5.333333333333333,15.666666666666666
527,4.0,7.666666666666667,3.0,8.0,4.666666666666667,4.666666666666667,3.3333333333333335,7.666666666666667
528,0.6666666666666666,1.0,0.6666666666666666,3.3333333333333335,1.0,2.0,2.3333333333333335,1.6666666666666667
529,2.6666666666666665,1.6666666666666667,0.3333333333333333,4.0,0.3333333333333333,2.6666666666666665,1.0,2.3333333333333335
530,9.0,12.0,4.0,11.333333333333334,6.333333333333333,8.666666666666666,10.666666666666666,9.666666666666666
531,8.333333333333334,8.0,2.6666666666666665,8.0,4.666666666666667,4.333333333333333,3.6666666666666665,10.333333333333334
532,1.6666666666666667,2.0,0.3333333333333333,2.6666666666666665,0.6666666666666666,1.3333333333333333,0.3333333333333333,6.333333333333333
533,3.6666666666666665,3.3333333333333335,3.0,5.333333333333333,2.3333333333333335,4.333333333333333,2.6666666666666665,5.666666666666667
534,1.3333333333333333,6.0,0.0,2.3333333333333335,3.0,0.0,1.6666666666666667,4.0
535,9.0,7.0,3.0,2.3333333333333335,4.666666666666667,6.333333333333333,2.3333333333333335,45.333333333333336
536,1.3333333333333333,6.333333333333333,1.6666666666666667,3.6666666666666665,2.0,1.6666666666666667,1.6666666666666667,5.0
537,3.3333333333333335,8.333333333333334,1.0,4.666666666666667,7.0,1.0,6.333333333333333,11.333333333333334
538,3.6666666666666665,6.0,1.0,3.0,4.0,2.0,3.3333333333333335,9.0
539,4.333333333333333,3.6666666666666665,0.3333333333333333,4.666666666666667,3.6666666666666665,0.6666666666666666,2.3333333333333335,7.0
540,2.0,2.3333333333333335,0.0,2.6666666666666665,2.0,1.3333333333333333,3.3333333333333335,2.6666666666666665
541,0.6666666666666666,2.6666666666666665,0.0,4.0,1.6666666666666667,1.0,0.3333333333333333,4.666666666666667
542,5.666666666666667,4.333333333333333,2.6666666666666665,6.666666666666667,5.0,4.666666666666667,3.6666666666666665,8.0
543,2.6666666666666665,1.0,0.3333333333333333,2.6666666666666665,0.3333333333333333,2.6666666666666665,0.3333333333333333,1.3333333333333333
544,1.6666666666666667,3.0,0.3333333333333333,3.6666666666666665,1.0,0.3333333333333333,0.6666666666666666,4.0
545,19.666666666666668,4.333333333333333,3.0,19.666666666666668,3.3333333333333335,2.0,2.6666666666666665,6.333333333333333
546,6.666666666666667,12.0,8.333333333333334,10.333333333333334,10.333333333333334,11.666666666666666,6.333333333333333,12.0
547,1.0,2.3333333333333335,0.3333333333333333,2.6666666666666665,0.6666666666666666,1.6666666666666667,0.6666666666666666,3.6666666666666665
548,8.666666666666666,7.333333333333333,4.333333333333333,9.666666666666666,3.3333333333333335,6.0,4.666666666666667,9.0
549,6.0,5.666666666666667,2.0,18.0,5.666666666666667,15.333333333333334,4.333333333333333,6.666666666666667
550,13.0,20.666666666666668,9.333333333333334,19.0,16.666666666666668,15.666666666666666,13.666666666666666,23.333333333333332
551,3.3333333333333335,7.0,4.333333333333333,4.0,15.333333333333334,4.0,3.6666666666666665,18.333333333333332
552,4.0,4.0,1.0,0.0,1.0,6.0,0.0,13.0
553,2.0,4.666666666666667,0.6666666666666666,4.333333333333333,1.6666666666666667,2.3333333333333335,3.3333333333333335,7.666666666666667
554,1.0,4.666666666666667,2.0,2.6666666666666665,4.666666666666667,2.3333333333333335,2.3333333333333335,10.333333333333334
555,5.333333333333333,5.666666666666667,3.3333333333333335,6.333333333333333,5.333333333333333,3.6666666666666665,3.6666666666666665,5.0
556,2.6666666666666665,5.0,0.0,4.0,2.6666666666666665,1.3333333333333333,1.6666666666666667,10.333333333333334
557,2.0,3.3333333333333335,0.3333333333333333,4.0,2.0,1.6666666666666667,0.6666666666666666,5.666666666666667
558,1.3333333333333333,1.3333333333333333,0.0,3.0,0.0,2.0,1.3333333333333333,2.6666666666666665
559,0.6666666666666666,1.6666666666666667,0.3333333333333333,1.3333333333333333,0.3333333333333333,1.3333333333333333,1.0,5.333333333333333
560,12.333333333333334,12.0,6.0,15.333333333333334,8.666666666666666,10.666666666666666,8.0,10.666666666666666
561,0.6666666666666666,2.0,0.0,3.3333333333333335,0.6666666666666666,1.0,0.0,4.333333333333333
562,2.3333333333333335,2.3333333333333335,1.0,3.6666666666666665,2.0,0.6666666666666666,1.6666666666666667,5.666666666666667
563,1.3333333333333333,3.3333333333333335,0.6666666666666666,4.666666666666667,1.3333333333333333,0.6666666666666666,1.0,6.0
564,0.6666666666666666,0.6666666666666666,0.6666666666666666,2.6666666666666665,1.0,0.6666666666666666,1.0,4.0
565,0.3333333333333333,1.6666666666666667,0.0,3.0,1.6666666666666667,1.0,0.0,5.0
566,5.666666666666667,8.666666666666666,1.6666666666666667,7.666666666666667,3.0,3.6666666666666665,1.6666666666666667,12.0
567,0.0,1.3333333333333333,0.3333333333333333,1.0,2.0,0.6666666666666666,1.0,6.333333333333333
568,0.3333333333333333,2.0,0.0,3.6666666666666665,0.6666666666666666,2.0,0.3333333333333333,2.6666666666666665
569,1.3333333333333333,2.0,0.3333333333333333,1.6666666666666667,1.6666666666666667,1.3333333333333333,1.0,2.3333333333333335
570,14.333333333333334,25.0,7.0,17.333333333333332,14.666666666666666,16.666666666666668,12.666666666666666,27.333333333333332
571,1.0,1.6666666666666667,0.3333333333333333,1.6666666666666667,1.3333333333333333,1.3333333333333333,1.3333333333333333,5.0
572,1.0,2.3333333333333335,1.3333333333333333,3.0,0.6666666666666666,1.0,1.6666666666666667,6.0
573,0.6666666666666666,2.6666666666666665,0.0,4.333333333333333,2.6666666666666665,0.0,0.3333333333333333,5.0
574,5.0,8.333333333333334,3.0,6.333333333333333,6.666666666666667,5.666666666666667,7.0,15.0
575,0.6666666666666666,1.0,0.3333333333333333,1.3333333333333333,0.6666666666666666,0.6666666666666666,3.0,4.333333333333333
576,3.0,1.0,1.3333333333333333,3.3333333333333335,0.0,3.3333333333333335,1.6666666666666667,1.6666666666666667
577,11.333333333333334,8.0,7.333333333333333,12.333333333333334,2.6666666666666665,11.0,7.0,5.333333333333333
578,1.3333333333333333,2.3333333333333335,0.3333333333333333,3.0,1.3333333333333333,2.6666666666666665,1.0,7.666666666666667
579,19.666666666666668,6.666666666666667,15.333333333333334,24.0,3.0,5.0,3.6666666666666665,11.0
580,2.6666666666666665,6.0,1.6666666666666667,5.0,6.333333333333333,2.0,2.6666666666666665,11.333333333333334
581,0.3333333333333333,1.0,0.3333333333333333,1.0,2.3333333333333335,0.3333333333333333,1.3333333333333333,7.333333333333333
582,1.3333333333333333,3.3333333333333335,0.6666666666666666,3.6666666666666665,1.0,1.3333333333333333,1.3333333333333333,5.333333333333333
583,8.333333333333334,1.6666666666666667,1.3333333333333333,8.0,2.0,0.6666666666666666,1.0,3.3333333333333335
584,4.333333333333333,16.0,1.6666666666666667,3.0,16.0,2.0,3.0,19.333333333333332
585,3.3333333333333335,5.666666666666667,1.3333333333333333,4.333333333333333,3.6666666666666665,3.0,4.666666666666667,7.0
586,2.0,3.0,0.6666666666666666,0.6666666666666666,2.6666666666666665,1.0,1.0,7.666666666666667
587,16.666666666666668,4.333333333333333,2.3333333333333335,6.333333333333333,2.3333333333333335,6.333333333333333,3.0,7.333333333333333
588,6.0,8.0,1.3333333333333333,2.0,4.0,6.0,0.6666666666666666,17.333333333333332
589,1.0,0.6666666666666666,0.3333333333333333,2.0,1.3333333333333333,1.6666666666666667,0.6666666666666666,2.3333333333333335
590,1.6666666666666667,1.6666666666666667,0.0,2.0,1.0,1.0,2.6666666666666665,1.6666666666666667
591,2.3333333333333335,3.0,0.3333333333333333,3.3333333333333335,1.3333333333333333,1.6666666666666667,1.6666666666666667,3.6666666666666665
592,1.6666666666666667,1.6666666666666667,1.3333333333333333,3.3333333333333335,1.0,1.0,0.6666666666666666,2.0
593,2.0,2.3333333333333335,1.0,3.3333333333333335,2.3333333333333335,0.6666666666666666,1.0,5.0
594,1.3333333333333333,1.6666666666666667,0.3333333333333333,1.6666666666666667,2.0,1.6666666666666667,1.3333333333333333,1.6666666666666667
595,1.0,4.666666666666667,1.3333333333333333,3.6666666666666665,5.0,1.6666666666666667,3.0,10.666666666666666
596,1.6666666666666667,6.666666666666667,1.3333333333333333,3.0,4.0,1.3333333333333333,2.0,6.0
597,1.3333333333333333,0.6666666666666666,1.0,2.6666666666666665,1.6666666666666667,2.0,1.3333333333333333,2.6666666666666665
598,3.0,5.666666666666667,2.6666666666666665,4.0,3.6666666666666665,2.6666666666666665,1.6666666666666667,5.666666666666667
599,1.0,6.666666666666667,0.3333333333333333,4.666666666666667,3.0,2.0,1.6666666666666667,5.0
600,6.666666666666667,7.333333333333333,4.666666666666667,6.666666666666667,5.333333333333333,3.6666666666666665,3.6666666666666665,10.666666666666666
601,5.666666666666667,7.0,4.666666666666667,4.333333333333333,5.333333333333333,1.3333333333333333,3.6666666666666665,8.0
602,4.0,10.0,3.6666666666666665,5.333333333333333,4.333333333333333,3.0,4.333333333333333,7.0
603,1.0,2.3333333333333335,1.6666666666666667,1.6666666666666667,0.6666666666666666,1.0,0.6666666666666666,2.3333333333333335
604,1.3333333333333333,1.3333333333333333,0.6666666666666666,1.0,0.6666666666666666,1.0,2.3333333333333335,2.3333333333333335
605,0.3333333333333333,5.666666666666667,0.0,4.0,0.3333333333333333,0.0,4.0,1.0
606,3.6666666666666665,12.666666666666666,2.3333333333333335,9.666666666666666,5.0,6.0,3.6666666666666665,14.333333333333334
607,2.0,3.0,1.3333333333333333,2.0,2.3333333333333335,1.0,2.0,9.666666666666666
608,0.6666666666666666,1.6666666666666667,0.0,3.0,2.0,1.3333333333333333,0.6666666666666666,3.6666666666666665
609,0.6666666666666666,2.0,0.6666666666666666,1.3333333333333333,2.6666666666666665,0.3333333333333333,1.6666666666666667,4.333333333333333
610,0.3333333333333333,3.6666666666666665,0.3333333333333333,0.6666666666666666,1.6666666666666667,0.3333333333333333,2.0,5.0
611,0.3333333333333333,3.6666666666666665,0.3333333333333333,0.6666666666666666,1.6666666666666667,0.3333333333333333,2.0,3.6666666666666665
612,0.3333333333333333,2.0,0.0,0.6666666666666666,1.6666666666666667,0.0,0.3333333333333333,4.333333333333333
613,2.0,8.666666666666666,1.0,6.0,1.0,1.3333333333333333,2.6666666666666665,4.666666666666667
614,3.3333333333333335,6.333333333333333,1.6666666666666667,10.333333333333334,1.6666666666666667,2.0,1.3333333333333333,6.666666666666667
615,4.0,7.0,1.6666666666666667,5.666666666666667,3.6666666666666665,2.3333333333333335,1.3333333333333333,10.333333333333334
616,4.0,29.666666666666668,3.0,24.333333333333332,7.333333333333333,6.666666666666667,4.333333333333333,9.0
617,0.6666666666666666,2.3333333333333335,0.3333333333333333,1.0,2.3333333333333335,1.0,1.3333333333333333,2.6666666666666665
618,1.3333333333333333,4.333333333333333,1.0,8.0,1.6666666666666667,1.3333333333333333,0.3333333333333333,9.666666666666666
619,1.0,2.6666666666666665,0.6666666666666666,2.6666666666666665,1.0,1.3333333333333333,1.3333333333333333,9.333333333333334
620,0.3333333333333333,2.0,0.6666666666666666,4.333333333333333,1.6666666666666667,2.0,0.0,3.6666666666666665
621,1.3333333333333333,1.6666666666666667,0.6666666666666666,1.6666666666666667,2.0,0.3333333333333333,1.6666666666666667,5.0
622,0.3333333333333333,2.6666666666666665,0.3333333333333333,0.3333333333333333,2.0,0.0,0.6666666666666666,4.333333333333333
623,2.6666666666666665,15.0,1.6666666666666667,9.0,7.333333333333333,2.0,6.666666666666667,29.333333333333332
624,1.0,1.6666666666666667,4.0,1.3333333333333333,2.0,4.333333333333333,2.0,3.6666666666666665
625,1.0,5.666666666666667,0.6666666666666666,1.6666666666666667,4.0,0.6666666666666666,0.6666666666666666,8.0
626,1.3333333333333333,2.0,0.3333333333333333,3.6666666666666665,1.0,0.3333333333333333,0.6666666666666666,2.3333333333333335
627,0.0,4.0,0.0,1.6666666666666667,3.3333333333333335,0.0,0.3333333333333333,6.0
628,1.6666666666666667,1.0,1.0,2.0,1.3333333333333333,1.6666666666666667,0.6666666666666666,1.6666666666666667
629,2.3333333333333335,6.0,0.6666666666666666,3.6666666666666665,5.333333333333333,0.3333333333333333,2.0,15.666666666666666
630,2.3333333333333335,6.0,0.6666666666666666,3.6666666666666665,5.333333333333333,0.3333333333333333,2.0,15.666666666666666
631,4.0,9.666666666666666,1.6666666666666667,6.333333333333333,7.333333333333333,5.0,5.333333333333333,16.666666666666668
632,2.0,5.333333333333333,0.0,1.0,3.0,0.3333333333333333,0.0,13.333333333333334
633,5.0,8.0,3.3333333333333335,7.0,7.0,5.333333333333333,2.3333333333333335,9.666666666666666
634,3.0,5.0,1.3333333333333333,3.3333333333333335,4.666666666666667,2.3333333333333335,1.0,8.333333333333334
635,1.0,4.0,1.3333333333333333,2.6666666666666665,1.6666666666666667,1.6666666666666667,1.6666666666666667,3.3333333333333335
636,3.0,1.6666666666666667,1.0,4.333333333333333,1.3333333333333333,6.333333333333333,2.6666666666666665,2.3333333333333335
637,1.0,2.0,1.0,2.3333333333333335,1.0,1.6666666666666667,0.3333333333333333,1.3333333333333333
638,0.3333333333333333,1.0,0.3333333333333333,3.3333333333333335,1.3333333333333333,0.6666666666666666,1.0,4.666666666666667
639,0.3333333333333333,0.6666666666666666,0.3333333333333333,2.0,1.0,0.6666666666666666,0.3333333333333333,3.0
640,1.6666666666666667,2.6666666666666665,0.0,1.0,2.0,0.6666666666666666,2.6666666666666665,2.6666666666666665
641,1.3333333333333333,2.6666666666666665,0.6666666666666666,2.3333333333333335,1.0,1.3333333333333333,0.6666666666666666,2.3333333333333335
642,0.6666666666666666,3.0,1.3333333333333333,3.6666666666666665,2.6666666666666665,0.3333333333333333,2.0,5.666666666666667
643,4.0,7.333333333333333,2.6666666666666665,5.333333333333333,4.333333333333333,5.0,4.0,9.333333333333334
644,0.0,2.3333333333333335,0.6666666666666666,1.6666666666666667,1.0,0.6666666666666666,1.0,3.3333333333333335
645,0.3333333333333333,3.3333333333333335,0.0,0.3333333333333333,1.6666666666666667,0.0,2.0,4.0
646,11.0,48.666666666666664,5.333333333333333,13.0,8.0,9.0,6.333333333333333,16.0
647,3.0,6.666666666666667,1.3333333333333333,2.0,5.0,3.0,1.6666666666666667,13.666666666666666
648,8.666666666666666,4.333333333333333,3.6666666666666665,10.333333333333334,3.6666666666666665,8.333333333333334,3.0,8.333333333333334
649,2.6666666666666665,2.3333333333333335,1.0,1.6666666666666667,1.6666666666666667,3.0,0.3333333333333333,11.333333333333334
650,1.0,2.0,0.0,1.6666666666666667,1.3333333333333333,0.3333333333333333,1.0,3.0
651,2.3333333333333335,3.0,0.0,2.6666666666666665,4.333333333333333,2.3333333333333335,2.6666666666666665,13.666666666666666
652,3.0,6.333333333333333,0.3333333333333333,3.6666666666666665,2.6666666666666665,2.6666666666666665,11.666666666666666,6.333333333333333
653,1.3333333333333333,3.6666666666666665,0.6666666666666666,4.0,1.0,0.6666666666666666,0.3333333333333333,1.0
654,0.3333333333333333,2.3333333333333335,1.0,3.3333333333333335,1.3333333333333333,0.0,2.0,4.0
655,2.0,5.333333333333333,0.3333333333333333,4.666666666666667,1.3333333333333333,0.3333333333333333,1.3333333333333333,3.6666666666666665
656,1.0,1.3333333333333333,1.0,1.6666666666666667,1.3333333333333333,0.3333333333333333,0.6666666666666666,7.0
657,0.6666666666666666,1.6666666666666667,1.0,2.3333333333333335,0.6666666666666666,0.0,1.0,3.0
658,12.666666666666666,17.333333333333332,8.333333333333334,14.0,8.666666666666666,10.666666666666666,8.666666666666666,16.0
659,0.6666666666666666,2.3333333333333335,0.6666666666666666,1.0,2.0,0.0,0.6666666666666666,6.0
660,11.333333333333334,17.666666666666668,7.333333333333333,12.0,10.666666666666666,12.333333333333334,6.333333333333333,23.333333333333332
661,1.3333333333333333,2.3333333333333335,1.0,1.6666666666666667,1.6666666666666667,0.3333333333333333,0.0,2.3333333333333335
662,3.3333333333333335,7.0,1.3333333333333333,4.666666666666667,4.0,2.0,4.0,5.666666666666667
663,1.3333333333333333,2.0,0.0,1.6666666666666667,1.6666666666666667,0.3333333333333333,1.6666666666666667,4.0
664,1.3333333333333333,1.6666666666666667,0.0,3.6666666666666665,3.3333333333333335,1.0,1.3333333333333333,6.0
665,1.6666666666666667,5.333333333333333,1.3333333333333333,4.0,1.0,1.3333333333333333,0.3333333333333333,7.0
666,7.333333333333333,4.0,2.3333333333333335,2.3333333333333335,3.3333333333333335,7.0,0.6666666666666666,14.666666666666666
667,2.0,2.3333333333333335,0.0,3.6666666666666665,1.3333333333333333,2.3333333333333335,1.0,5.0
668,1.6666666666666667,1.3333333333333333,1.0,2.0,1.0,1.0,1.0,3.0
669,1.0,0.6666666666666666,0.0,1.6666666666666667,1.6666666666666667,1.3333333333333333,0.3333333333333333,5.666666666666667
670,1.6666666666666667,3.0,0.0,2.3333333333333335,2.3333333333333335,1.6666666666666667,1.0,9.0
671,3.0,3.6666666666666665,0.3333333333333333,3.0,3.6666666666666665,0.0,0.6666666666666666,6.333333333333333
672,1.6666666666666667,2.6666666666666665,0.3333333333333333,2.6666666666666665,1.3333333333333333,2.0,0.6666666666666666,5.0
673,2.3333333333333335,3.0,1.0,2.0,1.0,1.0,1.3333333333333333,3.3333333333333335
674,1.3333333333333333,2.6666666666666665,1.6666666666666667,2.3333333333333335,1.0,0.6666666666666666,0.3333333333333333,3.0
675,1.6666666666666667,4.0,0.0,1.3333333333333333,1.0,1.0,1.6666666666666667,5.666666666666667
676,1.0,2.0,0.3333333333333333,0.3333333333333333,2.0,0.6666666666666666,1.0,4.0
677,2.3333333333333335,2.3333333333333335,0.0,3.0,0.0,2.0,2.0,1.6666666666666667
678,9.0,6.0,4.0,3.0,5.0,2.0,1.0,13.666666666666666
679,2.0,2.0,1.3333333333333333,1.3333333333333333,1.3333333333333333,1.0,1.3333333333333333,10.0
680,2.0,3.3333333333333335,0.0,2.0,0.6666666666666666,0.6666666666666666,1.0,3.3333333333333335
681,2.0,3.3333333333333335,0.0,2.0,1.0,1.0,1.3333333333333333,3.0
682,7.666666666666667,5.333333333333333,4.333333333333333,3.3333333333333335,4.0,0.3333333333333333,0.6666666666666666,14.0
683,1.3333333333333333,3.6666666666666665,0.0,2.6666666666666665,3.0,0.3333333333333333,2.6666666666666665,6.666666666666667
684,2.3333333333333335,4.333333333333333,1.0,3.3333333333333335,4.0,1.0,0.6666666666666666,10.666666666666666
685,0.6666666666666666,2.0,0.0,0.3333333333333333,0.3333333333333333,0.3333333333333333,0.3333333333333333,3.3333333333333335
686,1.0,2.0,0.0,2.0,1.6666666666666667,2.0,1.6666666666666667,2.0
687,5.0,0.6666666666666666,0.0,3.6666666666666665,0.6666666666666666,2.3333333333333335,0.6666666666666666,0.6666666666666666
688,1.3333333333333333,0.6666666666666666,0.0,3.0,2.3333333333333335,1.0,0.0,4.666666666666667
689,3.6666666666666665,1.6666666666666667,0.3333333333333333,4.0,1.3333333333333333,2.0,0.3333333333333333,3.0
690,2.0,2.3333333333333335,0.6666666666666666,2.3333333333333335,1.0,1.3333333333333333,1.3333333333333333,3.6666666666666665
691,2.0,2.6666666666666665,0.0,1.3333333333333333,1.0,1.0,1.0,4.333333333333333
692,1.3333333333333333,2.6666666666666665,0.6666666666666666,2.3333333333333335,2.0,0.3333333333333333,1.0,7.333333333333333
693,1.3333333333333333,2.6666666666666665,0.6666666666666666,0.6666666666666666,2.3333333333333335,0.3333333333333333,1.3333333333333333,3.3333333333333335
694,3.6666666666666665,5.0,0.3333333333333333,4.333333333333333,4.0,2.6666666666666665,3.6666666666666665,8.333333333333334
695,9.666666666666666,30.666666666666668,6.333333333333333,9.666666666666666,28.666666666666668,10.333333333333334,5.666666666666667,31.666666666666668
696,0.0,1.3333333333333333,0.6666666666666666,0.3333333333333333,1.6666666666666667,1.3333333333333333,1.3333333333333333,2.3333333333333335
697,0.3333333333333333,2.3333333333333335,0.6666666666666666,1.0,1.6666666666666667,1.6666666666666667,1.0,2.0
698,0.3333333333333333,4.0,0.0,0.0,1.6666666666666667,0.3333333333333333,1.3333333333333333,4.0
699,2.3333333333333335,4.666666666666667,0.6666666666666666,2.3333333333333335,3.3333333333333335,1.3333333333333333,1.3333333333333333,9.333333333333334
700,3.3333333333333335,4.333333333333333,1.0,3.0,10.0,2.6666666666666665,2.6666666666666665,11.0
701,2.6666666666666665,1.6666666666666667,2.3333333333333335,3.3333333333333335,2.3333333333333335,8.0,2.6666666666666665,6.666666666666667
702,2.0,4.0,1.3333333333333333,1.3333333333333333,4.666666666666667,1.0,3.0,9.0
703,0.3333333333333333,3.0,0.0,1.6666666666666667,0.6666666666666666,1.6666666666666667,0.6666666666666666,4.0
704,2.0,6.0,0.6666666666666666,0.0,4.333333333333333,0.0,0.3333333333333333,7.333333333333333
705,0.3333333333333333,1.3333333333333333,0.0,1.6666666666666667,3.0,1.3333333333333333,0.6666666666666666,5.666666666666667
706,11.0,9.333333333333334,3.6666666666666665,11.333333333333334,7.666666666666667,7.333333333333333,4.666666666666667,14.333333333333334
707,0.3333333333333333,2.0,0.3333333333333333,0.6666666666666666,1.6666666666666667,0.0,0.0,7.0
708,0.6666666666666666,7.0,0.0,0.3333333333333333,3.0,3.3333333333333335,0.0,17.0
709,0.6666666666666666,2.6666666666666665,0.0,1.6666666666666667,2.0,0.6666666666666666,1.0,3.0
710,0.6666666666666666,2.3333333333333335,0.6666666666666666,2.6666666666666665,1.3333333333333333,1.0,1.3333333333333333,4.666666666666667
711,1.0,1.3333333333333333,0.0,1.3333333333333333,1.6666666666666667,0.0,1.3333333333333333,3.6666666666666665
712,1.6666666666666667,0.3333333333333333,0.6666666666666666,1.3333333333333333,1.0,0.6666666666666666,0.3333333333333333,3.0
713,5.0,5.333333333333333,2.0,1.0,3.0,3.0,0.0,11.666666666666666
714,4.0,2.0,1.3333333333333333,1.6666666666666667,1.0,1.0,3.6666666666666665,4.333333333333333
715,1.6666666666666667,1.3333333333333333,0.6666666666666666,1.0,1.0,0.6666666666666666,1.6666666666666667,3.0
716,8.0,11.0,2.0,1.0,5.0,10.0,0.0,34.0
717,8.666666666666666,3.6666666666666665,2.3333333333333335,3.6666666666666665,5.333333333333333,6.0,1.6666666666666667,13.333333333333334
718,30.0,32.0,11.0,10.0,24.0,13.0,4.0,89.0
719,19.0,14.0,7.0,4.0,11.0,8.0,4.0,38.0
720,7.0,4.0,2.0,1.0,3.0,6.0,0.0,14.0
721,7.666666666666667,5.333333333333333,2.6666666666666665,3.0,2.3333333333333335,3.6666666666666665,1.0,13.333333333333334
722,12.666666666666666,4.0,2.0,1.0,4.0,0.3333333333333333,0.0,12.0
723,16.0,8.0,3.0,1.0,8.0,8.0,6.0,15.0
724,15.0,8.0,3.3333333333333335,3.6666666666666665,3.0,10.666666666666666,4.333333333333333,11.666666666666666
725,4.0,4.0,1.0,0.0,1.0,6.0,0.0,13.0
726,3.0,3.0,1.0,0.0,1.0,3.0,0.0,11.0
727,9.0,3.0,2.0,0.0,4.0,6.0,3.0,10.0
728,6.0,1.0,4.0,2.0,0.0,11.0,0.0,9.0
729,10.333333333333334,61.333333333333336,9.0,28.0,33.666666666666664,21.0,32.666666666666664,59.666666666666664
730,5.333333333333333,23.0,2.6666666666666665,10.666666666666666,17.666666666666668,9.666666666666666,18.666666666666668,19.333333333333332
731,0.3333333333333333,7.0,0.3333333333333333,1.6666666666666667,3.3333333333333335,1.6666666666666667,4.666666666666667,5.0
732,2.0,10.666666666666666,3.0,4.666666666666667,4.666666666666667,4.666666666666667,5.666666666666667,6.666666666666667
733,0.3333333333333333,10.666666666666666,0.3333333333333333,1.3333333333333333,3.3333333333333335,1.3333333333333333,9.666666666666666,5.333333333333333
734,10.666666666666666,17.0,8.333333333333334,13.666666666666666,8.0,13.333333333333334,10.333333333333334,11.333333333333334
735,1.3333333333333333,11.666666666666666,1.0,3.6666666666666665,6.333333333333333,3.3333333333333335,4.666666666666667,12.333333333333334
736,7.666666666666667,19.666666666666668,6.333333333333333,10.333333333333334,10.0,11.666666666666666,7.666666666666667,13.0
737,3.3333333333333335,6.0,1.3333333333333333,3.3333333333333335,3.3333333333333335,4.333333333333333,3.3333333333333335,6.333333333333333
738,3.3333333333333335,7.333333333333333,2.0,6.0,4.0,6.333333333333333,4.0,3.3333333333333335
739,3.6666666666666665,7.0,2.3333333333333335,6.666666666666667,3.3333333333333335,7.0,4.0,4.666666666666667
740,1.3333333333333333,8.0,1.0,2.0,0.3333333333333333,2.0,1.3333333333333333,3.3333333333333335
741,10.333333333333334,21.0,5.666666666666667,12.666666666666666,11.333333333333334,9.666666666666666,10.0,15.0
742,12.666666666666666,28.333333333333332,9.333333333333334,13.666666666666666,13.333333333333334,10.333333333333334,14.666666666666666,25.333333333333332
743,3.0,16.0,2.0,4.666666666666667,11.0,4.666666666666667,7.666666666666667,12.0
744,0.6666666666666666,0.6666666666666666,0.3333333333333333,4.0,0.3333333333333333,3.6666666666666665,0.3333333333333333,0.6666666666666666
745,1.6666666666666667,12.333333333333334,1.3333333333333333,5.666666666666667,7.666666666666667,4.333333333333333,7.333333333333333,7.333333333333333
746,4.0,8.333333333333334,2.0,6.0,8.333333333333334,4.666666666666667,6.666666666666667,7.333333333333333
747,5.0,12.666666666666666,4.666666666666667,9.333333333333334,9.666666666666666,6.333333333333333,8.0,7.666666666666667
748,8.0,15.666666666666666,5.0,14.333333333333334,9.333333333333334,11.666666666666666,12.0,15.0
749,0.3333333333333333,4.0,1.0,1.6666666666666667,2.0,2.0,1.6666666666666667,4.666666666666667
750,2.6666666666666665,5.0,2.0,4.0,4.333333333333333,5.0,2.3333333333333335,3.6666666666666665
751,1.0,4.333333333333333,0.6666666666666666,1.6666666666666667,3.6666666666666665,8.0,2.3333333333333335,2.0
752,1.0,6.333333333333333,0.3333333333333333,0.3333333333333333,6.666666666666667,1.3333333333333333,1.6666666666666667,1.6666666666666667
753,1.6666666666666667,5.0,2.6666666666666665,3.3333333333333335,4.666666666666667,3.0,4.333333333333333,5.333333333333333
754,0.6666666666666666,5.0,0.0,1.3333333333333333,3.6666666666666665,0.6666666666666666,2.3333333333333335,2.6666666666666665
755,1.6666666666666667,2.3333333333333335,1.0,2.0,1.0,1.6666666666666667,0.6666666666666666,2.6666666666666665
756,10.333333333333334,29.0,6.666666666666667,12.666666666666666,18.333333333333332,13.0,15.333333333333334,18.666666666666668
757,3.3333333333333335,8.333333333333334,3.0,5.333333333333333,4.0,5.333333333333333,3.6666666666666665,8.333333333333334
758,0.3333333333333333,1.0,0.0,1.3333333333333333,1.3333333333333333,1.0,1.0,3.0
759,0.3333333333333333,3.6666666666666665,0.3333333333333333,1.6666666666666667,4.666666666666667,2.0,2.6666666666666665,3.0
760,4.333333333333333,7.0,2.0,4.0,7.0,3.6666666666666665,4.666666666666667,7.666666666666667
761,1.3333333333333333,3.3333333333333335,1.0,1.3333333333333333,4.0,0.6666666666666666,2.3333333333333335,2.0
762,7.666666666666667,3.0,9.0,8.666666666666666,2.3333333333333335,8.666666666666666,2.0,1.6666666666666667
763,1.6666666666666667,4.333333333333333,1.0,2.0,3.6666666666666665,1.6666666666666667,3.3333333333333335,2.6666666666666665
764,2.3333333333333335,7.333333333333333,1.3333333333333333,2.6666666666666665,6.666666666666667,2.3333333333333335,5.666666666666667,7.333333333333333
765,3.3333333333333335,14.0,4.0,9.0,11.333333333333334,7.0,5.333333333333333,7.333333333333333
766,7.0,19.0,5.333333333333333,11.666666666666666,13.333333333333334,11.666666666666666,9.333333333333334,62.666666666666664
767,1.6666666666666667,7.0,1.3333333333333333,3.0,3.0,4.0,3.0,8.333333333333334
768,2.3333333333333335,6.333333333333333,2.3333333333333335,6.666666666666667,7.666666666666667,7.333333333333333,5.666666666666667,10.0
769,1.3333333333333333,13.666666666666666,1.6666666666666667,1.3333333333333333,12.0,1.3333333333333333,1.3333333333333333,2.6666666666666665
770,13.0,34.666666666666664,6.333333333333333,21.0,25.666666666666668,17.0,23.0,33.333333333333336
771,0.6666666666666666,3.0,0.3333333333333333,1.3333333333333333,2.0,1.3333333333333333,1.0,3.6666666666666665
772,3.3333333333333335,2.3333333333333335,3.3333333333333335,4.0,1.0,4.0,3.6666666666666665,1.3333333333333333
773,0.6666666666666666,2.0,0.6666666666666666,2.3333333333333335,1.3333333333333333,2.3333333333333335,0.6666666666666666,1.6666666666666667
774,0.6666666666666666,1.6666666666666667,0.6666666666666666,2.3333333333333335,1.6666666666666667,2.3333333333333335,1.0,1.3333333333333333
775,0.3333333333333333,1.3333333333333333,0.6666666666666666,0.6666666666666666,1.6666666666666667,1.0,1.3333333333333333,3.0
776,4.333333333333333,12.333333333333334,3.6666666666666665,9.333333333333334,7.666666666666667,7.333333333333333,6.666666666666667,13.333333333333334
777,3.6666666666666665,4.0,2.3333333333333335,2.6666666666666665,2.3333333333333335,3.0,3.0,4.666666666666667
778,8.0,12.666666666666666,6.666666666666667,10.666666666666666,8.0,9.0,7.333333333333333,11.0
779,3.0,9.0,2.0,5.333333333333333,4.666666666666667,13.666666666666666,14.0,6.666666666666667
780,2.6666666666666665,5.0,0.6666666666666666,2.3333333333333335,2.0,1.6666666666666667,0.3333333333333333,5.666666666666667
781,0.3333333333333333,1.3333333333333333,0.3333333333333333,2.0,1.3333333333333333,3.3333333333333335,0.6666666666666666,1.0
782,7.0,8.666666666666666,4.333333333333333,6.666666666666667,4.666666666666667,5.333333333333333,6.666666666666667,6.666666666666667
783,4.0,4.333333333333333,3.6666666666666665,4.666666666666667,3.3333333333333335,2.6666666666666665,4.666666666666667,4.0
784,2.3333333333333335,7.0,2.0,3.3333333333333335,4.666666666666667,3.0,5.0,5.333333333333333
785,5.333333333333333,10.333333333333334,3.3333333333333335,3.3333333333333335,6.0,2.3333333333333335,7.666666666666667,10.0
786,2.3333333333333335,3.6666666666666665,1.6666666666666667,2.3333333333333335,1.3333333333333333,2.0,1.6666666666666667,2.6666666666666665
787,0.3333333333333333,3.3333333333333335,0.0,0.3333333333333333,3.0,0.3333333333333333,2.6666666666666665,3.0
788,3.3333333333333335,9.666666666666666,1.0,4.0,8.0,5.0,5.333333333333333,9.333333333333334
789,1.3333333333333333,2.3333333333333335,0.3333333333333333,1.6666666666666667,1.0,2.0,1.3333333333333333,3.3333333333333335
790,7.0,8.333333333333334,10.333333333333334,8.666666666666666,7.0,9.666666666666666,7.666666666666667,8.666666666666666
791,1.3333333333333333,3.0,0.3333333333333333,1.6666666666666667,1.3333333333333333,1.0,2.0,3.3333333333333335
792,1.3333333333333333,14.666666666666666,0.3333333333333333,2.0,1.0,2.0,1.6666666666666667,2.6666666666666665
793,0.3333333333333333,2.6666666666666665,1.0,1.3333333333333333,2.0,1.6666666666666667,0.6666666666666666,3.6666666666666665
794,2.0,1.0,1.0,9.0,1.3333333333333333,2.3333333333333335,0.6666666666666666,0.6666666666666666
795,1.6666666666666667,8.0,1.3333333333333333,5.333333333333333,3.6666666666666665,4.0,16.333333333333332,5.0
796,1.6666666666666667,5.666666666666667,1.3333333333333333,1.6666666666666667,3.6666666666666665,1.6666666666666667,3.6666666666666665,17.333333333333332
797,6.666666666666667,0.6666666666666666,6.666666666666667,7.333333333333333,0.3333333333333333,7.666666666666667,1.3333333333333333,2.6666666666666665
798,1.3333333333333333,4.0,2.3333333333333335,3.0,2.0,2.6666666666666665,2.3333333333333335,3.0
799,0.6666666666666666,0.3333333333333333,1.0,4.0,0.0,4.0,0.6666666666666666,3.3333333333333335
800,2.3333333333333335,3.0,1.6666666666666667,3.0,2.3333333333333335,1.6666666666666667,4.333333333333333,3.0
801,0.3333333333333333,2.3333333333333335,1.0,0.0,2.0,0.0,1.6666666666666667,6.333333333333333
802,13.0,15.333333333333334,9.0,14.333333333333334,10.666666666666666,10.333333333333334,8.666666666666666,15.333333333333334
803,14.666666666666666,30.0,72.0,17.666666666666668,21.333333333333332,20.0,12.666666666666666,26.333333333333332
804,2.0,3.6666666666666665,1.3333333333333333,2.3333333333333335,1.3333333333333333,2.6666666666666665,2.3333333333333335,3.3333333333333335
805,3.3333333333333335,8.666666666666666,2.6666666666666665,6.333333333333333,5.333333333333333,3.3333333333333335,4.333333333333333,8.0
806,1.3333333333333333,4.0,2.0,4.0,2.0,2.3333333333333335,1.0,5.0
807,0.6666666666666666,4.666666666666667,0.3333333333333333,1.0,3.6666666666666665,0.3333333333333333,2.6666666666666665,5.333333333333333
808,0.6666666666666666,4.0,0.6666666666666666,0.6666666666666666,3.0,1.0,1.3333333333333333,2.0
809,1.6666666666666667,8.666666666666666,1.0,2.3333333333333335,8.333333333333334,1.3333333333333333,7.0,9.0
810,1.6666666666666667,0.6666666666666666,1.6666666666666667,1.6666666666666667,0.6666666666666666,1.6666666666666667,0.3333333333333333,3.0
811,0.3333333333333333,3.3333333333333335,0.3333333333333333,1.0,2.6666666666666665,1.0,1.3333333333333333,2.3333333333333335
812,1.3333333333333333,8.666666666666666,1.0,2.6666666666666665,8.333333333333334,2.3333333333333335,1.3333333333333333,2.3333333333333335
813,1.6666666666666667,1.6666666666666667,1.0,2.6666666666666665,1.3333333333333333,2.0,1.3333333333333333,1.6666666666666667
814,2.6666666666666665,3.0,3.0,4.333333333333333,2.6666666666666665,5.0,2.6666666666666665,4.0
815,0.0,7.333333333333333,0.0,0.6666666666666666,1.0,2.0,1.0,0.3333333333333333
816,0.3333333333333333,3.6666666666666665,0.6666666666666666,2.6666666666666665,2.0,3.0,1.6666666666666667,1.6666666666666667
817,0.6666666666666666,2.0,1.3333333333333333,3.0,2.0,2.0,1.3333333333333333,3.0
818,0.3333333333333333,2.0,0.3333333333333333,2.0,1.3333333333333333,2.0,1.3333333333333333,3.3333333333333335
819,3.0,1.0,3.6666666666666665,3.3333333333333335,0.0,0.6666666666666666,0.6666666666666666,0.3333333333333333
820,12.333333333333334,11.0,8.0,14.333333333333334,9.0,38.666666666666664,7.333333333333333,11.333333333333334
821,5.666666666666667,5.0,4.0,8.0,3.6666666666666665,9.333333333333334,5.0,7.333333333333333
822,1.3333333333333333,0.6666666666666666,0.6666666666666666,1.0,1.6666666666666667,2.0,0.3333333333333333,4.333333333333333
823,0.6666666666666666,1.6666666666666667,1.3333333333333333,0.6666666666666666,1.0,3.0,0.0,4.333333333333333
824,1.3333333333333333,1.0,0.3333333333333333,0.6666666666666666,1.3333333333333333,2.3333333333333335,0.0,3.6666666666666665
825,3.0,2.6666666666666665,1.0,3.6666666666666665,2.0,3.0,2.0,4.0
826,2.3333333333333335,9.666666666666666,5.0,4.333333333333333,5.666666666666667,3.3333333333333335,7.0,2.0
827,7.0,5.333333333333333,4.666666666666667,8.0,3.6666666666666665,5.333333333333333,3.6666666666666665,5.666666666666667
828,14.0,15.666666666666666,7.666666666666667,19.333333333333332,9.0,13.333333333333334,11.0,14.0
829,1.6666666666666667,3.6666666666666665,0.3333333333333333,1.3333333333333333,3.0,0.0,1.0,6.0
830,1.3333333333333333,3.0,1.0,0.6666666666666666,0.6666666666666666,1.3333333333333333,1.6666666666666667,9.333333333333334
831,0.3333333333333333,2.0,0.6666666666666666,3.0,1.0,1.3333333333333333,1.3333333333333333,3.0
832,4.0,2.0,1.3333333333333333,5.333333333333333,1.6666666666666667,3.6666666666666665,7.333333333333333,2.0
833,4.666666666666667,3.0,3.6666666666666665,6.666666666666667,2.0,3.3333333333333335,2.6666666666666665,2.6666666666666665
834,3.3333333333333335,5.0,2.3333333333333335,5.0,2.6666666666666665,4.0,2.6666666666666665,5.333333333333333
835,2.3333333333333335,1.6666666666666667,1.3333333333333333,3.0,1.3333333333333333,1.3333333333333333,1.6666666666666667,4.0
836,1.0,4.666666666666667,1.6666666666666667,2.3333333333333335,3.3333333333333335,2.0,2.0,3.3333333333333335
837,3.3333333333333335,9.333333333333334,3.0,2.3333333333333335,3.3333333333333335,3.3333333333333335,3.0,6.333333333333333
838,3.6666666666666665,9.0,2.3333333333333335,5.333333333333333,5.333333333333333,6.0,5.0,4.333333333333333
839,11.0,6.0,6.0,10.0,6.333333333333333,9.0,6.333333333333333,7.333333333333333
840,3.6666666666666665,5.0,2.6666666666666665,6.333333333333333,5.333333333333333,5.0,4.666666666666667,5.0
841,3.0,1.6666666666666667,1.3333333333333333,3.0,1.0,2.0,2.3333333333333335,2.0
842,2.0,4.333333333333333,1.3333333333333333,4.0,4.0,3.3333333333333335,4.0,2.6666666666666665
843,4.666666666666667,4.666666666666667,2.3333333333333335,5.333333333333333,2.3333333333333335,3.6666666666666665,5.0,4.0
844,6.0,2.3333333333333335,2.6666666666666665,5.0,1.0,4.333333333333333,10.0,1.6666666666666667
845,3.6666666666666665,4.0,2.0,4.0,1.0,3.0,2.0,2.0
846,1.6666666666666667,3.6666666666666665,1.3333333333333333,3.0,3.3333333333333335,4.333333333333333,1.6666666666666667,3.3333333333333335
847,1.3333333333333333,4.333333333333333,2.0,2.3333333333333335,3.0,2.0,1.0,5.333333333333333
848,2.0,2.3333333333333335,1.0,2.3333333333333335,1.0,2.6666666666666665,1.0,4.333333333333333
849,2.0,1.6666666666666667,0.6666666666666666,3.0,0.3333333333333333,2.3333333333333335,0.3333333333333333,2.3333333333333335
850,1.6666666666666667,3.6666666666666665,0.6666666666666666,2.6666666666666665,1.3333333333333333,2.0,3.0,3.6666666666666665
851,18.0,14.333333333333334,7.0,17.333333333333332,11.0,13.0,11.333333333333334,38.666666666666664
852,3.0,4.666666666666667,3.0,4.0,4.0,3.0,3.6666666666666665,4.666666666666667
853,1.6666666666666667,2.6666666666666665,1.6666666666666667,3.0,3.3333333333333335,2.3333333333333335,2.0,2.3333333333333335
854,2.3333333333333335,2.3333333333333335,0.6666666666666666,2.0,2.6666666666666665,2.6666666666666665,1.3333333333333333,2.6666666666666665
855,4.0,3.6666666666666665,1.6666666666666667,3.0,4.0,2.0,2.6666666666666665,4.666666666666667
856,0.6666666666666666,2.0,1.6666666666666667,1.3333333333333333,2.3333333333333335,1.3333333333333333,1.0,2.6666666666666665
857,0.6666666666666666,2.0,0.6666666666666666,0.6666666666666666,1.0,0.6666666666666666,1.6666666666666667,5.0
858,3.0,5.0,2.3333333333333335,3.0,3.0,3.3333333333333335,1.0,2.6666666666666665
859,1.0,2.3333333333333335,0.3333333333333333,2.0,1.3333333333333333,1.3333333333333333,1.3333333333333333,2.0
860,1.0,2.0,0.3333333333333333,1.0,1.6666666666666667,1.3333333333333333,2.0,1.0
861,8.666666666666666,12.0,4.333333333333333,9.666666666666666,7.0,10.0,6.333333333333333,9.0
862,8.0,8.333333333333334,3.3333333333333335,7.0,5.666666666666667,9.333333333333334,4.666666666666667,9.0
863,5.666666666666667,8.333333333333334,4.333333333333333,5.666666666666667,4.666666666666667,8.0,4.666666666666667,6.333333333333333
864,8.666666666666666,18.0,4.666666666666667,9.666666666666666,10.666666666666666,6.333333333333333,8.666666666666666,9.666666666666666
865,44.0,72.66666666666667,35.333333333333336,50.333333333333336,53.0,46.333333333333336,39.333333333333336,64.66666666666667
866,1.0,2.0,0.3333333333333333,1.0,1.3333333333333333,1.0,1.3333333333333333,3.0
867,1.0,3.0,2.0,1.3333333333333333,3.3333333333333335,1.0,1.0,3.0
868,6.666666666666667,8.0,2.6666666666666665,7.333333333333333,7.333333333333333,6.0,4.333333333333333,9.666666666666666
869,2.0,1.0,1.6666666666666667,2.3333333333333335,0.3333333333333333,1.3333333333333333,0.0,1.0
870,1.3333333333333333,2.0,0.6666666666666666,1.6666666666666667,1.3333333333333333,1.3333333333333333,1.3333333333333333,1.0
871,3.0,7.333333333333333,1.0,3.0,4.0,1.3333333333333333,2.3333333333333335,6.333333333333333
872,0.6666666666666666,5.0,1.0,2.6666666666666665,3.6666666666666665,2.0,3.6666666666666665,4.0
873,1.0,4.0,1.3333333333333333,1.6666666666666667,4.0,3.0,1.3333333333333333,3.3333333333333335
874,2.3333333333333335,3.6666666666666665,1.3333333333333333,2.3333333333333335,4.333333333333333,3.3333333333333335,2.3333333333333335,4.333333333333333
875,3.3333333333333335,8.333333333333334,2.0,6.0,4.666666666666667,3.0,3.0,5.0
876,4.333333333333333,4.666666666666667,1.0,2.0,3.6666666666666665,3.0,2.0,2.6666666666666665
877,1.0,1.6666666666666667,0.3333333333333333,5.333333333333333,1.0,5.0,2.0,1.0
878,1.0,3.0,0.6666666666666666,3.0,2.6666666666666665,1.6666666666666667,1.0,3.3333333333333335
879,1.0,3.0,1.0,3.0,2.6666666666666665,1.6666666666666667,1.0,3.3333333333333335
880,1.3333333333333333,3.3333333333333335,1.3333333333333333,2.0,3.0,1.6666666666666667,3.0,1.6666666666666667
881,2.3333333333333335,1.6666666666666667,1.0,2.6666666666666665,1.3333333333333333,2.6666666666666665,0.6666666666666666,1.3333333333333333
882,5.666666666666667,4.666666666666667,3.6666666666666665,5.0,3.3333333333333335,6.666666666666667,3.6666666666666665,5.0
883,2.0,1.3333333333333333,4.666666666666667,1.6666666666666667,1.3333333333333333,1.6666666666666667,5.0,4.666666666666667
884,13.666666666666666,13.666666666666666,7.0,11.666666666666666,8.0,11.666666666666666,7.333333333333333,10.0
885,12.666666666666666,23.333333333333332,6.0,16.333333333333332,12.666666666666666,13.333333333333334,10.333333333333334,15.666666666666666
886,2.6666666666666665,5.333333333333333,1.3333333333333333,3.6666666666666665,3.0,3.6666666666666665,3.0,5.333333333333333
887,2.3333333333333335,4.333333333333333,1.3333333333333333,3.3333333333333335,2.0,1.6666666666666667,8.0,2.3333333333333335
888,2.3333333333333335,3.6666666666666665,1.0,2.6666666666666665,3.0,1.0,0.6666666666666666,3.6666666666666665
889,3.3333333333333335,2.0,0.6666666666666666,2.0,0.6666666666666666,2.6666666666666665,1.0,1.6666666666666667
890,4.666666666666667,8.0,2.3333333333333335,7.333333333333333,6.333333333333333,4.666666666666667,5.666666666666667,8.666666666666666
891,9.666666666666666,10.666666666666666,7.333333333333333,12.333333333333334,5.0,10.666666666666666,3.6666666666666665,10.666666666666666
892,6.0,3.0,14.0,8.333333333333334,2.0,15.666666666666666,2.0,4.0
893,2.0,1.6666666666666667,1.3333333333333333,2.6666666666666665,1.3333333333333333,1.6666666666666667,1.0,1.0
894,3.3333333333333335,3.6666666666666665,1.3333333333333333,4.0,3.6666666666666665,5.0,4.333333333333333,4.333333333333333
895,7.333333333333333,2.3333333333333335,4.0,5.333333333333333,2.0,3.0,3.6666666666666665,5.666666666666667
896,1.3333333333333333,1.0,2.0,1.3333333333333333,0.6666666666666666,1.6666666666666667,1.0,1.6666666666666667
897,2.3333333333333335,1.3333333333333333,1.6666666666666667,1.3333333333333333,0.6666666666666666,2.0,1.3333333333333333,0.6666666666666666
898,3.0,2.0,1.6666666666666667,3.6666666666666665,1.6666666666666667,2.3333333333333335,2.3333333333333335,2.6666666666666665
899,3.6666666666666665,8.333333333333334,2.6666666666666665,5.333333333333333,2.0,5.0,3.0,2.6666666666666665
900,6.333333333333333,11.0,3.6666666666666665,11.0,9.0,10.333333333333334,6.666666666666667,7.666666666666667
901,3.0,0.6666666666666666,1.3333333333333333,4.666666666666667,0.6666666666666666,2.0,0.3333333333333333,3.3333333333333335
902,2.6666666666666665,2.3333333333333335,1.6666666666666667,2.6666666666666665,3.3333333333333335,2.3333333333333335,1.6666666666666667,4.0
903,12.0,15.666666666666666,6.666666666666667,14.333333333333334,6.666666666666667,11.333333333333334,8.333333333333334,10.0
904,3.0,3.0,1.6666666666666667,5.333333333333333,3.3333333333333335,4.333333333333333,3.0,4.666666666666667
905,3.0,4.0,1.0,3.0,3.0,3.6666666666666665,2.6666666666666665,3.3333333333333335
906,2.3333333333333335,4.0,2.6666666666666665,3.0,10.333333333333334,4.0,2.0,2.3333333333333335
907,2.6666666666666665,8.333333333333334,2.0,2.6666666666666665,7.333333333333333,1.3333333333333333,6.666666666666667,3.0
908,2.0,3.0,2.0,2.3333333333333335,4.0,1.6666666666666667,2.3333333333333335,3.0
909,4.666666666666667,4.666666666666667,2.6666666666666665,4.0,5.666666666666667,3.0,5.0,5.666666666666667
910,3.6666666666666665,5.0,2.6666666666666665,4.666666666666667,4.0,4.333333333333333,3.0,3.0
911,3.0,2.3333333333333335,1.0,4.333333333333333,0.3333333333333333,3.6666666666666665,0.6666666666666666,1.0
912,2.3333333333333335,1.3333333333333333,1.0,4.0,1.3333333333333333,2.0,1.0,1.6666666666666667
913,6.333333333333333,11.0,3.3333333333333335,7.333333333333333,3.6666666666666665,5.666666666666667,5.333333333333333,6.333333333333333
914,2.6666666666666665,1.3333333333333333,1.6666666666666667,2.3333333333333335,0.0,2.0,0.6666666666666666,2.0
915,2.3333333333333335,3.0,1.0,2.3333333333333335,2.3333333333333335,1.0,1.3333333333333333,3.3333333333333335
916,1.6666666666666667,1.3333333333333333,2.0,1.6666666666666667,1.0,2.3333333333333335,0.3333333333333333,1.0
917,0.6666666666666666,2.0,3.0,1.6666666666666667,1.0,2.6666666666666665,0.0,0.6666666666666666
918,1.3333333333333333,2.3333333333333335,0.3333333333333333,0.3333333333333333,1.6666666666666667,1.0,1.6666666666666667,2.3333333333333335
919,4.0,5.666666666666667,2.3333333333333335,2.0,4.0,2.0,3.0,4.666666666666667
920,1.3333333333333333,7.333333333333333,0.3333333333333333,0.6666666666666666,1.6666666666666667,1.6666666666666667,1.3333333333333333,2.6666666666666665
921,4.666666666666667,7.333333333333333,5.333333333333333,5.666666666666667,6.333333333333333,5.333333333333333,2.6666666666666665,6.333333333333333
922,4.333333333333333,10.333333333333334,2.6666666666666665,5.666666666666667,4.666666666666667,5.666666666666667,3.0,4.0
923,3.6666666666666665,3.3333333333333335,3.3333333333333335,2.6666666666666665,2.0,1.3333333333333333,1.0,0.0
924,2.0,4.333333333333333,2.0,3.6666666666666665,2.3333333333333335,2.3333333333333335,1.3333333333333333,1.6666666666666667
925,0.0,4.666666666666667,5.333333333333333,5.0,5.666666666666667,1.0,0.6666666666666666,0.6666666666666666
926,6.666666666666667,4.666666666666667,4.333333333333333,6.666666666666667,4.666666666666667,5.333333333333333,2.6666666666666665,5.666666666666667
927,12.0,11.0,3.6666666666666665,11.666666666666666,3.0,7.666666666666667,6.333333333333333,7.333333333333333
928,2.3333333333333335,3.0,1.6666666666666667,2.0,1.0,0.6666666666666666,1.0,2.0
929,5.333333333333333,8.0,3.6666666666666665,5.666666666666667,3.6666666666666665,7.333333333333333,3.3333333333333335,6.666666666666667
930,2.3333333333333335,2.6666666666666665,2.0,3.0,1.3333333333333333,2.0,2.0,1.6666666666666667
931,7.666666666666667,6.0,3.0,9.333333333333334,5.0,9.666666666666666,3.6666666666666665,5.0
932,3.3333333333333335,5.666666666666667,1.6666666666666667,2.6666666666666665,5.0,16.0,3.0,4.666666666666667
933,1.3333333333333333,2.0,0.6666666666666666,2.6666666666666665,1.0,2.3333333333333335,1.3333333333333333,1.6666666666666667
934,4.666666666666667,4.666666666666667,3.6666666666666665,3.3333333333333335,2.6666666666666665,4.666666666666667,1.6666666666666667,3.3333333333333335
935,1.3333333333333333,1.3333333333333333,1.6666666666666667,1.3333333333333333,1.3333333333333333,2.3333333333333335,0.6666666666666666,1.0
936,0.6666666666666666,2.0,1.6666666666666667,0.6666666666666666,2.3333333333333335,1.6666666666666667,0.3333333333333333,3.0
937,2.0,3.6666666666666665,1.0,2.0,3.3333333333333335,3.6666666666666665,1.6666666666666667,3.6666666666666665
938,2.6666666666666665,4.666666666666667,1.0,3.6666666666666665,1.6666666666666667,3.0,1.3333333333333333,2.6666666666666665
939,4.333333333333333,4.0,3.0,4.0,1.6666666666666667,3.0,1.0,2.6666666666666665
940,4.333333333333333,2.6666666666666665,2.0,4.666666666666667,1.6666666666666667,2.3333333333333335,1.6666666666666667,2.6666666666666665
941,3.6666666666666665,6.0,3.3333333333333335,4.333333333333333,1.0,4.666666666666667,1.6666666666666667,2.6666666666666665
942,1.3333333333333333,1.6666666666666667,1.0,1.0,1.3333333333333333,0.0,2.0,2.0
943,2.6666666666666665,2.6666666666666665,2.0,3.3333333333333335,0.3333333333333333,2.3333333333333335,1.0,1.3333333333333333
944,3.3333333333333335,5.0,1.3333333333333333,2.3333333333333335,5.0,4.333333333333333,3.6666666666666665,3.6666666666666665
945,8.666666666666666,10.333333333333334,5.666666666666667,9.333333333333334,9.333333333333334,12.0,5.666666666666667,7.666666666666667
946,0.6666666666666666,4.666666666666667,0.3333333333333333,1.6666666666666667,2.3333333333333335,6.333333333333333,1.3333333333333333,3.3333333333333335
947,1.6666666666666667,2.3333333333333335,1.6666666666666667,1.6666666666666667,1.0,2.0,1.3333333333333333,2.3333333333333335
948,3.0,2.3333333333333335,0.0,2.6666666666666665,2.0,1.3333333333333333,3.0,3.6666666666666665
949,4.333333333333333,8.333333333333334,1.6666666666666667,5.666666666666667,6.0,7.333333333333333,6.333333333333333,5.666666666666667
950,7.666666666666667,7.333333333333333,7.0,7.0,5.333333333333333,8.0,2.6666666666666665,5.666666666666667
951,2.0,2.6666666666666665,0.3333333333333333,1.0,1.0,0.6666666666666666,0.3333333333333333,1.6666666666666667
952,5.0,8.333333333333334,5.0,5.333333333333333,6.666666666666667,8.333333333333334,4.333333333333333,8.333333333333334
953,0.3333333333333333,1.6666666666666667,0.3333333333333333,1.3333333333333333,2.3333333333333335,1.0,1.6666666666666667,2.0
954,0.6666666666666666,2.0,2.3333333333333335,1.3333333333333333,1.6666666666666667,0.3333333333333333,1.0,1.6666666666666667
955,2.6666666666666665,2.3333333333333335,1.0,2.6666666666666665,1.3333333333333333,1.6666666666666667,1.3333333333333333,1.6666666666666667
956,3.3333333333333335,4.333333333333333,2.6666666666666665,4.666666666666667,2.0,3.6666666666666665,4.0,4.0
957,3.0,3.3333333333333335,2.0,3.6666666666666665,3.6666666666666665,2.0,0.3333333333333333,6.0
958,2.6666666666666665,3.0,2.3333333333333335,3.0,4.333333333333333,5.666666666666667,1.3333333333333333,3.0
959,2.3333333333333335,1.6666666666666667,3.0,2.6666666666666665,0.6666666666666666,3.3333333333333335,0.3333333333333333,0.6666666666666666
960,1.3333333333333333,1.6666666666666667,1.3333333333333333,1.3333333333333333,2.0,1.6666666666666667,1.3333333333333333,1.6666666666666667
961,0.6666666666666666,1.6666666666666667,1.6666666666666667,1.6666666666666667,1.0,2.0,2.0,2.3333333333333335
962,1.6666666666666667,1.3333333333333333,0.6666666666666666,1.0,0.3333333333333333,1.0,0.3333333333333333,1.3333333333333333
963,3.0,5.0,1.6666666666666667,2.6666666666666665,3.0,2.0,2.3333333333333335,2.6666666666666665
964,1.6666666666666667,1.0,1.6666666666666667,1.6666666666666667,2.0,3.6666666666666665,1.0,1.3333333333333333
965,2.3333333333333335,12.0,0.6666666666666666,2.6666666666666665,11.0,2.3333333333333335,9.333333333333334,11.0
966,0.6666666666666666,3.6666666666666665,0.0,1.3333333333333333,1.6666666666666667,1.0,2.6666666666666665,2.0
967,7.0,8.0,3.0,6.666666666666667,4.0,7.333333333333333,5.333333333333333,4.333333333333333
968,5.333333333333333,9.0,3.3333333333333335,7.333333333333333,6.333333333333333,5.666666666666667,2.3333333333333335,6.0
969,1.0,1.3333333333333333,0.0,1.0,0.6666666666666666,4.333333333333333,1.6666666666666667,0.0
970,1.6666666666666667,2.3333333333333335,1.3333333333333333,2.6666666666666665,4.0,4.666666666666667,2.0,3.3333333333333335
971,2.6666666666666665,3.0,0.3333333333333333,1.6666666666666667,4.666666666666667,3.3333333333333335,2.0,3.0
972,1.0,2.0,0.6666666666666666,1.3333333333333333,1.3333333333333333,7.333333333333333,0.3333333333333333,1.6666666666666667
973,0.6666666666666666,3.0,0.3333333333333333,1.0,1.6666666666666667,1.3333333333333333,0.6666666666666666,3.0
974,2.0,3.0,1.6666666666666667,2.6666666666666665,2.3333333333333335,4.0,2.0,2.3333333333333335
975,9.333333333333334,6.666666666666667,3.6666666666666665,8.0,4.333333333333333,6.0,5.333333333333333,6.666666666666667
976,6.333333333333333,5.333333333333333,5.0,4.333333333333333,3.6666666666666665,16.0,4.0,5.666666666666667
977,1.3333333333333333,1.6666666666666667,2.0,1.6666666666666667,2.6666666666666665,1.6666666666666667,1.3333333333333333,1.6666666666666667
978,6.333333333333333,4.0,2.6666666666666665,5.333333333333333,2.6666666666666665,4.0,1.6666666666666667,4.0
979,5.666666666666667,7.0,3.3333333333333335,18.333333333333332,3.3333333333333335,4.666666666666667,3.3333333333333335,3.0
980,1.3333333333333333,4.0,1.0,2.3333333333333335,2.3333333333333335,3.3333333333333335,0.6666666666666666,2.3333333333333335
981,2.3333333333333335,2.0,1.0,2.3333333333333335,0.3333333333333333,2.3333333333333335,0.6666666666666666,1.6666666666666667
982,6.0,5.333333333333333,3.6666666666666665,6.333333333333333,4.333333333333333,5.666666666666667,4.666666666666667,6.666666666666667
983,3.3333333333333335,2.3333333333333335,2.3333333333333335,2.3333333333333335,1.6666666666666667,2.3333333333333335,1.6666666666666667,3.0
984,4.666666666666667,5.0,2.6666666666666665,4.666666666666667,2.6666666666666665,4.0,3.3333333333333335,2.6666666666666665
985,3.0,2.6666666666666665,1.0,3.3333333333333335,1.6666666666666667,1.6666666666666667,0.6666666666666666,3.0
986,1.0,2.3333333333333335,1.0,0.6666666666666666,1.6666666666666667,1.0,1.3333333333333333,2.3333333333333335
987,0.6666666666666666,7.666666666666667,0.3333333333333333,1.6666666666666667,2.3333333333333335,2.3333333333333335,1.6666666666666667,2.3333333333333335
988,1.6666666666666667,2.3333333333333335,1.6666666666666667,2.6666666666666665,0.3333333333333333,2.0,1.3333333333333333,2.0
989,2.0,2.3333333333333335,0.6666666666666666,2.0,0.6666666666666666,2.0,0.0,1.3333333333333333
990,9.666666666666666,11.0,7.666666666666667,9.666666666666666,5.0,8.333333333333334,4.666666666666667,7.666666666666667
991,1.3333333333333333,1.6666666666666667,1.3333333333333333,1.3333333333333333,2.0,1.3333333333333333,1.0,2.3333333333333335
992,3.6666666666666665,3.6666666666666665,3.3333333333333335,4.0,1.0,3.3333333333333335,1.6666666666666667,1.3333333333333333
993,17.666666666666668,3.6666666666666665,11.0,17.666666666666668,1.3333333333333333,15.333333333333334,1.6666666666666667,1.6666666666666667
994,1.0,9.0,0.6666666666666666,1.3333333333333333,5.666666666666667,1.0,6.333333333333333,1.6666666666666667
995,2.0,2.0,1.6666666666666667,1.6666666666666667,1.3333333333333333,1.0,1.6666666666666667,2.0
996,12.333333333333334,12.666666666666666,7.333333333333333,12.666666666666666,7.0,10.333333333333334,7.333333333333333,9.333333333333334
997,5.0,1.0,0.6666666666666666,5.666666666666667,1.0,5.333333333333333,2.3333333333333335,1.6666666666666667
998,24.666666666666668,6.0,4.666666666666667,25.333333333333332,4.0,23.333333333333332,20.0,6.666666666666667
999,2.6666666666666665,2.0,0.6666666666666666,2.6666666666666665,1.3333333333333333,1.6666666666666667,2.6666666666666665,1.0
1000,1.6666666666666667,1.0,1.0,0.6666666666666666,4.333333333333333,1.3333333333333333,0.0,4.666666666666667
1001,3.3333333333333335,3.0,1.3333333333333333,3.6666666666666665,2.6666666666666665,2.6666666666666665,2.6666666666666665,2.6666666666666665
1002,2.3333333333333335,2.0,1.3333333333333333,2.0,1.3333333333333333,1.3333333333333333,1.6666666666666667,1.3333333333333333
1003,12.333333333333334,6.666666666666667,2.3333333333333335,15.0,3.6666666666666665,5.0,4.0,3.6666666666666665
1004,5.333333333333333,3.0,4.0,4.666666666666667,1.3333333333333333,2.3333333333333335,3.0,2.3333333333333335
1005,2.3333333333333335,1.3333333333333333,0.6666666666666666,2.3333333333333335,1.3333333333333333,1.6666666666666667,0.6666666666666666,1.3333333333333333
1006,4.666666666666667,2.0,1.3333333333333333,4.666666666666667,1.3333333333333333,3.6666666666666665,2.3333333333333335,1.0
1007,3.6666666666666665,2.3333333333333335,1.6666666666666667,2.6666666666666665,1.3333333333333333,2.6666666666666665,1.6666666666666667,3.0
1008,2.0,1.6666666666666667,0.6666666666666666,2.3333333333333335,0.0,2.0,2.3333333333333335,0.0
1009,25.666666666666668,24.0,11.666666666666666,27.666666666666668,14.666666666666666,20.0,12.666666666666666,20.0
1010,1.3333333333333333,2.3333333333333335,1.3333333333333333,2.0,2.0,2.3333333333333335,1.3333333333333333,1.3333333333333333
1011,3.3333333333333335,2.0,1.3333333333333333,3.3333333333333335,2.3333333333333335,4.0,1.6666666666666667,2.3333333333333335
1012,19.0,18.333333333333332,7.666666666666667,18.333333333333332,9.666666666666666,13.0,6.666666666666667,9.0
1013,4.666666666666667,6.0,4.0,4.0,3.0,3.3333333333333335,2.3333333333333335,3.0
1014,2.0,3.0,1.6666666666666667,1.6666666666666667,1.6666666666666667,1.6666666666666667,0.6666666666666666,2.0
1015,2.3333333333333335,5.333333333333333,4.0,3.3333333333333335,6.0,2.0,2.3333333333333335,6.333333333333333
1016,1.6666666666666667,3.3333333333333335,2.3333333333333335,3.3333333333333335,3.0,2.0,3.6666666666666665,2.6666666666666665
1017,1.0,2.3333333333333335,1.3333333333333333,1.6666666666666667,1.3333333333333333,1.3333333333333333,1.0,1.6666666666666667
1018,1.3333333333333333,1.3333333333333333,1.0,1.6666666666666667,0.6666666666666666,1.6666666666666667,1.6666666666666667,2.0
1019,1.0,2.3333333333333335,0.0,2.0,1.3333333333333333,1.6666666666666667,1.6666666666666667,1.6666666666666667
1020,1.3333333333333333,1.6666666666666667,1.0,3.6666666666666665,1.0,0.6666666666666666,1.0,1.3333333333333333
1021,3.0,3.0,3.6666666666666665,4.0,2.0,3.0,1.6666666666666667,3.0
1022,1.6666666666666667,4.333333333333333,1.3333333333333333,1.3333333333333333,2.0,1.0,1.6666666666666667,3.6666666666666665
1023,1.0,2.0,1.3333333333333333,1.0,0.3333333333333333,1.6666666666666667,0.6666666666666666,1.6666666666666667
1024,2.6666666666666665,2.3333333333333335,0.3333333333333333,2.0,0.3333333333333333,1.0,0.6666666666666666,0.3333333333333333
1025,2.6666666666666665,4.666666666666667,1.0,3.6666666666666665,3.0,1.6666666666666667,1.3333333333333333,3.3333333333333335
1026,3.3333333333333335,3.0,3.0,3.0,3.3333333333333335,4.0,1.3333333333333333,4.333333333333333
1027,1.0,1.6666666666666667,0.6666666666666666,1.6666666666666667,1.0,1.6666666666666667,1.0,1.3333333333333333
1028,6.666666666666667,0.3333333333333333,0.6666666666666666,1.0,0.6666666666666666,0.6666666666666666,6.333333333333333,1.3333333333333333
1029,0.6666666666666666,3.3333333333333335,0.6666666666666666,0.6666666666666666,2.3333333333333335,2.3333333333333335,0.3333333333333333,2.3333333333333335
1030,1.0,2.3333333333333335,0.3333333333333333,2.0,2.0,1.3333333333333333,0.6666666666666666,2.3333333333333335
1031,0.0,4.0,0.3333333333333333,1.0,2.0,1.6666666666666667,1.6666666666666667,1.3333333333333333
1032,2.0,1.6666666666666667,0.6666666666666666,2.0,1.3333333333333333,1.6666666666666667,1.3333333333333333,1.3333333333333333
1033,1.3333333333333333,1.6666666666666667,1.0,1.6666666666666667,1.0,2.3333333333333335,0.0,2.3333333333333335
1034,3.3333333333333335,6.0,2.3333333333333335,2.6666666666666665,4.0,2.0,3.0,4.333333333333333
1035,3.0,1.3333333333333333,1.0,2.6666666666666665,0.6666666666666666,2.0,1.0,1.6666666666666667
1036,1.6666666666666667,3.6666666666666665,1.3333333333333333,3.0,3.6666666666666665,2.6666666666666665,2.0,2.3333333333333335
1037,1.6666666666666667,2.6666666666666665,1.6666666666666667,2.3333333333333335,3.0,1.3333333333333333,1.0,2.6666666666666665
1038,1.6666666666666667,1.6666666666666667,1.0,2.0,1.0,1.6666666666666667,1.0,1.3333333333333333
1039,7.333333333333333,2.6666666666666665,6.666666666666667,7.333333333333333,1.3333333333333333,7.0,1.6666666666666667,3.0
1040,10.666666666666666,12.0,7.666666666666667,12.0,6.666666666666667,6.666666666666667,4.0,9.333333333333334
1041,8.333333333333334,6.0,4.333333333333333,9.333333333333334,4.0,4.333333333333333,4.666666666666667,6.0
1042,6.333333333333333,10.333333333333334,5.0,7.333333333333333,6.666666666666667,5.333333333333333,5.666666666666667,7.0
1043,2.6666666666666665,1.3333333333333333,1.0,1.6666666666666667,1.0,1.6666666666666667,1.0,1.0
1044,9.333333333333334,2.0,1.3333333333333333,2.0,2.3333333333333335,1.3333333333333333,0.6666666666666666,4.666666666666667
1045,3.3333333333333335,4.666666666666667,3.6666666666666665,2.0,3.3333333333333335,3.3333333333333335,2.6666666666666665,5.666666666666667
1046,6.333333333333333,0.3333333333333333,4.666666666666667,5.666666666666667,1.0,5.333333333333333,0.6666666666666666,0.0
1047,4.666666666666667,8.0,3.6666666666666665,6.0,5.333333333333333,4.333333333333333,3.3333333333333335,6.0
1048,1.6666666666666667,3.0,1.0,1.0,2.0,2.0,1.6666666666666667,3.0
1049,2.3333333333333335,3.0,2.6666666666666665,4.333333333333333,1.0,3.0,1.3333333333333333,1.3333333333333333
1050,0.6666666666666666,4.666666666666667,0.6666666666666666,1.3333333333333333,4.666666666666667,1.6666666666666667,1.6666666666666667,1.3333333333333333
1051,5.333333333333333,8.333333333333334,5.666666666666667,1.0,5.666666666666667,1.0,5.0,7.0
1052,3.0,1.6666666666666667,1.3333333333333333,3.0,0.3333333333333333,0.6666666666666666,2.0,1.6666666666666667
1053,3.3333333333333335,2.6666666666666665,3.0,3.0,2.0,2.3333333333333335,2.6666666666666665,2.6666666666666665
1054,1.3333333333333333,2.6666666666666665,1.0,1.3333333333333333,5.0,1.0,1.3333333333333333,2.6666666666666665
1055,1.0,1.0,1.0,2.0,1.6666666666666667,0.6666666666666666,0.6666666666666666,1.6666666666666667
1056,1.3333333333333333,5.333333333333333,1.3333333333333333,2.0,0.6666666666666666,1.0,0.0,1.3333333333333333
1057,1.3333333333333333,3.0,2.6666666666666665,1.3333333333333333,8.333333333333334,1.6666666666666667,3.0,7.666666666666667
1058,1.6666666666666667,6.333333333333333,3.0,3.0,5.0,2.3333333333333335,2.0,6.0
1059,2.6666666666666665,2.3333333333333335,2.3333333333333335,2.6666666666666665,2.0,2.0,1.3333333333333333,2.0
1060,5.0,4.333333333333333,3.0,3.3333333333333335,2.3333333333333335,2.6666666666666665,3.3333333333333335,1.6666666666666667
1061,1.0,2.6666666666666665,0.3333333333333333,2.3333333333333335,2.6666666666666665,0.3333333333333333,1.0,2.3333333333333335
1062,2.0,1.0,1.0,2.0,1.0,1.3333333333333333,0.3333333333333333,1.0
1063,1.0,2.6666666666666665,2.6666666666666665,4.333333333333333,2.3333333333333335,3.3333333333333335,2.6666666666666665,3.3333333333333335
1064,3.6666666666666665,3.6666666666666665,2.0,3.0,1.6666666666666667,2.0,3.6666666666666665,2.0
1065,2.0,2.0,2.0,2.0,0.6666666666666666,2.3333333333333335,0.6666666666666666,0.6666666666666666
1066,1.6666666666666667,0.6666666666666666,0.3333333333333333,1.3333333333333333,0.0,0.6666666666666666,1.3333333333333333,4.333333333333333
1067,1.6666666666666667,2.3333333333333335,2.3333333333333335,1.3333333333333333,1.3333333333333333,1.3333333333333333,1.0,2.6666666666666665
1068,2.3333333333333335,11.0,1.6666666666666667,8.333333333333334,3.0,2.0,2.6666666666666665,3.6666666666666665
1069,1.0,1.3333333333333333,0.3333333333333333,0.3333333333333333,1.0,1.0,0.6666666666666666,3.6666666666666665
1070,0.0,1.3333333333333333,0.0,0.3333333333333333,5.0,0.0,1.0,6.666666666666667
1071,1.0,4.333333333333333,0.6666666666666666,1.0,3.0,0.3333333333333333,2.0,4.333333333333333
1072,1.6666666666666667,1.3333333333333333,0.6666666666666666,1.3333333333333333,0.6666666666666666,1.0,1.0,1.6666666666666667
1073,1.3333333333333333,1.3333333333333333,0.6666666666666666,1.6666666666666667,0.6666666666666666,1.3333333333333333,3.6666666666666665,5.0
1074,1.0,4.333333333333333,0.3333333333333333,1.0,1.3333333333333333,1.3333333333333333,1.0,5.666666666666667
1075,2.6666666666666665,2.0,0.6666666666666666,2.0,1.0,0.3333333333333333,1.0,1.6666666666666667
1076,8.666666666666666,9.666666666666666,4.333333333333333,9.0,3.3333333333333335,4.666666666666667,4.666666666666667,4.666666666666667
1077,2.0,2.0,1.6666666666666667,3.6666666666666665,0.6666666666666666,4.0,1.3333333333333333,0.6666666666666666
1078,2.3333333333333335,1.0,2.6666666666666665,3.3333333333333335,0.0,3.0,0.6666666666666666,1.0
1079,2.6666666666666665,3.3333333333333335,1.0,2.3333333333333335,2.0,2.6666666666666665,1.3333333333333333,3.0
1080,49.666666666666664,21.333333333333332,9.666666666666666,22.0,8.666666666666666,20.666666666666668,12.0,13.333333333333334
1081,2.6666666666666665,5.666666666666667,1.0,3.0,0.6666666666666666,1.6666666666666667,1.0,1.0
1082,6.0,3.6666666666666665,4.333333333333333,5.666666666666667,2.6666666666666665,2.3333333333333335,2.0,2.3333333333333335
1083,5.666666666666667,0.6666666666666666,6.0,6.0,0.6666666666666666,5.0,0.3333333333333333,0.6666666666666666
1084,4.0,2.0,0.6666666666666666,1.3333333333333333,4.666666666666667,4.0,1.3333333333333333,2.3333333333333335
1085,3.3333333333333335,2.3333333333333335,1.3333333333333333,2.3333333333333335,0.3333333333333333,1.6666666666666667,0.6666666666666666,1.3333333333333333
1086,1.0,2.0,1.0,1.0,1.0,1.6666666666666667,1.3333333333333333,2.6666666666666665
1087,1.0,2.0,0.3333333333333333,0.6666666666666666,2.3333333333333335,1.3333333333333333,1.3333333333333333,2.0
1088,0.6666666666666666,3.0,0.6666666666666666,2.6666666666666665,2.0,0.6666666666666666,2.0,2.0
1089,0.6666666666666666,4.666666666666667,0.3333333333333333,0.6666666666666666,4.333333333333333,0.6666666666666666,3.6666666666666665,5.333333333333333
1090,3.6666666666666665,6.666666666666667,2.0,4.666666666666667,4.666666666666667,3.3333333333333335,3.0,7.0
1091,2.6666666666666665,1.3333333333333333,1.6666666666666667,2.6666666666666665,0.3333333333333333,2.6666666666666665,0.6666666666666666,1.0
1092,2.0,1.3333333333333333,1.3333333333333333,1.0,2.0,1.0,1.3333333333333333,1.6666666666666667
1093,1.6666666666666667,2.0,1.6666666666666667,1.6666666666666667,2.0,1.6666666666666667,2.0,1.6666666666666667
1094,2.6666666666666665,3.3333333333333335,2.0,3.0,2.0,2.3333333333333335,2.0,2.3333333333333335
1095,2.0,3.3333333333333335,2.0,2.3333333333333335,4.333333333333333,2.0,1.6666666666666667,3.0
1096,1.3333333333333333,2.6666666666666665,0.3333333333333333,2.3333333333333335,2.3333333333333335,2.3333333333333335,1.0,2.3333333333333335
1097,3.6666666666666665,1.0,3.0,4.666666666666667,0.3333333333333333,2.6666666666666665,1.0,6.0
1098,1.6666666666666667,0.6666666666666666,1.6666666666666667,2.0,0.3333333333333333,2.0,1.0,1.3333333333333333
1099,3.0,5.333333333333333,2.3333333333333335,2.6666666666666665,5.333333333333333,3.3333333333333335,2.3333333333333335,5.666666666666667
1100,4.0,6.333333333333333,3.0,4.333333333333333,4.0,3.6666666666666665,3.6666666666666665,5.666666666666667
1101,1.6666666666666667,0.3333333333333333,0.6666666666666666,1.3333333333333333,1.3333333333333333,1.6666666666666667,0.3333333333333333,2.6666666666666665
1102,1.3333333333333333,1.6666666666666667,1.0,2.3333333333333335,0.6666666666666666,1.3333333333333333,1.0,2.0
1103,1.6666666666666667,1.3333333333333333,1.0,2.0,1.3333333333333333,0.6666666666666666,1.6666666666666667,2.0
1104,1.3333333333333333,1.6666666666666667,0.6666666666666666,1.3333333333333333,1.6666666666666667,0.3333333333333333,1.3333333333333333,2.3333333333333335
1105,6.0,8.0,2.6666666666666665,7.666666666666667,3.3333333333333335,4.0,2.6666666666666665,5.0
1106,5.333333333333333,5.666666666666667,1.6666666666666667,4.666666666666667,2.0,3.6666666666666665,2.3333333333333335,4.0
1107,5.333333333333333,2.0,2.3333333333333335,3.6666666666666665,0.6666666666666666,1.6666666666666667,1.0,1.3333333333333333
1108,5.333333333333333,5.0,2.3333333333333335,4.0,3.6666666666666665,3.0,2.3333333333333335,4.333333333333333
1109,2.6666666666666665,3.3333333333333335,1.0,2.0,1.3333333333333333,1.0,0.6666666666666666,2.0
1110,12.0,19.0,8.0,15.333333333333334,14.333333333333334,11.333333333333334,11.0,17.0
1111,2.0,0.6666666666666666,1.3333333333333333,1.6666666666666667,0.3333333333333333,2.6666666666666665,0.3333333333333333,0.6666666666666666
1112,8.666666666666666,4.666666666666667,7.666666666666667,9.0,10.666666666666666,9.0,2.3333333333333335,12.333333333333334
1113,8.333333333333334,16.333333333333332,4.0,10.666666666666666,6.333333333333333,6.333333333333333,5.333333333333333,7.666666666666667
1114,1.6666666666666667,2.0,1.6666666666666667,1.6666666666666667,1.3333333333333333,2.0,1.0,3.3333333333333335
1115,3.6666666666666665,6.333333333333333,3.6666666666666665,5.0,5.333333333333333,5.0,2.0,4.333333333333333
1116,2.0,2.3333333333333335,1.0,0.6666666666666666,2.6666666666666665,1.3333333333333333,0.3333333333333333,4.0
1117,1.3333333333333333,3.0,0.0,2.0,2.6666666666666665,2.6666666666666665,0.6666666666666666,3.3333333333333335
1118,2.3333333333333335,1.6666666666666667,2.0,2.0,1.3333333333333333,2.3333333333333335,1.0,1.3333333333333333
1119,2.3333333333333335,2.3333333333333335,1.3333333333333333,3.6666666666666665,0.3333333333333333,2.0,0.3333333333333333,0.6666666666666666
1120,1.0,4.333333333333333,0.6666666666666666,1.6666666666666667,2.6666666666666665,0.6666666666666666,2.3333333333333335,2.0
1121,2.3333333333333335,5.333333333333333,1.6666666666666667,5.0,2.6666666666666665,4.0,1.6666666666666667,4.0
1122,3.6666666666666665,0.0,1.3333333333333333,2.6666666666666665,1.6666666666666667,3.0,0.3333333333333333,3.3333333333333335
1123,1.0,6.666666666666667,0.6666666666666666,2.0,3.0,1.0,3.0,3.6666666666666665
1124,2.6666666666666665,9.333333333333334,3.0,4.666666666666667,5.666666666666667,2.3333333333333335,3.3333333333333335,7.333333333333333
1125,0.3333333333333333,4.666666666666667,1.0,1.0,3.0,0.6666666666666666,0.0,3.0
1126,1.6666666666666667,3.0,0.6666666666666666,2.3333333333333335,1.6666666666666667,1.3333333333333333,2.0,2.0
1127,1.3333333333333333,3.6666666666666665,1.0,1.0,1.6666666666666667,0.6666666666666666,2.6666666666666665,3.3333333333333335
1128,11.333333333333334,10.666666666666666,1.6666666666666667,11.0,1.6666666666666667,3.0,9.333333333333334,2.6666666666666665
1129,3.0,1.3333333333333333,1.6666666666666667,3.3333333333333335,1.3333333333333333,2.6666666666666665,2.3333333333333335,2.0
1130,1.6666666666666667,0.6666666666666666,1.3333333333333333,1.6666666666666667,2.6666666666666665,1.6666666666666667,0.6666666666666666,2.6666666666666665
1131,1.6666666666666667,4.0,0.3333333333333333,2.6666666666666665,1.6666666666666667,3.3333333333333335,1.3333333333333333,1.6666666666666667
1132,4.0,3.3333333333333335,4.0,1.0,2.6666666666666665,2.0,1.0,2.3333333333333335
1133,2.0,3.3333333333333335,2.0,3.0,2.0,1.6666666666666667,0.6666666666666666,2.3333333333333335
1134,1.6666666666666667,2.0,1.6666666666666667,1.6666666666666667,2.0,5.0,1.0,1.6666666666666667
1135,1.6666666666666667,2.0,1.0,3.3333333333333335,0.6666666666666666,2.0,0.6666666666666666,2.3333333333333335
1136,3.0,3.0,0.6666666666666666,3.6666666666666665,1.6666666666666667,1.0,1.6666666666666667,1.6666666666666667
1137,1.0,2.3333333333333335,0.6666666666666666,1.0,1.0,1.3333333333333333,1.0,4.333333333333333
1138,3.0,2.3333333333333335,3.6666666666666665,3.6666666666666665,0.0,3.3333333333333335,0.6666666666666666,0.6666666666666666
1139,5.333333333333333,0.3333333333333333,5.666666666666667,3.6666666666666665,0.6666666666666666,3.6666666666666665,0.6666666666666666,0.6666666666666666
1140,4.0,0.0,4.333333333333333,2.6666666666666665,0.3333333333333333,2.3333333333333335,0.6666666666666666,0.3333333333333333
1141,13.333333333333334,3.6666666666666665,15.333333333333334,13.0,2.3333333333333335,10.666666666666666,2.3333333333333335,2.3333333333333335
1142,6.0,0.3333333333333333,6.333333333333333,4.333333333333333,0.6666666666666666,4.333333333333333,0.6666666666666666,1.0
1143,4.333333333333333,2.6666666666666665,3.6666666666666665,6.0,4.333333333333333,4.666666666666667,1.3333333333333333,5.0
1144,0.6666666666666666,4.666666666666667,1.0,1.6666666666666667,2.6666666666666665,0.6666666666666666,2.0,2.6666666666666665
1145,5.666666666666667,7.0,2.6666666666666665,4.666666666666667,3.6666666666666665,2.3333333333333335,3.0,4.0
1146,3.3333333333333335,6.666666666666667,1.0,2.3333333333333335,3.0,2.3333333333333335,2.6666666666666665,2.6666666666666665
1147,4.666666666666667,2.6666666666666665,1.3333333333333333,6.333333333333333,1.0,5.0,2.6666666666666665,1.0
1148,4.666666666666667,6.0,1.3333333333333333,3.6666666666666665,2.3333333333333335,2.3333333333333335,2.0,1.6666666666666667
1149,20.666666666666668,21.666666666666668,3.0,7.666666666666667,5.0,3.6666666666666665,4.0,4.333333333333333
1150,3.0,4.666666666666667,2.3333333333333335,4.0,1.6666666666666667,2.6666666666666665,2.3333333333333335,3.3333333333333335
1151,3.0,4.666666666666667,2.3333333333333335,4.0,1.6666666666666667,2.6666666666666665,2.3333333333333335,3.3333333333333335
1152,1.6666666666666667,3.3333333333333335,0.3333333333333333,0.6666666666666666,2.0,1.0,1.6666666666666667,3.3333333333333335
1153,1.3333333333333333,5.666666666666667,1.3333333333333333,1.6666666666666667,2.3333333333333335,1.6666666666666667,1.0,3.3333333333333335
1154,1.6666666666666667,2.3333333333333335,0.6666666666666666,3.0,0.6666666666666666,1.0,1.3333333333333333,0.3333333333333333
1155,1.6666666666666667,3.0,1.3333333333333333,3.3333333333333335,1.3333333333333333,2.0,1.3333333333333333,3.3333333333333335
1156,1.6666666666666667,3.6666666666666665,0.6666666666666666,1.3333333333333333,0.3333333333333333,1.3333333333333333,1.6666666666666667,0.3333333333333333
1157,4.0,1.3333333333333333,2.0,3.6666666666666665,1.6666666666666667,2.6666666666666665,2.0,1.3333333333333333
1158,0.6666666666666666,3.6666666666666665,0.3333333333333333,1.6666666666666667,1.3333333333333333,1.3333333333333333,2.0,3.0
1159,2.0,2.3333333333333335,0.3333333333333333,1.0,0.6666666666666666,2.0,1.6666666666666667,1.6666666666666667
1160,2.3333333333333335,3.0,1.6666666666666667,2.3333333333333335,8.666666666666666,2.3333333333333335,2.0,7.666666666666667
1161,2.0,1.0,0.6666666666666666,2.6666666666666665,0.6666666666666666,2.0,1.0,1.6666666666666667
1162,7.0,2.0,1.0,1.3333333333333333,2.0,1.0,1.6666666666666667,2.0
1163,2.6666666666666665,1.0,2.0,3.6666666666666665,0.6666666666666666,2.6666666666666665,1.6666666666666667,2.0
1164,2.3333333333333335,2.3333333333333335,1.3333333333333333,2.3333333333333335,1.0,3.3333333333333335,1.0,1.6666666666666667
1165,2.6666666666666665,0.6666666666666666,0.3333333333333333,1.6666666666666667,0.3333333333333333,2.6666666666666665,1.3333333333333333,1.0
1166,3.6666666666666665,2.6666666666666665,1.3333333333333333,3.0,1.0,4.0,1.0,1.3333333333333333
1167,4.333333333333333,0.6666666666666666,1.3333333333333333,1.6666666666666667,0.6666666666666666,1.3333333333333333,0.3333333333333333,1.0
1168,3.6666666666666665,3.3333333333333335,1.6666666666666667,3.0,1.3333333333333333,2.3333333333333335,0.6666666666666666,1.3333333333333333
1169,1.0,3.6666666666666665,1.0,2.0,2.6666666666666665,2.3333333333333335,3.0,2.3333333333333335
1170,1.3333333333333333,7.333333333333333,1.0,1.0,7.666666666666667,1.0,2.0,7.666666666666667
1171,2.3333333333333335,3.0,2.0,2.3333333333333335,1.3333333333333333,2.0,1.0,0.6666666666666666
1172,1.3333333333333333,2.6666666666666665,1.6666666666666667,2.0,1.3333333333333333,2.0,3.3333333333333335,2.0
1173,5.0,5.333333333333333,2.0,5.666666666666667,3.0,3.6666666666666665,4.0,4.0
1174,4.666666666666667,3.0,2.0,3.3333333333333335,4.666666666666667,4.333333333333333,2.3333333333333335,14.666666666666666
1175,3.0,1.3333333333333333,2.0,3.0,1.3333333333333333,3.0,1.3333333333333333,1.3333333333333333
1176,1.6666666666666667,3.0,1.0,2.0,1.0,1.0,1.6666666666666667,1.0
1177,2.0,3.3333333333333335,1.0,1.6666666666666667,1.0,1.3333333333333333,1.3333333333333333,1.3333333333333333
1178,5.666666666666667,5.0,4.333333333333333,6.666666666666667,5.0,5.666666666666667,3.6666666666666665,6.333333333333333
1179,10.0,13.0,10.0,13.333333333333334,8.333333333333334,10.666666666666666,8.666666666666666,13.333333333333334
1180,2.3333333333333335,3.3333333333333335,1.6666666666666667,1.6666666666666667,1.0,1.0,2.6666666666666665,2.3333333333333335
1181,3.0,2.6666666666666665,2.3333333333333335,2.0,2.3333333333333335,2.6666666666666665,1.6666666666666667,2.3333333333333335
1182,2.6666666666666665,2.6666666666666665,1.6666666666666667,3.0,1.0,3.0,0.6666666666666666,1.6666666666666667
1183,1.3333333333333333,1.6666666666666667,0.6666666666666666,2.0,2.0,1.6666666666666667,1.0,1.3333333333333333
1184,1.3333333333333333,2.6666666666666665,2.0,1.0,1.6666666666666667,2.6666666666666665,1.3333333333333333,2.6666666666666665
1185,1.6666666666666667,1.6666666666666667,1.0,1.6666666666666667,1.0,1.6666666666666667,0.3333333333333333,2.3333333333333335
1186,2.0,2.0,1.0,2.0,2.3333333333333335,1.3333333333333333,0.3333333333333333,3.3333333333333335
1187,0.6666666666666666,0.6666666666666666,0.6666666666666666,1.6666666666666667,1.3333333333333333,1.3333333333333333,1.0,1.0
1188,1.3333333333333333,1.3333333333333333,0.3333333333333333,1.6666666666666667,5.0,1.0,1.6666666666666667,1.6666666666666667
1189,1.0,1.6666666666666667,0.0,0.6666666666666666,1.6666666666666667,1.0,1.3333333333333333,2.0
1190,4.0,6.666666666666667,0.6666666666666666,2.6666666666666665,5.0,1.3333333333333333,2.6666666666666665,5.0
1191,2.0,3.3333333333333335,1.0,3.3333333333333335,1.3333333333333333,1.6666666666666667,0.3333333333333333,7.0
1192,4.666666666666667,5.0,2.6666666666666665,3.6666666666666665,1.6666666666666667,4.666666666666667,2.0,3.0
1193,1.3333333333333333,2.6666666666666665,0.3333333333333333,2.0,2.3333333333333335,1.6666666666666667,1.0,2.3333333333333335
1194,7.0,7.0,3.0,7.0,3.3333333333333335,4.666666666666667,2.6666666666666665,6.666666666666667
1195,1.3333333333333333,2.3333333333333335,0.6666666666666666,2.6666666666666665,1.0,1.6666666666666667,1.0,0.6666666666666666
1196,4.333333333333333,1.6666666666666667,0.6666666666666666,3.0,0.0,2.3333333333333335,1.3333333333333333,0.0
1197,3.0,5.333333333333333,1.0,1.6666666666666667,2.0,2.6666666666666665,1.3333333333333333,3.3333333333333335
1198,2.6666666666666665,0.3333333333333333,1.6666666666666667,2.0,0.3333333333333333,3.3333333333333335,1.3333333333333333,2.3333333333333335
1199,2.3333333333333335,1.6666666666666667,1.0,2.3333333333333335,1.0,1.3333333333333333,2.0,2.6666666666666665
1200,4.0,1.3333333333333333,1.0,4.0,0.6666666666666666,4.333333333333333,0.3333333333333333,1.6666666666666667
1201,4.666666666666667,10.0,2.0,5.0,2.3333333333333335,4.0,3.3333333333333335,3.0
1202,3.0,3.0,0.6666666666666666,2.6666666666666665,0.3333333333333333,0.3333333333333333,1.3333333333333333,0.6666666666666666
1203,2.6666666666666665,2.0,0.3333333333333333,2.6666666666666665,1.0,1.6666666666666667,1.6666666666666667,3.0
1204,2.6666666666666665,1.6666666666666667,1.0,3.6666666666666665,1.6666666666666667,2.6666666666666665,1.6666666666666667,0.6666666666666666
1205,1.3333333333333333,3.0,0.3333333333333333,1.3333333333333333,3.3333333333333335,1.0,2.3333333333333335,1.3333333333333333
1206,1.3333333333333333,1.6666666666666667,0.3333333333333333,1.6666666666666667,1.0,2.0,2.3333333333333335,1.0
1207,1.6666666666666667,2.0,1.6666666666666667,1.6666666666666667,1.0,1.6666666666666667,0.3333333333333333,2.0
1208,2.3333333333333335,1.3333333333333333,1.3333333333333333,2.6666666666666665,0.6666666666666666,2.3333333333333335,0.3333333333333333,2.3333333333333335
1209,2.0,2.3333333333333335,0.0,2.3333333333333335,1.0,1.0,1.3333333333333333,1.0
1210,3.0,2.3333333333333335,0.3333333333333333,4.666666666666667,0.3333333333333333,1.0,0.6666666666666666,1.6666666666666667
1211,2.3333333333333335,1.6666666666666667,1.6666666666666667,3.3333333333333335,1.6666666666666667,3.3333333333333335,0.6666666666666666,3.0
1212,3.0,0.6666666666666666,1.6666666666666667,2.3333333333333335,1.3333333333333333,2.3333333333333335,0.6666666666666666,5.666666666666667
1213,0.6666666666666666,1.3333333333333333,1.3333333333333333,0.6666666666666666,1.0,1.0,2.0,2.3333333333333335
1214,3.3333333333333335,2.0,1.3333333333333333,3.6666666666666665,2.0,2.3333333333333335,2.6666666666666665,1.6666666666666667
1215,2.0,2.6666666666666665,0.6666666666666666,0.6666666666666666,1.0,0.3333333333333333,0.3333333333333333,1.6666666666666667
1216,1.6666666666666667,1.6666666666666667,0.6666666666666666,1.0,4.333333333333333,2.3333333333333335,0.6666666666666666,3.6666666666666665
1217,2.3333333333333335,2.0,0.6666666666666666,2.0,2.0,2.6666666666666665,1.3333333333333333,1.6666666666666667
1218,2.0,1.0,1.3333333333333333,1.3333333333333333,0.3333333333333333,0.3333333333333333,0.0,1.0
1219,0.3333333333333333,1.6666666666666667,0.6666666666666666,3.0,0.6666666666666666,3.0,3.0,1.0
1220,6.0,0.3333333333333333,1.3333333333333333,5.333333333333333,0.3333333333333333,4.666666666666667,0.6666666666666666,1.0
1221,0.6666666666666666,3.0,0.0,2.0,1.3333333333333333,2.3333333333333335,1.0,2.3333333333333335
1222,3.3333333333333335,1.3333333333333333,1.0,2.6666666666666665,0.6666666666666666,1.6666666666666667,0.3333333333333333,1.6666666666666667
1223,1.0,10.0,0.3333333333333333,1.3333333333333333,3.0,1.6666666666666667,1.6666666666666667,4.0
1224,2.0,2.0,1.6666666666666667,2.6666666666666665,1.0,1.6666666666666667,1.0,0.6666666666666666
1225,2.6666666666666665,3.6666666666666665,1.6666666666666667,3.3333333333333335,1.3333333333333333,2.6666666666666665,1.0,3.3333333333333335
1226,3.0,1.3333333333333333,1.3333333333333333,2.3333333333333335,1.0,1.6666666666666667,0.3333333333333333,1.0
1227,0.3333333333333333,0.6666666666666666,0.6666666666666666,0.6666666666666666,0.6666666666666666,1.0,1.3333333333333333,3.6666666666666665
1228,2.6666666666666665,1.6666666666666667,1.3333333333333333,4.0,0.3333333333333333,1.6666666666666667,0.3333333333333333,0.3333333333333333
1229,3.0,1.0,2.0,2.6666666666666665,1.6666666666666667,2.0,0.6666666666666666,3.0
1230,2.3333333333333335,3.0,0.6666666666666666,2.0,5.0,1.0,1.6666666666666667,1.6666666666666667
1231,0.0,1.6666666666666667,0.0,2.6666666666666665,3.6666666666666665,0.0,3.3333333333333335,2.0
1232,2.6666666666666665,3.3333333333333335,1.3333333333333333,2.0,1.0,2.6666666666666665,1.3333333333333333,1.6666666666666667
1233,0.6666666666666666,3.0,1.3333333333333333,1.6666666666666667,1.0,1.0,1.3333333333333333,1.6666666666666667
1234,1.3333333333333333,3.0,2.6666666666666665,1.0,3.6666666666666665,1.0,1.6666666666666667,3.0
1235,1.0,4.666666666666667,0.6666666666666666,1.3333333333333333,2.0,0.6666666666666666,1.6666666666666667,2.0
1236,3.0,1.6666666666666667,1.6666666666666667,4.333333333333333,1.3333333333333333,1.6666666666666667,1.6666666666666667,1.3333333333333333
1237,0.6666666666666666,3.0,0.3333333333333333,0.6666666666666666,2.0,1.0,1.6666666666666667,3.3333333333333335
1238,0.6666666666666666,3.0,1.0,2.6666666666666665,3.3333333333333335,1.0,1.3333333333333333,3.0
1239,0.3333333333333333,2.0,0.3333333333333333,0.6666666666666666,3.6666666666666665,0.6666666666666666,2.3333333333333335,4.0
1240,2.0,3.6666666666666665,1.0,3.3333333333333335,1.6666666666666667,1.6666666666666667,1.3333333333333333,1.0
1241,1.6666666666666667,1.3333333333333333,1.6666666666666667,2.0,0.0,4.0,1.0,2.0
1242,6.333333333333333,2.0,5.333333333333333,6.0,1.0,6.0,1.0,1.6666666666666667
1243,2.0,2.3333333333333335,1.0,2.3333333333333335,2.0,3.0,1.0,2.6666666666666665
1244,2.3333333333333335,1.3333333333333333,2.6666666666666665,2.3333333333333335,1.0,1.6666666666666667,1.3333333333333333,1.0
1245,2.0,2.3333333333333335,2.0,2.3333333333333335,0.3333333333333333,2.6666666666666665,0.3333333333333333,1.0
1246,1.3333333333333333,1.6666666666666667,0.6666666666666666,1.6666666666666667,1.6666666666666667,0.6666666666666666,1.6666666666666667,1.0
1247,2.0,3.6666666666666665,0.6666666666666666,1.3333333333333333,0.6666666666666666,1.3333333333333333,0.6666666666666666,1.0
1248,1.6666666666666667,1.6666666666666667,0.3333333333333333,2.0,1.3333333333333333,0.0,0.0,3.3333333333333335
1249,1.6666666666666667,3.3333333333333335,2.3333333333333335,2.3333333333333335,1.6666666666666667,3.0,0.3333333333333333,2.0
1250,2.0,2.3333333333333335,2.0,1.3333333333333333,1.3333333333333333,2.0,0.3333333333333333,2.3333333333333335
1251,4.0,3.0,1.0,2.6666666666666665,1.6666666666666667,1.0,1.3333333333333333,2.3333333333333335
1252,3.0,5.666666666666667,5.666666666666667,3.6666666666666665,5.333333333333333,3.0,2.6666666666666665,6.333333333333333
1253,6.0,3.0,1.0,7.333333333333333,0.0,1.6666666666666667,0.6666666666666666,0.6666666666666666
1254,3.0,2.6666666666666665,0.6666666666666666,3.6666666666666665,0.6666666666666666,3.6666666666666665,1.6666666666666667,0.6666666666666666
1255,2.3333333333333335,2.3333333333333335,0.3333333333333333,1.6666666666666667,0.3333333333333333,1.0,2.0,1.6666666666666667
1256,1.0,3.6666666666666665,0.6666666666666666,1.3333333333333333,1.6666666666666667,0.6666666666666666,0.0,1.3333333333333333
1257,0.3333333333333333,3.0,0.3333333333333333,1.3333333333333333,2.0,0.6666666666666666,1.6666666666666667,3.0
1258,2.3333333333333335,3.0,1.0,2.3333333333333335,1.0,1.0,0.3333333333333333,2.0
1259,1.6666666666666667,1.3333333333333333,2.0,1.3333333333333333,3.6666666666666665,1.3333333333333333,1.0,2.6666666666666665
1260,21.333333333333332,33.333333333333336,16.0,23.0,23.666666666666668,18.666666666666668,16.666666666666668,34.333333333333336
1261,7.0,8.666666666666666,3.0,6.333333333333333,8.0,4.333333333333333,5.666666666666667,15.333333333333334
1262,1.6666666666666667,1.3333333333333333,1.3333333333333333,3.6666666666666665,0.6666666666666666,3.3333333333333335,1.3333333333333333,1.0
1263,0.6666666666666666,2.3333333333333335,0.6666666666666666,1.3333333333333333,1.6666666666666667,1.6666666666666667,1.3333333333333333,2.0
1264,2.6666666666666665,4.0,1.0,2.6666666666666665,1.0,2.3333333333333335,2.6666666666666665,1.6666666666666667
1265,4.0,10.0,1.6666666666666667,4.0,6.0,1.6666666666666667,4.333333333333333,8.666666666666666
1266,6.666666666666667,2.6666666666666665,2.0,6.0,1.6666666666666667,4.333333333333333,1.0,4.333333333333333
1267,1.3333333333333333,0.3333333333333333,0.6666666666666666,1.0,1.0,1.6666666666666667,0.3333333333333333,2.6666666666666665
1268,2.6666666666666665,1.6666666666666667,1.3333333333333333,2.0,0.6666666666666666,2.0,1.0,2.0
1269,1.3333333333333333,2.6666666666666665,1.3333333333333333,1.3333333333333333,2.0,1.0,1.6666666666666667,3.0
1270,4.333333333333333,0.0,3.6666666666666665,3.6666666666666665,0.6666666666666666,4.0,0.6666666666666666,1.0
1271,2.6666666666666665,1.0,1.0,3.0,0.6666666666666666,1.3333333333333333,0.3333333333333333,1.0
1272,1.3333333333333333,3.6666666666666665,0.6666666666666666,3.6666666666666665,0.6666666666666666,1.6666666666666667,0.6666666666666666,1.3333333333333333
1273,1.0,5.0,0.6666666666666666,1.3333333333333333,4.666666666666667,2.3333333333333335,1.0,4.0
1274,2.3333333333333335,4.333333333333333,0.6666666666666666,1.6666666666666667,3.6666666666666665,1.3333333333333333,4.333333333333333,3.6666666666666665
1275,2.6666666666666665,3.6666666666666665,1.3333333333333333,3.3333333333333335,2.3333333333333335,1.6666666666666667,2.3333333333333335,3.0
1276,2.6666666666666665,2.0,0.6666666666666666,2.3333333333333335,1.0,2.3333333333333335,0.6666666666666666,2.0
1277,2.3333333333333335,0.6666666666666666,1.3333333333333333,1.3333333333333333,0.3333333333333333,2.0,1.0,1.0
1278,1.3333333333333333,2.6666666666666665,1.3333333333333333,1.0,2.0,1.6666666666666667,1.6666666666666667,2.6666666666666665
1279,1.6666666666666667,2.6666666666666665,1.3333333333333333,1.6666666666666667,3.3333333333333335,3.0,2.0,2.3333333333333335
1280,1.3333333333333333,0.6666666666666666,0.6666666666666666,1.3333333333333333,2.6666666666666665,3.3333333333333335,1.3333333333333333,1.3333333333333333
1281,2.0,2.0,1.0,2.0,3.3333333333333335,3.3333333333333335,1.0,1.6666666666666667
1282,1.3333333333333333,1.3333333333333333,1.3333333333333333,1.3333333333333333,1.6666666666666667,2.3333333333333335,1.0,1.0
1283,1.6666666666666667,4.0,0.3333333333333333,4.0,3.0,1.6666666666666667,1.3333333333333333,6.333333333333333
1284,2.3333333333333335,1.6666666666666667,0.3333333333333333,1.6666666666666667,0.6666666666666666,1.3333333333333333,1.6666666666666667,0.6666666666666666
1285,2.3333333333333335,2.0,1.3333333333333333,2.6666666666666665,1.0,1.3333333333333333,1.0,1.0
1286,2.0,2.0,1.0,2.6666666666666665,1.0,0.6666666666666666,1.3333333333333333,0.6666666666666666
1287,8.0,2.0,1.0,7.333333333333333,6.0,2.0,2.3333333333333335,5.333333333333333
1288,6.0,6.333333333333333,1.0,5.666666666666667,4.333333333333333,4.333333333333333,4.333333333333333,4.0
1289,3.0,4.0,1.0,2.0,1.0,5.0,2.0,2.0
1290,3.0,4.0,1.0,2.0,1.0,5.0,2.0,2.0
