,anger,anticipation,disgust,fear,joy,sadness,surprise,trust
project,0.11732753938077131,0.16892992938620313,0.04562737642585551,0.05812058663769689,0.10157523085279739,0.0755024443237371,0.017381857686040194,0.4155350353068984
gutenberg,0.06754221388367729,0.22326454033771104,0.033771106941838644,0.08818011257035646,0.06941838649155722,0.1144465290806754,0.015009380863039398,0.3883677298311444
ebook,0.020761245674740483,0.19377162629757785,0.020761245674740483,0.14532871972318337,0.08650519031141868,0.07612456747404843,0.04152249134948097,0.41522491349480967
captured,0.12878787878787878,0.11363636363636363,0.11363636363636363,0.17424242424242425,0.056818181818181816,0.14015151515151517,0.11363636363636363,0.1590909090909091
arabs,0.12650602409638553,0.15060240963855423,0.09036144578313253,0.17670682730923695,0.0963855421686747,0.10240963855421686,0.10240963855421686,0.15461847389558234
james,0.13513513513513514,0.10810810810810811,0.10810810810810811,0.17567567567567569,0.04054054054054054,0.14864864864864866,0.10810810810810811,0.17567567567567569
foster,0.13513513513513514,0.10810810810810811,0.10810810810810811,0.17567567567567569,0.04054054054054054,0.14864864864864866,0.10810810810810811,0.17567567567567569
use,0.12560386473429952,0.2463768115942029,0.07729468599033816,0.10869565217391304,0.1497584541062802,0.05314009661835749,0.043478260869565216,0.1956521739130435
anyone,0.08379888268156424,0.20670391061452514,0.04469273743016759,0.0782122905027933,0.12290502793296088,0.08938547486033518,0.0335195530726257,0.3407821229050279
almost,0.1033797216699801,0.1709741550695825,0.07753479125248508,0.1411530815109344,0.10735586481113318,0.16302186878727631,0.11133200795228627,0.12524850894632206
may,0.14381270903010032,0.19565217391304346,0.0903010033444816,0.10869565217391304,0.08528428093645485,0.11036789297658862,0.04849498327759197,0.21739130434782608
copy,0.1771117166212534,0.1008174386920981,0.06811989100817438,0.09264305177111716,0.03814713896457766,0.06811989100817438,0.03542234332425068,0.4196185286103542
give,0.074245939675174,0.22041763341067283,0.041763341067285374,0.09976798143851508,0.11600928074245939,0.10440835266821344,0.07888631090487239,0.2645011600928074
away,0.08719646799116998,0.16997792494481237,0.06512141280353201,0.1501103752759382,0.10927152317880795,0.13024282560706402,0.08940397350993377,0.1986754966887417
terms,0.11891891891891891,0.127027027027027,0.03243243243243243,0.07837837837837837,0.1108108108108108,0.04324324324324324,0.048648648648648644,0.44054054054054054
license,0.09124087591240877,0.2116788321167883,0.043795620437956206,0.12408759124087593,0.10583941605839416,0.08394160583941607,0.040145985401459854,0.29927007299270075
language,0.05405405405405406,0.21621621621621623,0.0,0.08108108108108109,0.18918918918918923,0.08108108108108109,0.08108108108108109,0.2972972972972973
start,0.04180064308681672,0.44051446945337625,0.02572347266881029,0.09646302250803859,0.0932475884244373,0.048231511254019296,0.0707395498392283,0.18327974276527334
prepared,0.05128205128205128,0.3247863247863248,0.008547008547008546,0.08547008547008547,0.10256410256410256,0.07692307692307693,0.042735042735042736,0.3076923076923077
also,0.03389830508474576,0.23728813559322037,0.04237288135593221,0.11016949152542374,0.12711864406779663,0.05932203389830509,0.06779661016949153,0.3220338983050848
see,0.07669021190716446,0.23007063572149342,0.06357214934409687,0.10998990918264379,0.11806256306760846,0.10696266397578204,0.10696266397578204,0.18768920282542884
americans,0.1111111111111111,0.1919191919191919,0.07070707070707072,0.1717171717171717,0.09090909090909091,0.1313131313131313,0.1111111111111111,0.12121212121212122
page,0.14184397163120568,0.09219858156028368,0.11347517730496454,0.18439716312056736,0.06382978723404255,0.14893617021276595,0.10638297872340426,0.14893617021276595
191,0.15094339622641512,0.09433962264150945,0.13207547169811323,0.1886792452830189,0.03773584905660378,0.169811320754717,0.11320754716981134,0.11320754716981134
a.,0.15094339622641512,0.09433962264150945,0.13207547169811323,0.1886792452830189,0.03773584905660378,0.169811320754717,0.11320754716981134,0.11320754716981134
l.,0.14953271028037382,0.09345794392523366,0.13084112149532712,0.1869158878504673,0.037383177570093455,0.16822429906542058,0.11214953271028039,0.12149532710280374
burt,0.15094339622641512,0.09433962264150945,0.13207547169811323,0.1886792452830189,0.03773584905660378,0.169811320754717,0.11320754716981134,0.11320754716981134
company,0.11764705882352938,0.1229946524064171,0.0909090909090909,0.14438502673796788,0.08556149732620319,0.1390374331550802,0.106951871657754,0.19251336898395718
publishers,0.15094339622641512,0.09433962264150945,0.13207547169811323,0.1886792452830189,0.03773584905660378,0.169811320754717,0.11320754716981134,0.11320754716981134
new,0.10714285714285714,0.20833333333333334,0.06150793650793651,0.1388888888888889,0.12103174603174602,0.08531746031746032,0.09126984126984128,0.1865079365079365
york,0.15094339622641512,0.09433962264150945,0.13207547169811323,0.1886792452830189,0.03773584905660378,0.169811320754717,0.11320754716981134,0.11320754716981134
chicago,0.10784313725490195,0.14705882352941177,0.0784313725490196,0.16666666666666669,0.08823529411764706,0.12745098039215685,0.11764705882352941,0.16666666666666669
copyright,0.09361702127659573,0.17446808510638295,0.0851063829787234,0.10212765957446807,0.046808510638297864,0.1106382978723404,0.05106382978723403,0.3361702127659574
1933,0.15094339622641512,0.09433962264150945,0.13207547169811323,0.1886792452830189,0.03773584905660378,0.169811320754717,0.11320754716981134,0.11320754716981134
printed,0.14285714285714285,0.125,0.125,0.17857142857142858,0.03571428571428571,0.1607142857142857,0.10714285714285714,0.125
united,0.036912751677852344,0.22147651006711408,0.030201342281879193,0.1040268456375839,0.05704697986577181,0.07046979865771812,0.043624161073825496,0.436241610738255
states,0.033591731266149866,0.19638242894056845,0.04134366925064599,0.09819121447028423,0.06976744186046512,0.08785529715762275,0.04134366925064599,0.43152454780361754
america,0.14285714285714288,0.12500000000000003,0.12500000000000003,0.19642857142857145,0.03571428571428572,0.16071428571428573,0.10714285714285715,0.10714285714285715
exploration,0.1075268817204301,0.16129032258064513,0.09677419354838708,0.16129032258064513,0.07526881720430108,0.1182795698924731,0.12903225806451613,0.15053763440860216
series,0.12173913043478263,0.09565217391304348,0.11304347826086956,0.1565217391304348,0.060869565217391314,0.14782608695652177,0.13043478260869568,0.1739130434782609
lost,0.072,0.178,0.041999999999999996,0.11999999999999998,0.08399999999999999,0.284,0.07999999999999999,0.13999999999999999
wilds,0.14666666666666667,0.08,0.14666666666666667,0.2,0.04,0.18666666666666668,0.09333333333333334,0.10666666666666666
brazil,0.12790697674418605,0.13953488372093023,0.12790697674418605,0.1744186046511628,0.058139534883720936,0.16279069767441862,0.08139534883720931,0.12790697674418605
secrets,0.10483870967741936,0.1532258064516129,0.08064516129032259,0.1532258064516129,0.09677419354838711,0.11290322580645164,0.08870967741935484,0.20967741935483872
andes,0.09803921568627451,0.19117647058823528,0.06372549019607843,0.14215686274509803,0.08823529411764706,0.10294117647058823,0.12254901960784315,0.19117647058823528
forest,0.13592233009708737,0.0970873786407767,0.10679611650485436,0.1844660194174757,0.07766990291262135,0.21359223300970873,0.08737864077669902,0.0970873786407767
mystery,0.0625,0.22499999999999998,0.056249999999999994,0.15,0.0375,0.09375,0.19999999999999998,0.17500000000000002
contents,0.13636363636363635,0.1212121212121212,0.10606060606060606,0.15151515151515152,0.07575757575757576,0.15151515151515152,0.1212121212121212,0.13636363636363635
chapter,0.11314984709480123,0.15290519877675843,0.0963302752293578,0.1758409785932722,0.11162079510703363,0.12079510703363913,0.10550458715596331,0.12385321100917432
followed,0.12021857923497267,0.14754098360655737,0.09562841530054644,0.16939890710382516,0.10109289617486339,0.13114754098360656,0.11748633879781421,0.11748633879781421
rascals,0.136986301369863,0.1506849315068493,0.10958904109589039,0.1643835616438356,0.0684931506849315,0.136986301369863,0.0958904109589041,0.136986301369863
1,0.14545454545454542,0.0909090909090909,0.12727272727272726,0.1818181818181818,0.036363636363636355,0.1818181818181818,0.10909090909090907,0.12727272727272726
ii,0.15094339622641512,0.09433962264150945,0.13207547169811323,0.1886792452830189,0.03773584905660378,0.169811320754717,0.11320754716981134,0.11320754716981134
scoundrels,0.15094339622641512,0.09433962264150945,0.13207547169811323,0.1886792452830189,0.03773584905660378,0.169811320754717,0.11320754716981134,0.11320754716981134
work,0.14455307262569833,0.18435754189944134,0.03491620111731844,0.07053072625698324,0.11033519553072625,0.08100558659217877,0.0558659217877095,0.31843575418994413
9,0.15094339622641512,0.09433962264150945,0.13207547169811323,0.1886792452830189,0.03773584905660378,0.169811320754717,0.11320754716981134,0.11320754716981134
iii,0.15254237288135594,0.1016949152542373,0.13559322033898305,0.2033898305084746,0.03389830508474576,0.15254237288135594,0.1016949152542373,0.11864406779661019
villainous,0.15254237288135594,0.1016949152542373,0.13559322033898305,0.2033898305084746,0.03389830508474576,0.15254237288135594,0.1016949152542373,0.11864406779661019
deed,0.14062499999999997,0.109375,0.12499999999999999,0.18749999999999997,0.04687499999999999,0.14062499999999997,0.09374999999999999,0.15625
18,0.15094339622641512,0.09433962264150945,0.13207547169811323,0.1886792452830189,0.03773584905660378,0.169811320754717,0.11320754716981134,0.11320754716981134
iv,0.14035087719298245,0.08771929824561404,0.12280701754385966,0.19298245614035087,0.05263157894736842,0.1754385964912281,0.12280701754385966,0.10526315789473684
lured,0.14035087719298245,0.08771929824561404,0.12280701754385966,0.19298245614035087,0.05263157894736842,0.1754385964912281,0.12280701754385966,0.10526315789473684
danger,0.07806691449814127,0.07434944237918217,0.06691449814126395,0.3048327137546469,0.05947955390334573,0.26022304832713755,0.06319702602230484,0.09293680297397772
27,0.15094339622641512,0.09433962264150945,0.13207547169811323,0.1886792452830189,0.03773584905660378,0.169811320754717,0.11320754716981134,0.11320754716981134
v,0.16666666666666669,0.08333333333333334,0.11666666666666667,0.2,0.05,0.16666666666666669,0.1,0.11666666666666667
fight,0.2682926829268293,0.06504065040650406,0.06504065040650406,0.2926829268292683,0.04878048780487805,0.0975609756097561,0.06504065040650406,0.0975609756097561
freedom,0.16666666666666669,0.08333333333333334,0.11666666666666667,0.2,0.05,0.16666666666666669,0.1,0.11666666666666667
34,0.15094339622641512,0.09433962264150945,0.13207547169811323,0.1886792452830189,0.03773584905660378,0.169811320754717,0.11320754716981134,0.11320754716981134
vi,0.14545454545454545,0.1090909090909091,0.1272727272727273,0.2,0.03636363636363636,0.16363636363636364,0.1090909090909091,0.1090909090909091
unknown,0.10389610389610389,0.20779220779220778,0.09090909090909091,0.22077922077922077,0.051948051948051945,0.12987012987012986,0.09090909090909091,0.10389610389610389
forests,0.14285714285714285,0.11111111111111112,0.12698412698412698,0.20634920634920634,0.047619047619047616,0.15873015873015875,0.09523809523809523,0.11111111111111112
48,0.15094339622641512,0.09433962264150945,0.13207547169811323,0.1886792452830189,0.03773584905660378,0.169811320754717,0.11320754716981134,0.11320754716981134
vii,0.14035087719298245,0.10526315789473684,0.12280701754385966,0.1754385964912281,0.05263157894736842,0.15789473684210525,0.12280701754385966,0.12280701754385966
good,0.02600780234070221,0.2410056350238405,0.017338534893801473,0.03337667967056784,0.21456436931079323,0.03207628955353273,0.20372778500216732,0.23190290420459472
news,0.13114754098360654,0.11475409836065573,0.11475409836065573,0.16393442622950818,0.06557377049180327,0.14754098360655735,0.13114754098360654,0.13114754098360654
55,0.15094339622641512,0.09433962264150945,0.13207547169811323,0.1886792452830189,0.03773584905660378,0.169811320754717,0.11320754716981134,0.11320754716981134
viii,0.14814814814814814,0.0925925925925926,0.12962962962962965,0.1851851851851852,0.05555555555555555,0.16666666666666666,0.1111111111111111,0.1111111111111111
sahara,0.10526315789473684,0.14619883040935674,0.10526315789473684,0.15204678362573099,0.09941520467836258,0.14035087719298245,0.0935672514619883,0.15789473684210525
63,0.15094339622641512,0.09433962264150945,0.13207547169811323,0.1886792452830189,0.03773584905660378,0.169811320754717,0.11320754716981134,0.11320754716981134
ix,0.15517241379310345,0.10344827586206898,0.13793103448275862,0.1896551724137931,0.034482758620689655,0.1724137931034483,0.10344827586206898,0.10344827586206898
across,0.10799999999999998,0.15999999999999998,0.05799999999999999,0.13799999999999998,0.11999999999999998,0.15199999999999997,0.124,0.13999999999999999
desert,0.1724137931034483,0.09885057471264368,0.16551724137931034,0.2,0.06206896551724138,0.1632183908045977,0.04827586206896552,0.0896551724137931
69,0.15094339622641512,0.09433962264150945,0.13207547169811323,0.1886792452830189,0.03773584905660378,0.169811320754717,0.11320754716981134,0.11320754716981134
x,0.12903225806451613,0.14516129032258066,0.12903225806451613,0.19354838709677422,0.03225806451612903,0.16129032258064518,0.11290322580645164,0.09677419354838711
questionable,0.12903225806451613,0.14516129032258066,0.12903225806451613,0.19354838709677422,0.03225806451612903,0.16129032258064518,0.11290322580645164,0.09677419354838711
strangers,0.11940298507462685,0.14925373134328357,0.11940298507462685,0.1791044776119403,0.059701492537313425,0.14925373134328357,0.1044776119402985,0.11940298507462685
77,0.15094339622641512,0.09433962264150945,0.13207547169811323,0.1886792452830189,0.03773584905660378,0.169811320754717,0.11320754716981134,0.11320754716981134
xi,0.15555555555555556,0.12222222222222222,0.13333333333333333,0.2111111111111111,0.04444444444444444,0.15555555555555556,0.07777777777777778,0.1
fighting,0.19230769230769232,0.11538461538461539,0.125,0.20192307692307693,0.04807692307692308,0.15384615384615385,0.07692307692307693,0.08653846153846155
heavy,0.12500000000000003,0.12096774193548389,0.08064516129032259,0.15725806451612906,0.09677419354838711,0.14112903225806453,0.10080645161290325,0.1774193548387097
odds,0.1636363636363636,0.10909090909090907,0.12727272727272726,0.1818181818181818,0.036363636363636355,0.1636363636363636,0.10909090909090907,0.10909090909090907
86,0.15094339622641512,0.09433962264150945,0.13207547169811323,0.1886792452830189,0.03773584905660378,0.169811320754717,0.11320754716981134,0.11320754716981134
xii,0.14893617021276595,0.11702127659574467,0.1382978723404255,0.2127659574468085,0.05319148936170213,0.15957446808510636,0.07446808510638298,0.09574468085106383
grim,0.14414414414414414,0.12612612612612614,0.13513513513513514,0.1981981981981982,0.036036036036036036,0.1891891891891892,0.08108108108108109,0.0900900900900901
discovery,0.15,0.11666666666666667,0.13333333333333333,0.2,0.03333333333333333,0.16666666666666669,0.1,0.1
96,0.15094339622641512,0.09433962264150945,0.13207547169811323,0.1886792452830189,0.03773584905660378,0.169811320754717,0.11320754716981134,0.11320754716981134
xiii,0.1313131313131313,0.12121212121212122,0.14141414141414144,0.21212121212121213,0.050505050505050504,0.1616161616161616,0.07070707070707072,0.1111111111111111
hideous,0.14864864864864866,0.08108108108108109,0.14864864864864866,0.22972972972972977,0.04054054054054054,0.16216216216216217,0.10810810810810811,0.08108108108108109
reptile,0.16883116883116883,0.1038961038961039,0.12987012987012989,0.22077922077922082,0.025974025974025976,0.16883116883116883,0.07792207792207793,0.1038961038961039
105,0.15094339622641512,0.09433962264150945,0.13207547169811323,0.1886792452830189,0.03773584905660378,0.169811320754717,0.11320754716981134,0.11320754716981134
xiv,0.13999999999999999,0.12,0.13999999999999999,0.21,0.049999999999999996,0.15999999999999998,0.09,0.09
falling,0.13580246913580246,0.07407407407407407,0.1111111111111111,0.17283950617283952,0.037037037037037035,0.2839506172839506,0.1111111111111111,0.07407407407407407
helplessly,0.16129032258064518,0.08064516129032259,0.12903225806451613,0.1774193548387097,0.03225806451612903,0.1774193548387097,0.14516129032258066,0.09677419354838711
113,0.15094339622641512,0.09433962264150945,0.13207547169811323,0.1886792452830189,0.03773584905660378,0.169811320754717,0.11320754716981134,0.11320754716981134
xv,0.15053763440860216,0.1182795698924731,0.13978494623655913,0.2150537634408602,0.04301075268817203,0.16129032258064513,0.07526881720430108,0.09677419354838708
guests,0.15094339622641512,0.09433962264150945,0.13207547169811323,0.1886792452830189,0.03773584905660378,0.169811320754717,0.11320754716981134,0.11320754716981134
heathens,0.15094339622641512,0.09433962264150945,0.13207547169811323,0.1886792452830189,0.03773584905660378,0.169811320754717,0.11320754716981134,0.11320754716981134
123,0.15094339622641512,0.09433962264150945,0.13207547169811323,0.1886792452830189,0.03773584905660378,0.169811320754717,0.11320754716981134,0.11320754716981134
xvi,0.1386138613861386,0.1386138613861386,0.1386138613861386,0.20792079207920788,0.0495049504950495,0.1386138613861386,0.0792079207920792,0.1089108910891089
steady,0.125,0.125,0.10227272727272728,0.15909090909090912,0.045454545454545456,0.10227272727272728,0.17045454545454547,0.17045454545454547
aim,0.15753424657534246,0.14383561643835616,0.0821917808219178,0.18493150684931506,0.0821917808219178,0.10273972602739725,0.1232876712328767,0.1232876712328767
131,0.15094339622641512,0.09433962264150945,0.13207547169811323,0.1886792452830189,0.03773584905660378,0.169811320754717,0.11320754716981134,0.11320754716981134
xvii,0.1473684210526316,0.10526315789473685,0.1368421052631579,0.2210526315789474,0.042105263157894736,0.16842105263157894,0.08421052631578947,0.09473684210526316
moments,0.13432835820895522,0.08955223880597014,0.11940298507462685,0.19402985074626863,0.059701492537313425,0.16417910447761191,0.13432835820895522,0.1044776119402985
horror,0.14666666666666667,0.07333333333333333,0.14,0.2,0.03333333333333333,0.18666666666666668,0.14,0.08
140,0.1477272727272727,0.11363636363636363,0.13636363636363635,0.21590909090909088,0.04545454545454545,0.1590909090909091,0.07954545454545454,0.10227272727272727
xviii,0.14000000000000004,0.14000000000000004,0.12000000000000002,0.23000000000000004,0.06000000000000001,0.14000000000000004,0.08,0.09000000000000001
savage,0.22580645161290322,0.07526881720430108,0.08602150537634408,0.25806451612903225,0.053763440860215055,0.11827956989247311,0.11827956989247311,0.06451612903225806
tribesmen,0.15517241379310343,0.08620689655172413,0.12068965517241378,0.2068965517241379,0.051724137931034475,0.15517241379310343,0.12068965517241378,0.10344827586206895
149,0.15094339622641512,0.09433962264150945,0.13207547169811323,0.1886792452830189,0.03773584905660378,0.169811320754717,0.11320754716981134,0.11320754716981134
xix,0.15053763440860216,0.10752688172043011,0.13978494623655913,0.22580645161290322,0.04301075268817204,0.16129032258064516,0.07526881720430108,0.0967741935483871
searching,0.11940298507462685,0.11940298507462685,0.11940298507462685,0.1791044776119403,0.059701492537313425,0.14925373134328357,0.1044776119402985,0.14925373134328357
ancient,0.125,0.11363636363636365,0.14772727272727273,0.2159090909090909,0.034090909090909095,0.13636363636363638,0.06818181818181819,0.15909090909090912
159,0.15094339622641512,0.09433962264150945,0.13207547169811323,0.1886792452830189,0.03773584905660378,0.169811320754717,0.11320754716981134,0.11320754716981134
xx,0.14141414141414144,0.1111111111111111,0.14141414141414144,0.20202020202020202,0.0404040404040404,0.18181818181818182,0.09090909090909091,0.09090909090909091
thirst,0.10240963855421688,0.1927710843373494,0.06626506024096386,0.12048192771084339,0.042168674698795185,0.22891566265060243,0.18674698795180725,0.06024096385542169
169,0.1477272727272727,0.11363636363636363,0.13636363636363635,0.21590909090909088,0.04545454545454545,0.1590909090909091,0.07954545454545454,0.10227272727272727
xxi,0.15053763440860216,0.10752688172043011,0.13978494623655913,0.22580645161290322,0.04301075268817204,0.16129032258064516,0.07526881720430108,0.0967741935483871
cave,0.0923076923076923,0.17692307692307693,0.04615384615384615,0.16153846153846152,0.13846153846153844,0.1076923076923077,0.06923076923076922,0.20769230769230768
treasure,0.020881670533642694,0.28538283062645015,0.011600928074245941,0.060324825986078884,0.2505800464037123,0.046403712296983764,0.03248259860788864,0.2923433874709977
dangerous,0.057851239669421496,0.1487603305785124,0.03305785123966942,0.4297520661157025,0.06611570247933884,0.09917355371900828,0.0743801652892562,0.09090909090909091
going,0.08108108108108109,0.20870870870870872,0.06156156156156156,0.13663663663663664,0.12912912912912913,0.11261261261261261,0.10810810810810811,0.16216216216216217
help,0.05508474576271187,0.19491525423728817,0.05508474576271187,0.1016949152542373,0.17796610169491528,0.0805084745762712,0.08898305084745764,0.2457627118644068
rescue,0.06666666666666667,0.21333333333333332,0.04,0.06666666666666667,0.1733333333333333,0.06666666666666667,0.14666666666666667,0.22666666666666668
hidden,0.059880239520958084,0.2455089820359281,0.04790419161676646,0.11976047904191617,0.16766467065868262,0.0718562874251497,0.059880239520958084,0.22754491017964068
back,0.08139534883720931,0.22248062015503878,0.05193798449612403,0.12480620155038759,0.12713178294573643,0.1,0.10155038759689922,0.19069767441860466
joe,0.08223201174743025,0.19530102790014686,0.04919236417033774,0.14023494860499267,0.14390602055800292,0.09397944199706314,0.14390602055800292,0.1512481644640235
lewis,0.07739938080495357,0.18575851393188852,0.043343653250773995,0.14241486068111456,0.14241486068111456,0.09287925696594426,0.1176470588235294,0.1981424148606811
first,0.08798283261802574,0.21244635193133046,0.047210300429184546,0.13519313304721028,0.11587982832618025,0.09227467811158799,0.10515021459227467,0.203862660944206
'll,0.09672131147540985,0.22295081967213118,0.03770491803278689,0.1377049180327869,0.11475409836065574,0.07540983606557378,0.11475409836065574,0.2
wonderful,0.024509803921568627,0.10294117647058823,0.0196078431372549,0.04411764705882353,0.28431372549019607,0.029411764705882353,0.24019607843137253,0.2549019607843137
bob,0.08532219570405726,0.19868735083532216,0.05190930787589498,0.1354415274463007,0.1426014319809069,0.09128878281622911,0.13424821002386633,0.1605011933174224
holton,0.05982905982905983,0.23646723646723647,0.042735042735042736,0.1396011396011396,0.14245014245014245,0.06837606837606838,0.150997150997151,0.15954415954415954
like,0.09813874788494077,0.17089678510998307,0.07191201353637902,0.12774957698815567,0.14213197969543148,0.1116751269035533,0.11336717428087986,0.16412859560067683
sand,0.11594202898550725,0.1642512077294686,0.0676328502415459,0.13043478260869565,0.1497584541062802,0.10144927536231885,0.10628019323671498,0.1642512077294686
soon,0.06858407079646017,0.21902654867256635,0.04646017699115044,0.1327433628318584,0.13495575221238937,0.12389380530973451,0.0995575221238938,0.17477876106194687
would,0.09959982214317475,0.19875500222321033,0.0511338372610049,0.15740329035126724,0.10938194753223655,0.11916407292129835,0.10271231658514896,0.16184971098265896
thing,0.09032258064516129,0.15913978494623657,0.06666666666666667,0.11397849462365592,0.14193548387096774,0.1118279569892473,0.10752688172043011,0.20860215053763442
already,0.125,0.21666666666666665,0.09166666666666666,0.10833333333333332,0.125,0.10833333333333332,0.1,0.125
youth,0.16845878136200718,0.18996415770609318,0.03703703703703704,0.17921146953405018,0.16487455197132617,0.04181600955794504,0.16248506571087218,0.056152927120669056
could,0.0975292587776333,0.17360208062418728,0.05721716514954486,0.14109232769830948,0.13328998699609884,0.11183355006501952,0.10273081924577374,0.18270481144343306
feet,0.10230179028132995,0.1790281329923274,0.07161125319693096,0.1329923273657289,0.10230179028132995,0.1329923273657289,0.11764705882352944,0.16112531969309465
soil,0.1111111111111111,0.19444444444444445,0.3611111111111111,0.05555555555555555,0.1111111111111111,0.027777777777777776,0.08333333333333333,0.05555555555555555
sense,0.05405405405405405,0.29729729729729726,0.08108108108108107,0.13513513513513514,0.13513513513513514,0.08108108108108107,0.13513513513513514,0.08108108108108107
delight,0.02898550724637681,0.3188405797101449,0.02898550724637681,0.043478260869565216,0.30434782608695654,0.08695652173913043,0.10144927536231885,0.08695652173913043
long,0.06063122923588039,0.4568106312292359,0.02990033222591362,0.08887043189368769,0.10548172757475083,0.08056478405315615,0.06561461794019932,0.11212624584717606
traveling,0.0851063829787234,0.29787234042553196,0.02127659574468085,0.0851063829787234,0.14893617021276598,0.0851063829787234,0.0851063829787234,0.19148936170212766
land,0.06486486486486487,0.22162162162162163,0.05405405405405406,0.15675675675675677,0.10810810810810811,0.10270270270270271,0.13513513513513514,0.15675675675675677
dr.,0.06589785831960462,0.20593080724876442,0.03459637561779243,0.12520593080724876,0.14003294892915982,0.085667215815486,0.10543657331136738,0.23723228995057663
kirshner,0.07191780821917809,0.2363013698630137,0.04452054794520548,0.1095890410958904,0.1541095890410959,0.0547945205479452,0.10616438356164384,0.22260273972602743
archæologist,0.048387096774193554,0.24193548387096778,0.048387096774193554,0.12903225806451613,0.16129032258064518,0.11290322580645164,0.09677419354838711,0.16129032258064518
looked,0.07125890736342044,0.17339667458432306,0.06650831353919241,0.13301662707838482,0.161520190023753,0.10688836104513065,0.1140142517814727,0.17339667458432306
face,0.09703947368421054,0.14967105263157895,0.06414473684210527,0.13322368421052633,0.15460526315789475,0.13486842105263158,0.12828947368421054,0.13815789473684212
took,0.08206106870229007,0.18893129770992365,0.06297709923664122,0.14694656488549618,0.1431297709923664,0.10877862595419846,0.09732824427480916,0.1698473282442748
smile,0.04038004750593825,0.08313539192399051,0.03800475059382423,0.045130641330166275,0.2589073634204276,0.05938242280285037,0.2280285035629454,0.2470308788598575
two,0.09641532756489495,0.18912237330037085,0.04820766378244747,0.12484548825710755,0.11495673671199012,0.134734239802225,0.1112484548825711,0.1804697156983931
young,0.03168316831683168,0.2653465346534653,0.02871287128712871,0.04059405940594059,0.26435643564356437,0.03762376237623762,0.22772277227722773,0.10396039603960396
men,0.06483790523690773,0.2169576059850374,0.04239401496259352,0.10473815461346635,0.18453865336658357,0.08478802992518704,0.14214463840399003,0.1596009975062344
got,0.06434782608695652,0.23130434782608694,0.04,0.11652173913043476,0.1408695652173913,0.09739130434782609,0.09739130434782609,0.21217391304347824
old,0.0788888888888889,0.17111111111111113,0.06111111111111111,0.11555555555555555,0.16444444444444445,0.09222222222222222,0.09222222222222222,0.22444444444444442
right,0.12541620421753608,0.15427302996670367,0.06548279689234185,0.1109877913429523,0.1165371809100999,0.1220865704772475,0.10765815760266371,0.19755826859045508
said,0.0654018971542686,0.2091862206689965,0.057413879181228165,0.11582626060908637,0.15177234148776836,0.09036445332001998,0.12081877184223666,0.1892161757363954
eyes,0.11111111111111112,0.15015015015015015,0.07207207207207207,0.11861861861861861,0.14414414414414414,0.14114114114114112,0.1021021021021021,0.16066066066066065
suppose,0.07344632768361581,0.19774011299435026,0.06214689265536723,0.14689265536723162,0.11299435028248588,0.14124293785310735,0.096045197740113,0.1694915254237288
came,0.0888661899897855,0.1624106230847804,0.06843718079673136,0.12257405515832483,0.13687436159346272,0.1338100102145046,0.1327885597548519,0.15423901940755874
expedition,0.03643724696356276,0.5182186234817814,0.024291497975708502,0.07287449392712551,0.08097165991902835,0.07287449392712551,0.0688259109311741,0.12550607287449395
every,0.11453744493392069,0.1894273127753304,0.06828193832599119,0.15198237885462554,0.1079295154185022,0.09030837004405286,0.09911894273127753,0.17841409691629956
later,0.08943089430894309,0.1951219512195122,0.044715447154471545,0.11382113821138212,0.13414634146341464,0.12195121951219512,0.10975609756097561,0.19105691056910568
's,0.09918543363679924,0.16962146621945376,0.0646861523718256,0.13991375179683757,0.12985146142788692,0.10589362721609968,0.1126018207954001,0.17824628653569718
agreed,0.04477611940298508,0.1492537313432836,0.05223880597014926,0.05223880597014926,0.09701492537313433,0.0746268656716418,0.0746268656716418,0.4552238805970149
mr.,0.06478405315614617,0.22176079734219267,0.04069767441860465,0.12541528239202657,0.14617940199335547,0.0813953488372093,0.12375415282392024,0.19601328903654483
father,0.06134969325153374,0.12269938650306748,0.03680981595092025,0.10429447852760736,0.11247443762781185,0.06748466257668712,0.06339468302658487,0.4314928425357873
say,0.0816326530612245,0.22157434402332363,0.03498542274052478,0.10204081632653061,0.17201166180758018,0.0816326530612245,0.10204081632653061,0.20408163265306123
true,0.03773584905660377,0.09433962264150943,0.018867924528301886,0.056603773584905655,0.33962264150943394,0.03773584905660377,0.09433962264150943,0.32075471698113206
thrill,0.027027027027027025,0.1891891891891892,0.05405405405405405,0.13513513513513514,0.29729729729729726,0.0,0.1891891891891892,0.1081081081081081
're,0.06177606177606178,0.24324324324324326,0.03088803088803089,0.12355212355212356,0.11196911196911197,0.11583011583011583,0.1312741312741313,0.18146718146718147
explorers,0.08645533141210375,0.23342939481268013,0.05187319884726225,0.14985590778097982,0.15561959654178675,0.08933717579250722,0.08069164265129684,0.1527377521613833
n't,0.09175162187210381,0.19462465245597776,0.055607043558850794,0.1519925857275255,0.10936051899907323,0.10101946246524561,0.12696941612604265,0.16867469879518074
asked,0.08280254777070063,0.20063694267515922,0.0445859872611465,0.1019108280254777,0.17197452229299362,0.07643312101910828,0.12420382165605096,0.19745222929936307
trying,0.0990990990990991,0.17117117117117117,0.08108108108108109,0.12612612612612614,0.12612612612612614,0.12612612612612614,0.0990990990990991,0.17117117117117117
get,0.0824215900802334,0.23778264040846098,0.045951859956236324,0.1086797957695113,0.13347921225382933,0.08898614150255288,0.11086797957695113,0.19183078045222465
us,0.08383233532934131,0.2215568862275449,0.05389221556886228,0.12455089820359282,0.12694610778443116,0.08982035928143713,0.10299401197604792,0.19640718562874251
one,0.09272237196765498,0.18221024258760107,0.06253369272237196,0.12722371967654986,0.13315363881401615,0.10835579514824797,0.09703504043126684,0.1967654986522911
sun,0.07709750566893424,0.21541950113378686,0.04988662131519274,0.08616780045351473,0.17460317460317462,0.05442176870748299,0.15873015873015872,0.1836734693877551
boys,0.058252427184466014,0.28640776699029125,0.038834951456310676,0.10679611650485436,0.12135922330097088,0.07281553398058252,0.11650485436893203,0.1990291262135922
wait,0.018348623853211007,0.6880733944954128,0.009174311926605503,0.04587155963302752,0.055045871559633024,0.03669724770642201,0.03669724770642201,0.11009174311926605
brought,0.10714285714285714,0.15476190476190474,0.08928571428571429,0.13690476190476192,0.11904761904761905,0.08928571428571429,0.10714285714285714,0.19642857142857142
well,0.07208588957055215,0.21012269938650308,0.0383435582822086,0.11196319018404909,0.15184049079754602,0.10122699386503069,0.09969325153374234,0.2147239263803681
must,0.11879895561357702,0.185378590078329,0.07702349869451697,0.14229765013054832,0.09530026109660573,0.10443864229765012,0.07049608355091383,0.20626631853785898
thought,0.06967615309126594,0.4308145240431796,0.03434739941118743,0.09028459273797841,0.09322865554465162,0.07163886162904808,0.09028459273797841,0.11972522080471049
smiled,0.05217391304347826,0.17391304347826086,0.05217391304347826,0.08695652173913043,0.1826086956521739,0.07826086956521738,0.11304347826086955,0.2608695652173913
great,0.08306188925081433,0.2068403908794788,0.05537459283387622,0.1286644951140065,0.16775244299674266,0.10423452768729641,0.11237785016286644,0.14169381107491855
friendly,0.015384615384615385,0.2923076923076923,0.0,0.046153846153846156,0.2923076923076923,0.0,0.09230769230769231,0.26153846153846155
although,0.06752411575562701,0.2186495176848875,0.04180064308681672,0.15434083601286175,0.1382636655948553,0.10289389067524116,0.09967845659163989,0.17684887459807075
forced,0.06,0.16,0.04666666666666667,0.36,0.06666666666666667,0.08666666666666666,0.06666666666666667,0.15333333333333335
time,0.06730310262529833,0.43150357995226735,0.044391408114558474,0.09451073985680192,0.08878281622911695,0.08687350835322197,0.0730310262529833,0.11360381861575179
sky,0.056338028169014086,0.18309859154929578,0.08450704225352114,0.056338028169014086,0.16901408450704228,0.12676056338028172,0.16901408450704228,0.15492957746478875
gradually,0.10869565217391304,0.19565217391304346,0.06521739130434782,0.17391304347826086,0.13043478260869565,0.13043478260869565,0.08695652173913043,0.10869565217391304
view,0.01834862385321101,0.24770642201834867,0.02752293577981652,0.07339449541284404,0.19266055045871563,0.05504587155963304,0.15596330275229361,0.22935779816513766
moment,0.14171656686626746,0.11976047904191617,0.07385229540918165,0.18562874251497005,0.10179640718562874,0.14570858283433133,0.11377245508982035,0.11776447105788423
became,0.10179640718562875,0.10179640718562875,0.10179640718562875,0.15568862275449102,0.1377245508982036,0.14970059880239522,0.11377245508982035,0.1377245508982036
last,0.07860262008733625,0.21397379912663755,0.06259097525473072,0.13245997088791847,0.13100436681222707,0.10043668122270742,0.09461426491994178,0.1863173216885007
light,0.08375634517766499,0.16243654822335027,0.04060913705583757,0.12944162436548226,0.16497461928934012,0.1421319796954315,0.09898477157360408,0.17766497461928935
slowly,0.09722222222222222,0.2037037037037037,0.08333333333333333,0.1388888888888889,0.1111111111111111,0.10648148148148148,0.0925925925925926,0.16666666666666666
sight,0.05147058823529413,0.20588235294117652,0.06250000000000001,0.08823529411764706,0.15073529411764708,0.11029411764705883,0.1470588235294118,0.18382352941176475
adventurers,0.07766990291262137,0.11650485436893206,0.029126213592233014,0.14563106796116507,0.1747572815533981,0.1262135922330097,0.11650485436893206,0.21359223300970875
several,0.07428571428571429,0.22285714285714286,0.04285714285714286,0.10285714285714287,0.1457142857142857,0.09714285714285716,0.1142857142857143,0.2
seemed,0.09071274298056156,0.18358531317494603,0.06479481641468683,0.13174946004319654,0.13606911447084236,0.14038876889848814,0.08855291576673867,0.16414686825053998
especially,0.09774436090225565,0.18796992481203012,0.06015037593984963,0.09774436090225565,0.1804511278195489,0.09774436090225565,0.12781954887218047,0.15037593984962408
've,0.06415094339622643,0.2,0.04150943396226415,0.12452830188679245,0.169811320754717,0.08679245283018869,0.12075471698113208,0.19245283018867926
seen,0.10144927536231885,0.17391304347826086,0.07246376811594203,0.15217391304347827,0.07971014492753623,0.16666666666666669,0.09420289855072463,0.15942028985507245
getting,0.07326007326007326,0.28205128205128205,0.04029304029304029,0.13186813186813187,0.10989010989010989,0.12087912087912088,0.0989010989010989,0.14285714285714285
wo,0.037500000000000006,0.325,0.025,0.12500000000000003,0.12500000000000003,0.08750000000000001,0.11250000000000002,0.1625
reach,0.04444444444444444,0.3111111111111111,0.04444444444444444,0.17777777777777776,0.1333333333333333,0.1333333333333333,0.1111111111111111,0.04444444444444444
heard,0.12058823529411763,0.1676470588235294,0.07058823529411765,0.1411764705882353,0.09117647058823529,0.12352941176470587,0.11764705882352941,0.1676470588235294
added,0.07291666666666667,0.17708333333333334,0.0625,0.10416666666666667,0.16666666666666666,0.11979166666666667,0.125,0.171875
unusual,0.06451612903225806,0.25806451612903225,0.06451612903225806,0.12903225806451613,0.09677419354838711,0.12903225806451613,0.09677419354838711,0.16129032258064518
arab,0.13218390804597702,0.14942528735632182,0.08620689655172414,0.13218390804597702,0.13793103448275862,0.10919540229885057,0.09770114942528736,0.15517241379310345
led,0.05555555555555556,0.22222222222222224,0.03333333333333333,0.11111111111111112,0.11111111111111112,0.17777777777777776,0.11111111111111112,0.17777777777777776
way,0.10107948969578019,0.1786064769381747,0.05789990186457312,0.13150147203140333,0.12365063788027479,0.11972522080471051,0.0942100098135427,0.19332679097154076
people,0.076158940397351,0.22847682119205298,0.06622516556291391,0.09933774834437085,0.152317880794702,0.08278145695364239,0.09933774834437085,0.19536423841059603
among,0.07407407407407408,0.1851851851851852,0.059259259259259255,0.13333333333333333,0.17777777777777778,0.10370370370370371,0.0962962962962963,0.17037037037037037
many,0.08566433566433566,0.17307692307692307,0.04895104895104896,0.13286713286713286,0.1520979020979021,0.09615384615384616,0.09440559440559441,0.2167832167832168
others,0.05362776025236593,0.25552050473186116,0.03470031545741325,0.09148264984227128,0.14826498422712933,0.0725552050473186,0.09779179810725552,0.24605678233438485
tall,0.05625000000000001,0.25000000000000006,0.05,0.11250000000000002,0.11875000000000001,0.13125,0.1375,0.14375000000000002
american,0.07272727272727272,0.30909090909090914,0.03636363636363636,0.1090909090909091,0.2,0.05454545454545455,0.09090909090909093,0.1272727272727273
intended,0.03125,0.46875,0.03125,0.125,0.03125,0.125,0.03125,0.15625000000000003
elders,0.0,0.18181818181818182,0.0303030303030303,0.0606060606060606,0.15151515151515152,0.0303030303030303,0.1212121212121212,0.42424242424242425
want,0.06162464985994398,0.2296918767507003,0.06442577030812326,0.1008403361344538,0.14565826330532214,0.11764705882352942,0.1008403361344538,0.1792717086834734
fact,0.07031249999999999,0.14843749999999997,0.07031249999999999,0.10156249999999999,0.109375,0.09374999999999999,0.09374999999999999,0.3125
anything,0.08940397350993377,0.22847682119205298,0.06622516556291391,0.16556291390728478,0.09271523178807947,0.1291390728476821,0.08940397350993377,0.1390728476821192
seem,0.15294117647058822,0.12941176470588234,0.08235294117647059,0.15294117647058822,0.10588235294117646,0.11764705882352941,0.09411764705882351,0.16470588235294117
made,0.07985257985257986,0.20884520884520885,0.06388206388206388,0.11793611793611794,0.13882063882063883,0.10073710073710074,0.1031941031941032,0.18673218673218675
move,0.15873015873015875,0.14285714285714285,0.11111111111111112,0.20634920634920634,0.11111111111111112,0.11111111111111112,0.11111111111111112,0.047619047619047616
youths,0.061881188118811874,0.2475247524752475,0.042079207920792075,0.1262376237623762,0.14603960396039603,0.10396039603960394,0.11881188118811879,0.15346534653465346
reached,0.039285714285714285,0.23214285714285718,0.05714285714285714,0.12142857142857144,0.14642857142857144,0.10357142857142856,0.12142857142857144,0.1785714285714286
friends,0.060000000000000005,0.208,0.044,0.09200000000000001,0.168,0.084,0.136,0.208
ten,0.1264367816091954,0.1724137931034483,0.08045977011494253,0.11494252873563218,0.10344827586206896,0.11494252873563218,0.10344827586206896,0.1839080459770115
might,0.08071135430916553,0.2270861833105335,0.046511627906976744,0.15321477428180574,0.11627906976744184,0.10533515731874145,0.09986320109439123,0.1709986320109439
