,anger,anticipation,disgust,fear,joy,sadness,surprise,trust
project,0.12246313963573285,0.16929748482220294,0.04891587163920208,0.052211621856027755,0.10771899392888117,0.07701647875108412,0.021856027753686037,0.400520381613183
gutenberg,0.08761122518822724,0.23271731690622863,0.04654346338124572,0.047227926078028754,0.08418891170431211,0.1136208076659822,0.017111567419575636,0.37097878165639975
life,0.09260793519285648,0.16082113596612355,0.07419681487618522,0.1274049525913652,0.15410107705053855,0.12537972935653136,0.07419681487618522,0.19129154009021448
martin,0.07975856865703815,0.17633110584177625,0.061435654235826684,0.11705108859668031,0.15197240784651866,0.09851261047639578,0.08579435223108428,0.2291442121146799
chuzzlewit,0.09070121951219512,0.15167682926829268,0.07164634146341464,0.11890243902439025,0.14557926829268292,0.10137195121951219,0.08307926829268292,0.23704268292682926
use,0.10134629768137621,0.18287210172026924,0.06955871353777111,0.09723261032161554,0.16716529543754674,0.07180254300673147,0.06357516828721016,0.24644727000747937
anywhere,0.10144927536231885,0.1521739130434783,0.10869565217391305,0.10144927536231885,0.17391304347826086,0.10869565217391305,0.08695652173913043,0.16666666666666669
cost,0.14573991031390135,0.1547085201793722,0.08071748878923767,0.11659192825112108,0.11210762331838567,0.10089686098654709,0.05829596412556054,0.23094170403587447
almost,0.10383189122373301,0.15327564894932014,0.07684384013185003,0.13452822414503504,0.14070869386073342,0.12814173877214668,0.07911001236093944,0.18355995055624227
may,0.0923581809657759,0.16482486102739266,0.06302324023843012,0.11365615163083516,0.15176478467617707,0.10260531779519122,0.0782934833567745,0.23347398030942335
copy,0.17672790901137356,0.10936132983377077,0.07524059492563429,0.07174103237095363,0.05774278215223097,0.07961504811898512,0.03849518810148731,0.3910761154855643
give,0.0817882516028418,0.1715473921330792,0.055796222491769194,0.11193900537168602,0.1587246577716167,0.10032923236874026,0.08057529024432508,0.23929994801594182
away,0.09234385493619877,0.1766286098052384,0.07085292142377433,0.130456682337139,0.14892545332437876,0.12256548018804564,0.07337139019476158,0.18485560779046337
terms,0.1109896118097321,0.15035538545653362,0.048113723346090764,0.08310552214324768,0.13613996719518864,0.05631492618917442,0.057408419901585565,0.35757244395844723
license,0.10724233983286907,0.2311977715877437,0.055710306406685235,0.08356545961002786,0.12674094707520892,0.0807799442896936,0.03899721448467966,0.2757660167130919
included,0.048387096774193554,0.16129032258064518,0.08064516129032259,0.03225806451612904,0.12903225806451615,0.03225806451612904,0.06451612903225808,0.4516129032258065
title,0.09090909090909091,0.10695187165775402,0.05347593582887701,0.08823529411764706,0.11764705882352942,0.08021390374331552,0.07486631016042782,0.38770053475935834
release,0.13100436681222707,0.15283842794759825,0.07860262008733625,0.13537117903930132,0.11353711790393013,0.1091703056768559,0.07423580786026202,0.2052401746724891
last,0.09991776315789475,0.17502741228070176,0.06469298245614034,0.1254111842105263,0.14076206140350878,0.12705592105263158,0.07264254385964912,0.19449013157894737
language,0.0901909150757077,0.1685319289005925,0.04937458854509546,0.1033574720210665,0.1619486504279131,0.0836076366030283,0.09216589861751152,0.25082290980908495
english,0.08800690250215702,0.17040552200172562,0.058671268334771355,0.11647972389991372,0.14106988783433994,0.09749784296807593,0.08196721311475409,0.2459016393442623
start,0.08253968253968255,0.30952380952380953,0.06507936507936508,0.10158730158730159,0.09047619047619049,0.08412698412698413,0.07142857142857142,0.19523809523809527
produced,0.07595993322203673,0.17779632721202004,0.05425709515859766,0.11686143572621034,0.17362270450751252,0.08764607679465776,0.07762938230383973,0.2362270450751252
one,0.09701832771040395,0.16206194340597552,0.06449651986261816,0.1169569314002614,0.1498130755904076,0.10878088811890217,0.08473906568189417,0.21613324822953708
class,0.08176100628930819,0.14937106918238993,0.07861635220125787,0.10220125786163523,0.139937106918239,0.10849056603773585,0.06761006289308176,0.2720125786163522
minds,0.07931404072883172,0.1757770632368703,0.05894962486602358,0.12325830653804928,0.16077170418006428,0.09646302250803857,0.067524115755627,0.23794212218649516
plain,0.14824797843665768,0.13566936208445643,0.042228212039532795,0.08265947888589398,0.14824797843665768,0.0889487870619946,0.07547169811320756,0.27852650494159925
truth,0.07141470987774112,0.12575198913254415,0.04599262565495827,0.10440520085387152,0.13312633417426742,0.08092373374733164,0.0556957112361731,0.3826896953231127
another,0.09566817193510621,0.1649105201538719,0.06506104699782572,0.12142498745609634,0.14751630707476165,0.10837932764676368,0.0760996822211072,0.22093995651446732
commonly,0.125,0.15,0.0625,0.1375,0.125,0.125,0.0625,0.21250000000000002
called,0.09223873555083746,0.16867185656994574,0.0651096956829441,0.11677282377919321,0.14909176692616183,0.10238263741448454,0.07265864590705355,0.23307383816937957
prospect,0.06666666666666667,0.21176470588235294,0.05686274509803922,0.09215686274509804,0.1803921568627451,0.10588235294117647,0.08627450980392158,0.2
innumerable,0.09836065573770492,0.17213114754098363,0.09836065573770492,0.13114754098360656,0.13114754098360656,0.10655737704918034,0.0819672131147541,0.18032786885245905
features,0.08729139922978177,0.13222079589216945,0.07958921694480102,0.11681643132220797,0.17586649550706032,0.12708600770218229,0.10141206675224647,0.1797175866495507
person,0.1042713567839196,0.1680276381909548,0.05684673366834172,0.09798994974874373,0.15891959798994976,0.08040201005025126,0.08322864321608041,0.2503140703517588
sometimes,0.09985207100591716,0.16235207100591714,0.0643491124260355,0.12389053254437869,0.16124260355029585,0.11575443786982247,0.07877218934911243,0.1937869822485207
ask,0.08251324753974261,0.16578349735049205,0.0635881907645723,0.11355034065102194,0.15897047691143074,0.12036336109008326,0.07948523845571537,0.2157456472369417
whether,0.09129581151832461,0.1580497382198953,0.06708115183246073,0.1305628272251309,0.1393979057591623,0.11158376963350784,0.0775523560209424,0.22447643979057594
occasionally,0.10998552821997104,0.1447178002894356,0.07670043415340086,0.1244573082489146,0.130246020260492,0.12011577424023154,0.07670043415340086,0.21707670043415336
difference,0.08333333333333333,0.17234848484848486,0.0606060606060606,0.0946969696969697,0.16287878787878787,0.08901515151515152,0.07196969696969696,0.26515151515151514
kind,0.06782511210762332,0.11789985052316891,0.05175635276532138,0.07922272047832586,0.24570254110612857,0.08949925261584454,0.05829596412556055,0.28979820627802694
always,0.08950733358405416,0.16698006769462204,0.06318164723580294,0.11696126363294472,0.16472358029334339,0.1013538924407672,0.07897705904475366,0.21831515607371194
colours,0.06678700361010831,0.1787003610108303,0.048736462093862815,0.08844765342960288,0.1967509025270758,0.11191335740072202,0.07942238267148015,0.22924187725631767
highly,0.058201058201058205,0.17724867724867724,0.05555555555555556,0.07936507936507936,0.18253968253968256,0.09523809523809523,0.082010582010582,0.2698412698412698
reader,0.07849293563579278,0.1836734693877551,0.058084772370486655,0.10989010989010989,0.14756671899529042,0.09733124018838304,0.0879120879120879,0.2370486656200942
whose,0.09561580617248341,0.1502740121142198,0.07282953562157485,0.1284972598788578,0.16440726853187196,0.11897894433227575,0.07254110181713297,0.1968560715315835
eye,0.08571428571428572,0.15571428571428572,0.06333333333333334,0.11761904761904764,0.16476190476190478,0.12380952380952383,0.08380952380952382,0.20523809523809527
colour,0.09682080924855492,0.1661849710982659,0.03757225433526012,0.1184971098265896,0.17052023121387283,0.13294797687861273,0.07369942196531792,0.20375722543352603
little,0.08154239513509778,0.18077534379103033,0.06039665537972497,0.10807822541634993,0.1700642664639624,0.10552138760279178,0.08472116647087279,0.20890055974017
dull,0.07465007776049767,0.12908242612752724,0.052877138413685854,0.0979782270606532,0.13841368584758945,0.25660964230171074,0.08709175738724728,0.16329704510108867
head,0.10095389507154214,0.14686009538950717,0.07651033386327505,0.14984101748807632,0.1283783783783784,0.13473767885532592,0.06915739268680446,0.19356120826709064
positive,0.11809045226130654,0.14321608040201006,0.07537688442211056,0.13819095477386936,0.10301507537688444,0.15075376884422112,0.0678391959798995,0.2035175879396985
experience,0.07342657342657342,0.16317016317016314,0.0606060606060606,0.10839160839160837,0.13636363636363635,0.11655011655011654,0.0606060606060606,0.28088578088578087
curious,0.07469512195121951,0.17682926829268295,0.0548780487804878,0.1097560975609756,0.15853658536585366,0.09451219512195122,0.08384146341463415,0.24695121951219515
speculation,0.12437810945273635,0.11442786069651742,0.0646766169154229,0.18905472636815923,0.08457711442786071,0.23880597014925375,0.0746268656716418,0.10945273631840798
set,0.10203535083020888,0.17005891805034812,0.0530262453133369,0.1012319228709159,0.15399035886448847,0.1060524906266738,0.07445099089448312,0.2391537225495447
never,0.09150745040680136,0.1659201023859585,0.06563671267940398,0.11792668434043331,0.15833257153304692,0.11737818813419874,0.07669805283846787,0.2066002376816894
touched,0.10891089108910891,0.13613861386138615,0.07178217821782179,0.13613861386138615,0.16584158415841582,0.1608910891089109,0.06435643564356436,0.15594059405940594
character,0.09260908281389137,0.14663104778866132,0.06144256455921639,0.11635500148411991,0.1549421193232413,0.10002968239833777,0.07747105966162066,0.25051944197091125
precisely,0.06395348837209303,0.18895348837209303,0.055232558139534885,0.0813953488372093,0.1802325581395349,0.06395348837209303,0.06395348837209303,0.3023255813953489
asked,0.08894044856921886,0.1979891724671307,0.06032482598607889,0.10750193348801237,0.1531322505800464,0.0951276102088167,0.09126063418406806,0.205723124516628
really,0.0822746521476104,0.1693889897156685,0.07078039927404718,0.11736237144585603,0.16152450090744103,0.11070780399274048,0.0750151240169389,0.21294615849969753
ever,0.0886426592797784,0.16356081591538654,0.06761521027449005,0.11395114580710147,0.16985645933014354,0.11256610425585495,0.07932510702593805,0.20448249811130698
see,0.07987220447284345,0.1782037628682996,0.0611761921666075,0.11892083777067802,0.15867944621938232,0.10270973849248609,0.08791858951603361,0.2125192284936694
like,0.092412771560237,0.15898617511520738,0.06772547728768927,0.12615207373271892,0.1589038841342989,0.12146148782093484,0.08080974325213956,0.1935483870967742
pecksniff,0.08052190121155639,0.16495806150978568,0.056290773532152845,0.09897483690587139,0.17819198508853684,0.09319664492078285,0.09711090400745574,0.23075489282385836
family,0.07226173541963016,0.17496443812233287,0.058321479374110946,0.10640113798008535,0.16529160739687054,0.1092460881934566,0.08165007112375533,0.23186344238975817
upon,0.09613713182037663,0.16214389183969097,0.06875905359729599,0.1270400772573636,0.14485755673587639,0.11646547561564462,0.07542250120714632,0.20917431192660552
earth,0.08282904689863843,0.1645234493192133,0.07488653555219364,0.1210287443267776,0.1645234493192133,0.11497730711043873,0.06618759455370651,0.21104387291981844
quite,0.07945776850886341,0.17393117831074034,0.059645464025026074,0.10573514077163713,0.16788321167883213,0.10281543274244004,0.08675703858185611,0.2237747653806048
agreed,0.0692307692307692,0.17230769230769227,0.04153846153846153,0.10153846153846152,0.11999999999999998,0.0846153846153846,0.058461538461538454,0.3523076923076922
believe,0.07912844036697249,0.16093272171253825,0.06307339449541284,0.1253822629969419,0.16246177370030582,0.10206422018348624,0.07377675840978593,0.2331804281345566
mr,0.07771114442778612,0.17424621022821923,0.05630518074296186,0.09795102448775612,0.16516741629185408,0.09212060636348493,0.08853906380143263,0.2479593536565051
offer,0.06986027944111778,0.1816367265469062,0.053892215568862284,0.10578842315369262,0.16566866267465072,0.10179640718562875,0.07385229540918165,0.2475049900199601
behalf,0.0588235294117647,0.1838235294117647,0.07352941176470587,0.08823529411764704,0.17647058823529407,0.08088235294117646,0.0588235294117647,0.2794117647058823
powerful,0.13071895424836602,0.1633986928104575,0.10784313725490195,0.14967320261437908,0.16143790849673204,0.06143790849673203,0.03986928104575164,0.18562091503267975
genteel,0.09523809523809525,0.16666666666666669,0.07142857142857144,0.09523809523809525,0.16666666666666669,0.09523809523809525,0.02380952380952381,0.28571428571428575
body,0.10196445275958839,0.1412535079513564,0.07202993451824134,0.13517305893358278,0.14452759588400374,0.1333021515434986,0.06875584658559401,0.2029934518241347
make,0.08388301182327318,0.17249533291848165,0.058991910392034844,0.11972619788425637,0.1538270068450529,0.1074051026757934,0.07579340385812072,0.22787803360298692
remark,0.08974358974358973,0.15384615384615383,0.04807692307692307,0.1266025641025641,0.1474358974358974,0.10416666666666666,0.07852564102564102,0.2516025641025641
jonas,0.09149357072205737,0.16023738872403562,0.05588526211671613,0.11968348170128586,0.15331355093966367,0.10187932739861524,0.09742828882294757,0.22007912957467854
conceive,0.0677361853832442,0.1622103386809269,0.058823529411764705,0.1194295900178253,0.16399286987522282,0.10160427807486631,0.0677361853832442,0.25846702317290554
sordid,0.1818181818181818,0.07954545454545454,0.20454545454545453,0.1818181818181818,0.0909090909090909,0.11363636363636362,0.04545454545454545,0.10227272727272727
coarseness,0.19230769230769232,0.038461538461538464,0.13461538461538464,0.19230769230769232,0.09615384615384616,0.09615384615384616,0.0,0.25000000000000006
would,0.0965435868961688,0.16480427540255416,0.06565796779566908,0.1310036091060522,0.1449541921154914,0.11361743475846753,0.07599944475291505,0.20741948917268185
unnatural,0.09608540925266904,0.11387900355871886,0.19217081850533807,0.2206405693950178,0.08185053380782918,0.11743772241992884,0.06761565836298933,0.1103202846975089
nothing,0.0954551733664871,0.16231523691117558,0.07473407929271998,0.12722751761292997,0.15292167426440118,0.10719712667495511,0.07542478242851222,0.2047244094488189
early,0.07707222491517207,0.1885603490063015,0.04944255937954435,0.11730489578284052,0.17595734367426077,0.09840038778477944,0.08046534173533688,0.2127968977217644
education,0.08085106382978724,0.1872340425531915,0.05106382978723404,0.08723404255319149,0.14255319148936169,0.07872340425531915,0.09787234042553192,0.274468085106383
precept,0.07894736842105263,0.07894736842105263,0.10526315789473684,0.18421052631578946,0.18421052631578946,0.05263157894736842,0.02631578947368421,0.2894736842105263
example,0.09620476610767871,0.14298323036187113,0.06266548984995586,0.13062665489849956,0.14739629302736096,0.10856134157105031,0.07237422771403354,0.23918799646954986
vices,0.1515151515151515,0.1212121212121212,0.125,0.10606060606060605,0.11742424242424242,0.08712121212121211,0.07575757575757575,0.2159090909090909
odious,0.2125984251968504,0.07086614173228346,0.1968503937007874,0.2047244094488189,0.07874015748031496,0.11811023622047244,0.05511811023622047,0.06299212598425197
born,0.06978653530377668,0.1773399014778325,0.0632183908045977,0.11083743842364532,0.1683087027914614,0.09688013136288998,0.08866995073891625,0.2249589490968801
bred,0.12751677852348994,0.08724832214765102,0.12080536912751678,0.16107382550335572,0.12080536912751678,0.12751677852348994,0.03355704697986577,0.22147651006711414
admired,0.08580858085808582,0.15181518151815182,0.04290429042904291,0.10231023102310231,0.21122112211221122,0.06600660066006601,0.07260726072607261,0.2673267326732674
made,0.08854741489090755,0.17556668647593174,0.0650309873503693,0.12564733848374227,0.1486543849223194,0.10671534086085407,0.07504881568893794,0.2147890313269378
justified,0.14018691588785046,0.14953271028037382,0.08411214953271028,0.102803738317757,0.1308411214953271,0.102803738317757,0.05607476635514018,0.2336448598130841
cradle,0.07987220447284346,0.22364217252396165,0.047923322683706075,0.10223642172523961,0.2172523961661342,0.07348242811501597,0.07667731629392971,0.17891373801916932
cunning,0.13215859030837004,0.15859030837004404,0.08370044052863436,0.14977973568281938,0.14977973568281938,0.048458149779735685,0.07048458149779735,0.20704845814977973
treachery,0.17886178861788618,0.06504065040650406,0.11382113821138211,0.17073170731707318,0.08130081300813008,0.18699186991869918,0.09756097560975609,0.10569105691056911
claim,0.08534850640113797,0.19203413940256048,0.05547652916073969,0.12660028449502134,0.16216216216216217,0.08961593172119488,0.05547652916073969,0.2332859174964438
issue,0.11111111111111113,0.16,0.06666666666666668,0.11111111111111113,0.16,0.09333333333333335,0.08888888888888889,0.20888888888888893
father,0.06860123027547473,0.15258090398502275,0.05442631719711153,0.0913345814388874,0.15044129446376037,0.09507889810109654,0.05924043861995185,0.32829633591869484
seen,0.08392603129445235,0.17496443812233287,0.06360495834180044,0.1209103840682788,0.15504978662873398,0.1156269051005893,0.07722007722007722,0.20869741922373503
submit,0.11638954869358671,0.24228028503562948,0.08313539192399051,0.14251781472684089,0.09263657957244657,0.12351543942992876,0.04750593824228029,0.15201900237529692
old,0.0801911842804036,0.16232961586121436,0.06700300938219154,0.11913613028854664,0.1613559922110108,0.11329438838732518,0.07611966719773411,0.22057001239157373
man,0.0895784543325527,0.15648286140089418,0.06823504364487971,0.12034277198211624,0.16031509474132424,0.10565254417713434,0.08191398765169257,0.217479242069406
age,0.08412371134020619,0.1711340206185567,0.06845360824742268,0.10721649484536083,0.16123711340206187,0.1063917525773196,0.08371134020618558,0.21773195876288662
mere,0.09809027777777778,0.15277777777777776,0.0842013888888889,0.13368055555555552,0.1440972222222222,0.1015625,0.0720486111111111,0.21354166666666666
piece,0.08104575163398693,0.16732026143790849,0.0457516339869281,0.12287581699346406,0.16601307189542483,0.10718954248366014,0.09019607843137255,0.21960784313725493
poetical,0.084,0.16399999999999998,0.055999999999999994,0.1,0.188,0.1,0.07999999999999999,0.22799999999999998
justice,0.09409523809523809,0.11847619047619047,0.050666666666666665,0.11199999999999999,0.1398095238095238,0.0739047619047619,0.055999999999999994,0.35504761904761906
extreme,0.08800000000000001,0.168,0.064,0.11866666666666667,0.156,0.12533333333333335,0.06666666666666667,0.21333333333333332
exposition,0.08,0.12,0.026666666666666665,0.09333333333333334,0.14666666666666667,0.05333333333333333,0.05333333333333333,0.42666666666666664
direct,0.10344827586206898,0.15147783251231528,0.054187192118226604,0.1330049261083744,0.15024630541871922,0.12438423645320197,0.06896551724137931,0.21428571428571427
's,0.0840748621723571,0.16648128445691074,0.06668923493568044,0.11401005899990328,0.15784892155914498,0.1087387561659735,0.07728020117999806,0.22487668053003193
attention,0.0740740740740741,0.19412515964240107,0.061941251596424024,0.1149425287356322,0.15453384418901664,0.09514687100894,0.07535121328224778,0.2298850574712644
consideration,0.07675438596491228,0.19736842105263155,0.06798245614035088,0.1118421052631579,0.1600877192982456,0.07675438596491228,0.06798245614035088,0.2412280701754386
tale,0.116331096196868,0.14988814317673377,0.07606263982102908,0.12080536912751677,0.116331096196868,0.10738255033557045,0.06263982102908276,0.25055928411633105
common,0.09701187065083913,0.13794514940646746,0.06426524764633648,0.11829717560376588,0.15022513303315596,0.11461318051575932,0.070814572247237,0.2468276708964388
real,0.0846774193548387,0.11981566820276499,0.06624423963133641,0.1163594470046083,0.12384792626728111,0.10023041474654378,0.06394009216589862,0.32488479262672815
want,0.08847497089639116,0.1408614668218859,0.08265424912689173,0.14144353899883585,0.13445867287543656,0.13736903376018625,0.0820721769499418,0.19266589057043076
reflection,0.072265625,0.154296875,0.05859375000000001,0.12109375,0.150390625,0.095703125,0.0703125,0.27734375
many,0.0816861157418433,0.16884972612526794,0.06287211240771612,0.1109788044772565,0.16694451059776136,0.10824005715646583,0.07882829245058348,0.2216003810431055
awaken,0.07432432432432433,0.16891891891891891,0.04729729729729729,0.11486486486486486,0.22972972972972971,0.13513513513513511,0.09459459459459459,0.13513513513513511
general,0.06651216685979142,0.14090382387022016,0.04241019698725377,0.08783314020857473,0.13580533024333719,0.0825028968713789,0.06720741599073002,0.3768250289687138
horror,0.15879396984924624,0.0814070351758794,0.14472361809045226,0.16884422110552763,0.08241206030150754,0.1577889447236181,0.12261306532663317,0.08341708542713568
true,0.05318373888969838,0.116129972315314,0.034678711933556754,0.07737141191898586,0.27058137840594493,0.062363397930934,0.058574967215503426,0.32711642139006264
families,0.10593900481540931,0.15890850722311395,0.08507223113964686,0.12520064205457465,0.13322632423756017,0.1043338683788122,0.07383627608346709,0.21348314606741572
respect,0.05265195509097948,0.20557491289198607,0.03561749903213318,0.06349206349206349,0.23925667828106853,0.05497483546264034,0.04800619434765776,0.3004258614014712
whole,0.0931753167143441,0.16939109113199835,0.06416019615856151,0.12014711892112791,0.14262362076011442,0.11319983653453208,0.0778504290968533,0.21945239068246833
let,0.08747919363787683,0.1657111152210098,0.060107268355835027,0.12132420935823933,0.1527649343443684,0.11392639171444424,0.08655446643240244,0.21213242093582396
go,0.08401913875598085,0.18200956937799043,0.06488038277511961,0.12631578947368421,0.1383732057416268,0.11464114832535885,0.08114832535885166,0.20861244019138758
children,0.07503875968992246,0.1587596899224806,0.06294573643410852,0.12465116279069767,0.16589147286821704,0.12062015503875967,0.07162790697674418,0.22046511627906973
side,0.09341614906832298,0.1622360248447205,0.06931677018633539,0.11925465838509315,0.15130434782608695,0.12223602484472049,0.08223602484472049,0.19999999999999998
prison,0.20766129032258063,0.09274193548387095,0.07661290322580644,0.23790322580645157,0.05846774193548387,0.20564516129032254,0.026209677419354836,0.09475806451612903
england,0.08102253032928944,0.19020797227036396,0.058925476603119586,0.11698440207972272,0.15251299826689776,0.09315424610051994,0.07105719237435008,0.23613518197573657
grieve,0.11042944785276075,0.08588957055214724,0.07975460122699388,0.23926380368098166,0.09202453987730062,0.2269938650306749,0.06748466257668713,0.098159509202454
add,0.06296851574212894,0.19340329835082462,0.04647676161919041,0.09445277361319342,0.17991004497751126,0.11394302848575713,0.06896551724137932,0.23988005997001502
judge,0.09074573225516622,0.14914645103324348,0.0655884995507637,0.12129380053908356,0.1536388140161725,0.10332434860736747,0.08445642407906559,0.23180592991913745
disgrace,0.16230366492146595,0.10471204188481674,0.16492146596858637,0.14397905759162302,0.07591623036649214,0.19109947643979056,0.06020942408376962,0.09685863874345549
streets,0.10341880341880343,0.14871794871794872,0.09572649572649573,0.1341880341880342,0.13333333333333336,0.14188034188034188,0.06752136752136753,0.17521367521367523
people,0.08917816203613756,0.16844763940159316,0.07499514280163201,0.11890421604818341,0.15212745288517582,0.10200116572760831,0.07518943073635127,0.21915679036331845
creatures,0.08951965065502182,0.1353711790393013,0.07641921397379911,0.1397379912663755,0.17030567685589518,0.12663755458515283,0.07860262008733623,0.1834061135371179
suffered,0.1288888888888889,0.13481481481481483,0.10074074074074074,0.17777777777777778,0.10814814814814815,0.16,0.06962962962962964,0.12000000000000001
misery,0.16973415132924333,0.09543285616905248,0.136332651670075,0.18813905930470348,0.08043626448534423,0.18541240627130195,0.03340149965916837,0.1111111111111111
ruin,0.10532407407407408,0.1099537037037037,0.07986111111111112,0.21180555555555555,0.09375000000000001,0.20138888888888887,0.06597222222222222,0.13194444444444445
american,0.084,0.19066666666666668,0.04533333333333334,0.09866666666666667,0.148,0.072,0.084,0.2773333333333333
portion,0.07369614512471655,0.17687074829931973,0.06122448979591836,0.10997732426303855,0.16666666666666663,0.09750566893424036,0.06349206349206349,0.25056689342403626
story,0.09126984126984128,0.16984126984126985,0.06904761904761905,0.12142857142857143,0.14285714285714285,0.12063492063492065,0.08253968253968255,0.20238095238095238
part,0.0911739502999143,0.16161096829477292,0.06872322193658954,0.12493573264781492,0.14892887746358183,0.1143101970865467,0.07043701799485862,0.21988003427592118
bevan,0.012048192771084338,0.21686746987951808,0.012048192771084338,0.024096385542168676,0.24096385542168675,0.060240963855421686,0.08433734939759036,0.3493975903614458
expected,0.08023106546854941,0.3138639281129653,0.05776636713735558,0.09178433889602054,0.11553273427471115,0.09563543003851091,0.06867779204107831,0.17650834403080873
ludicrous,0.07999999999999999,0.19999999999999998,0.07999999999999999,0.07999999999999999,0.11999999999999998,0.15999999999999998,0.039999999999999994,0.23999999999999996
years,0.08682238871749669,0.1749669457910974,0.06765094755398854,0.11238431026884088,0.1509475539885412,0.11789334508594093,0.08109299250771264,0.20824151608638164
ago,0.08769931662870158,0.21298405466970385,0.07630979498861047,0.11161731207289292,0.13439635535307515,0.12642369020501137,0.07744874715261958,0.17312072892938493
nature,0.0810198300283286,0.15127478753541077,0.05892351274787536,0.11029272898961284,0.18224740321057603,0.10273843248347499,0.07667610953729934,0.2368271954674221
likely,0.0912762520193861,0.1688206785137318,0.05169628432956381,0.10662358642972536,0.15347334410339256,0.09369951534733441,0.08400646203554119,0.2504038772213247
travellers,0.09876543209876541,0.205761316872428,0.08230452674897118,0.11522633744855966,0.16872427983539093,0.08641975308641975,0.06995884773662552,0.1728395061728395
young,0.05485013388615358,0.22173274596182088,0.043880107108922865,0.0753217586594109,0.22328755290662522,0.06763410209898937,0.16645072125766608,0.14684287812041116
mark,0.0790494665373424,0.17458777885548013,0.062075654704170716,0.12075654704170709,0.14645974781765278,0.09747817652764308,0.07177497575169739,0.24781765276430653
tapley,0.07123655913978494,0.1908602150537634,0.05241935483870967,0.1075268817204301,0.1518817204301075,0.06989247311827956,0.07930107526881719,0.2768817204301075
writing,0.10800508259212199,0.17662007623888185,0.06353240152477764,0.10419313850063533,0.1423125794155019,0.10165184243964422,0.08767471410419314,0.21601016518424399
disposition,0.08284883720930233,0.17005813953488372,0.06395348837209303,0.09738372093023255,0.1613372093023256,0.09156976744186048,0.08430232558139536,0.24854651162790697
ridiculous,0.2122905027932961,0.09497206703910616,0.2011173184357542,0.10614525139664804,0.1005586592178771,0.0782122905027933,0.06145251396648045,0.1452513966480447
wrong,0.09472551130247578,0.1496232508073197,0.07965554359526372,0.12809472551130247,0.1442411194833154,0.12486544671689989,0.06781485468245425,0.21097954790096876
home,0.07728945659233602,0.1890019484736956,0.0638666378003897,0.10781554449014939,0.15890885473046115,0.11106300064949125,0.07490798874215199,0.217146568521325
hoped,0.07341269841269842,0.1865079365079365,0.06547619047619048,0.11904761904761904,0.15873015873015872,0.1388888888888889,0.06746031746031746,0.19047619047619047
united,0.03917525773195876,0.1979381443298969,0.03230240549828179,0.07835051546391752,0.11752577319587629,0.05292096219931271,0.049484536082474224,0.4323024054982818
states,0.03389830508474576,0.18938835666912307,0.05084745762711865,0.09579955784819455,0.0810611643330877,0.07958732498157702,0.03021370670596905,0.4392041267501842
generally,0.0985277463193658,0.18233295583238956,0.07134767836919592,0.12570781426953567,0.1245753114382786,0.12570781426953567,0.07134767836919592,0.20045300113250283
disposed,0.05961754780652418,0.25984251968503935,0.04499437570303712,0.0686164229471316,0.12823397075365578,0.06636670416197975,0.05511811023622047,0.3172103487064117
quarrel,0.2522796352583586,0.1155015197568389,0.06382978723404255,0.11854103343465046,0.11854103343465046,0.10942249240121579,0.08206686930091184,0.1398176291793313
carrying,0.09053497942386832,0.16872427983539096,0.06584362139917696,0.13168724279835392,0.1234567901234568,0.11522633744855967,0.0617283950617284,0.24279835390946503
usage,0.12,0.2,0.14666666666666667,0.08,0.13333333333333333,0.10666666666666666,0.04,0.17333333333333334
abroad,0.08097165991902834,0.17273954116059378,0.06342780026990553,0.11875843454790824,0.15789473684210525,0.08636977058029689,0.08232118758434548,0.23751686909581649
happy,0.04167738615899152,0.23822999742732184,0.034216619500900436,0.06431695394906098,0.2503215847697453,0.05891432981733985,0.05479804476459996,0.25752508361204013
confidence,0.048799380325329204,0.11618900077459333,0.03408210689388071,0.18357862122385746,0.2230828814872192,0.06506584043377228,0.054996127033307515,0.2742060418280403
great,0.08042385545442195,0.1719195761445456,0.05400081510664312,0.11397907892949327,0.16859122401847573,0.09550332835212606,0.08402390979486483,0.23155821219942943
book,0.08716707021791768,0.16142050040355127,0.06376109765940276,0.10734463276836159,0.15980629539951574,0.11541565778853916,0.06537530266343827,0.23970944309927364
first,0.0953161832530491,0.18151071025930104,0.05616480475556011,0.11673670185507841,0.1513784974889823,0.10505278261760788,0.08025007686788972,0.21359024290253154
given,0.08248299319727892,0.17687074829931976,0.05158730158730159,0.11366213151927437,0.16695011337868482,0.08701814058956917,0.07936507936507936,0.24206349206349206
understand,0.07185122569737955,0.1808960270498732,0.054945054945054944,0.11073541842772612,0.158072696534235,0.10735418427726119,0.073541842772612,0.24260355029585798
watertoast,0.056603773584905655,0.15094339622641506,0.04716981132075471,0.10377358490566037,0.11320754716981131,0.09433962264150943,0.04716981132075471,0.38679245283018865
association,0.05614035087719298,0.1824561403508772,0.031578947368421054,0.05964912280701754,0.1649122807017544,0.08771929824561404,0.0912280701754386,0.32631578947368417
eloquence,0.09219858156028368,0.1453900709219858,0.031914893617021274,0.09219858156028368,0.21631205673758866,0.07092198581560283,0.06382978723404255,0.2872340425531915
beyond,0.07979734008866371,0.16782773907536416,0.06016466117796073,0.10702976567447751,0.17162761241291957,0.10259658011399621,0.08169727675744141,0.2292590246991767
belief,0.11053984575835475,0.15038560411311055,0.06555269922879177,0.13881748071979436,0.14267352185089974,0.11439588688946016,0.06555269922879177,0.21208226221079693
therefore,0.08935854653318502,0.16351501668520577,0.060808305524657026,0.11531331108639228,0.15795328142380424,0.09603262884686689,0.0767519466073415,0.2402669632925473
record,0.08854166666666667,0.15104166666666669,0.07291666666666667,0.08854166666666667,0.14583333333333334,0.10416666666666667,0.0625,0.28645833333333337
fact,0.07703200226564715,0.12829226847918437,0.053809119229679986,0.09968847352024925,0.12885868026054945,0.08552817898612293,0.06711979609175872,0.3596714811668083
experiences,0.057692307692307696,0.23076923076923078,0.038461538461538464,0.07692307692307693,0.15384615384615385,0.11538461538461539,0.057692307692307696,0.2692307692307693
public,0.05925384052670081,0.29992684711046086,0.046086320409656184,0.0866861741038771,0.12179956108266277,0.070592538405267,0.05815654718361375,0.2574981711777615
proceedings,0.08542713567839197,0.17085427135678394,0.07537688442211056,0.11557788944723618,0.10050251256281408,0.10552763819095479,0.08040201005025126,0.2663316582914573
especially,0.08362573099415205,0.15380116959064327,0.0608187134502924,0.11754385964912281,0.15614035087719297,0.1087719298245614,0.08187134502923976,0.23742690058479532
certain,0.08489079036253094,0.16145012384598062,0.06867822562485927,0.12001801396081963,0.15131727088493582,0.10718306687682953,0.07768520603467687,0.22877730240936722
printed,0.04545454545454545,0.3068181818181818,0.04545454545454545,0.03409090909090909,0.19318181818181818,0.05681818181818181,0.11363636363636362,0.20454545454545453
times,0.09192751235584844,0.16112026359143328,0.052388797364085665,0.1255354200988468,0.15749588138385504,0.1014827018121911,0.08105436573311368,0.22899505766062606
newspaper,0.07079646017699115,0.20353982300884954,0.08849557522123892,0.07079646017699115,0.1327433628318584,0.07079646017699115,0.07079646017699115,0.2920353982300885
time,0.07507319113341698,0.30149519029694694,0.05274989544123798,0.10356545378502718,0.12672521957340024,0.09608950230029277,0.0729297365119197,0.17137181095775825
engaged,0.0631768953068592,0.22563176895306858,0.03700361010830325,0.07220216606498195,0.2111913357400722,0.05595667870036101,0.05415162454873646,0.2806859205776173
parts,0.08512396694214877,0.1628099173553719,0.06198347107438017,0.12231404958677687,0.1537190082644628,0.10082644628099174,0.08099173553719008,0.2322314049586777
remain,0.07706885660138976,0.18066961465571696,0.06317119393556538,0.11813013265950727,0.13960833859759947,0.12065698041692986,0.0751737207833228,0.2255211623499684
file,0.06410256410256411,0.1794871794871795,0.05128205128205129,0.07692307692307693,0.21794871794871798,0.07051282051282053,0.06410256410256411,0.27564102564102566
course,0.07623817473567057,0.19421257651641627,0.05509181969949917,0.09905397885364498,0.15553700612131333,0.10100166944908182,0.07929883138564275,0.23956594323873126
hope,0.052040289256198344,0.2002840909090909,0.041580578512396695,0.07231404958677685,0.19976756198347106,0.06986053719008264,0.1428202479338843,0.2213326446280992
taken,0.09593984962406016,0.15729323308270676,0.07609022556390978,0.13654135338345866,0.1350375939849624,0.10616541353383457,0.08330827067669173,0.20962406015037593
every,0.09883568239516764,0.1593276722402171,0.06697014794712422,0.12658671102162306,0.14969797776416002,0.1131926814321982,0.0738860194344743,0.21150310776503545
opportunity,0.06878850102669404,0.3131416837782341,0.04106776180698152,0.09034907597535935,0.13347022587268995,0.09753593429158111,0.07084188911704313,0.18480492813141683
showing,0.05600000000000001,0.18666666666666668,0.05866666666666667,0.09333333333333334,0.15733333333333333,0.12266666666666667,0.09333333333333334,0.23199999999999998
poor,0.08882475549142214,0.15311848645181977,0.08241141574474907,0.12377745711079043,0.1486291486291486,0.13756613756613753,0.0742344075677409,0.19143819143819144
mrs,0.07640981489453294,0.18682737839001293,0.06134309083082222,0.10740421868273785,0.16293585880327166,0.10718897976754198,0.09556607834696514,0.20232458028411537
gamp,0.07810413885180241,0.19225634178905207,0.05874499332443258,0.10013351134846463,0.1635514018691589,0.11481975967957277,0.08945260347129506,0.20293724966622165
fair,0.06859205776173286,0.1726835138387485,0.06197352587244285,0.10048134777376654,0.1931407942238267,0.10469314079422382,0.09747292418772564,0.20096269554753307
attendant,0.018867924528301883,0.16981132075471697,0.07547169811320753,0.09433962264150943,0.13207547169811318,0.09433962264150943,0.037735849056603765,0.3773584905660377
sickness,0.09048723897911834,0.12761020881670534,0.13457076566125292,0.20185614849187936,0.09048723897911834,0.21809744779582368,0.044083526682134576,0.09280742459396751
london,0.05331753554502369,0.2037914691943128,0.05864928909952607,0.0882701421800948,0.1593601895734597,0.09419431279620853,0.09123222748815166,0.25118483412322273
respects,0.0423728813559322,0.192090395480226,0.02542372881355932,0.06497175141242938,0.14689265536723164,0.06779661016949153,0.062146892655367235,0.3983050847457627
noble,0.08239700374531836,0.12434456928838952,0.056928838951310866,0.09737827715355805,0.15955056179775284,0.08089887640449439,0.06666666666666667,0.3318352059925094
institutions,0.11788617886178862,0.14634146341463414,0.08943089430894309,0.12601626016260162,0.14634146341463414,0.08943089430894309,0.028455284552845527,0.25609756097560976
others,0.08738328944218338,0.1560928896337084,0.06655494373952597,0.11946372994972466,0.1644721091692602,0.10916926023461813,0.06894900646396934,0.2279147713670098
defective,0.07619047619047617,0.09047619047619046,0.2476190476190476,0.08095238095238094,0.11428571428571427,0.13809523809523808,0.019047619047619042,0.2333333333333333
think,0.07640862731984618,0.1725463969235914,0.06520648720949675,0.11486373516134425,0.160508276207992,0.1081758903193446,0.08226049155659589,0.220030095301789
least,0.08182601205857021,0.16824576514498996,0.06345104794717199,0.11513063451047949,0.16279069767441862,0.10020097616996843,0.07464829170255527,0.23370657479184614
among,0.08853211009174312,0.16192660550458715,0.07247706422018349,0.11605504587155964,0.15894495412844037,0.10412844036697248,0.07454128440366972,0.22339449541284406
instances,0.11068702290076335,0.12595419847328243,0.09923664122137404,0.13740458015267173,0.12595419847328243,0.12213740458015265,0.05725190839694656,0.2213740458015267
betsey,0.09183673469387754,0.1377551020408163,0.0510204081632653,0.10714285714285715,0.1377551020408163,0.12244897959183673,0.09693877551020408,0.25510204081632654
prig,0.09836065573770492,0.14754098360655737,0.07103825136612021,0.11202185792349727,0.1366120218579235,0.1174863387978142,0.08743169398907104,0.22950819672131148
hospital,0.04619565217391305,0.13043478260869565,0.03804347826086956,0.20108695652173914,0.10054347826086957,0.1766304347826087,0.05706521739130435,0.25
nurse,0.05991440798858774,0.14835948644793154,0.06704707560627676,0.0884450784593438,0.15549215406562056,0.10984308131241084,0.05563480741797433,0.3152639087018545
means,0.08593566564921343,0.1617750645691477,0.058464428269546835,0.11293730922751818,0.15402676684667763,0.09462315097440713,0.07936135243014793,0.2528762620333411
left,0.0930462267878309,0.17167127617542471,0.06716712761754247,0.13018569735282495,0.13551955748715924,0.12781509284867643,0.08099565389174239,0.19359936783879889
private,0.07568590350047304,0.18353831598864714,0.06054872280037843,0.09839167455061495,0.152317880794702,0.07852412488174078,0.07095553453169347,0.28003784295175027
humanity,0.07661691542288557,0.0945273631840796,0.04875621890547264,0.0845771144278607,0.2517412935323383,0.07064676616915423,0.04776119402985075,0.3253731343283582
enterprise,0.06921241050119331,0.15513126491646778,0.04773269689737469,0.11933174224343676,0.1789976133651551,0.09546539379474939,0.06682577565632457,0.2673031026252983
enter,0.09438202247191012,0.15730337078651685,0.06404494382022471,0.15393258426966291,0.13707865168539327,0.11235955056179775,0.06179775280898876,0.21910112359550563
attempt,0.09415867480383609,0.26068003487358327,0.06538796861377506,0.12903225806451615,0.10810810810810811,0.12554489973844812,0.04882301656495205,0.16826503923278116
improve,0.049999999999999996,0.20833333333333334,0.041666666666666664,0.09999999999999999,0.19166666666666665,0.06666666666666667,0.041666666666666664,0.3
persons,0.08990384615384615,0.14326923076923076,0.07644230769230768,0.12740384615384615,0.13653846153846153,0.1158653846153846,0.07788461538461539,0.23269230769230767
since,0.08685906416363126,0.18324460633230596,0.06052115438498179,0.11655926029700196,0.1569066965536565,0.11011487811711965,0.07481087139254693,0.21098346875875595
greatly,0.1,0.16718750000000002,0.06406250000000001,0.1125,0.1609375,0.1078125,0.0828125,0.2046875
improved,0.06806282722513089,0.18324607329842932,0.0418848167539267,0.07853403141361257,0.21989528795811522,0.08900523560209424,0.09947643979057592,0.21989528795811522
good,0.05053428317008014,0.1970614425645592,0.03851291184327694,0.06384683882457702,0.20244879786286732,0.05534283170080142,0.14861976847729294,0.24363312555654495
