,anger,anticipation,disgust,fear,joy,sadness,surprise,trust
project,0.12197802197802199,0.15934065934065936,0.04725274725274726,0.05054945054945056,0.1032967032967033,0.07582417582417583,0.020879120879120878,0.42087912087912094
gutenberg,0.08571428571428572,0.2,0.03333333333333333,0.04285714285714286,0.06666666666666667,0.11428571428571428,0.009523809523809523,0.4476190476190476
ebook,0.03191489361702128,0.13829787234042554,0.03191489361702128,0.053191489361702135,0.10638297872340427,0.053191489361702135,0.0,0.5851063829787234
masters,0.09941520467836258,0.2046783625730994,0.04678362573099415,0.14035087719298245,0.08187134502923978,0.06432748538011696,0.03508771929824561,0.3274853801169591
space,0.07017543859649122,0.14619883040935672,0.03508771929824561,0.12280701754385963,0.11695906432748537,0.07017543859649122,0.07602339181286548,0.36257309941520466
edward,0.0,0.08108108108108107,0.0,0.027027027027027025,0.08108108108108107,0.027027027027027025,0.0,0.7837837837837837
use,0.07836990595611286,0.17554858934169282,0.050156739811912224,0.05642633228840126,0.1974921630094044,0.02821316614420063,0.07210031347962383,0.3416927899686521
anyone,0.05221932114882506,0.2010443864229765,0.04699738903394256,0.12010443864229765,0.185378590078329,0.06527415143603134,0.06005221932114883,0.2689295039164491
almost,0.06914893617021275,0.2074468085106383,0.09574468085106383,0.12234042553191489,0.09042553191489361,0.16489361702127658,0.09042553191489361,0.15957446808510636
may,0.035379369138959935,0.18456947996589942,0.051577152600170505,0.09548167092924127,0.19266837169650466,0.09505541346973571,0.06564364876385337,0.2796248934356351
copy,0.21126760563380284,0.07746478873239437,0.08450704225352114,0.06338028169014086,0.021126760563380285,0.07042253521126761,0.021126760563380285,0.4507042253521127
give,0.09895833333333333,0.17708333333333334,0.046875,0.11458333333333333,0.13541666666666666,0.09375,0.0625,0.2708333333333333
away,0.06801007556675062,0.17632241813602012,0.03526448362720403,0.17380352644836272,0.163727959697733,0.08060453400503777,0.060453400503778336,0.24181360201511334
terms,0.11578947368421053,0.1105263157894737,0.031578947368421054,0.05789473684210526,0.1368421052631579,0.031578947368421054,0.052631578947368425,0.4631578947368421
license,0.11764705882352941,0.19607843137254902,0.058823529411764705,0.08823529411764706,0.11764705882352941,0.08823529411764706,0.029411764705882353,0.303921568627451
start,0.11940298507462686,0.47761194029850745,0.04477611940298508,0.0746268656716418,0.029850746268656716,0.05970149253731343,0.029850746268656716,0.16417910447761194
distributed,0.03061224489795918,0.18367346938775508,0.040816326530612235,0.07142857142857142,0.09183673469387754,0.07142857142857142,0.03061224489795918,0.4795918367346938
team,0.040540540540540536,0.13513513513513514,0.013513513513513513,0.013513513513513513,0.06756756756756757,0.013513513513513513,0.06756756756756757,0.6486486486486486
http,0.014925373134328358,0.19402985074626866,0.0,0.029850746268656716,0.13432835820895522,0.029850746268656716,0.0,0.5970149253731344
part,0.09950248756218906,0.0945273631840796,0.12437810945273632,0.11940298507462686,0.0945273631840796,0.263681592039801,0.03482587064676617,0.1691542288557214
one,0.042364532019704436,0.1891625615763547,0.03513957307060755,0.12873563218390804,0.1980295566502463,0.052873563218390804,0.04466338259441708,0.30903119868637113
new,0.040697674418604654,0.27906976744186046,0.046511627906976744,0.08139534883720931,0.1569767441860465,0.023255813953488372,0.09883720930232559,0.27325581395348836
young,0.015037593984962407,0.2593984962406015,0.06015037593984963,0.030075187969924814,0.2481203007518797,0.09398496240601506,0.1842105263157895,0.10902255639097745
race,0.0963855421686747,0.24096385542168677,0.03614457831325302,0.0963855421686747,0.10843373493975905,0.07228915662650603,0.06024096385542169,0.28915662650602414
came,0.10416666666666669,0.20833333333333337,0.04166666666666667,0.12500000000000003,0.14583333333333337,0.04166666666666667,0.10416666666666669,0.22916666666666669
take,0.05336426914153132,0.21113689095127608,0.04640371229698376,0.11600928074245939,0.18097447795823662,0.058004640371229696,0.07192575406032482,0.2621809744779582
place,0.05468750000000001,0.17968750000000003,0.05468750000000001,0.13281250000000003,0.1484375,0.07812500000000001,0.0703125,0.28125
could,0.08786610878661089,0.16945606694560672,0.04602510460251046,0.12761506276150628,0.16317991631799164,0.0690376569037657,0.08786610878661089,0.2489539748953975
hope,0.02631578947368421,0.21052631578947367,0.01973684210526316,0.04605263157894737,0.25,0.0,0.17105263157894737,0.27631578947368424
enemy,0.30000000000000004,0.1,0.17500000000000002,0.25000000000000006,0.05,0.05,0.05,0.025
n't,0.08333333333333333,0.17424242424242425,0.0625,0.125,0.1571969696969697,0.10037878787878789,0.07954545454545454,0.2178030303030303
anything,0.07428571428571427,0.17142857142857143,0.06857142857142857,0.10857142857142857,0.13142857142857142,0.08571428571428572,0.06285714285714285,0.2971428571428571
every,0.047785547785547784,0.18181818181818182,0.04020979020979021,0.1182983682983683,0.2226107226107226,0.055944055944055944,0.04428904428904429,0.2890442890442891
line,0.16279069767441862,0.20930232558139533,0.02325581395348837,0.18604651162790695,0.04651162790697674,0.04651162790697674,0.11627906976744186,0.20930232558139533
's,0.05392545598731165,0.12133227597145121,0.053132434575733536,0.07375099127676446,0.1712926249008723,0.1141950832672482,0.12529738302934176,0.28707375099127674
nothing,0.07692307692307693,0.14323607427055704,0.058355437665782495,0.15649867374005308,0.1856763925729443,0.06631299734748011,0.053050397877984094,0.259946949602122
whatever,0.06638115631691649,0.17558886509635974,0.047109207708779445,0.11991434689507496,0.18629550321199145,0.06423982869379015,0.044967880085653104,0.2955032119914347
called,0.04395604395604396,0.17216117216117216,0.04029304029304029,0.15384615384615385,0.1684981684981685,0.06593406593406594,0.03296703296703297,0.3223443223443223
must,0.12204724409448821,0.19291338582677167,0.051181102362204724,0.17322834645669294,0.09448818897637797,0.09448818897637797,0.02362204724409449,0.24803149606299216
eyes,0.05855855855855856,0.1801801801801802,0.05855855855855856,0.14414414414414414,0.17567567567567569,0.05405405405405406,0.04504504504504505,0.28378378378378377
group,0.1212121212121212,0.18181818181818182,0.0,0.0606060606060606,0.15151515151515152,0.0303030303030303,0.1212121212121212,0.3333333333333333
like,0.04317789291882557,0.19170984455958548,0.04145077720207254,0.14162348877374784,0.16753022452504318,0.07253886010362694,0.07426597582037997,0.26770293609671847
except,0.052407932011331454,0.1586402266288952,0.0396600566572238,0.1388101983002833,0.1954674220963173,0.06940509915014165,0.0339943342776204,0.311614730878187
found,0.01785714285714286,0.0753968253968254,0.045634920634920646,0.0376984126984127,0.3154761904761905,0.05357142857142858,0.03174603174603175,0.42261904761904767
thing,0.040697674418604654,0.19767441860465115,0.04941860465116279,0.12209302325581395,0.1802325581395349,0.0436046511627907,0.07848837209302326,0.2877906976744186
fact,0.06134969325153375,0.14110429447852763,0.024539877300613498,0.09202453987730062,0.11042944785276075,0.049079754601226995,0.0736196319018405,0.44785276073619634
said,0.08880308880308879,0.15057915057915056,0.07335907335907335,0.13513513513513511,0.11196911196911195,0.10038610038610037,0.09652509652509653,0.24324324324324323
finally,0.03947368421052632,0.17763157894736842,0.14473684210526316,0.06578947368421054,0.15789473684210528,0.03947368421052632,0.17763157894736842,0.19736842105263158
us,0.03405994550408719,0.20844686648501362,0.036784741144414164,0.12942779291553133,0.21253405994550406,0.049046321525885554,0.04495912806539509,0.2847411444141689
master,0.02150537634408602,0.1827956989247312,0.07526881720430108,0.13440860215053765,0.1827956989247312,0.08602150537634408,0.059139784946236555,0.25806451612903225
think,0.12,0.13999999999999999,0.10999999999999999,0.16999999999999998,0.09999999999999999,0.12,0.049999999999999996,0.18999999999999997
certain,0.09638554216867469,0.12048192771084337,0.09638554216867469,0.19277108433734938,0.12048192771084337,0.1325301204819277,0.03614457831325301,0.20481927710843373
true,0.0202991452991453,0.14316239316239315,0.02938034188034188,0.1014957264957265,0.26175213675213677,0.03579059829059829,0.038995726495726496,0.36912393162393164
long,0.034666666666666665,0.4413333333333333,0.03866666666666666,0.04933333333333333,0.10933333333333332,0.08,0.056,0.19066666666666665
hilton,0.0898876404494382,0.2292134831460674,0.04269662921348314,0.11011235955056178,0.11910112359550562,0.09213483146067415,0.11685393258426965,0.19999999999999998
terra,0.10666666666666666,0.2,0.09333333333333334,0.14666666666666667,0.06666666666666667,0.10666666666666666,0.09333333333333334,0.18666666666666668
man,0.06051873198847262,0.17579250720461093,0.034582132564841495,0.11815561959654178,0.2219020172910663,0.040345821325648415,0.04322766570605187,0.3054755043227666
yet,0.037037037037037035,0.20679012345679013,0.027777777777777776,0.14351851851851852,0.20524691358024694,0.037037037037037035,0.033950617283950615,0.308641975308642
tremendous,0.06122448979591836,0.2040816326530612,0.040816326530612235,0.14285714285714285,0.1020408163265306,0.12244897959183672,0.1020408163265306,0.22448979591836732
two,0.052525252525252523,0.16363636363636364,0.05656565656565657,0.09292929292929293,0.1393939393939394,0.13333333333333333,0.09696969696969697,0.26464646464646463
director,0.05714285714285714,0.02857142857142857,0.05714285714285714,0.08571428571428572,0.11428571428571428,0.05714285714285714,0.02857142857142857,0.5714285714285715
sandra,0.0892857142857143,0.23214285714285715,0.07142857142857144,0.053571428571428575,0.12500000000000003,0.053571428571428575,0.12500000000000003,0.25000000000000006
karns,0.10714285714285715,0.14285714285714288,0.03571428571428572,0.10714285714285715,0.10714285714285715,0.10714285714285715,0.07142857142857144,0.32142857142857145
'm,0.07537688442211055,0.21105527638190952,0.04020100502512562,0.11557788944723617,0.21105527638190952,0.07035175879396985,0.08542713567839195,0.1909547738693467
jarve,0.10714285714285714,0.17857142857142858,0.10714285714285714,0.07142857142857142,0.14285714285714285,0.07142857142857142,0.10714285714285714,0.21428571428571427
ca,0.07407407407407407,0.14814814814814814,0.0925925925925926,0.14814814814814814,0.16666666666666666,0.0925925925925926,0.05555555555555555,0.2222222222222222
captain,0.08163265306122447,0.22448979591836732,0.0,0.1020408163265306,0.12244897959183672,0.12244897959183672,0.06122448979591836,0.2857142857142857
sawtelle,0.10738255033557047,0.174496644295302,0.026845637583892617,0.1476510067114094,0.10067114093959732,0.10738255033557047,0.11409395973154364,0.2214765100671141
navy,0.08695652173913043,0.15217391304347827,0.043478260869565216,0.10869565217391305,0.13043478260869565,0.10869565217391305,0.08695652173913043,0.2826086956521739
've,0.10843373493975905,0.14457831325301207,0.08433734939759037,0.14457831325301207,0.14457831325301207,0.0963855421686747,0.04819277108433735,0.22891566265060243
got,0.11764705882352941,0.17647058823529413,0.058823529411764705,0.11764705882352941,0.11764705882352941,0.09803921568627451,0.058823529411764705,0.2549019607843137
exactly,0.05555555555555555,0.3611111111111111,0.05555555555555555,0.05555555555555555,0.1388888888888889,0.05555555555555555,0.05555555555555555,0.2222222222222222
board,0.0661764705882353,0.42647058823529416,0.029411764705882356,0.08823529411764706,0.0661764705882353,0.04411764705882353,0.05147058823529413,0.22794117647058829
time,0.04391582799634034,0.3687099725526075,0.028362305580969808,0.13266239707227812,0.13723696248856357,0.03751143641354071,0.0384263494967978,0.2131747483989021
ever,0.07290400972053462,0.1688942891859052,0.04617253948967193,0.13608748481166463,0.1798298906439854,0.05589307411907654,0.06196840826245443,0.2782503037667071
since,0.030303030303030304,0.20346320346320346,0.03463203463203463,0.1536796536796537,0.17748917748917747,0.09307359307359307,0.06493506493506493,0.24242424242424243
left,0.06289308176100629,0.23270440251572327,0.04402515723270441,0.06289308176100629,0.1320754716981132,0.17610062893081763,0.031446540880503145,0.2578616352201258
way,0.044728434504792344,0.1661341853035144,0.035143769968051124,0.11501597444089459,0.17252396166134187,0.08626198083067094,0.09265175718849841,0.2875399361022365
right,0.044233807266982623,0.14218009478672985,0.05687203791469194,0.04107424960505529,0.17851500789889416,0.16587677725118483,0.0947867298578199,0.2764612954186414
hand,0.05326876513317191,0.17433414043583534,0.038740920096852295,0.15496368038740918,0.2082324455205811,0.03389830508474576,0.05326876513317191,0.2832929782082324
became,0.0,0.1395348837209302,0.02325581395348837,0.1627906976744186,0.1627906976744186,0.11627906976744184,0.1627906976744186,0.2325581395348837
ability,0.0,0.2692307692307692,0.03846153846153846,0.11538461538461536,0.03846153846153846,0.11538461538461536,0.15384615384615383,0.2692307692307692
trying,0.027777777777777776,0.16666666666666666,0.027777777777777776,0.16666666666666666,0.1111111111111111,0.16666666666666666,0.16666666666666666,0.16666666666666666
either,0.07142857142857142,0.15476190476190474,0.08333333333333334,0.11904761904761905,0.14285714285714285,0.10714285714285714,0.07142857142857142,0.25
old,0.03937007874015748,0.17322834645669288,0.11811023622047244,0.09448818897637795,0.15748031496062992,0.13385826771653545,0.05511811023622047,0.22834645669291337
also,0.05109489051094891,0.15693430656934307,0.058394160583941604,0.10948905109489052,0.13503649635036497,0.16788321167883213,0.040145985401459854,0.281021897810219
whole,0.053731343283582096,0.18208955223880596,0.07164179104477612,0.1164179104477612,0.16417910447761194,0.03880597014925373,0.05074626865671642,0.3223880597014926
good,0.028368794326241134,0.20685579196217496,0.034278959810874705,0.06973995271867613,0.21749408983451538,0.0425531914893617,0.13238770685579196,0.26832151300236406
well,0.049270072992700725,0.19343065693430656,0.0364963503649635,0.13868613138686128,0.1751824817518248,0.08576642335766423,0.041970802919708027,0.27919708029197077
'll,0.08849557522123894,0.24336283185840704,0.07522123893805309,0.11061946902654866,0.14601769911504422,0.08849557522123894,0.08407079646017698,0.163716814159292
back,0.01642710472279261,0.1375770020533881,0.1591375770020534,0.018480492813141687,0.1160164271047228,0.322381930184805,0.0646817248459959,0.16529774127310062
yes,0.028571428571428574,0.1142857142857143,0.08571428571428573,0.05714285714285715,0.1142857142857143,0.028571428571428574,0.1142857142857143,0.4571428571428572
know,0.059548254620123205,0.17864476386036962,0.041067761806981525,0.13552361396303902,0.19301848049281314,0.06776180698151951,0.041067761806981525,0.2833675564681725
going,0.13186813186813187,0.14285714285714285,0.05494505494505495,0.1758241758241758,0.07692307692307693,0.1758241758241758,0.05494505494505495,0.18681318681318684
let,0.05645161290322582,0.2016129032258065,0.048387096774193554,0.14516129032258066,0.1733870967741936,0.08870967741935484,0.016129032258064516,0.2701612903225807
work,0.1461187214611872,0.1917808219178082,0.0395738203957382,0.06088280060882801,0.11263318112633182,0.0700152207001522,0.0487062404870624,0.3302891933028919
much,0.08358208955223882,0.1940298507462687,0.05970149253731344,0.13134328358208955,0.13731343283582093,0.0955223880597015,0.08059701492537315,0.21791044776119403
wo,0.10256410256410256,0.15384615384615385,0.07692307692307693,0.15384615384615385,0.15384615384615385,0.12820512820512822,0.10256410256410256,0.12820512820512822
're,0.08609271523178808,0.21854304635761593,0.05960264900662252,0.12582781456953643,0.15231788079470202,0.09933774834437087,0.0728476821192053,0.18543046357615897
want,0.09401709401709402,0.2136752136752137,0.06837606837606837,0.11965811965811966,0.11965811965811966,0.06837606837606837,0.10256410256410256,0.2136752136752137
first,0.03036876355748373,0.21691973969631234,0.05856832971800433,0.12364425162689803,0.1496746203904555,0.06073752711496746,0.05856832971800433,0.30151843817787416
aboard,0.11666666666666667,0.25,0.08333333333333334,0.11666666666666667,0.11666666666666667,0.08333333333333334,0.05,0.18333333333333332
...,0.02123434158264589,0.19401161014359913,0.03880232202871983,0.15536205316223647,0.20562175374274366,0.04048273754964864,0.0358997861289337,0.3085853956614727
thought,0.05369127516778523,0.4530201342281879,0.040268456375838924,0.09395973154362416,0.07382550335570469,0.07046979865771812,0.04697986577181208,0.16778523489932887
held,0.02666666666666667,0.17333333333333334,0.02666666666666667,0.10666666666666667,0.16000000000000003,0.08000000000000002,0.06666666666666668,0.36000000000000004
sandy,0.07142857142857142,0.19047619047619047,0.023809523809523808,0.14285714285714285,0.19047619047619047,0.07142857142857142,0.09523809523809523,0.21428571428571427
hands,0.0625,0.14583333333333331,0.10833333333333332,0.15,0.13333333333333333,0.09583333333333334,0.0625,0.24166666666666664
pretty,0.02127659574468085,0.3191489361702128,0.0,0.0425531914893617,0.25531914893617025,0.02127659574468085,0.0851063829787234,0.25531914893617025
go,0.07518796992481204,0.23308270676691734,0.015037593984962407,0.12030075187969926,0.09022556390977444,0.2030075187969925,0.06766917293233084,0.1954887218045113
feet,0.015521064301552107,0.24168514412416853,0.05321507760532151,0.042128603104212854,0.12416851441241686,0.19955654101995565,0.0909090909090909,0.23281596452328157
room,0.09433962264150945,0.13207547169811323,0.05660377358490567,0.169811320754717,0.15094339622641512,0.03773584905660378,0.11320754716981134,0.24528301886792456
make,0.022790439132851583,0.22234574763757647,0.023902167871039468,0.1662034463590884,0.2134519177320734,0.026681489716509174,0.03446359088382435,0.29016120066703727
still,0.05414012738853504,0.15286624203821658,0.07643312101910829,0.08280254777070063,0.16242038216560511,0.11146496815286625,0.11146496815286625,0.24840764331210194
'd,0.11538461538461536,0.24038461538461536,0.0673076923076923,0.11538461538461536,0.1346153846153846,0.11538461538461536,0.05769230769230768,0.15384615384615383
never,0.04958677685950414,0.18388429752066118,0.030991735537190087,0.13016528925619836,0.20867768595041322,0.05371900826446281,0.045454545454545456,0.2975206611570248
seen,0.1,0.14545454545454545,0.09090909090909093,0.11818181818181818,0.11818181818181818,0.18181818181818185,0.07272727272727272,0.17272727272727273
female,0.07142857142857144,0.2142857142857143,0.10714285714285715,0.14285714285714288,0.07142857142857144,0.07142857142857144,0.10714285714285715,0.2142857142857143
would,0.06321493076459964,0.1842263696568332,0.03853100541842263,0.14087898856110775,0.17700180614087896,0.06080674292594821,0.04756170981336543,0.28777844671884406
stuff,0.14285714285714288,0.07142857142857144,0.10714285714285715,0.10714285714285715,0.14285714285714288,0.03571428571428572,0.10714285714285715,0.28571428571428575
really,0.0625,0.25,0.0625,0.125,0.16666666666666666,0.020833333333333332,0.10416666666666667,0.20833333333333334
surprise,0.019999999999999997,0.019999999999999997,0.039999999999999994,0.31999999999999995,0.21999999999999997,0.09999999999999999,0.19999999999999998,0.07999999999999999
bells,0.1020408163265306,0.14285714285714285,0.06122448979591836,0.14285714285714285,0.14285714285714285,0.040816326530612235,0.12244897959183672,0.24489795918367344
mighty,0.0834553440702782,0.12884333821376281,0.026354319180087852,0.14055636896046855,0.23279648609077602,0.029282576866764283,0.03660322108345535,0.32210834553440704
perseus,0.1276595744680851,0.19148936170212766,0.021276595744680847,0.2127659574468085,0.08510638297872339,0.10638297872340426,0.06382978723404255,0.19148936170212766
without,0.04180602006688963,0.11371237458193979,0.033444816053511704,0.08862876254180602,0.18394648829431437,0.07190635451505016,0.11036789297658862,0.35618729096989965
control,0.06122448979591836,0.2857142857142857,0.08163265306122447,0.1020408163265306,0.1020408163265306,0.040816326530612235,0.06122448979591836,0.26530612244897955
three,0.08139534883720931,0.13953488372093023,0.06976744186046512,0.08139534883720931,0.10465116279069767,0.13953488372093023,0.06976744186046512,0.313953488372093
took,0.12820512820512822,0.20512820512820512,0.05128205128205128,0.15384615384615385,0.07692307692307693,0.05128205128205128,0.07692307692307693,0.25641025641025644
sir,0.033333333333333326,0.041666666666666664,0.008333333333333331,0.04999999999999999,0.016666666666666663,0.016666666666666663,0.024999999999999994,0.8083333333333332
case,0.06000000000000001,0.02,0.06000000000000001,0.38000000000000006,0.02,0.3400000000000001,0.06000000000000001,0.06000000000000001
information,0.015075376884422112,0.16080402010050251,0.015075376884422112,0.06532663316582915,0.16080402010050251,0.05527638190954774,0.09045226130653267,0.4371859296482412
set,0.05942622950819671,0.18237704918032785,0.03483606557377049,0.12704918032786885,0.17622950819672129,0.053278688524590154,0.022540983606557374,0.34426229508196715
command,0.07303370786516854,0.13483146067415733,0.03932584269662922,0.16292134831460675,0.16292134831460675,0.07865168539325844,0.03370786516853933,0.31460674157303375
attack,0.31,0.06999999999999999,0.009999999999999998,0.33999999999999997,0.019999999999999997,0.07999999999999999,0.039999999999999994,0.12999999999999998
many,0.05454545454545454,0.1393939393939394,0.05151515151515152,0.08787878787878788,0.15757575757575756,0.11212121212121212,0.09090909090909091,0.30606060606060603
put,0.06976744186046512,0.1744186046511628,0.08139534883720931,0.13953488372093023,0.14534883720930236,0.06395348837209303,0.040697674418604654,0.28488372093023256
hundred,0.05128205128205128,0.20512820512820512,0.02564102564102564,0.16666666666666666,0.16025641025641027,0.05128205128205128,0.06410256410256411,0.27564102564102566
radiation,0.0588235294117647,0.08823529411764705,0.0588235294117647,0.5,0.0588235294117647,0.0,0.02941176470588235,0.20588235294117646
please,0.037037037037037035,0.2592592592592593,0.037037037037037035,0.07407407407407407,0.1111111111111111,0.1111111111111111,0.1111111111111111,0.2592592592592593
big,0.078125,0.17187499999999997,0.09374999999999999,0.15625,0.12499999999999999,0.09374999999999999,0.06249999999999999,0.21875
job,0.041666666666666664,0.20833333333333334,0.027777777777777776,0.08333333333333333,0.18055555555555555,0.08333333333333333,0.1111111111111111,0.2638888888888889
ten,0.1276595744680851,0.2127659574468085,0.06382978723404255,0.14893617021276595,0.1276595744680851,0.08510638297872339,0.06382978723404255,0.17021276595744678
minutes,0.08333333333333333,0.2777777777777778,0.027777777777777776,0.1388888888888889,0.08333333333333333,0.1388888888888889,0.05555555555555555,0.19444444444444445
point,0.033402922755741124,0.1941544885177453,0.020876826722338208,0.16492693110647183,0.1920668058455115,0.048016701461377875,0.048016701461377875,0.2985386221294363
though,0.027290448343079924,0.17933723196881093,0.06432748538011696,0.1091617933723197,0.1871345029239766,0.08771929824561403,0.06627680311890839,0.2787524366471735
see,0.04790419161676646,0.16766467065868265,0.05988023952095809,0.08383233532934133,0.16766467065868265,0.0718562874251497,0.0718562874251497,0.32934131736526945
great,0.031481481481481485,0.18703703703703706,0.038888888888888896,0.1462962962962963,0.19259259259259262,0.04444444444444445,0.03333333333333334,0.32592592592592595
along,0.03816793893129771,0.1984732824427481,0.03816793893129771,0.06870229007633588,0.183206106870229,0.11450381679389314,0.04580152671755725,0.31297709923664124
better,0.08762886597938144,0.21649484536082472,0.06185567010309278,0.10309278350515463,0.1494845360824742,0.0670103092783505,0.056701030927835044,0.25773195876288657
get,0.0898876404494382,0.2247191011235955,0.0898876404494382,0.11235955056179775,0.10112359550561797,0.0898876404494382,0.10112359550561797,0.19101123595505617
forward,0.052356020942408384,0.17277486910994766,0.08376963350785341,0.08376963350785341,0.052356020942408384,0.3507853403141361,0.04712041884816754,0.15706806282722513
force,0.3546099290780142,0.05673758865248227,0.03546099290780142,0.3617021276595745,0.02127659574468085,0.04964539007092199,0.0425531914893617,0.07801418439716312
number,0.0291005291005291,0.20899470899470898,0.03703703703703704,0.12433862433862433,0.1746031746031746,0.08201058201058202,0.03439153439153439,0.30952380952380953
men,0.041988950276243095,0.18121546961325968,0.032044198895027624,0.13149171270718232,0.2066298342541437,0.051933701657458566,0.054143646408839785,0.30055248618784536
working,0.037037037037037035,0.2592592592592593,0.07407407407407407,0.14814814814814814,0.037037037037037035,0.07407407407407407,0.0,0.3703703703703704
oh,0.125,0.07142857142857142,0.10714285714285714,0.07142857142857142,0.125,0.10714285714285714,0.10714285714285714,0.2857142857142857
power,0.051039697542533076,0.16351606805293004,0.044423440453686194,0.1266540642722117,0.1928166351606805,0.041587901701323246,0.03969754253308128,0.34026465028355385
went,0.13709677419354838,0.22580645161290322,0.08064516129032258,0.0967741935483871,0.08064516129032258,0.08064516129032258,0.12903225806451613,0.1693548387096774
completely,0.10638297872340426,0.1276595744680851,0.042553191489361694,0.2127659574468085,0.14893617021276595,0.08510638297872339,0.1276595744680851,0.14893617021276595
world,0.05950413223140495,0.18347107438016527,0.04628099173553719,0.12892561983471074,0.18842975206611567,0.0396694214876033,0.03801652892561983,0.31570247933884293
together,0.027397260273972598,0.2876712328767123,0.013698630136986299,0.136986301369863,0.17808219178082188,0.054794520547945195,0.0410958904109589,0.2602739726027397
stretts,0.14000000000000004,0.16,0.04,0.18000000000000002,0.10000000000000002,0.10000000000000002,0.06000000000000001,0.22000000000000003
soon,0.0782608695652174,0.1391304347826087,0.060869565217391314,0.1739130434782609,0.1391304347826087,0.11304347826086956,0.060869565217391314,0.2347826086956522
possibly,0.10526315789473682,0.13157894736842105,0.07894736842105263,0.13157894736842105,0.10526315789473682,0.05263157894736841,0.07894736842105263,0.3157894736842105
times,0.06410256410256411,0.1794871794871795,0.07051282051282051,0.14102564102564102,0.16025641025641027,0.05128205128205128,0.06410256410256411,0.2692307692307692
powerful,0.11981566820276496,0.15668202764976957,0.10599078341013823,0.14285714285714285,0.16129032258064513,0.04147465437788018,0.050691244239631325,0.2211981566820276
mean,0.13513513513513514,0.10810810810810811,0.16216216216216217,0.10810810810810811,0.08108108108108109,0.10810810810810811,0.10810810810810811,0.18918918918918923
....,0.05747126436781609,0.15517241379310345,0.05747126436781609,0.16091954022988506,0.14942528735632182,0.1264367816091954,0.05747126436781609,0.23563218390804597
kind,0.07894736842105263,0.026315789473684206,0.026315789473684206,0.06578947368421052,0.3289473684210526,0.09210526315789473,0.026315789473684206,0.35526315789473684
life,0.05486725663716814,0.18230088495575222,0.05663716814159291,0.1486725663716814,0.16991150442477876,0.0743362831858407,0.049557522123893805,0.263716814159292
something,0.08695652173913043,0.10144927536231885,0.02898550724637681,0.17391304347826086,0.15942028985507245,0.10144927536231885,0.17391304347826086,0.17391304347826086
probably,0.014925373134328358,0.22388059701492538,0.04477611940298508,0.10447761194029852,0.20895522388059704,0.05970149253731343,0.10447761194029852,0.23880597014925373
strength,0.029411764705882356,0.23529411764705885,0.029411764705882356,0.05882352941176471,0.11764705882352942,0.0,0.05882352941176471,0.4705882352941177
full,0.10652920962199314,0.18900343642611683,0.041237113402061855,0.10996563573883161,0.15463917525773196,0.08934707903780068,0.06529209621993126,0.24398625429553267
ships,0.18571428571428572,0.1,0.02857142857142857,0.2714285714285714,0.05714285714285714,0.08571428571428572,0.08571428571428572,0.18571428571428572
half,0.08928571428571429,0.17857142857142858,0.05357142857142857,0.125,0.1607142857142857,0.05357142857142857,0.08928571428571429,0.25
skeletons,0.21212121212121213,0.0606060606060606,0.09090909090909091,0.2727272727272727,0.0606060606060606,0.1212121212121212,0.09090909090909091,0.09090909090909091
less,0.057803468208092484,0.16473988439306356,0.031791907514450865,0.11271676300578033,0.14739884393063582,0.12427745664739884,0.05202312138728323,0.3092485549132947
hard,0.12727272727272726,0.19999999999999996,0.0,0.054545454545454536,0.1818181818181818,0.054545454545454536,0.0909090909090909,0.29090909090909084
upon,0.040859088528025146,0.18962807752750133,0.042430591932949194,0.11629125196437927,0.2058669460450498,0.04819277108433736,0.05290728129910948,0.30382399161864854
however,0.04468085106382979,0.19148936170212766,0.057446808510638304,0.12127659574468086,0.15531914893617021,0.09148936170212767,0.06595744680851065,0.2723404255319149
seconds,0.1470588235294118,0.17647058823529413,0.08823529411764706,0.08823529411764706,0.08823529411764706,0.08823529411764706,0.08823529411764706,0.23529411764705885
screen,0.1891891891891892,0.16216216216216214,0.08108108108108107,0.1891891891891892,0.08108108108108107,0.05405405405405405,0.05405405405405405,0.1891891891891892
course,0.06329113924050633,0.2278481012658228,0.0379746835443038,0.12658227848101267,0.1518987341772152,0.06329113924050633,0.08860759493670887,0.24050632911392406
planet,0.14473684210526314,0.13157894736842105,0.039473684210526314,0.23684210526315788,0.09210526315789473,0.07894736842105263,0.07894736842105263,0.19736842105263155
hundreds,0.19444444444444445,0.1388888888888889,0.05555555555555555,0.19444444444444445,0.08333333333333333,0.1111111111111111,0.1111111111111111,0.1111111111111111
shot,0.20833333333333334,0.05555555555555555,0.013888888888888888,0.2638888888888889,0.013888888888888888,0.18055555555555555,0.18055555555555555,0.08333333333333333
another,0.08383233532934131,0.20958083832335325,0.06586826347305388,0.12574850299401197,0.1497005988023952,0.04790419161676646,0.06586826347305388,0.25149700598802394
made,0.036956521739130443,0.18913043478260871,0.036956521739130443,0.1456521739130435,0.18913043478260871,0.054347826086956534,0.05652173913043478,0.291304347826087
ship,0.010638297872340424,0.6276595744680851,0.0,0.08510638297872339,0.07446808510638298,0.042553191489361694,0.021276595744680847,0.1382978723404255
began,0.15555555555555556,0.22222222222222224,0.08888888888888888,0.13333333333333333,0.08888888888888888,0.06666666666666667,0.13333333333333333,0.11111111111111112
fuel,0.1518987341772152,0.1518987341772152,0.08860759493670887,0.24050632911392406,0.02531645569620253,0.1518987341772152,0.05063291139240506,0.13924050632911392
toward,0.0404040404040404,0.2222222222222222,0.0404040404040404,0.12121212121212122,0.1919191919191919,0.050505050505050504,0.0404040404040404,0.29292929292929293
oman,0.08620689655172414,0.19827586206896552,0.008620689655172414,0.16379310344827586,0.10344827586206898,0.07758620689655173,0.12068965517241381,0.24137931034482762
blast,0.22222222222222224,0.06666666666666667,0.04444444444444444,0.26666666666666666,0.02222222222222222,0.02222222222222222,0.22222222222222224,0.13333333333333333
explain,0.13333333333333333,0.08888888888888888,0.08888888888888888,0.2,0.04444444444444444,0.08888888888888888,0.06666666666666667,0.28888888888888886
omans,0.0975609756097561,0.23577235772357721,0.024390243902439025,0.12195121951219512,0.1056910569105691,0.11382113821138212,0.06504065040650406,0.23577235772357721
come,0.036082474226804134,0.20103092783505158,0.030927835051546396,0.14175257731958765,0.18814432989690724,0.04123711340206186,0.038659793814433,0.32216494845360827
small,0.02368421052631579,0.1236842105263158,0.03947368421052632,0.05526315789473685,0.1710526315789474,0.16578947368421054,0.1236842105263158,0.29736842105263156
truth,0.03491271820448878,0.1571072319201995,0.031172069825436414,0.12188279301745637,0.1745635910224439,0.05517456359102245,0.049875311720698264,0.37531172069825436
lord,0.02095188825659597,0.14019658561821005,0.13528194516295916,0.09415416451112261,0.18003103983445423,0.04681841696844284,0.04061045007759959,0.34195550957061566
ynos,0.14285714285714285,0.16666666666666669,0.2619047619047619,0.07142857142857142,0.023809523809523808,0.047619047619047616,0.023809523809523808,0.2619047619047619
report,0.031746031746031744,0.12698412698412698,0.015873015873015872,0.06349206349206349,0.21428571428571427,0.03968253968253969,0.13492063492063494,0.373015873015873
sense,0.1923076923076923,0.23076923076923073,0.07692307692307691,0.11538461538461536,0.11538461538461536,0.03846153846153846,0.0,0.23076923076923073
say,0.032171581769437,0.1863270777479893,0.03485254691689008,0.14745308310991956,0.21447721179624665,0.03083109919571046,0.029490616621983913,0.3243967828418231
impossible,0.11428571428571428,0.08571428571428572,0.05714285714285714,0.08571428571428572,0.02857142857142857,0.45714285714285713,0.02857142857142857,0.14285714285714288
mind,0.08450704225352113,0.2183098591549296,0.06338028169014084,0.11971830985915494,0.14084507042253522,0.09154929577464788,0.04225352112676056,0.23943661971830987
nobody,0.13636363636363635,0.1590909090909091,0.11363636363636363,0.0909090909090909,0.11363636363636363,0.022727272727272724,0.0909090909090909,0.2727272727272727
human,0.08411214953271028,0.12149532710280371,0.018691588785046724,0.1495327102803738,0.14018691588785046,0.1308411214953271,0.05607476635514018,0.2990654205607476
order,0.03804347826086957,0.125,0.043478260869565216,0.10326086956521738,0.16847826086956522,0.06521739130434782,0.10869565217391304,0.34782608695652173
everything,0.06349206349206349,0.20634920634920634,0.031746031746031744,0.12698412698412698,0.15873015873015875,0.047619047619047616,0.0873015873015873,0.2777777777777778
done,0.05128205128205129,0.25641025641025644,0.05128205128205129,0.07692307692307693,0.10256410256410257,0.10256410256410257,0.025641025641025644,0.33333333333333337
hold,0.0782608695652174,0.1565217391304348,0.04782608695652174,0.1565217391304348,0.1739130434782609,0.052173913043478265,0.026086956521739132,0.3086956521739131
head,0.03230769230769231,0.2,0.05846153846153846,0.05692307692307693,0.12615384615384614,0.20153846153846153,0.08153846153846155,0.24307692307692308
machine,0.03333333333333333,0.1,0.06666666666666667,0.13333333333333333,0.1,0.1,0.03333333333333333,0.4333333333333333
using,0.09459459459459461,0.13513513513513514,0.13513513513513514,0.08108108108108109,0.14864864864864866,0.13513513513513514,0.05405405405405406,0.21621621621621623
might,0.0429553264604811,0.1718213058419244,0.03436426116838488,0.1323024054982818,0.19072164948453607,0.07216494845360824,0.06701030927835051,0.28865979381443296
black,0.006571741511500548,0.11391018619934283,0.1171960569550931,0.012048192771084338,0.12376779846659365,0.43263964950711936,0.0416210295728368,0.15224534501642936
thousand,0.048,0.152,0.04,0.18400000000000002,0.16,0.064,0.05600000000000001,0.29600000000000004
able,0.041916167664670656,0.19760479041916165,0.041916167664670656,0.12574850299401197,0.17964071856287422,0.059880239520958084,0.0778443113772455,0.2754491017964072
enough,0.10576923076923075,0.22115384615384615,0.07692307692307691,0.14423076923076922,0.08653846153846152,0.08653846153846152,0.08653846153846152,0.1923076923076923
days,0.06054279749478078,0.19624217118997908,0.02713987473903966,0.1231732776617954,0.1878914405010438,0.05845511482254697,0.06471816283924843,0.28183716075156573
end,0.03,0.21666666666666667,0.03,0.12,0.22,0.04,0.06333333333333332,0.28
science,0.10638297872340427,0.21276595744680854,0.08510638297872342,0.12765957446808512,0.08510638297872342,0.06382978723404256,0.08510638297872342,0.2340425531914894
quite,0.11320754716981131,0.18867924528301885,0.03773584905660377,0.09433962264150943,0.11320754716981131,0.09433962264150943,0.1320754716981132,0.22641509433962262
lot,0.14285714285714285,0.12244897959183672,0.08163265306122447,0.18367346938775508,0.16326530612244894,0.1020408163265306,0.12244897959183672,0.08163265306122447
girls,0.08823529411764706,0.20588235294117652,0.05882352941176471,0.1470588235294118,0.08823529411764706,0.08823529411764706,0.08823529411764706,0.23529411764705885
keep,0.1379310344827586,0.1379310344827586,0.10344827586206895,0.1379310344827586,0.03448275862068965,0.17241379310344826,0.03448275862068965,0.24137931034482757
question,0.10526315789473684,0.15789473684210528,0.05263157894736842,0.21052631578947367,0.05263157894736842,0.21052631578947367,0.05263157894736842,0.15789473684210528
actually,0.15789473684210525,0.13157894736842105,0.13157894736842105,0.18421052631578946,0.10526315789473682,0.13157894736842105,0.026315789473684206,0.13157894736842105
minds,0.09278350515463919,0.13402061855670105,0.07216494845360827,0.11340206185567012,0.12371134020618559,0.11340206185567012,0.030927835051546396,0.31958762886597947
later,0.14285714285714285,0.11904761904761905,0.047619047619047616,0.19047619047619047,0.047619047619047616,0.11904761904761905,0.07142857142857142,0.2619047619047619
temple,0.05164319248826291,0.18779342723004697,0.05164319248826291,0.11267605633802817,0.1784037558685446,0.07511737089201878,0.07511737089201878,0.2676056338028169
tell,0.13953488372093023,0.13953488372093023,0.09302325581395349,0.16279069767441862,0.06976744186046512,0.16279069767441862,0.046511627906976744,0.18604651162790697
broke,0.02702702702702703,0.08108108108108109,0.02702702702702703,0.32432432432432434,0.08108108108108109,0.2972972972972973,0.10810810810810811,0.05405405405405406
damned,0.0,0.15999999999999998,0.15999999999999998,0.15999999999999998,0.15999999999999998,0.07999999999999999,0.07999999999999999,0.19999999999999998
little,0.06382978723404256,0.20212765957446807,0.06382978723404256,0.12765957446808512,0.12765957446808512,0.0851063829787234,0.12765957446808512,0.20212765957446807
dark,0.004284490145672666,0.10968294772922023,0.1628106255355613,0.011996572407883464,0.12082262210796917,0.4155955441302485,0.04541559554413026,0.12939160239931452
lady,0.06818181818181819,0.13636363636363638,0.022727272727272728,0.09090909090909091,0.045454545454545456,0.4545454545454546,0.06818181818181819,0.11363636363636365
day,0.03725205611998065,0.19980648282535074,0.03483309143686502,0.15529753265602322,0.19448476052249636,0.0420899854862119,0.042573778422835024,0.29366231253023706
rest,0.03743315508021391,0.2032085561497326,0.0320855614973262,0.13368983957219252,0.20855614973262032,0.0427807486631016,0.0481283422459893,0.2941176470588235
hell,0.19753086419753085,0.0617283950617284,0.17901234567901234,0.2222222222222222,0.04320987654320988,0.18518518518518517,0.0308641975308642,0.08024691358024691
besides,0.03125,0.19375,0.020833333333333336,0.15208333333333332,0.225,0.0375,0.035416666666666666,0.30416666666666664
top,0.023980815347721823,0.3069544364508393,0.03836930455635491,0.02158273381294964,0.05275779376498801,0.20383693045563547,0.03597122302158273,0.31654676258992803
real,0.0697674418604651,0.11627906976744184,0.0697674418604651,0.04651162790697674,0.09302325581395347,0.0,0.0697674418604651,0.5348837209302325
name,0.0438957475994513,0.17009602194787382,0.05075445816186557,0.12071330589849108,0.20164609053497942,0.05075445816186557,0.05075445816186557,0.3113854595336077
glad,0.08750000000000001,0.28750000000000003,0.0125,0.1,0.325,0.037500000000000006,0.037500000000000006,0.11250000000000002
love,0.03412969283276451,0.15870307167235495,0.015358361774744029,0.1006825938566553,0.34982935153583616,0.035836177474402736,0.04436860068259386,0.26109215017064846
simply,0.13432835820895522,0.11940298507462686,0.10447761194029852,0.17910447761194032,0.10447761194029852,0.10447761194029852,0.08955223880597016,0.16417910447761194
