,anger,anticipation,disgust,fear,joy,sadness,surprise,trust
project,0.1226199543031226,0.17326732673267325,0.05369383092155369,0.0528052805280528,0.10205635948210205,0.07844630616907844,0.020055851739020056,0.397055090124397
gutenberg,0.09542743538767394,0.23658051689860835,0.061630218687872766,0.055168986083499,0.06709741550695825,0.11630218687872763,0.02037773359840954,0.34741550695825046
ebook,0.10987261146496814,0.18152866242038213,0.07324840764331209,0.06926751592356688,0.055732484076433116,0.1265923566878981,0.03184713375796178,0.3519108280254777
daring,0.1593625498007968,0.1049136786188579,0.0849933598937583,0.2084993359893758,0.07835325365205843,0.1301460823373174,0.07436918990703852,0.1593625498007968
suffering,0.08955223880597014,0.1011608623548922,0.15257048092868988,0.22443338861249307,0.06744057490326145,0.21448313985627418,0.04422332780541736,0.10613598673300165
william,0.1257250945775536,0.15384615384615385,0.07238335435056747,0.15056746532156373,0.11311475409836066,0.09911727616645652,0.06960907944514504,0.21563682219419927
pittenger,0.06382978723404255,0.11702127659574468,0.10638297872340426,0.14893617021276595,0.09574468085106383,0.14893617021276595,0.07446808510638298,0.24468085106382978
use,0.12907299823187673,0.16393028542561253,0.08057590300580955,0.12200050517807527,0.13816620358676432,0.08966910836069715,0.058095478656226315,0.21848951755493812
almost,0.11156107119529718,0.147615937295885,0.08269105160026126,0.14996734160679293,0.1171783148269105,0.14056172436316133,0.07145656433703461,0.17896799477465708
may,0.09587153532248663,0.16137580157930997,0.0694790396947374,0.1178652816789443,0.13503630293073296,0.10662992209444062,0.0715989188616249,0.24214319783772326
copy,0.18892045454545459,0.09730113636363638,0.08451704545454547,0.07457386363636365,0.035511363636363646,0.07528409090909093,0.028409090909090915,0.4154829545454546
give,0.09886960675051744,0.17783792389746858,0.06113676166215571,0.12259194395796849,0.12927877726476678,0.11001432892851457,0.08024199968157937,0.22002865785702913
away,0.11061359867330017,0.15812603648424545,0.07562189054726368,0.14941956882255392,0.12164179104477613,0.13399668325041458,0.08432835820895522,0.16625207296849087
terms,0.12164124909222947,0.14342774146695716,0.05628177196804648,0.09622367465504719,0.1241830065359477,0.06644880174291938,0.05192447349310094,0.33986928104575165
license,0.11681772406847936,0.2134944612286002,0.06545820745216516,0.09768378650553877,0.11379657603222557,0.0866062437059416,0.032225579053373615,0.2739174219536757
online,0.09523809523809523,0.14285714285714285,0.1369047619047619,0.10119047619047618,0.06547619047619048,0.10119047619047618,0.017857142857142856,0.33928571428571425
history,0.09090909090909091,0.15702479338842976,0.059687786960514244,0.12258953168044079,0.13131313131313133,0.0982552800734619,0.07759412304866851,0.26262626262626265
great,0.0955037586875325,0.15994515625738737,0.06666351472743605,0.13134130773958677,0.13762942650465698,0.10377759916788805,0.07730130963075033,0.22783792728476196
railroad,0.10262008733624456,0.17030567685589523,0.052401746724890834,0.19650655021834065,0.10480349344978167,0.10043668122270744,0.06768558951965067,0.20524017467248912
adventure,0.10119047619047619,0.2777777777777778,0.05952380952380952,0.15873015873015872,0.09126984126984126,0.1111111111111111,0.05753968253968254,0.14285714285714288
release,0.0912280701754386,0.21754385964912282,0.04912280701754386,0.15438596491228068,0.10526315789473684,0.08771929824561404,0.06315789473684211,0.23157894736842105
date,0.08655126498002665,0.1930758988015979,0.0559254327563249,0.14913448735019974,0.09320905459387484,0.11717709720372838,0.05459387483355526,0.25033288948069243
language,0.1177794448612153,0.1552888222055514,0.06976744186046513,0.1207801950487622,0.12978244561140287,0.09977494373593399,0.06676669167291822,0.24006001500375096
start,0.06990131578947367,0.39555921052631576,0.038651315789473686,0.10608552631578946,0.0912828947368421,0.08717105263157894,0.06990131578947367,0.14144736842105263
produced,0.10418250950570343,0.16273764258555135,0.07376425855513308,0.11787072243346007,0.11711026615969582,0.1026615969581749,0.07300380228136881,0.24866920152091254
shell,0.1863354037267081,0.062111801242236024,0.04658385093167702,0.1997929606625259,0.07349896480331262,0.18115942028985507,0.14389233954451347,0.10662525879917184
distributed,0.0792079207920792,0.21947194719471944,0.0792079207920792,0.12211221122112209,0.11386138613861385,0.0792079207920792,0.0297029702970297,0.2772277227722772
team,0.09090909090909093,0.060606060606060615,0.12121212121212123,0.21212121212121215,0.030303030303030307,0.24242424242424246,0.060606060606060615,0.18181818181818185
http,0.0374331550802139,0.20320855614973263,0.09625668449197862,0.08021390374331551,0.1229946524064171,0.08021390374331551,0.0160427807486631,0.3636363636363636
's,0.10460728266073388,0.15691796445971443,0.07374186825875129,0.13044580247261256,0.13279731898955194,0.11049311442169589,0.07261539328057674,0.21838125545636314
one,0.10573902708209525,0.15383309279225738,0.07171661431360897,0.1421385516597334,0.12672977332540963,0.1172213260888021,0.07757449698616181,0.20504711775193138
adventurers,0.1016949152542373,0.17917675544794187,0.0702179176755448,0.15980629539951574,0.11622276029055689,0.11622276029055689,0.06053268765133172,0.19612590799031476
alexander,0.10294117647058824,0.13235294117647062,0.07352941176470588,0.1360294117647059,0.08823529411764706,0.10661764705882355,0.05147058823529412,0.3088235294117647
expedition,0.06775807185084129,0.31832651205093226,0.05229649840836744,0.1296043656207367,0.09140518417462484,0.08367439745338791,0.05047748976807641,0.20645748067303324
romance,0.05219206680584551,0.16701461377870563,0.022964509394572025,0.14822546972860123,0.16492693110647183,0.12734864300626303,0.13778705636743216,0.17954070981210857
overwhelming,0.09454545454545453,0.1527272727272727,0.050909090909090904,0.14909090909090905,0.17818181818181816,0.09454545454545453,0.07999999999999999,0.19999999999999996
results,0.13178294573643412,0.14108527131782947,0.08837209302325581,0.14418604651162792,0.09302325581395349,0.12713178294573643,0.07441860465116279,0.19999999999999998
official,0.09445277361319342,0.12293853073463269,0.059970014992503755,0.11544227886056972,0.095952023988006,0.0749625187406297,0.047976011994003,0.3883058470764618
judge,0.1277744451109778,0.14397120575884823,0.08878224355128975,0.15896820635872824,0.10377924415116978,0.11037792441511697,0.05878824235152969,0.20755848830233956
war,0.10505557547508068,0.12387952671208319,0.06041591968447473,0.2818214413768376,0.09429903191107925,0.09878092506274651,0.05252778773754034,0.1832197920401578
scheme,0.053738317757009345,0.1985981308411215,0.07710280373831777,0.10514018691588786,0.11214953271028037,0.10280373831775702,0.08644859813084113,0.26401869158878505
ever,0.09401986183074265,0.15587219343696027,0.0738341968911917,0.13255613126079446,0.15004317789291882,0.11215457685664937,0.07189119170984455,0.2096286701208981
number,0.1130841121495327,0.1442367601246106,0.06417445482866044,0.14641744548286603,0.10872274143302181,0.10623052959501558,0.05358255451713396,0.2635514018691589
yankees,0.17674418604651163,0.10697674418604651,0.08837209302325581,0.2,0.06976744186046512,0.1255813953488372,0.05116279069767442,0.18139534883720929
atlanta,0.1298245614035088,0.17894736842105266,0.06666666666666668,0.22807017543859653,0.07017543859649124,0.15087719298245617,0.052631578947368425,0.12280701754385967
southern,0.12862745098039216,0.12901960784313726,0.09490196078431372,0.16823529411764707,0.10666666666666666,0.12705882352941175,0.054901960784313725,0.19058823529411767
confederacy,0.1178082191780822,0.14109589041095888,0.09863013698630137,0.1643835616438356,0.06575342465753424,0.09452054794520548,0.05342465753424657,0.26438356164383564
j.,0.11764705882352941,0.1911764705882353,0.07352941176470588,0.14705882352941177,0.04411764705882353,0.07352941176470588,0.08823529411764706,0.26470588235294124
entered,0.09683257918552036,0.15610859728506787,0.0755656108597285,0.1321266968325792,0.12262443438914027,0.10633484162895927,0.07782805429864253,0.232579185520362
act,0.1186617877679038,0.13957135389440667,0.08050182958703606,0.13016204913748036,0.10977522216414007,0.0891270256142185,0.07056978567694719,0.2616309461578672
court,0.17768361581920905,0.21214689265536724,0.04463276836158192,0.20564971751412428,0.07994350282485876,0.060451977401129946,0.045480225988700565,0.17401129943502824
eastern,0.1302876480541455,0.18612521150592215,0.06598984771573603,0.13705583756345177,0.1116751269035533,0.10152284263959391,0.07445008460236886,0.19289340101522842
leader,0.11957671957671957,0.09735449735449735,0.06349206349206349,0.1544973544973545,0.08253968253968254,0.1037037037037037,0.04761904761904762,0.33121693121693124
new,0.09197674418604652,0.17593023255813955,0.0636046511627907,0.13255813953488374,0.12651162790697676,0.09406976744186048,0.06720930232558141,0.24813953488372092
names,0.10019267822736032,0.12909441233140656,0.06551059730250482,0.13391136801541426,0.14065510597302505,0.0905587668593449,0.06936416184971099,0.27071290944123316
andrews,0.13675213675213674,0.1623931623931624,0.07692307692307693,0.19658119658119655,0.06837606837606837,0.14743589743589744,0.06196581196581197,0.14957264957264957
citizen,0.14285714285714285,0.0934065934065934,0.06593406593406594,0.21428571428571427,0.06043956043956044,0.13736263736263737,0.04395604395604395,0.24175824175824176
kentucky,0.11956521739130435,0.11956521739130435,0.05434782608695653,0.17391304347826086,0.11956521739130435,0.09782608695652174,0.05434782608695653,0.2608695652173913
campbell,0.1276595744680851,0.11702127659574468,0.06382978723404255,0.1702127659574468,0.09574468085106383,0.11702127659574468,0.07446808510638298,0.23404255319148937
wilson,0.10561056105610561,0.16171617161716173,0.08580858085808582,0.16501650165016504,0.08250825082508252,0.08910891089108912,0.12211221122112212,0.18811881188118812
second,0.11401952085181899,0.16393078970718722,0.07165039929015085,0.1362023070097604,0.11202307009760425,0.0925022182786158,0.06255545696539486,0.24711623779946762
ohio,0.07096774193548387,0.12258064516129033,0.06451612903225806,0.1096774193548387,0.15483870967741936,0.08387096774193549,0.05806451612903226,0.33548387096774196
escaped,0.12747252747252746,0.0989010989010989,0.07838827838827839,0.2967032967032967,0.07326007326007326,0.12161172161172162,0.05201465201465201,0.15164835164835166
porter,0.1274131274131274,0.14285714285714285,0.08494208494208494,0.21235521235521235,0.07722007722007722,0.09652509652509653,0.09652509652509653,0.16216216216216217
c,0.07511737089201877,0.18779342723004694,0.07511737089201877,0.11267605633802816,0.13849765258215962,0.11502347417840375,0.06807511737089202,0.2276995305164319
wood,0.11828540423223004,0.13944655453065652,0.07921866521975039,0.1638632664134563,0.1361909929462832,0.11882799782962558,0.07813347802495929,0.1660336408030385
wollam,0.15463917525773194,0.13402061855670103,0.1288659793814433,0.21134020618556698,0.09278350515463918,0.13402061855670103,0.06701030927835051,0.07731958762886597
exchanged,0.12365591397849462,0.12365591397849462,0.11290322580645162,0.16666666666666669,0.0913978494623656,0.15591397849462368,0.05376344086021506,0.17204301075268819
march,0.10053564070869386,0.15533580552121962,0.06448290070045325,0.15512978986402967,0.119283065512979,0.11557478368355996,0.08755665430572725,0.20210135970333748
parrott,0.19444444444444448,0.08333333333333334,0.16666666666666669,0.16666666666666669,0.02777777777777778,0.16666666666666669,0.08333333333333334,0.11111111111111112
following,0.10179445350734095,0.16867862969004896,0.06623164763458401,0.1305057096247961,0.10505709624796085,0.10538336052202285,0.07047308319738989,0.2518760195758565
work,0.13162839248434235,0.17453027139874738,0.052400835073068884,0.09227557411273486,0.12244258872651358,0.09697286012526096,0.056367432150313146,0.27338204592901877
facts,0.07604562737642585,0.135361216730038,0.04790874524714829,0.09657794676806084,0.09429657794676806,0.07832699619771863,0.07452471482889733,0.39695817490494295
clear,0.09579990561585654,0.1807456347333648,0.06748466257668712,0.11090136857008022,0.16705993393109955,0.1170363378952336,0.07078810759792355,0.19018404907975459
rebellion,0.17600700525394047,0.10245183887915937,0.14973730297723292,0.23380035026269705,0.07355516637478109,0.07793345008756568,0.03852889667250438,0.14798598949211908
book,0.11473087818696885,0.15344664778092543,0.07554296506137867,0.11898016997167139,0.11709159584513694,0.10103871576959397,0.07412653446647781,0.24504249291784702
sickness,0.10493827160493827,0.08796296296296297,0.154320987654321,0.220679012345679,0.0787037037037037,0.22222222222222224,0.04012345679012346,0.09104938271604938
induced,0.1168831168831169,0.15097402597402598,0.07467532467532467,0.15422077922077923,0.1185064935064935,0.11201298701298702,0.06168831168831169,0.21103896103896105
rebel,0.2250698974836906,0.09273066169617894,0.07269338303821063,0.2702702702702703,0.061043802423112775,0.10484622553588073,0.045200372786579686,0.12814538676607642
amidst,0.09166666666666667,0.19583333333333333,0.07916666666666668,0.10833333333333334,0.15833333333333335,0.1125,0.09583333333333333,0.15833333333333335
fatigue,0.11522633744855967,0.16872427983539093,0.07407407407407408,0.17695473251028807,0.12345679012345678,0.14403292181069957,0.06584362139917695,0.1316872427983539
excitement,0.087945413191812,0.21076573161485976,0.05534495830174375,0.10841546626231993,0.18498862774829417,0.08112206216830933,0.17210007581501138,0.09931766489764975
glorious,0.09269662921348314,0.18258426966292135,0.061797752808988755,0.13061797752808987,0.16853932584269662,0.10674157303370786,0.09269662921348314,0.1643258426966292
yet,0.09607335060793303,0.15577038070560092,0.07046043452262307,0.13284831572652978,0.1434123978473191,0.1251744070161451,0.076639425951764,0.19962128762208492
arms,0.11424606845513412,0.15980573543015725,0.06151711378353376,0.14569842738205363,0.1440795559666975,0.11470860314523589,0.06475485661424606,0.1951896392229417
circumstances,0.11442307692307692,0.16490384615384615,0.07163461538461538,0.15528846153846154,0.11057692307692306,0.11634615384615384,0.07355769230769231,0.19326923076923075
must,0.1025888287219049,0.16415696164972926,0.07150804836436467,0.12951561456865218,0.12743861731325568,0.11987241302573994,0.07202729767821378,0.2128922186781396
many,0.10235690235690235,0.16148148148148148,0.0701010101010101,0.1352188552188552,0.13441077441077443,0.11784511784511784,0.07515151515151514,0.2034343434343434
kind,0.07574482410368626,0.11058744319138192,0.05083319306514055,0.08533916849015317,0.23750210402289176,0.09274532906918026,0.057229422656118495,0.2900185154014475
friends,0.09439318665720368,0.15519280813815944,0.06695055594984622,0.13910574875798437,0.13295481428909392,0.1187603501301159,0.07783297847172936,0.21480955760586704
weary,0.09344115004492363,0.12129380053908355,0.0889487870619946,0.14106019766397124,0.09523809523809523,0.3000898472596586,0.053908355795148244,0.10601976639712489
fate,0.11787072243346007,0.24551873981531774,0.07224334600760456,0.158066268332428,0.07387289516567083,0.12384573601303639,0.06735469853340577,0.1412275936990766
considered,0.11456859971711457,0.13437057991513437,0.07425742574257425,0.13790664780763792,0.12234794908062235,0.11598302687411598,0.06930693069306931,0.23125884016973125
hopeless,0.10935856992639327,0.10094637223974763,0.07676130389064142,0.22818086225026288,0.0694006309148265,0.24079915878023134,0.05993690851735015,0.11461619348054679
well,0.09725333997178656,0.16479960169280558,0.06953779769313749,0.12671147622603932,0.14181395734793792,0.10115343125051862,0.07717201891959173,0.22155837689818272
return,0.10803461063040791,0.1656365883807169,0.06847960444993818,0.14981458590852903,0.11668726823238566,0.11273176761433867,0.07194066749072929,0.20667490729295426
tender,0.05947136563876652,0.1486784140969163,0.04295154185022026,0.07048458149779735,0.276431718061674,0.08480176211453744,0.06938325991189427,0.24779735682819384
comrades,0.12641509433962264,0.1518867924528302,0.07169811320754718,0.16132075471698112,0.11603773584905662,0.1320754716981132,0.08207547169811322,0.15849056603773587
upon,0.11609669334626889,0.1477484032662301,0.07543051176327917,0.14791009782520817,0.11686474250141483,0.1230899830220713,0.07211577330422832,0.2007437949712992
us,0.09978336506269285,0.16241055602967244,0.06577824460053831,0.146261406157684,0.12912755202520845,0.11159981618853805,0.07962975119805686,0.20540930873760915
c.,0.08491508491508491,0.17982017982017984,0.07092907092907093,0.10989010989010989,0.15784215784215785,0.07492507492507491,0.06893106893106893,0.2527472527472528
state,0.1039272030651341,0.14447637292464877,0.07263729246487867,0.14096424010217112,0.10344827586206896,0.11031289910600255,0.06976372924648787,0.2544699872286079
military,0.10057947019867551,0.11258278145695365,0.05504966887417219,0.2665562913907285,0.08485099337748345,0.09768211920529803,0.0484271523178808,0.23427152317880798
agent,0.10900473933649289,0.10900473933649289,0.10426540284360189,0.11848341232227488,0.08530805687203792,0.06872037914691943,0.02843601895734597,0.3767772511848341
take,0.10081613058089295,0.17066730676908307,0.0656505040806529,0.1344215074411906,0.12638022083533365,0.10561689870379261,0.078852616418627,0.21759481517042728
opportunity,0.07341576506955179,0.30061823802163834,0.06105100463678517,0.0911901081916538,0.11437403400309121,0.0919629057187017,0.06182380216383308,0.205564142194745
another,0.10395077720207253,0.15641191709844557,0.0678972366148532,0.14248704663212436,0.12154576856649395,0.11334196891191708,0.07556131260794473,0.21880397236614849
beautiful,0.05105105105105106,0.15849182515849183,0.04070737404070737,0.0780780780780781,0.3410076743410077,0.07407407407407408,0.07774441107774442,0.17884551217884553
home,0.09121936084393421,0.17995656220912193,0.06453614644740925,0.11976419484951908,0.15141172820353707,0.12053986968662736,0.07896369841762332,0.1936084393422277
mountain,0.07625542467451954,0.3155610663360198,0.045877247365158094,0.13639181649101054,0.09981401115933045,0.09237445753254805,0.0638561686298822,0.16986980781153133
side,0.11460902364717829,0.15493979399390687,0.06455824749746118,0.1489917307413318,0.12273320760191499,0.1231684317423473,0.07195705788481067,0.19904250689104888
near,0.11504975124378111,0.162106135986733,0.06384742951907131,0.1554726368159204,0.1148424543946932,0.11753731343283583,0.07607794361525705,0.1950663349917081
county,0.09152161706906231,0.12801796743402583,0.04828747894441325,0.10275126333520493,0.09376754632229084,0.06513194834362718,0.05221785513756317,0.41830432341381246
lost,0.09086819613135404,0.13540260908681961,0.058704453441295545,0.12213225371120108,0.10593792172739543,0.25888439046333783,0.07354925775978408,0.15452091767881243
kindness,0.11072664359861589,0.143598615916955,0.08131487889273355,0.129757785467128,0.13321799307958476,0.11764705882352938,0.08131487889273355,0.20242214532871972
regret,0.12303664921465969,0.08638743455497383,0.09162303664921466,0.14397905759162302,0.07068062827225131,0.29319371727748694,0.04712041884816755,0.14397905759162302
pleasant,0.046153846153846156,0.2107692307692308,0.034102564102564105,0.06153846153846154,0.20846153846153848,0.05692307692307693,0.16025641025641027,0.2217948717948718
left,0.10882737317333968,0.15492455744326958,0.07306641321135797,0.14660805512652964,0.12367827016751813,0.11833194724961388,0.07437329214684568,0.2001900914815255
duty,0.09813789632611977,0.16557624559637643,0.05334675390035228,0.15047810770005032,0.11877201811776547,0.10518369401107196,0.0548565676899849,0.25364871665827876
called,0.10340614021689323,0.15167252176569423,0.0778982740186345,0.13242706583167865,0.12402627157476707,0.10951580876737438,0.06797006262410264,0.23308385520085537
field,0.12676056338028172,0.13380281690140847,0.07658450704225353,0.15757042253521128,0.11487676056338028,0.11795774647887325,0.061179577464788734,0.2112676056338028
early,0.09252217997465145,0.1774397972116603,0.06939163498098859,0.1232572877059569,0.1359315589353612,0.1023447401774398,0.07065906210392903,0.22845373891001267
friend,0.06579984239558707,0.1170212765957447,0.04767533490937746,0.08313632781717889,0.241725768321513,0.07013396375098503,0.06048069345941686,0.314026792750197
still,0.10337143964347995,0.15403991474520443,0.06926952141057935,0.14086417360976558,0.13350125944584385,0.1221662468513854,0.07421042433636893,0.20257701995737262
literary,0.11623931623931621,0.16495726495726495,0.04529914529914529,0.047008547008547,0.08547008547008546,0.1521367521367521,0.0376068376068376,0.35128205128205126
experience,0.08354755784061697,0.15295629820051415,0.06876606683804627,0.13046272493573266,0.14460154241645246,0.11118251928020566,0.08611825192802057,0.22236503856041132
freely,0.04865334491746307,0.13205907906168549,0.041702867072111204,0.06516072980017375,0.23197219808861858,0.05039096437880104,0.04604691572545612,0.38401390095569066
placed,0.1096128751631144,0.15006524575902566,0.06524575902566332,0.17050891692040016,0.10743801652892561,0.09699869508481948,0.06611570247933884,0.23401478903871248
service,0.09151707145371347,0.14537134811686026,0.058430130235832455,0.14853924674410418,0.1179162266807462,0.10876451953537487,0.07215769095388946,0.25730376627947904
story,0.09982253771073647,0.16149068322981366,0.06832298136645963,0.1233362910381544,0.15039929015084294,0.1171251109139308,0.07275953859804792,0.20674356699201418
undertaking,0.07,0.26,0.07,0.13,0.11,0.065,0.045000000000000005,0.25000000000000006
words,0.2578875171467764,0.13292181069958844,0.061179698216735245,0.11083676268861453,0.11056241426611796,0.10329218106995883,0.06515775034293553,0.15816186556927297
hope,0.058351468988030473,0.20334602829162135,0.036724700761697496,0.0807943416757345,0.18702393906420023,0.06528835690968444,0.14608269858541892,0.22238846572361265
cheer,0.057894736842105256,0.2157894736842105,0.029824561403508764,0.07543859649122805,0.19473684210526312,0.05614035087719297,0.16666666666666663,0.20350877192982453
renewed,0.12177985948477753,0.11943793911007025,0.08430913348946137,0.1990632318501171,0.0936768149882904,0.13114754098360656,0.06557377049180328,0.18501170960187355
efforts,0.1320754716981132,0.1491464510332435,0.08176100628930817,0.1527403414195867,0.1087151841868823,0.13836477987421383,0.05929919137466307,0.1778975741239892
aid,0.12551440329218108,0.14814814814814817,0.06858710562414266,0.1625514403292181,0.11248285322359396,0.10768175582990397,0.06447187928669411,0.21056241426611796
sympathy,0.09264305177111717,0.1326067211625795,0.06630336058128974,0.12170753860127158,0.13987284287011809,0.2279745685740236,0.06085376930063579,0.15803814713896458
would,0.10553646238366406,0.16303338935855305,0.06492235907984849,0.14213681860371774,0.13104884228482555,0.1209893886561473,0.07543335925544992,0.19689938037779395
probably,0.10783521809369952,0.1635702746365105,0.07794830371567044,0.14337641357027464,0.12075928917609047,0.11066235864297254,0.07390953150242326,0.20193861066235863
abandoned,0.17953667953667954,0.1023166023166023,0.03571428571428571,0.22200772200772198,0.07142857142857142,0.18243243243243243,0.04343629343629344,0.16312741312741313
task,0.10188261351052048,0.1661129568106312,0.07530454042081948,0.13953488372093023,0.14174972314507198,0.11295681063122924,0.059800664451827246,0.2026578073089701
fully,0.08507135016465422,0.14215148188803514,0.06311745334796925,0.11141602634467618,0.10537870472008781,0.08507135016465422,0.07025246981339188,0.3375411635565313
others,0.11229446935724964,0.13920029895366218,0.0805306427503737,0.148355754857997,0.10612855007473841,0.12331838565022422,0.06352765321375187,0.226644245142003
whose,0.10857991828649254,0.1452271883124923,0.07886591556270894,0.14151293797201933,0.12702736164417486,0.11526556889934383,0.06821839792001981,0.21530271140274856
good,0.0517234262125903,0.20268317853457174,0.038348813209494334,0.06377708978328174,0.19913312693498453,0.056222910216718276,0.15558307533539734,0.23252837977296184
always,0.08748674443266172,0.16489925768822905,0.0671615411806292,0.12018381053375751,0.1603039943442913,0.10728172499116295,0.07122658183103571,0.2214563449982326
kindly,0.07962529274004684,0.17096018735363,0.06323185011709603,0.08430913348946137,0.20843091334894615,0.09601873536299767,0.07962529274004684,0.21779859484777522
among,0.10933216361443139,0.13685711152538654,0.07862704243886391,0.14343678034872245,0.13225134334905142,0.11251233687904376,0.07347296852725078,0.2135102533172497
also,0.09959959959959962,0.15298631965298634,0.06840173506840173,0.13630296963630298,0.12712712712712715,0.09926593259926594,0.0707374040707374,0.24557891224557893
army,0.13801452784503634,0.1318267419962335,0.07290825934893731,0.17487220877051388,0.09954264191552327,0.10707559860102232,0.06107075598601023,0.21468926553672316
cumberland,0.1568627450980392,0.16339869281045752,0.0915032679738562,0.2222222222222222,0.0718954248366013,0.1045751633986928,0.08496732026143791,0.1045751633986928
chapter,0.15399020455200232,0.14448285796600402,0.0930567559781043,0.1505329876116393,0.07461826562950159,0.08556611927398446,0.08239700374531835,0.21535580524344572
sad,0.09054669703872438,0.15945330296127563,0.0774487471526196,0.14066059225512528,0.13097949886104784,0.16173120728929385,0.08086560364464693,0.15831435079726652
retrospective,0.05555555555555556,0.16666666666666669,0.11111111111111112,0.22222222222222224,0.0,0.22222222222222224,0.05555555555555556,0.16666666666666669
object,0.0976394849785408,0.17328326180257517,0.06491416309012876,0.1464592274678112,0.14216738197424894,0.10300429184549358,0.06598712446351933,0.20654506437768244
situation,0.12957746478873236,0.1464788732394366,0.06619718309859154,0.16338028169014082,0.09859154929577463,0.10281690140845069,0.0732394366197183,0.2197183098591549
southwest,0.1553398058252427,0.14563106796116504,0.06796116504854369,0.3106796116504854,0.009708737864077669,0.17475728155339806,0.029126213592233007,0.10679611650485436
disaster,0.14893617021276595,0.10638297872340426,0.13829787234042554,0.19148936170212766,0.0425531914893617,0.1702127659574468,0.11347517730496454,0.08865248226950355
energy,0.109,0.153,0.069,0.146,0.147,0.09,0.092,0.194
rebels,0.14948453608247422,0.11146907216494846,0.07409793814432988,0.21005154639175255,0.0786082474226804,0.13144329896907217,0.06185567010309278,0.18298969072164947
necessity,0.1032171581769437,0.13605898123324398,0.06635388739946381,0.13672922252010725,0.08243967828418232,0.2479892761394102,0.0529490616621984,0.1742627345844504
secret,0.08955223880597013,0.14061272584446188,0.07934014139827178,0.14454045561665355,0.08483896307934012,0.09662215239591515,0.06520031421838177,0.29929300864100544
proposition,0.07641196013289037,0.16279069767441862,0.0664451827242525,0.132890365448505,0.09302325581395349,0.11295681063122923,0.06312292358803986,0.29235880398671094
buell,0.1326530612244898,0.11224489795918367,0.11224489795918367,0.20408163265306123,0.07142857142857142,0.16326530612244897,0.061224489795918366,0.14285714285714285
mitchel,0.13043478260869565,0.15527950310559008,0.062111801242236024,0.22981366459627328,0.037267080745341616,0.16149068322981366,0.031055900621118012,0.19254658385093168
attempt,0.10792580101180439,0.25497470489038787,0.06745362563237775,0.16290050590219224,0.08094435075885328,0.1136593591905565,0.056323777403035416,0.15581787521079257
failure,0.08767471410419314,0.12960609911054638,0.144853875476493,0.2121982210927573,0.08513341804320203,0.17026683608640406,0.0457433290978399,0.12452350698856417
writer,0.09615384615384616,0.15544871794871795,0.07371794871794872,0.15224358974358976,0.10096153846153846,0.13141025641025642,0.05608974358974359,0.233974358974359
volunteers,0.07491082045184305,0.11652794292508918,0.02497027348394768,0.093935790725327,0.10820451843043996,0.05826397146254459,0.04756242568370987,0.47562425683709875
parting,0.11904761904761905,0.1892857142857143,0.0642857142857143,0.14047619047619048,0.10833333333333334,0.15595238095238095,0.08452380952380951,0.1380952380952381
regiment,0.09647979139504563,0.11538461538461538,0.044980443285528034,0.2940026075619296,0.09778357235984354,0.08344198174706649,0.0651890482398957,0.20273794002607562
way,0.10283953701390623,0.1667915729869265,0.06878174702306604,0.13972853693063536,0.13031892747106338,0.1163294196019652,0.07660920975934715,0.1986010492130902
perplexities,0.10204081632653061,0.10204081632653061,0.14285714285714285,0.2653061224489796,0.0,0.2653061224489796,0.02040816326530612,0.10204081632653061
cur-tailed,0.05555555555555556,0.16666666666666669,0.11111111111111112,0.22222222222222224,0.0,0.22222222222222224,0.05555555555555556,0.16666666666666669
midnight,0.10572687224669602,0.17180616740088103,0.06167400881057268,0.15198237885462554,0.1343612334801762,0.11233480176211452,0.06828193832599119,0.1938325991189427
consultation,0.09375000000000001,0.25,0.041666666666666664,0.23958333333333334,0.08333333333333333,0.07291666666666667,0.052083333333333336,0.16666666666666666
plans,0.11980033277870217,0.18136439267886853,0.086522462562396,0.17803660565723795,0.0881863560732113,0.09484193011647253,0.06988352745424292,0.18136439267886853
developed,0.07278481012658228,0.13607594936708864,0.07911392405063292,0.1835443037974684,0.10759493670886076,0.13607594936708864,0.0759493670886076,0.20886075949367092
money,0.1592723465514985,0.18047375997906032,0.03625179950268289,0.051433058500196305,0.16777908650700168,0.051956550189765735,0.1412118832613532,0.21162151550844127
dismal,0.09898477157360407,0.10152284263959392,0.14974619289340105,0.22081218274111677,0.09137055837563454,0.19289340101522845,0.04060913705583757,0.10406091370558376
night,0.10774058577405858,0.16239539748953977,0.06642259414225941,0.15611924686192472,0.12133891213389124,0.14069037656903768,0.07871338912133892,0.16657949790794982
storm,0.26208651399491095,0.1289228159457167,0.06276505513146734,0.16200169635284137,0.07803223070398642,0.11620016963528414,0.0729431721798134,0.11704834605597964
arrested,0.1337719298245614,0.13815789473684212,0.08881578947368421,0.17982456140350878,0.08771929824561404,0.10635964912280703,0.06798245614035088,0.1973684210526316
federal,0.14305177111716622,0.13487738419618528,0.05722070844686648,0.2561307901907357,0.0667574931880109,0.12942779291553133,0.04495912806539509,0.167574931880109
soldiers,0.13580246913580246,0.13247863247863248,0.0731244064577398,0.1956315289648623,0.0892687559354226,0.12298195631528966,0.06837606837606838,0.18233618233618235
beyond,0.11292386436340372,0.13371721049264237,0.07165706973768395,0.16570697376839413,0.11068458093410109,0.13115802943058222,0.06493921944977607,0.2092130518234165
lines,0.10744435917114352,0.13584036838066002,0.05372217958557176,0.3054489639293937,0.09823484267075978,0.09669992325402917,0.05832693783576363,0.14428242517267845
panic,0.1262135922330097,0.10679611650485438,0.08414239482200649,0.28802588996763756,0.07119741100323625,0.08414239482200649,0.08414239482200649,0.15533980582524273
caused,0.13005600497822029,0.14063472308649658,0.08587429993777226,0.18170504044803984,0.09583074051026759,0.1331673926571251,0.08836341008089608,0.14436838830118234
negroes,0.12015810276679842,0.1399209486166008,0.08142292490118576,0.15810276679841898,0.14545454545454545,0.10909090909090909,0.0466403162055336,0.1992094861660079
method,0.10590277777777778,0.20659722222222224,0.03993055555555556,0.09375000000000001,0.13541666666666669,0.06944444444444445,0.06250000000000001,0.28645833333333337
suspicion,0.11938382541720155,0.1116816431322208,0.07317073170731707,0.30166880616174585,0.07702182284980745,0.10141206675224648,0.06161745827984596,0.1540436456996149
continuous,0.12916666666666668,0.1875,0.0625,0.2125,0.08750000000000001,0.09999999999999999,0.07500000000000001,0.14583333333333334
rain,0.11647429171038826,0.16579223504721932,0.06925498426023086,0.1626442812172088,0.10283315844700945,0.15739769150052466,0.09233997901364113,0.13326337880377753
behind,0.10830221200804366,0.1623096811261132,0.06118931341568515,0.15972421717897156,0.11347313990232692,0.12324044814708417,0.09164033323757541,0.18012065498419993
time,0.08607558033599359,0.3038883422615794,0.056958565649939875,0.11544768776648082,0.10520753616850699,0.09398345541343246,0.06687074086221349,0.17156809154185343
hunting,0.16974972796517954,0.2274211099020675,0.05767138193688792,0.1926006528835691,0.08922742110990206,0.05984766050054407,0.062023939064200215,0.14145810663764963
human,0.11398692810457516,0.13307189542483658,0.08993464052287582,0.1592156862745098,0.12313725490196079,0.13411764705882354,0.07503267973856209,0.1715032679738562
beings,0.08753709198813057,0.18249258160237392,0.057863501483679525,0.13204747774480713,0.12314540059347183,0.08902077151335312,0.08605341246290803,0.241839762611276
bloodhounds,0.1324200913242009,0.16666666666666666,0.0730593607305936,0.21689497716894976,0.08447488584474885,0.136986301369863,0.05707762557077625,0.1324200913242009
mountains,0.09949937421777222,0.1739674593241552,0.07321652065081352,0.13078848560700876,0.13016270337922403,0.11264080100125157,0.09136420525657071,0.18836045056320402
crossing,0.13186813186813187,0.1664050235478807,0.07378335949764521,0.1836734693877551,0.11616954474097331,0.13186813186813187,0.05180533751962323,0.14442700156985872
playing,0.11081794195250659,0.1675461741424802,0.058047493403693924,0.13324538258575197,0.15831134564643798,0.1121372031662269,0.09102902374670184,0.16886543535620052
hypocrite,0.18918918918918923,0.16216216216216217,0.10810810810810813,0.21621621621621626,0.10810810810810813,0.16216216216216217,0.0,0.054054054054054064
legend,0.13302752293577982,0.14678899082568805,0.0871559633027523,0.14678899082568805,0.14220183486238533,0.12844036697247707,0.05963302752293578,0.15596330275229356
battle,0.23877987176996313,0.13269865941325046,0.07208082378084321,0.14688167864775598,0.08626384301534876,0.09811540703322325,0.06081212356712649,0.16436759277248886
valley,0.0855119825708061,0.16830065359477125,0.0669934640522876,0.14324618736383443,0.133442265795207,0.11492374727668846,0.08986928104575165,0.1977124183006536
lodged,0.10606060606060608,0.18181818181818185,0.08333333333333334,0.16666666666666669,0.14393939393939398,0.09848484848484851,0.04545454545454546,0.17424242424242425
secessionist,0.17682926829268292,0.14634146341463414,0.09146341463414633,0.1646341463414634,0.07317073170731707,0.10975609756097561,0.048780487804878044,0.18902439024390244
strategy,0.15384615384615385,0.1868131868131868,0.07692307692307693,0.2087912087912088,0.10989010989010989,0.10989010989010989,0.07692307692307693,0.07692307692307693
welcome,0.08415841584158416,0.17491749174917492,0.05115511551155116,0.08250825082508252,0.21122112211221122,0.09240924092409242,0.09735973597359736,0.20627062706270627
fatal,0.1958041958041958,0.1038961038961039,0.054945054945054944,0.21278721278721277,0.07192807192807193,0.1878121878121878,0.04995004995004995,0.1228771228771229
delay,0.17281879194630873,0.11912751677852348,0.1451342281879195,0.2030201342281879,0.04697986577181208,0.1761744966442953,0.04278523489932886,0.09395973154362416
exaggerated,0.1568627450980392,0.11274509803921569,0.08333333333333333,0.16176470588235295,0.09313725490196079,0.1323529411764706,0.0392156862745098,0.22058823529411767
accounts,0.11041666666666666,0.12083333333333335,0.06666666666666667,0.13958333333333334,0.07916666666666668,0.10833333333333334,0.049999999999999996,0.325
shiloh,0.225,0.125,0.06666666666666667,0.16666666666666669,0.10833333333333334,0.125,0.03333333333333333,0.15000000000000002
prevented,0.13541666666666666,0.14322916666666666,0.06510416666666667,0.21614583333333331,0.0703125,0.14843749999999997,0.05468749999999999,0.16666666666666666
tennessee,0.15679442508710803,0.12195121951219512,0.07317073170731707,0.18815331010452963,0.09059233449477352,0.10801393728222997,0.04529616724738676,0.21602787456445993
amusing,0.10619469026548672,0.15929203539823011,0.061946902654867256,0.15929203539823011,0.22123893805309736,0.10619469026548672,0.05309734513274336,0.13274336283185842
river,0.10638297872340424,0.16634429400386846,0.05957446808510637,0.14468085106382977,0.1230174081237911,0.12050290135396517,0.08259187620889748,0.1969052224371373
perilous,0.10144927536231885,0.16666666666666669,0.06884057971014494,0.2173913043478261,0.10144927536231885,0.1630434782608696,0.05434782608695653,0.12681159420289856
success,0.07904834996162702,0.2544128933231005,0.053338449731389105,0.10821181887950883,0.21987720644666156,0.06907137375287797,0.06062931696085956,0.15541059094397544
chattanooga,0.12981744421906694,0.15821501014198783,0.07707910750507099,0.2028397565922921,0.09127789046653144,0.13995943204868155,0.07099391480730223,0.12981744421906694
cars,0.1081081081081081,0.18243243243243243,0.06756756756756757,0.17567567567567569,0.13513513513513514,0.0945945945945946,0.08108108108108107,0.1554054054054054
arrive,0.0704225352112676,0.33239436619718304,0.039436619718309855,0.1323943661971831,0.11267605633802816,0.09859154929577463,0.06760563380281688,0.1464788732394366
marietta,0.11475409836065573,0.22950819672131145,0.06557377049180327,0.1967213114754098,0.0983606557377049,0.0983606557377049,0.032786885245901634,0.16393442622950818
train,0.10443864229765012,0.21409921671018278,0.06005221932114883,0.18102697998259357,0.09834638816362054,0.12706701479547433,0.09660574412532638,0.11836379460400348
prospecting,0.15151515151515152,0.15151515151515152,0.0909090909090909,0.2424242424242424,0.0606060606060606,0.1212121212121212,0.1212121212121212,0.0606060606060606
capture,0.14285714285714288,0.15140415140415142,0.08302808302808302,0.19413919413919414,0.08180708180708181,0.11843711843711845,0.06593406593406594,0.1623931623931624
confederate,0.11198428290766206,0.12770137524557956,0.0599214145383104,0.1591355599214145,0.07956777996070726,0.09528487229862474,0.05304518664047151,0.3133595284872298
camp,0.11471610660486675,0.15411355735805332,0.06025492468134415,0.18346852066434918,0.11162611046736191,0.11085361143298572,0.07918115102356123,0.18578601776747777
lightning,0.17486338797814208,0.12295081967213116,0.06284153005464481,0.23224043715846995,0.07377049180327869,0.10382513661202186,0.17486338797814208,0.054644808743169404
speed,0.13895216400911162,0.16173120728929385,0.059225512528473814,0.21412300683371302,0.059225512528473814,0.1366742596810934,0.10022779043280183,0.12984054669703873
thrilling,0.09933774834437085,0.19205298013245034,0.0662251655629139,0.1986754966887417,0.11920529801324503,0.12582781456953643,0.12582781456953643,0.0728476821192053
cut,0.12605790645879733,0.15011135857461025,0.07661469933184856,0.1755011135857461,0.10601336302895323,0.1305122494432071,0.06236080178173719,0.17282850779510023
telegraph,0.14018691588785046,0.21495327102803735,0.07476635514018691,0.21495327102803735,0.04672897196261682,0.12149532710280374,0.09345794392523364,0.09345794392523364
tear,0.13089005235602094,0.14659685863874347,0.07853403141361257,0.18324607329842932,0.1099476439790576,0.13612565445026178,0.07853403141361257,0.13612565445026178
track,0.10043041606886657,0.2869440459110474,0.06025824964131994,0.15494978479196558,0.08177905308464849,0.1291248206599713,0.05164992826398853,0.13486370157819225
unexpected,0.08359133126934984,0.18988648090815272,0.04540763673890608,0.19298245614035087,0.14551083591331268,0.09287925696594426,0.1413828689370485,0.10835913312693497
obstacle,0.13004484304932737,0.08071748878923768,0.08968609865470853,0.1704035874439462,0.08968609865470853,0.13452914798206278,0.05829596412556055,0.24663677130044845
running,0.1203883495145631,0.15016181229773465,0.06990291262135923,0.16051779935275082,0.12297734627831715,0.10744336569579288,0.08802588996763754,0.18058252427184465
