,anger,anticipation,disgust,fear,joy,sadness,surprise,trust
project,0.12450546893181287,0.1709332092157319,0.05050034908075401,0.050267628578077726,0.10204794042355131,0.078194088899232,0.018734000465441002,0.4048173144053991
gutenberg,0.08697653014265991,0.2388403129314312,0.0524620340543028,0.04832029452369995,0.06902899217671421,0.1228716060745513,0.017487344684767602,0.364012885411873
forest,0.10231854838709678,0.171875,0.06854838709677419,0.11979166666666666,0.12197580645161289,0.09156586021505377,0.05779569892473118,0.2661290322580645
dean,0.08982584784601283,0.17048579285059579,0.06324472960586618,0.09165902841429881,0.12832263978001834,0.06324472960586618,0.05774518790100825,0.3354720439963336
h.,0.07073954983922828,0.17041800643086816,0.04823151125401929,0.10932475884244372,0.11254019292604502,0.07717041800643087,0.06430868167202572,0.3472668810289389
g.,0.03053435114503817,0.24427480916030536,0.0076335877862595426,0.04580152671755726,0.25954198473282447,0.07633587786259542,0.07633587786259542,0.25954198473282447
use,0.11704957678355503,0.17291414752116083,0.0788391777509069,0.11076178960096737,0.1455864570737606,0.08077388149939542,0.058524788391777514,0.23555018137847647
cost,0.09309895833333333,0.14322916666666666,0.1259765625,0.14225260416666666,0.08268229166666666,0.146484375,0.04264322916666666,0.22363281249999997
almost,0.10493515243388916,0.1551288529560384,0.07731177362304194,0.14131716355061477,0.1303688731682668,0.1307057436415698,0.078996125989557,0.18123631463702206
may,0.09453693633397472,0.1630552999247051,0.07433280348029783,0.12386011879862796,0.1351961850581444,0.10888479879528151,0.0686438550991383,0.23149000250983018
copy,0.16724738675958187,0.11896465903434544,0.07864609258337481,0.08163265306122448,0.054753608760577395,0.0746640119462419,0.038327526132404185,0.38576406172224986
give,0.08406172439840293,0.1781590590266537,0.05881083414265673,0.12161433041976907,0.14405956620265456,0.10316175677133915,0.07618430991690946,0.2339484191216143
away,0.09917196225688428,0.15617176968996727,0.0707683419988446,0.14288465241671483,0.13556710957057577,0.12911611785095323,0.07202002695936838,0.19430001925669171
terms,0.11236297198538368,0.13733252131546894,0.052679658952496954,0.08587088915956151,0.1248477466504263,0.07003654080389769,0.05085261875761266,0.36601705237515225
license,0.09709090909090909,0.1698181818181818,0.10690909090909091,0.1309090909090909,0.09272727272727273,0.12763636363636363,0.044,0.2309090909090909
title,0.07105263157894737,0.1473684210526316,0.05394736842105263,0.09342105263157895,0.10394736842105264,0.07105263157894737,0.04473684210526316,0.4144736842105263
historical,0.09933774834437087,0.1456953642384106,0.08609271523178809,0.09933774834437087,0.11920529801324503,0.08609271523178809,0.046357615894039736,0.31788079470198677
account,0.08620164483703929,0.13067316478830338,0.07036247334754797,0.11361559549192811,0.10843740481267133,0.08924763935424916,0.05543710021321961,0.3460249771550411
release,0.0824053452115813,0.17594654788418707,0.062360801781737196,0.11581291759465479,0.11581291759465479,0.10690423162583519,0.07349665924276169,0.26726057906458794
date,0.07920154539600772,0.18222794591113975,0.06052801030264005,0.10560206052801031,0.11010946555054733,0.0978750804893754,0.06310367031551835,0.3013522215067611
february,0.08292682926829269,0.17804878048780487,0.04878048780487805,0.15853658536585366,0.1073170731707317,0.0951219512195122,0.07804878048780488,0.25121951219512195
3,0.09860465116279071,0.20651162790697677,0.0716279069767442,0.0958139534883721,0.12000000000000001,0.0958139534883721,0.04744186046511628,0.26418604651162797
english,0.09455920861216177,0.1550771021239453,0.07011929007855688,0.12103578702356707,0.13238289205702647,0.0986325283677626,0.06895548443409952,0.2592377073028804
character,0.10994946854852762,0.14288203519776962,0.08346401812162398,0.14288203519776962,0.12162397630249171,0.09513852587558808,0.05802404600104547,0.24603589475518384
set,0.10453341642000312,0.1643558186633432,0.055771927091447265,0.12930362984888613,0.13350989250662096,0.10344290387910889,0.064340239912759,0.24474217167783144
picture,0.08969072164948455,0.1793814432989691,0.07113402061855671,0.10103092783505156,0.16701030927835056,0.1020618556701031,0.07422680412371135,0.21546391752577324
portraits,0.12195121951219512,0.23170731707317072,0.04878048780487805,0.06097560975609756,0.17073170731707318,0.06097560975609756,0.012195121951219513,0.2926829268292683
two,0.09898989898989899,0.16922558922558922,0.06336700336700336,0.125993265993266,0.1327946127946128,0.10585858585858586,0.07272727272727272,0.23104377104377102
iron-miners,0.12048192771084337,0.2289156626506024,0.04819277108433735,0.060240963855421686,0.16867469879518074,0.060240963855421686,0.012048192771084338,0.30120481927710846
page,0.09309309309309309,0.17717717717717715,0.08108108108108107,0.1006006006006006,0.14414414414414414,0.10360360360360359,0.05705705705705705,0.24324324324324323
derived,0.06614785992217899,0.17898832684824906,0.04669260700389105,0.0933852140077821,0.14785992217898833,0.10505836575875487,0.038910505836575876,0.3229571984435798
personal,0.09523809523809523,0.13847837985769018,0.06841817186644773,0.1171319102353585,0.12151067323481116,0.09195402298850573,0.06185002736726874,0.3054187192118227
public,0.07905439755973565,0.20348246059989833,0.11419674631418404,0.13364260294865277,0.08261311642094561,0.12582613116420946,0.045055922724961874,0.2161286222674123
private,0.08059023836549375,0.13923571698827092,0.13601967461218312,0.15342413923571702,0.08002270147559591,0.15001891789632993,0.04672720393492243,0.21396140749148698
holy,0.071219103477168,0.18391286133221618,0.06346878927524088,0.12505236698785085,0.1751152073732719,0.07561793045664014,0.04901550062840385,0.25659824046920826
trinity,0.08379888268156424,0.24022346368715083,0.05027932960893854,0.0670391061452514,0.20111731843575417,0.061452513966480445,0.0223463687150838,0.2737430167597765
john,0.06357811729916216,0.13159191720059144,0.22424839822572698,0.08920650566781667,0.11680630852636768,0.07047806801379991,0.05963528831936915,0.24445539674716615
street,0.0968392737054472,0.16543375924680562,0.07061197041022192,0.11297915265635507,0.1378614660390047,0.11499663752521856,0.0699394754539341,0.23133826496301277
expressed,0.07827102803738317,0.16238317757009346,0.06542056074766354,0.12967289719626168,0.15070093457943923,0.11214953271028037,0.07126168224299065,0.23014018691588783
others,0.09835536923573039,0.14817800709448564,0.07400838439213157,0.13415027410512737,0.13140922283134474,0.11302805546597872,0.06594646888100612,0.2349242179941954
felt,0.0928212162780064,0.16415180612711475,0.07018747142203931,0.1342021033379058,0.14654778235025148,0.1186556927297668,0.07841792409693644,0.19501600365797894
history,0.08867362146050671,0.1557377049180328,0.07675111773472429,0.12891207153502235,0.13152011922503726,0.10506706408345753,0.06184798807749627,0.2514903129657228
never,0.09550427213926377,0.15659187095743832,0.06995128962708617,0.13367403976682904,0.1490058292741356,0.11842210332987305,0.07074982033059173,0.20610077457478243
appeared,0.10477657935285055,0.15377503852080124,0.06933744221879816,0.15624036979969183,0.12542372881355934,0.1214175654853621,0.07519260400616333,0.1938366718027735
impression,0.09999999999999999,0.14761904761904762,0.09047619047619047,0.1380952380952381,0.12380952380952381,0.1261904761904762,0.08333333333333334,0.19047619047619047
considerable,0.10815217391304349,0.17173913043478262,0.06902173913043479,0.12880434782608696,0.12010869565217391,0.10271739130434783,0.06847826086956522,0.23097826086956522
amount,0.09795134443021768,0.16645326504481434,0.08386683738796415,0.11715749039692702,0.13188220230473752,0.10883482714468631,0.06338028169014084,0.23047375160051217
interesting,0.0724174653887114,0.17891373801916932,0.06389776357827477,0.09265175718849841,0.1405750798722045,0.09158679446219384,0.08945686900958466,0.2705005324813632
information,0.06246514221974345,0.17233686558839934,0.053541550474065815,0.10708310094813163,0.11600669269380927,0.07752370329057447,0.040713887339654205,0.37032905744562183
relative,0.10037174721189591,0.19330855018587362,0.055762081784386616,0.0929368029739777,0.0929368029739777,0.06319702602230483,0.048327137546468404,0.3531598513011152
might,0.09783989834815755,0.16824874803796994,0.06854024964496598,0.14380745945137904,0.1322968831751252,0.1127139547051349,0.07623888182973317,0.20031392480753418
brought,0.10395235517054682,0.15935751669373757,0.07236960837393971,0.14257354268182637,0.13246706370691208,0.10972748601335497,0.06515069482042952,0.21440173253925282
together,0.09546209186496957,0.15938018815716656,0.06419479800774765,0.1322634200332042,0.13558384061981182,0.10653016048699503,0.06585500830105147,0.24073049252905368
combined,0.09609609609609611,0.15915915915915918,0.0840840840840841,0.14714714714714716,0.12612612612612614,0.10510510510510514,0.08708708708708711,0.1951951951951952
fact,0.08339160839160839,0.13548951048951047,0.0666083916083916,0.11923076923076922,0.10034965034965034,0.09615384615384613,0.060314685314685305,0.3384615384615384
seemed,0.09570831750854539,0.16483099126471706,0.06171667299658185,0.13786555260159514,0.14755032282567412,0.12894037219901253,0.08697303456133688,0.17641473604253702
work,0.11359141000282567,0.18140717716869173,0.051638881039841766,0.10016953941791468,0.13633794857304324,0.0854761231986437,0.056301215032495064,0.27507770556654426
otherwise,0.08629088378566457,0.16353514265831592,0.07515657620041753,0.13082811412665274,0.12595685455810715,0.10020876826722337,0.07933194154488517,0.23869171885873344
old,0.08491215983465379,0.1618440693535423,0.0649902399816282,0.11149385692961304,0.15816970949592374,0.10397290159605006,0.07842461821104604,0.23619244459754274
usages,0.12631578947368421,0.15789473684210528,0.09473684210526316,0.12631578947368421,0.09473684210526316,0.0736842105263158,0.09473684210526316,0.23157894736842105
passed,0.10067814293166405,0.16353677621283252,0.06442357850808554,0.14162754303599373,0.1387584767866458,0.11919666145018255,0.07094418362023995,0.20083463745435576
attempt,0.10853530031612223,0.2602739726027397,0.06269757639620653,0.1469968387776607,0.08219178082191782,0.10800842992623814,0.059009483667017915,0.17228661749209695
labours,0.07547169811320754,0.16981132075471697,0.09433962264150943,0.09433962264150943,0.11320754716981134,0.07547169811320754,0.07547169811320754,0.3018867924528302
hope,0.050517496303597836,0.196648595367176,0.041399704287826515,0.07700837851158207,0.19208969935929032,0.06826022671266634,0.1373829472646624,0.23669295219319864
portion,0.10168302945301542,0.15497896213183732,0.08134642356241234,0.14305750350631136,0.10729312762973352,0.10869565217391305,0.062412342215988785,0.24053295932678823
pleasure,0.0895756940806705,0.15976951283394444,0.06705081194342587,0.1183865898376113,0.17496071241487687,0.09795704557359873,0.08171817705605028,0.2105814562598219
afforded,0.09523809523809523,0.14718614718614717,0.10173160173160173,0.15367965367965367,0.10822510822510822,0.1038961038961039,0.06926406926406926,0.22077922077922077
consideration,0.09155555555555556,0.13599999999999998,0.08355555555555555,0.11911111111111111,0.11644444444444443,0.10844444444444444,0.06044444444444444,0.28444444444444444
led,0.09136714813570708,0.15586160564326504,0.07087672153174336,0.14040980853207927,0.1363789049378569,0.10782667114544843,0.055089015787705746,0.24219012428619416
officers,0.10866695996480422,0.139463264408271,0.07787065552133744,0.1689397272327321,0.09282886053673559,0.10822701275846898,0.05323361196656401,0.2507699076110867
government,0.09107280679187034,0.12323128376640083,0.05891432981733986,0.2554669410856702,0.08927193208129663,0.08386930794957552,0.04244918960638024,0.2557242089014664
gentlemen,0.09152542372881356,0.18220338983050846,0.05084745762711864,0.11610169491525422,0.13644067796610168,0.0847457627118644,0.07372881355932202,0.26440677966101694
neighbourhood,0.0765217391304348,0.16000000000000003,0.07304347826086957,0.11130434782608697,0.15130434782608698,0.09043478260869567,0.06956521739130435,0.26782608695652177
many,0.090762853430675,0.1600569201262142,0.07232568211346904,0.13283425106725236,0.14112479118975438,0.1167481284415022,0.06861349996906516,0.2175338736620677
foresters,0.11155378486055777,0.16334661354581673,0.08366533864541832,0.15139442231075695,0.099601593625498,0.10756972111553785,0.05179282868525896,0.23107569721115537
aid,0.09590163934426228,0.15040983606557373,0.1040983606557377,0.15860655737704918,0.09795081967213114,0.13278688524590163,0.04918032786885245,0.2110655737704918
execution,0.17369727047146402,0.09429280397022331,0.0707196029776675,0.18362282878411912,0.05334987593052109,0.16873449131513646,0.034739454094292806,0.22084367245657568
extended,0.10600706713780919,0.17137809187279152,0.09187279151943463,0.1537102473498233,0.11307420494699646,0.107773851590106,0.04770318021201413,0.20848056537102472
make,0.09039597082320251,0.17288989232372348,0.06564779437304619,0.12816950329975688,0.1369399096908649,0.09873219868009725,0.0706842653699201,0.23654046543938867
possible,0.10071474983755686,0.17218973359324238,0.06497725795971411,0.14684860298895389,0.11598440545808968,0.11630929174788825,0.06887589343729694,0.21410006497725795
supplying,0.1015625,0.1328125,0.1015625,0.1015625,0.1015625,0.109375,0.078125,0.2734375
every,0.10079592090536002,0.15582638975251834,0.07598557393359034,0.1347469220246238,0.13897525183434895,0.10688969033702274,0.06659619450317125,0.22018405670936447
known,0.08882340559882129,0.1549147547884656,0.07977267943590823,0.13933908650810356,0.13302462639444326,0.10503051989054935,0.06672279520101031,0.23237213218269834
circumstance,0.09375,0.15073529411764708,0.08272058823529412,0.14522058823529413,0.10845588235294118,0.14154411764705885,0.0661764705882353,0.21139705882352944
mostly,0.10750853242320821,0.15187713310580206,0.0733788395904437,0.12969283276450513,0.1279863481228669,0.09556313993174062,0.08361774744027305,0.23037542662116042
words,0.20025284450063208,0.13868520859671302,0.0584070796460177,0.11807838179519595,0.1355246523388116,0.09317319848293298,0.06055625790139064,0.19532237673830594
original,0.09408602150537634,0.16845878136200715,0.06899641577060932,0.10842293906810034,0.13351254480286737,0.07885304659498207,0.06451612903225806,0.28315412186379924
yet,0.0887843137254902,0.16431372549019607,0.06486274509803922,0.1363921568627451,0.14854901960784314,0.11662745098039216,0.06799999999999999,0.2124705882352941
whole,0.10442277801328247,0.15218312844425605,0.06754274410060761,0.14384626254062455,0.12731383354528758,0.1133248551646178,0.07376006782534973,0.21760633036597432
attention,0.09247184350918791,0.18020154119739182,0.06520450503852993,0.13930053349140487,0.11262596324836988,0.10610551274451689,0.07528156490812092,0.22880853586247776
general,0.09512428298279157,0.1220977874897569,0.058044250204862056,0.13780387872166075,0.07730128380223983,0.08761267413275062,0.05094236547391423,0.37107347719202405
particularly,0.09170305676855896,0.1426491994177584,0.08005822416302766,0.13100436681222707,0.11935953420669579,0.11790393013100438,0.07714701601164484,0.24017467248908297
district,0.0880648899188876,0.14716106604866744,0.0660486674391657,0.1425260718424102,0.10776361529548088,0.0996523754345307,0.045191193511008115,0.30359212050984935
past,0.08859357696566998,0.16472868217054262,0.06312292358803986,0.13815060908084162,0.15005537098560354,0.13205980066445183,0.07447397563676633,0.18881506090808417
present,0.055762949136724214,0.1862653600871053,0.06766215585627625,0.10063773526209363,0.1532897806812879,0.08453880852387619,0.1156478456991756,0.23619536475346087
state,0.08901660280970626,0.14086845466155812,0.08250319284802043,0.13499361430395915,0.11008939974457216,0.11008939974457216,0.0545338441890166,0.27790549169859513
one,0.09571725048739073,0.1585854139152674,0.06792025658763601,0.13089323522629603,0.13982349118504078,0.11240383204410624,0.07230153239838166,0.2223549881558812
remarkable,0.055725190839694655,0.1099236641221374,0.0450381679389313,0.06488549618320612,0.22213740458015266,0.06717557251908397,0.1702290076335878,0.2648854961832061
kingdom,0.06046814044213264,0.1859557867360208,0.056566970091027305,0.12548764629388817,0.16514954486345904,0.06241872561768531,0.053315994798439535,0.2906371911573472
n.,0.07733333333333334,0.14,0.14466666666666667,0.152,0.08,0.15,0.04666666666666667,0.20933333333333334
july,0.0890557939914163,0.17596566523605148,0.04721030042918454,0.1427038626609442,0.11158798283261802,0.10515021459227467,0.0890557939914163,0.2392703862660944
list,0.09090909090909091,0.21503496503496503,0.08916083916083915,0.13811188811188813,0.09440559440559441,0.11013986013986014,0.04895104895104895,0.21328671328671328
working,0.109375,0.15859374999999998,0.07031249999999999,0.1265625,0.13203125,0.08906249999999999,0.0640625,0.24999999999999997
dress,0.10780017528483786,0.175284837861525,0.07887817703768625,0.11656441717791412,0.15425065731814197,0.10429447852760737,0.06573181419807186,0.19719544259421562
frontispiece,0.11904761904761905,0.25,0.04761904761904762,0.05952380952380953,0.17857142857142858,0.08333333333333334,0.02380952380952381,0.2380952380952381
effigy,0.1320754716981132,0.2327044025157233,0.05660377358490566,0.06289308176100629,0.18238993710691825,0.06289308176100629,0.012578616352201259,0.2578616352201258
free,0.09435989256938226,0.1579230080572963,0.08039391226499551,0.14091316025067144,0.1244404655326768,0.09901521933751119,0.059982094897045646,0.24297224709042076
miner,0.1362862010221465,0.20272572402044295,0.03236797274275979,0.13458262350936967,0.12947189097103917,0.06473594548551959,0.037478705281090284,0.26235093696763206
titlepage,0.12987012987012989,0.2337662337662338,0.05194805194805195,0.06493506493506494,0.18181818181818185,0.06493506493506494,0.012987012987012988,0.25974025974025977
buck,0.12735849056603774,0.13679245283018868,0.06132075471698114,0.18867924528301885,0.0990566037735849,0.07547169811320754,0.11792452830188681,0.19339622641509435
stone,0.2279472382522671,0.14014839241549876,0.052761747732893646,0.10305028854080792,0.1265457543281121,0.11129431162407254,0.06883759274525968,0.16941467436108817
south,0.10679611650485438,0.16319926028663895,0.07998150716597319,0.149329634766528,0.0998613037447989,0.11326860841423948,0.062413314840499313,0.2251502542764679
side,0.10627444312191804,0.1644278183982316,0.06376466587315083,0.13807175650399592,0.13467097432409453,0.11290596837272572,0.07294677775888454,0.20693759564699882
nave,0.09708737864077668,0.2621359223300971,0.038834951456310676,0.04854368932038834,0.20388349514563103,0.04854368932038834,0.019417475728155338,0.2815533980582524
st,0.13621794871794873,0.22435897435897437,0.05929487179487179,0.07532051282051282,0.16826923076923075,0.06570512820512821,0.014423076923076922,0.2564102564102564
briavel,0.13020833333333334,0.18749999999999997,0.0625,0.11979166666666667,0.11848958333333333,0.05729166666666666,0.02864583333333333,0.29557291666666663
's,0.09089177159285751,0.15256585669997746,0.0824399452709607,0.1348308768769809,0.1263270926063839,0.1263270926063839,0.06311158835449177,0.22350577599196383
church,0.06031000469704086,0.22649131047440113,0.044434006575857214,0.08520432127759513,0.20920620009394084,0.059370596524189766,0.03325504931892908,0.281728511038046
8,0.09333333333333334,0.19666666666666666,0.08166666666666667,0.12,0.08833333333333333,0.14166666666666666,0.04833333333333333,0.22999999999999998
entrance,0.12649945474372956,0.14940021810250817,0.062159214830970554,0.15267175572519084,0.13195201744820065,0.10141766630316248,0.05997818974918211,0.2159214830970556
castle,0.09231905465288037,0.19350073855243724,0.05908419497784343,0.11669128508124078,0.13146233382570166,0.08197932053175777,0.05539143279172822,0.26957163958641067
north,0.103299293008641,0.15121759622937941,0.09308719560094265,0.14139827179890022,0.10919088766692851,0.11233307148468184,0.05655930871956009,0.2329143754909662
11,0.09935897435897438,0.22115384615384617,0.1057692307692308,0.08653846153846155,0.1057692307692308,0.09935897435897438,0.028846153846153848,0.25320512820512825
speech,0.10086455331412103,0.18059558117195004,0.05283381364073006,0.11047070124879922,0.15754082612872236,0.08357348703170028,0.07588856868395773,0.23823246878001922
house,0.0986725058163405,0.15177227316272068,0.09114547693992062,0.1305597372382647,0.12193786779800192,0.1192007663883947,0.06418502805528944,0.2225263446010675
51,0.09704641350210971,0.19409282700421943,0.08860759493670885,0.09282700421940927,0.15611814345991562,0.07594936708860758,0.03375527426160337,0.2616033755274262
court,0.15695708712613782,0.19154746423927177,0.07711313394018204,0.1863459037711313,0.07308192457737321,0.09258777633289986,0.03732119635890767,0.1850455136540962
room,0.09053156146179402,0.16362126245847175,0.07682724252491695,0.11378737541528239,0.14493355481727574,0.13164451827242524,0.07599667774086379,0.2026578073089701
64,0.08045112781954887,0.14812030075187968,0.14736842105263157,0.14511278195488722,0.08345864661654136,0.15187969924812028,0.04360902255639097,0.2
norman,0.09205020920502094,0.14365411436541142,0.1394700139470014,0.14365411436541142,0.08786610878661089,0.14225941422594143,0.04741980474198047,0.20362622036262204
capital,0.1124673060156931,0.14603312990409764,0.11987794245858761,0.15126416739319964,0.0902353966870096,0.13077593722755013,0.037489102005231034,0.21185701830863118
staunton,0.11881188118811882,0.2178217821782178,0.05445544554455445,0.05445544554455445,0.18811881188118812,0.05445544554455445,0.029702970297029705,0.28217821782178215
99,0.08226221079691518,0.15167095115681234,0.13110539845758357,0.14267352185089976,0.09640102827763497,0.14395886889460155,0.04113110539845759,0.21079691516709514
ancient,0.08343508343508343,0.1672771672771673,0.08913308913308914,0.12250712250712252,0.12983312983312983,0.10826210826210828,0.05413105413105414,0.24542124542124547
font,0.1264367816091954,0.22988505747126436,0.04597701149425287,0.05747126436781609,0.1839080459770115,0.05747126436781609,0.011494252873563218,0.2873563218390805
100,0.10330288123682362,0.14827828531271958,0.13000702740688685,0.1370344342937456,0.08784258608573436,0.13562895291637386,0.04286718200983836,0.2150386507378777
interior,0.06938775510204082,0.13959183673469389,0.17387755102040814,0.09795918367346938,0.10122448979591837,0.06612244897959184,0.048163265306122444,0.3036734693877551
debtors,0.16666666666666666,0.2017543859649123,0.06140350877192983,0.12280701754385966,0.12280701754385966,0.08771929824561403,0.008771929824561403,0.2280701754385965
prison,0.17718446601941745,0.11104368932038834,0.0703883495145631,0.19417475728155337,0.0770631067961165,0.18932038834951456,0.046723300970873786,0.1341019417475728
114,0.08038029386343992,0.14088159031979255,0.15384615384615383,0.14606741573033707,0.08038029386343992,0.15903197925669835,0.043215211754537596,0.19619706136560067
115,0.12987012987012989,0.2337662337662338,0.05194805194805195,0.06493506493506494,0.18181818181818185,0.06493506493506494,0.012987012987012988,0.25974025974025977
schools,0.09342105263157895,0.19736842105263155,0.08421052631578946,0.11052631578947367,0.1381578947368421,0.09736842105263158,0.043421052631578944,0.23552631578947367
harry,0.23005565862708718,0.10018552875695733,0.04267161410018553,0.04638218923933209,0.10760667903525045,0.21892393320964745,0.040816326530612235,0.21335807050092762
hill,0.0923323966278603,0.17663588920112405,0.06824568446407066,0.08791649939783219,0.15776796467282217,0.0995584102769972,0.0806904857486953,0.23685266961059817
162,0.09189497716894977,0.14098173515981735,0.16552511415525115,0.15639269406392695,0.06621004566210047,0.15696347031963473,0.03767123287671234,0.18436073059360736
christ,0.08415712799167534,0.17859001040582728,0.0694588969823101,0.1307232049947971,0.1577783558792924,0.08519771071800208,0.04409469302809574,0.25
berry,0.09395973154362416,0.2214765100671141,0.060402684563758385,0.060402684563758385,0.18791946308724833,0.060402684563758385,0.04026845637583893,0.2751677852348993
166,0.08820023837902265,0.14779499404052443,0.14541120381406433,0.1430274135876043,0.08104886769964242,0.15494636471990464,0.04290822407628128,0.19666269368295589
paul,0.0737791932059448,0.18152866242038215,0.06581740976645435,0.11358811040339703,0.16454352441613587,0.07855626326963906,0.05414012738853503,0.2680467091295116
park,0.06824146981627298,0.18766404199475067,0.04855643044619423,0.07742782152230972,0.15485564304461943,0.07086614173228346,0.05643044619422573,0.3359580052493438
end,0.0969793322734499,0.16931637519872814,0.07774244833068363,0.13910969793322733,0.1289348171701113,0.10747217806041336,0.06454689984101748,0.21589825119236883
169,0.07756232686980609,0.1445983379501385,0.1484764542936288,0.14792243767313018,0.0814404432132964,0.15678670360110802,0.04542936288088643,0.19778393351800552
cinderford,0.07894736842105263,0.2105263157894737,0.07017543859649122,0.07456140350877193,0.14912280701754385,0.052631578947368425,0.017543859649122806,0.34649122807017546
171,0.11739130434782608,0.16956521739130434,0.13913043478260867,0.13913043478260867,0.08695652173913042,0.12608695652173912,0.021739130434782605,0.19999999999999998
lydbrook,0.0682730923694779,0.22088353413654616,0.048192771084337345,0.0642570281124498,0.1686746987951807,0.0642570281124498,0.024096385542168672,0.34136546184738953
173,0.10679611650485435,0.16504854368932037,0.06310679611650485,0.13106796116504854,0.13592233009708737,0.08252427184466019,0.04368932038834951,0.27184466019417475
coffin-lids,0.1375,0.225,0.05,0.0625,0.1875,0.0625,0.0125,0.2625
flaxley,0.10939907550077042,0.1987673343605547,0.05855161787365177,0.07395993836671803,0.1694915254237288,0.05855161787365177,0.03389830508474576,0.29738058551617874
abbey,0.09565217391304347,0.2034782608695652,0.06086956521739131,0.06956521739130433,0.17217391304347823,0.05217391304347826,0.04,0.3060869565217391
180,0.11009174311926606,0.1743119266055046,0.14067278287461776,0.13455657492354742,0.09174311926605505,0.13761467889908258,0.02446483180428135,0.18654434250764526
refectory,0.12631578947368421,0.22105263157894733,0.04210526315789473,0.06315789473684211,0.1789473684210526,0.07368421052631578,0.021052631578947364,0.27368421052631575
181,0.13551401869158877,0.17757009345794392,0.09345794392523363,0.11682242990654206,0.13551401869158877,0.11682242990654206,0.009345794392523364,0.21495327102803738
open,0.10376044568245125,0.1552924791086351,0.06940575673166202,0.14206128133704735,0.12534818941504178,0.11629526462395544,0.07381615598885793,0.21402042711234914
timber,0.1286785920369302,0.16964800923254472,0.07789959607616849,0.09347951529140221,0.12637045585689555,0.07039815349105596,0.06635891517599539,0.26716676283900753
roof,0.0948509485094851,0.17750677506775064,0.06368563685636856,0.1002710027100271,0.15040650406504064,0.15040650406504064,0.05962059620596205,0.2032520325203252
abbot,0.06278026905829596,0.2062780269058296,0.03587443946188341,0.06278026905829596,0.16143497757847533,0.04035874439461883,0.07623318385650224,0.3542600896860986
anthony,0.10501567398119123,0.18495297805642633,0.08620689655172414,0.10501567398119123,0.11912225705329153,0.11755485893416928,0.06426332288401254,0.21786833855799376
well,0.08724026704673317,0.15910284299752456,0.06428625009376641,0.12324656814942614,0.15355187157752606,0.1005175905783512,0.07756357362538445,0.23449103593128798
182,0.08321167883211678,0.14306569343065692,0.15182481751824817,0.14671532846715327,0.07810218978102189,0.15766423357664233,0.0437956204379562,0.19562043795620437
chapel,0.0808080808080808,0.20808080808080806,0.050505050505050504,0.08282828282828283,0.1717171717171717,0.09090909090909091,0.06060606060606061,0.2545454545454546
1712,0.1557377049180328,0.2213114754098361,0.040983606557377046,0.11475409836065574,0.13114754098360656,0.07377049180327869,0.024590163934426233,0.2377049180327869
189,0.08291873963515754,0.13681592039800994,0.15422885572139303,0.15257048092868988,0.07794361525704809,0.16252072968490877,0.04145936981757877,0.19154228855721392
distance,0.10244470314318975,0.1722933643771828,0.05529685681024447,0.14144353899883585,0.13445867287543656,0.11466821885913853,0.06693830034924331,0.21245634458672874
190,0.12987012987012989,0.2337662337662338,0.05194805194805195,0.06493506493506494,0.18181818181818185,0.06493506493506494,0.012987012987012988,0.25974025974025977
tomb,0.08439716312056737,0.16170212765957445,0.09574468085106383,0.12553191489361704,0.12340425531914893,0.16808510638297874,0.05957446808510638,0.18156028368794325
de,0.09121495327102802,0.1519626168224299,0.10130841121495326,0.1314018691588785,0.11850467289719625,0.11607476635514018,0.06953271028037383,0.22
yrall,0.1375,0.225,0.0625,0.0625,0.17500000000000002,0.07500000000000001,0.0125,0.25
forester,0.1437908496732026,0.18954248366013074,0.04575163398692811,0.09150326797385622,0.15686274509803924,0.08496732026143791,0.06535947712418301,0.22222222222222224
fee,0.31379821958456977,0.1357566765578635,0.053412462908011875,0.020029673590504452,0.13056379821958458,0.01706231454005935,0.016320474777448073,0.3130563798219585
newland,0.10980392156862745,0.20392156862745098,0.07254901960784314,0.06470588235294118,0.14901960784313725,0.054901960784313725,0.025490196078431372,0.31960784313725493
200,0.08235294117647059,0.1465686274509804,0.15,0.1465686274509804,0.0784313725490196,0.15294117647058825,0.043137254901960784,0.19999999999999998
churchyard,0.11661807580174927,0.16034985422740525,0.07580174927113703,0.12244897959183672,0.15743440233236153,0.1457725947521866,0.02040816326530612,0.20116618075801748
king,0.0994601518894684,0.1554579558971544,0.0722847470033855,0.13093604172385398,0.12498856254003111,0.1087016195443316,0.06533077134230031,0.24284015005947482
bowbearer,0.14705882352941177,0.2254901960784314,0.0392156862745098,0.06862745098039216,0.17647058823529413,0.049019607843137254,0.029411764705882356,0.2647058823529412
201,0.07935153583617749,0.1407849829351536,0.15102389078498296,0.1476109215017065,0.08191126279863482,0.15784982935153585,0.04180887372013652,0.19965870307167238
jack,0.11737677527151212,0.17585630743525482,0.06516290726817044,0.13742690058479534,0.11111111111111112,0.11528822055137844,0.08771929824561404,0.19005847953216373
yat,0.11475409836065574,0.21311475409836067,0.06557377049180328,0.07377049180327869,0.16393442622950818,0.05737704918032787,0.03278688524590164,0.27868852459016397
supposed,0.1065693430656934,0.14525547445255474,0.08467153284671532,0.13284671532846715,0.12481751824817518,0.11532846715328465,0.05693430656934306,0.2335766423357664
oldest,0.09174311926605505,0.2064220183486239,0.045871559633027525,0.0871559633027523,0.16972477064220187,0.06880733944954129,0.05045871559633028,0.27981651376146793
oak,0.11776251226692835,0.1815505397448479,0.07654563297350343,0.08832188420019627,0.1678115799803729,0.0775269872423945,0.06084396467124632,0.22963689892051029
207,0.1031746031746032,0.19841269841269846,0.03968253968253969,0.11904761904761907,0.126984126984127,0.11111111111111113,0.015873015873015876,0.28571428571428575
208,0.109375,0.17968750000000003,0.0703125,0.1171875,0.1484375,0.0703125,0.03125,0.2734375
near,0.10741158765989466,0.16139954853273136,0.06565086531226486,0.13261851015801354,0.1299849510910459,0.11813393528969149,0.0726109857035365,0.21218961625282165
york,0.081840300818403,0.13545675735456758,0.15496571554965716,0.15567352355673522,0.07020570670205707,0.16319398363193985,0.042114576421145765,0.19654943596549435
lodge,0.09164420485175201,0.19946091644204852,0.07547169811320754,0.07816711590296496,0.14824797843665766,0.08086253369272237,0.07277628032345014,0.25336927223719674
209,0.12987012987012989,0.2337662337662338,0.05194805194805195,0.06493506493506494,0.18181818181818185,0.06493506493506494,0.012987012987012988,0.25974025974025977
devil,0.14918414918414918,0.16666666666666669,0.11888111888111888,0.16666666666666669,0.08041958041958042,0.13986013986013987,0.03846153846153847,0.13986013986013987
scowles,0.11016949152542373,0.22033898305084745,0.07627118644067796,0.09322033898305083,0.15254237288135591,0.05932203389830508,0.03389830508474576,0.2542372881355932
bream,0.10526315789473684,0.22556390977443608,0.045112781954887216,0.07518796992481203,0.17293233082706766,0.06015037593984962,0.03759398496240601,0.2781954887218045
213,0.12195121951219512,0.23170731707317072,0.04878048780487805,0.06097560975609756,0.18292682926829268,0.06097560975609756,0.024390243902439025,0.26829268292682923
arthur,0.11935665914221219,0.15603837471783297,0.07646726862302483,0.166196388261851,0.11427765237020317,0.12753950338600453,0.07420993227990971,0.16591422121896165
hall,0.07121057985757885,0.1770091556459817,0.06408952187182096,0.0844354018311292,0.17599186164801628,0.10376398779247202,0.07731434384537131,0.2461851475076297
great,0.08738974191440704,0.16203854949362953,0.08098660568441685,0.13257105521071544,0.13724273113361643,0.11061744527932046,0.06978111728193401,0.21937275400196013
doward,0.10144927536231885,0.2318840579710145,0.06521739130434782,0.07971014492753624,0.15217391304347827,0.07246376811594203,0.028985507246376812,0.26811594202898553
215,0.1111111111111111,0.18181818181818182,0.060606060606060615,0.10101010101010101,0.13131313131313133,0.10101010101010101,0.045454545454545456,0.2676767676767677
reduced,0.1218130311614731,0.1529745042492918,0.0878186968838527,0.1274787535410765,0.1019830028328612,0.1331444759206799,0.053824362606232294,0.2209631728045326
brass,0.13513513513513511,0.17567567567567569,0.06756756756756756,0.07432432432432431,0.18243243243243243,0.06756756756756756,0.04054054054054054,0.25675675675675674
217,0.12987012987012989,0.2337662337662338,0.05194805194805195,0.06493506493506494,0.18181818181818185,0.06493506493506494,0.012987012987012988,0.25974025974025977
fifteenth,0.13478260869565217,0.17826086956521736,0.09565217391304345,0.14782608695652172,0.10869565217391303,0.08695652173913042,0.030434782608695646,0.21739130434782605
century,0.08517110266159696,0.16958174904942966,0.08517110266159696,0.12927756653992395,0.1338403041825095,0.09353612167300379,0.05095057034220532,0.2524714828897338
leather,0.10256410256410257,0.2136752136752137,0.05982905982905983,0.07692307692307693,0.1623931623931624,0.08547008547008547,0.017094017094017096,0.2820512820512821
sole,0.11304347826086956,0.15942028985507245,0.0927536231884058,0.1246376811594203,0.15942028985507245,0.10144927536231885,0.049275362318840575,0.19999999999999998
shoe,0.125,0.225,0.05,0.0625,0.1875,0.0625,0.0125,0.275
found,0.07048488150367747,0.11863252519749387,0.054140561154998636,0.09370743666575865,0.2351539090166167,0.08022337237809861,0.05284663579406156,0.29481067828929447
workings,0.11607142857142859,0.20833333333333337,0.05654761904761905,0.10714285714285715,0.14285714285714288,0.08333333333333334,0.011904761904761906,0.27380952380952384
218,0.08652373660030628,0.15160796324655437,0.14088820826952528,0.13782542113323124,0.09188361408882083,0.14854517611026036,0.03905053598774885,0.20367534456355285
iron,0.09866911427260212,0.13033501606241396,0.05966039467645709,0.10234052317576872,0.10188159706287289,0.07847636530518587,0.04726938962826985,0.3813675998164296
mattock-head,0.12987012987012989,0.2337662337662338,0.05194805194805195,0.06493506493506494,0.18181818181818185,0.06493506493506494,0.012987012987012988,0.25974025974025977
9,0.09594882729211088,0.1748400852878465,0.1300639658848614,0.11513859275053305,0.11087420042643924,0.11300639658848614,0.025586353944562903,0.2345415778251599
inches,0.10877192982456141,0.2210526315789474,0.05964912280701754,0.09824561403508772,0.14736842105263157,0.08771929824561404,0.05263157894736842,0.22456140350877193
long,0.08003787456834131,0.27982622256878686,0.06048791355686755,0.11980617132672385,0.116575693438788,0.10805391556199176,0.06110059039768297,0.17411161858081764
shovel,0.12820512820512822,0.23076923076923078,0.05128205128205129,0.07692307692307694,0.17948717948717952,0.06410256410256411,0.012820512820512822,0.25641025641025644
30,0.09683098591549295,0.20422535211267606,0.06866197183098592,0.09154929577464789,0.13556338028169015,0.08802816901408451,0.04929577464788732,0.2658450704225352
light,0.08496366685299049,0.1655673560648407,0.05265511458915595,0.12979318054779207,0.16690888764673,0.1188373392956959,0.07344885410844046,0.20782560089435437
moor,0.09545454545454544,0.17727272727272728,0.06363636363636363,0.06818181818181818,0.14545454545454545,0.11363636363636363,0.05909090909090909,0.2772727272727272
colliery,0.08695652173913045,0.1956521739130435,0.04891304347826087,0.08695652173913045,0.14673913043478262,0.0923913043478261,0.03260869565217392,0.30978260869565216
241,0.1036468330134357,0.14971209213051823,0.1420345489443378,0.14011516314779268,0.07869481765834933,0.14011516314779268,0.036468330134357005,0.2092130518234165
view,0.09190444591904445,0.1798274717982747,0.06469807564698075,0.12242866622428666,0.13769077637690777,0.09887193098871931,0.06270736562707366,0.24187126741871268
centre,0.11010362694300518,0.17098445595854922,0.05181347150259067,0.13341968911917096,0.1515544041450777,0.11010362694300518,0.06476683937823834,0.20725388601036268
top,0.07687991021324354,0.25982042648709314,0.052188552188552194,0.0914702581369248,0.09708193041526375,0.08136924803591469,0.05667789001122334,0.2845117845117845
244,0.11152416356877323,0.17100371747211895,0.13011152416356878,0.1449814126394052,0.09665427509293681,0.11895910780669144,0.02230483271375465,0.20446096654275092
ruardean,0.10204081632653061,0.21428571428571427,0.05102040816326531,0.05102040816326531,0.19387755102040816,0.07142857142857142,0.02040816326530612,0.29591836734693877
geological,0.11235955056179774,0.22471910112359547,0.0449438202247191,0.05617977528089887,0.1797752808988764,0.05617977528089887,0.02247191011235955,0.30337078651685395
map,0.12352941176470589,0.23529411764705885,0.04705882352941177,0.06470588235294118,0.17058823529411768,0.05882352941176471,0.011764705882352943,0.2882352941176471
245,0.0884433962264151,0.14858490566037738,0.14858490566037738,0.1474056603773585,0.08136792452830188,0.14976415094339623,0.03891509433962265,0.19693396226415094
vertical,0.12359550561797751,0.25842696629213485,0.0449438202247191,0.06741573033707865,0.16853932584269662,0.05617977528089887,0.02247191011235955,0.25842696629213485
section,0.12935323383084577,0.1990049751243781,0.07462686567164178,0.1044776119402985,0.13930348258706468,0.09950248756218905,0.03482587064676617,0.2189054726368159
plump,0.10576923076923075,0.25961538461538464,0.03846153846153846,0.0673076923076923,0.18269230769230768,0.057692307692307696,0.028846153846153848,0.25961538461538464
according,0.09427083333333333,0.1578125,0.07239583333333334,0.12552083333333333,0.12604166666666666,0.08645833333333333,0.06145833333333333,0.2760416666666667
mr,0.07530120481927711,0.1430722891566265,0.06626506024096385,0.0963855421686747,0.18674698795180725,0.08132530120481928,0.058734939759036146,0.2921686746987952
248,0.08831168831168831,0.14415584415584418,0.15584415584415587,0.14805194805194805,0.07922077922077922,0.15324675324675324,0.03766233766233767,0.19350649350649352
white,0.06499617025932816,0.21599737389211074,0.049786628733997154,0.08119050224313383,0.21380895065105593,0.08392603129445235,0.043330780172885434,0.24696356275303644
diagram,0.12987012987012989,0.2337662337662338,0.05194805194805195,0.06493506493506494,0.18181818181818185,0.06493506493506494,0.012987012987012988,0.25974025974025977
face,0.09322033898305085,0.15498696219035202,0.06910039113428944,0.13722294654498043,0.15792046936114731,0.13298565840938723,0.07757496740547588,0.17698826597131684
15,0.08415841584158416,0.1608910891089109,0.14603960396039606,0.10643564356435645,0.11386138613861388,0.14356435643564358,0.027227722772277228,0.21782178217821782
