,anger,anticipation,disgust,fear,joy,sadness,surprise,trust
project,0.12144053601340034,0.16666666666666666,0.05527638190954774,0.05778894472361809,0.10301507537688442,0.07705192629815745,0.018425460636515914,0.40033500837520936
gutenberg,0.07947019867549669,0.22185430463576158,0.0728476821192053,0.08609271523178808,0.06622516556291391,0.12582781456953643,0.013245033112582781,0.3344370860927152
history,0.060240963855421686,0.1927710843373494,0.060240963855421686,0.08433734939759036,0.1746987951807229,0.05421686746987952,0.10240963855421686,0.2710843373493976
shadowless,0.058823529411764705,0.13445378151260504,0.08403361344537816,0.15126050420168066,0.15126050420168066,0.10084033613445378,0.1092436974789916,0.21008403361344538
man,0.08344198174706649,0.16123424598000868,0.07605388961321165,0.11125597566275533,0.1638418079096045,0.10908300738809214,0.09778357235984354,0.19730551933941765
cold,0.11538461538461539,0.12115384615384615,0.08461538461538462,0.15576923076923077,0.13076923076923078,0.1519230769230769,0.075,0.16538461538461538
heart,0.10081466395112017,0.1390020366598778,0.07688391038696538,0.12983706720977597,0.1664969450101833,0.12270875763747455,0.07433808553971487,0.18991853360488797
von,0.046511627906976744,0.18604651162790697,0.06976744186046512,0.13953488372093023,0.13953488372093023,0.06976744186046512,0.11627906976744186,0.23255813953488372
chamisso,0.09302325581395349,0.14534883720930233,0.06395348837209303,0.14534883720930233,0.09883720930232558,0.12790697674418605,0.08139534883720931,0.2441860465116279
wilhelm,0.024390243902439025,0.17073170731707318,0.07317073170731707,0.12195121951219512,0.1951219512195122,0.07317073170731707,0.12195121951219512,0.21951219512195122
hauff,0.03571428571428571,0.19642857142857142,0.08928571428571429,0.14285714285714285,0.19642857142857142,0.08928571428571429,0.08928571428571429,0.16071428571428573
use,0.12171837708830549,0.17899761336515513,0.07637231503579953,0.09069212410501193,0.162291169451074,0.07159904534606205,0.059665871121718374,0.2386634844868735
almost,0.0956989247311828,0.15806451612903225,0.07311827956989247,0.14408602150537633,0.14408602150537633,0.11612903225806452,0.07956989247311828,0.18924731182795698
may,0.09484193011647254,0.17304492512479203,0.07986688851913477,0.10038824181919023,0.15973377703826955,0.0920687742651137,0.06932889628397115,0.230726566833056
copy,0.18099547511312217,0.11764705882352941,0.08597285067873303,0.09049773755656108,0.04072398190045249,0.06787330316742081,0.03167420814479638,0.38461538461538464
give,0.08152866242038216,0.16560509554140126,0.07388535031847134,0.09936305732484077,0.14012738853503184,0.12993630573248408,0.07643312101910828,0.23312101910828026
away,0.10766045548654245,0.16563146997929606,0.06728778467908902,0.15113871635610765,0.12836438923395446,0.12318840579710146,0.09006211180124224,0.16666666666666666
terms,0.11221945137157108,0.13216957605985039,0.057356608478802994,0.08728179551122195,0.1371571072319202,0.057356608478802994,0.06483790523690773,0.3516209476309227
license,0.10062893081761007,0.22012578616352202,0.06918238993710692,0.11320754716981132,0.11949685534591195,0.09433962264150944,0.03773584905660377,0.24528301886792453
author,0.0784313725490196,0.15196078431372548,0.07352941176470588,0.1323529411764706,0.10784313725490197,0.09313725490196079,0.09313725490196079,0.2696078431372549
forster,0.038461538461538464,0.11538461538461539,0.11538461538461539,0.19230769230769232,0.11538461538461539,0.11538461538461539,0.11538461538461539,0.19230769230769232
robson,0.038461538461538464,0.11538461538461539,0.11538461538461539,0.19230769230769232,0.11538461538461539,0.11538461538461539,0.11538461538461539,0.19230769230769232
2,0.07207207207207207,0.12612612612612611,0.11711711711711711,0.1891891891891892,0.10810810810810811,0.13513513513513514,0.0990990990990991,0.15315315315315314
last,0.09265858873841767,0.16535994297933002,0.07198859586600143,0.11404133998574484,0.1496792587312901,0.12972202423378476,0.08196721311475409,0.1945830363506771
page,0.15789473684210525,0.19264179867143588,0.07102708226877874,0.1660705160960654,0.0740929994890138,0.13234542667347982,0.06796116504854369,0.13796627491057742
provided,0.11538461538461539,0.10576923076923077,0.08653846153846154,0.08653846153846154,0.16346153846153846,0.11538461538461539,0.028846153846153848,0.2980769230769231
web,0.044444444444444446,0.28888888888888886,0.022222222222222223,0.06666666666666667,0.08888888888888889,0.044444444444444446,0.0,0.4444444444444444
archive,0.1322314049586777,0.14049586776859505,0.03305785123966942,0.0,0.04132231404958678,0.19834710743801653,0.0,0.45454545454545453
's,0.08381300014039028,0.15990453460620524,0.06921241050119331,0.11820861996349853,0.1583602414712902,0.11427769198371472,0.07595114418082269,0.220272357152885
a.,0.043478260869565216,0.08695652173913043,0.13043478260869565,0.21739130434782608,0.13043478260869565,0.13043478260869565,0.13043478260869565,0.13043478260869565
introduction,0.04411764705882353,0.13970588235294118,0.11029411764705882,0.17647058823529413,0.13970588235294118,0.10294117647058823,0.11764705882352941,0.16911764705882354
dr.,0.04938271604938271,0.1728395061728395,0.04938271604938271,0.09876543209876543,0.1728395061728395,0.09876543209876543,0.09876543209876543,0.25925925925925924
s.,0.03571428571428571,0.07142857142857142,0.10714285714285714,0.17857142857142858,0.14285714285714285,0.10714285714285714,0.10714285714285714,0.25
contents,0.037037037037037035,0.16666666666666666,0.07407407407407407,0.18518518518518517,0.14814814814814814,0.09259259259259259,0.1111111111111111,0.18518518518518517
chapter,0.03360370799536501,0.16917728852838934,0.05793742757821553,0.20046349942062572,0.13673232908458866,0.07995365005793743,0.10776361529548088,0.21436848203939746
1,0.05263157894736842,0.10526315789473684,0.12280701754385964,0.19298245614035087,0.10526315789473684,0.14035087719298245,0.12280701754385964,0.15789473684210525
3,0.037037037037037035,0.1111111111111111,0.1111111111111111,0.18518518518518517,0.1111111111111111,0.14814814814814814,0.1111111111111111,0.18518518518518517
4,0.037037037037037035,0.07407407407407407,0.1111111111111111,0.18518518518518517,0.14814814814814814,0.1111111111111111,0.1111111111111111,0.2222222222222222
part,0.09386281588447654,0.15403128760529483,0.07701564380264742,0.12033694344163658,0.15162454873646208,0.12755716004813478,0.07099879663056559,0.2045728038507822
whole,0.0873015873015873,0.15343915343915343,0.07539682539682539,0.12037037037037036,0.164021164021164,0.11904761904761904,0.082010582010582,0.1984126984126984
swarm,0.04,0.12,0.16,0.2,0.12,0.12,0.12,0.12
proceeded,0.1,0.12916666666666668,0.08333333333333333,0.13333333333333333,0.1375,0.12916666666666668,0.09583333333333334,0.19166666666666668
immediately,0.085,0.275,0.06,0.105,0.115,0.0925,0.0725,0.195
reconnoitre,0.04,0.12,0.16,0.2,0.12,0.12,0.12,0.12
pelt,0.04,0.12,0.16,0.2,0.12,0.12,0.12,0.12
mud,0.04,0.12,0.16,0.2,0.12,0.12,0.12,0.12
face,0.098676293622142,0.13357400722021662,0.08182912154031288,0.13838748495788206,0.15403128760529483,0.13838748495788206,0.0950661853188929,0.16004813477737664
extraordinary,0.03278688524590164,0.1721311475409836,0.08196721311475409,0.07377049180327869,0.21311475409836064,0.10655737704918032,0.10655737704918032,0.21311475409836064
looking,0.08241758241758242,0.15934065934065933,0.0521978021978022,0.14285714285714285,0.16483516483516483,0.12087912087912088,0.09065934065934066,0.18681318681318682
old,0.07482993197278912,0.16258503401360544,0.0653061224489796,0.1,0.17482993197278912,0.1054421768707483,0.09659863945578231,0.22040816326530613
left,0.09704251386321626,0.1598890942698706,0.06839186691312385,0.12939001848428835,0.13955637707948243,0.12939001848428835,0.08040665434380777,0.19593345656192238
papers,0.0625,0.09375,0.125,0.21875,0.09375,0.21875,0.09375,0.09375
saying,0.0857843137254902,0.14705882352941177,0.07598039215686274,0.13970588235294118,0.14950980392156862,0.11764705882352941,0.09803921568627451,0.18627450980392157
came,0.08595988538681948,0.15377268385864373,0.05635148042024833,0.12989493791786055,0.1556829035339064,0.1251193887297039,0.08691499522445081,0.20630372492836677
berlin,0.04411764705882353,0.16176470588235295,0.07352941176470588,0.14705882352941177,0.1323529411764706,0.17647058823529413,0.10294117647058823,0.16176470588235295
fanny,0.031746031746031744,0.14285714285714285,0.07936507936507936,0.1111111111111111,0.19047619047619047,0.12698412698412698,0.12698412698412698,0.19047619047619047
drew,0.10473815461346633,0.12219451371571072,0.0773067331670823,0.1596009975062344,0.13466334164588528,0.13216957605985039,0.09725685785536159,0.17206982543640897
ill-fated,0.038461538461538464,0.07692307692307693,0.11538461538461539,0.23076923076923078,0.15384615384615385,0.15384615384615385,0.11538461538461539,0.11538461538461539
purse,0.07567567567567568,0.16756756756756758,0.07027027027027027,0.11891891891891893,0.16756756756756758,0.12972972972972974,0.0972972972972973,0.17297297297297298
bosom,0.11627906976744186,0.09883720930232558,0.09302325581395349,0.1744186046511628,0.13372093023255813,0.1511627906976744,0.05232558139534884,0.18023255813953487
sort,0.09482758620689655,0.1336206896551724,0.06896551724137931,0.15948275862068967,0.15086206896551724,0.125,0.08189655172413793,0.1853448275862069
frenzy,0.0625,0.0625,0.125,0.21875,0.125,0.1875,0.09375,0.125
raged,0.125,0.05,0.1,0.275,0.1,0.2,0.075,0.075
like,0.09465737514518002,0.1445993031358885,0.07375145180023229,0.13937282229965156,0.156794425087108,0.12020905923344948,0.0859465737514518,0.18466898954703834
self-fed,0.038461538461538464,0.07692307692307693,0.11538461538461539,0.23076923076923078,0.15384615384615385,0.15384615384615385,0.11538461538461539,0.11538461538461539
fire,0.06857142857142857,0.08571428571428572,0.06285714285714286,0.2857142857142857,0.14285714285714285,0.12,0.06285714285714286,0.17142857142857143
within,0.12020033388981637,0.1686143572621035,0.07512520868113523,0.10851419031719532,0.14691151919866444,0.11853088480801335,0.08180300500834725,0.18030050083472454
took,0.10026737967914438,0.1443850267379679,0.07754010695187166,0.12165775401069519,0.12834224598930483,0.1483957219251337,0.09491978609625669,0.18449197860962566
gold,0.07766990291262135,0.16019417475728157,0.07524271844660194,0.11893203883495146,0.1529126213592233,0.11407766990291263,0.0970873786407767,0.20388349514563106
trembling,0.09523809523809523,0.12244897959183673,0.08163265306122448,0.2857142857142857,0.10204081632653061,0.10204081632653061,0.07482993197278912,0.1360544217687075
criminal,0.10526315789473684,0.07894736842105263,0.15789473684210525,0.2631578947368421,0.10526315789473684,0.10526315789473684,0.07894736842105263,0.10526315789473684
stole,0.09615384615384616,0.10576923076923077,0.09615384615384616,0.19230769230769232,0.125,0.15384615384615385,0.08653846153846154,0.14423076923076922
house,0.09668109668109669,0.15151515151515152,0.07215007215007214,0.11832611832611832,0.1414141414141414,0.12121212121212122,0.08513708513708514,0.21356421356421357
suffered,0.061946902654867256,0.13716814159292035,0.084070796460177,0.1415929203539823,0.12389380530973451,0.168141592920354,0.061946902654867256,0.22123893805309736
fall,0.1141552511415525,0.0958904109589041,0.0730593607305936,0.1598173515981735,0.0821917808219178,0.2557077625570776,0.0776255707762557,0.1415525114155251
arm,0.08695652173913043,0.13858695652173914,0.06793478260869565,0.1331521739130435,0.17391304347826086,0.13043478260869565,0.08695652173913043,0.18206521739130435
fainting,0.037037037037037035,0.07407407407407407,0.1111111111111111,0.2222222222222222,0.1111111111111111,0.18518518518518517,0.14814814814814814,0.1111111111111111
fit,0.07364341085271318,0.17054263565891473,0.08527131782945736,0.13178294573643412,0.1434108527131783,0.10077519379844961,0.10465116279069768,0.18992248062015504
28,0.07317073170731707,0.12195121951219512,0.0975609756097561,0.17073170731707318,0.12195121951219512,0.14634146341463414,0.14634146341463414,0.12195121951219512
advanced,0.08294930875576037,0.14285714285714285,0.05069124423963134,0.1336405529953917,0.18433179723502305,0.10138248847926268,0.10599078341013825,0.19815668202764977
midst,0.0891089108910891,0.12871287128712872,0.06930693069306931,0.18811881188118812,0.13861386138613863,0.12871287128712872,0.09900990099009901,0.15841584158415842
companions,0.08626198083067092,0.15654952076677317,0.08306709265175719,0.12140575079872204,0.15654952076677317,0.12779552715654952,0.09904153354632587,0.16932907348242812
blushingly,0.024390243902439025,0.12195121951219512,0.12195121951219512,0.14634146341463414,0.17073170731707318,0.0975609756097561,0.14634146341463414,0.17073170731707318
knelt,0.036585365853658534,0.15853658536585366,0.0975609756097561,0.10975609756097561,0.1951219512195122,0.0975609756097561,0.12195121951219512,0.18292682926829268
presenting,0.024390243902439025,0.12195121951219512,0.12195121951219512,0.14634146341463414,0.17073170731707318,0.0975609756097561,0.14634146341463414,0.17073170731707318
wreath,0.022727272727272728,0.13636363636363635,0.11363636363636363,0.13636363636363635,0.18181818181818182,0.09090909090909091,0.13636363636363635,0.18181818181818182
30,0.0851063829787234,0.1276595744680851,0.0851063829787234,0.14893617021276595,0.1276595744680851,0.1276595744680851,0.14893617021276595,0.14893617021276595
next,0.09297520661157024,0.17768595041322313,0.06611570247933884,0.1322314049586777,0.16735537190082644,0.08884297520661157,0.07644628099173553,0.19834710743801653
evening,0.06395348837209303,0.20155038759689922,0.050387596899224806,0.1065891472868217,0.18992248062015504,0.1182170542635659,0.09108527131782945,0.17829457364341086
went,0.09565217391304348,0.16956521739130434,0.04782608695652174,0.12608695652173912,0.1391304347826087,0.14347826086956522,0.10434782608695652,0.17391304347826086
forester,0.041666666666666664,0.14583333333333334,0.08333333333333333,0.16666666666666666,0.1875,0.16666666666666666,0.10416666666666667,0.10416666666666667
garden,0.07236842105263158,0.17105263157894737,0.046052631578947366,0.13157894736842105,0.27631578947368424,0.06578947368421052,0.07894736842105263,0.15789473684210525
shadow,0.08333333333333333,0.14705882352941177,0.06372549019607843,0.1388888888888889,0.12581699346405228,0.12091503267973856,0.0784313725490196,0.24183006535947713
pocket,0.06358381502890173,0.12138728323699421,0.09826589595375723,0.12716763005780346,0.18497109826589594,0.10982658959537572,0.12138728323699421,0.17341040462427745
stretched,0.09815950920245399,0.15950920245398773,0.0736196319018405,0.12269938650306748,0.15337423312883436,0.13496932515337423,0.09202453987730061,0.1656441717791411
feet,0.12179487179487179,0.13782051282051283,0.07371794871794872,0.16987179487179488,0.14102564102564102,0.11217948717948718,0.07692307692307693,0.16666666666666666
sun,0.038461538461538464,0.21923076923076923,0.026923076923076925,0.06923076923076923,0.23076923076923078,0.04807692307692308,0.15384615384615385,0.21346153846153845
50,0.03571428571428571,0.10714285714285714,0.10714285714285714,0.17857142857142858,0.14285714285714285,0.10714285714285714,0.10714285714285714,0.21428571428571427
alone,0.08689839572192513,0.1483957219251337,0.06684491978609626,0.15106951871657753,0.14572192513368984,0.13636363636363635,0.06818181818181818,0.196524064171123
wild,0.11764705882352941,0.127134724857685,0.06261859582542695,0.15939278937381404,0.11005692599620494,0.09108159392789374,0.21821631878557876,0.11385199240986717
heath,0.13043478260869565,0.14492753623188406,0.043478260869565216,0.21739130434782608,0.11594202898550725,0.08695652173913043,0.13043478260869565,0.13043478260869565
disburdened,0.1111111111111111,0.07407407407407407,0.1111111111111111,0.18518518518518517,0.1111111111111111,0.1111111111111111,0.18518518518518517,0.1111111111111111
forest,0.07349665924276169,0.16258351893095768,0.060133630289532294,0.12472160356347439,0.16703786191536749,0.1492204899777283,0.08685968819599109,0.1759465478841871
ancient,0.09774436090225563,0.10526315789473684,0.08270676691729323,0.18796992481203006,0.11278195488721804,0.13533834586466165,0.09022556390977443,0.18796992481203006
firs,0.037037037037037035,0.07407407407407407,0.1111111111111111,0.2222222222222222,0.14814814814814814,0.14814814814814814,0.1111111111111111,0.14814814814814814
62,0.11267605633802817,0.15492957746478872,0.08450704225352113,0.16901408450704225,0.09859154929577464,0.14084507042253522,0.11267605633802817,0.1267605633802817
hesitation,0.10638297872340426,0.0851063829787234,0.0851063829787234,0.28368794326241137,0.09219858156028368,0.11347517730496454,0.07801418439716312,0.15602836879432624
put,0.08118811881188119,0.15445544554455445,0.06534653465346535,0.10891089108910891,0.17227722772277226,0.10891089108910891,0.10297029702970296,0.20594059405940593
hand,0.10101010101010101,0.1473063973063973,0.08501683501683502,0.13636363636363635,0.1447811447811448,0.13552188552188552,0.08164983164983165,0.16835016835016836
altered,0.06040268456375839,0.15436241610738255,0.087248322147651,0.10738255033557047,0.19463087248322147,0.10067114093959731,0.10738255033557047,0.18791946308724833
pallid,0.08235294117647059,0.11764705882352941,0.10588235294117647,0.17647058823529413,0.1411764705882353,0.16470588235294117,0.058823529411764705,0.15294117647058825
form,0.1123076923076923,0.12615384615384614,0.09076923076923077,0.13076923076923078,0.14,0.14153846153846153,0.08307692307692308,0.1753846153846154
mr.,0.06407322654462243,0.2128146453089245,0.08924485125858124,0.09153318077803203,0.16247139588100687,0.06864988558352403,0.07780320366132723,0.2334096109839817
john,0.05555555555555555,0.1527777777777778,0.25,0.1111111111111111,0.125,0.06944444444444445,0.08333333333333333,0.1527777777777778
dream,0.09333333333333334,0.19111111111111112,0.057777777777777775,0.1511111111111111,0.14666666666666667,0.1288888888888889,0.09777777777777778,0.13333333333333333
obliged,0.07194244604316546,0.11510791366906475,0.05995203836930456,0.11990407673860912,0.18225419664268586,0.11510791366906475,0.0815347721822542,0.2541966426858513
content,0.05649717514124294,0.11864406779661017,0.07344632768361582,0.10734463276836158,0.2542372881355932,0.062146892655367235,0.096045197740113,0.23163841807909605
pair,0.027210884353741496,0.20408163265306123,0.027210884353741496,0.08843537414965986,0.24489795918367346,0.09523809523809523,0.14965986394557823,0.16326530612244897
sea,0.12935323383084577,0.1890547263681592,0.04975124378109453,0.13432835820895522,0.12437810945273632,0.11442786069651742,0.11940298507462686,0.13930348258706468
sat,0.06284153005464481,0.1830601092896175,0.07377049180327869,0.10382513661202186,0.17486338797814208,0.1448087431693989,0.10109289617486339,0.1557377049180328
extreme,0.13559322033898305,0.1016949152542373,0.1271186440677966,0.22033898305084745,0.06779661016949153,0.2033898305084746,0.0847457627118644,0.059322033898305086
point,0.11618257261410789,0.14522821576763487,0.08713692946058091,0.13692946058091288,0.12448132780082988,0.14107883817427386,0.0912863070539419,0.15767634854771784
lombock,0.08571428571428572,0.17142857142857143,0.08571428571428572,0.17142857142857143,0.08571428571428572,0.22857142857142856,0.08571428571428572,0.08571428571428572
lamenting,0.06896551724137931,0.10344827586206896,0.10344827586206896,0.20689655172413793,0.10344827586206896,0.20689655172413793,0.10344827586206896,0.10344827586206896
peter,0.10836277974087162,0.1330977620730271,0.06831566548881036,0.14723203769140164,0.12367491166077739,0.14016489988221437,0.09540636042402827,0.18374558303886926
home,0.0779537149817296,0.16321559074299635,0.06333739342265529,0.10962241169305725,0.16199756394640683,0.1364190012180268,0.07917174177831912,0.20828258221680876
dutch,0.11797752808988764,0.15168539325842698,0.0898876404494382,0.1404494382022472,0.12359550561797752,0.15168539325842698,0.06741573033707865,0.15730337078651685
michael,0.14666666666666667,0.13333333333333333,0.08333333333333333,0.15,0.11,0.13666666666666666,0.08666666666666667,0.15333333333333332
felling,0.03125,0.09375,0.125,0.15625,0.125,0.21875,0.09375,0.15625
trees,0.08695652173913043,0.14673913043478262,0.059782608695652176,0.20108695652173914,0.13043478260869565,0.20652173913043478,0.059782608695652176,0.10869565217391304
enough,0.08803986710963455,0.18272425249169436,0.08305647840531562,0.1212624584717608,0.15448504983388706,0.09136212624584718,0.07973421926910298,0.19933554817275748
asked,0.06109324758842444,0.13504823151125403,0.09003215434083602,0.12218649517684887,0.15112540192926044,0.13183279742765272,0.08360128617363344,0.22508038585209003
munk,0.10810810810810811,0.14054054054054055,0.0918918918918919,0.14054054054054055,0.12972972972972974,0.12972972972972974,0.08108108108108109,0.1783783783783784
pine,0.09009009009009009,0.18018018018018017,0.06306306306306306,0.05405405405405406,0.13513513513513514,0.22522522522522523,0.0990990990990991,0.15315315315315314
grove,0.11428571428571428,0.11428571428571428,0.05714285714285714,0.14285714285714285,0.11428571428571428,0.2,0.08571428571428572,0.17142857142857143
woodcock,0.09375,0.125,0.15625,0.1875,0.0625,0.15625,0.125,0.09375
seized,0.12345679012345678,0.16049382716049382,0.05761316872427984,0.1646090534979424,0.12757201646090535,0.13168724279835392,0.09053497942386832,0.1440329218106996
snake,0.1568627450980392,0.09803921568627451,0.19607843137254902,0.23529411764705882,0.058823529411764705,0.09803921568627451,0.09803921568627451,0.058823529411764705
n't,0.09059233449477352,0.1602787456445993,0.0627177700348432,0.10452961672473868,0.15331010452961671,0.10801393728222997,0.0975609756097561,0.2229965156794425
quite,0.07665505226480836,0.1602787456445993,0.078397212543554,0.1254355400696864,0.1602787456445993,0.10627177700348432,0.08536585365853659,0.2073170731707317
charcoal,0.0847457627118644,0.13559322033898305,0.0847457627118644,0.0847457627118644,0.1694915254237288,0.1694915254237288,0.11864406779661017,0.15254237288135594
gambling,0.0784313725490196,0.19607843137254902,0.0784313725490196,0.13725490196078433,0.058823529411764705,0.17647058823529413,0.19607843137254902,0.0784313725490196
inn,0.03225806451612903,0.20967741935483872,0.06451612903225806,0.04838709677419355,0.16129032258064516,0.12903225806451613,0.12903225806451613,0.22580645161290322
end,0.08638743455497382,0.17277486910994763,0.060209424083769635,0.12303664921465969,0.16230366492146597,0.10209424083769633,0.09424083769633508,0.19895287958115182
monster,0.06666666666666667,0.16666666666666666,0.03333333333333333,0.16666666666666666,0.13333333333333333,0.23333333333333334,0.1,0.1
forth,0.14595375722543352,0.13005780346820808,0.06213872832369942,0.14017341040462428,0.13872832369942195,0.11416184971098266,0.07947976878612717,0.1893063583815029
long,0.08509354254677128,0.29692214846107423,0.05431502715751358,0.12311406155703078,0.1056125528062764,0.11526855763427882,0.07604103802051901,0.1436330718165359
beam,0.08045977011494253,0.12643678160919541,0.022988505747126436,0.13793103448275862,0.22988505747126436,0.16091954022988506,0.09195402298850575,0.14942528735632185
broad,0.09183673469387756,0.15306122448979592,0.061224489795918366,0.12244897959183673,0.14285714285714285,0.17346938775510204,0.08163265306122448,0.17346938775510204
large,0.05416666666666667,0.17916666666666667,0.0625,0.09166666666666666,0.17916666666666667,0.13333333333333333,0.08333333333333333,0.21666666666666667
table,0.13284132841328414,0.17343173431734318,0.06642066420664207,0.1070110701107011,0.12915129151291513,0.14022140221402213,0.08487084870848709,0.16605166051660517
ah,0.04878048780487805,0.17073170731707318,0.024390243902439025,0.12195121951219512,0.17073170731707318,0.12195121951219512,0.14634146341463414,0.1951219512195122
mercy,0.10215053763440861,0.16129032258064516,0.0913978494623656,0.10752688172043011,0.16129032258064516,0.10752688172043011,0.10215053763440861,0.16666666666666666
good,0.04455004455004455,0.20671220671220672,0.03415503415503415,0.0596970596970597,0.2081972081972082,0.058806058806058804,0.15592515592515593,0.23195723195723195
lady,0.08429458740017746,0.17036379769299023,0.06566104702750665,0.09937888198757763,0.16149068322981366,0.08562555456965394,0.09272404614019521,0.24046140195208518
drink,0.11363636363636363,0.1590909090909091,0.045454545454545456,0.06818181818181818,0.13636363636363635,0.13636363636363635,0.1590909090909091,0.18181818181818182
water,0.05263157894736842,0.17543859649122806,0.06140350877192982,0.13157894736842105,0.14035087719298245,0.21052631578947367,0.09649122807017543,0.13157894736842105
scarcely,0.09051724137931035,0.12931034482758622,0.07183908045977011,0.125,0.10488505747126436,0.28160919540229884,0.06465517241379311,0.13218390804597702
uttered,0.14450867052023122,0.12138728323699421,0.09248554913294797,0.10404624277456648,0.12716763005780346,0.14450867052023122,0.10404624277456648,0.16184971098265896
words,0.2357563850687623,0.12573673870333987,0.07465618860510806,0.11886051080550099,0.1168958742632613,0.1031434184675835,0.07465618860510806,0.15029469548133595
glass,0.09174311926605505,0.1559633027522936,0.03669724770642202,0.10091743119266056,0.14678899082568808,0.1743119266055046,0.10091743119266056,0.1926605504587156
manikin,0.06060606060606061,0.12121212121212122,0.030303030303030304,0.15151515151515152,0.12121212121212122,0.18181818181818182,0.18181818181818182,0.15151515151515152
suddenly,0.08983451536643026,0.11583924349881797,0.0591016548463357,0.12529550827423167,0.10638297872340426,0.12529550827423167,0.24113475177304963,0.13711583924349882
began,0.1017293997965412,0.13835198372329605,0.07934893184130214,0.12614445574771108,0.1525940996948118,0.12410986775178026,0.08545269582909461,0.19226856561546288
increase,0.18181818181818182,0.09090909090909091,0.09090909090909091,0.16363636363636364,0.07272727272727272,0.16363636363636364,0.14545454545454545,0.09090909090909091
size,0.1,0.15,0.03333333333333333,0.08333333333333333,0.08333333333333333,0.18333333333333332,0.18333333333333332,0.18333333333333332
falling,0.06481481481481481,0.12962962962962962,0.06481481481481481,0.1111111111111111,0.10185185185185185,0.2222222222222222,0.12037037037037036,0.18518518518518517
ground,0.09923664122137404,0.10941475826972011,0.07633587786259542,0.13740458015267176,0.09414758269720101,0.1297709923664122,0.0737913486005089,0.27989821882951654
look,0.10885167464114832,0.13875598086124402,0.08253588516746412,0.1375598086124402,0.1507177033492823,0.11602870813397129,0.07894736842105263,0.18660287081339713
around,0.11794871794871795,0.13846153846153847,0.05641025641025641,0.1794871794871795,0.11282051282051282,0.1641025641025641,0.08205128205128205,0.14871794871794872
reached,0.12030075187969924,0.16541353383458646,0.07518796992481203,0.11654135338345864,0.11278195488721804,0.16165413533834586,0.06015037593984962,0.18796992481203006
power,0.11293260473588343,0.14207650273224043,0.0965391621129326,0.15482695810564662,0.12021857923497267,0.14389799635701275,0.07103825136612021,0.15846994535519127
foot,0.07432432432432433,0.12162162162162163,0.060810810810810814,0.16216216216216217,0.11486486486486487,0.14189189189189189,0.13513513513513514,0.1891891891891892
napoleon,0.16666666666666666,0.08333333333333333,0.08333333333333333,0.2222222222222222,0.027777777777777776,0.16666666666666666,0.05555555555555555,0.19444444444444445
yet,0.09976798143851508,0.1443155452436195,0.07006960556844548,0.12668213457076566,0.1494199535962877,0.14013921113689096,0.07842227378190256,0.1911832946635731
arms,0.1016949152542373,0.15593220338983052,0.04745762711864407,0.13898305084745763,0.15593220338983052,0.13559322033898305,0.07457627118644068,0.18983050847457628
people,0.114,0.168,0.058,0.114,0.142,0.134,0.076,0.194
found,0.07422133863485753,0.11597084161696487,0.055666003976143144,0.09410205434062292,0.24121935056328694,0.09609012591119948,0.04903909874088801,0.2736911862160371
time,0.07742461287693561,0.2925835370823146,0.05256723716381418,0.10554197229013855,0.1234718826405868,0.10757946210268948,0.06764466177669112,0.17318663406682966
pay,0.06557377049180328,0.2459016393442623,0.03825136612021858,0.04644808743169399,0.226775956284153,0.060109289617486336,0.04644808743169399,0.27049180327868855
literary,0.12804878048780488,0.1524390243902439,0.03048780487804878,0.036585365853658534,0.07926829268292683,0.17073170731707318,0.018292682926829267,0.38414634146341464
strange,0.10217391304347827,0.1282608695652174,0.06304347826086956,0.17608695652173914,0.12608695652173912,0.12391304347826088,0.1,0.18043478260869567
schlemihl,0.10852713178294573,0.17054263565891473,0.06201550387596899,0.10852713178294573,0.14728682170542637,0.07751937984496124,0.06976744186046512,0.2558139534883721
made,0.09723820483314154,0.15074798619102417,0.07479861910241657,0.14211737629459148,0.1386651323360184,0.13463751438434982,0.07710011507479862,0.1846950517836594
first,0.07918088737201365,0.16655290102389078,0.06757679180887372,0.1098976109215017,0.17133105802047782,0.11535836177474403,0.0757679180887372,0.2143344709897611
appearance,0.07308970099667775,0.15946843853820597,0.06312292358803986,0.1362126245847176,0.14285714285714285,0.12292358803986711,0.08970099667774087,0.21262458471760798
germany,0.11538461538461539,0.17307692307692307,0.038461538461538464,0.11538461538461539,0.17307692307692307,0.057692307692307696,0.11538461538461539,0.21153846153846154
ever,0.08556499020248204,0.1580666231221424,0.06466361854996734,0.12606139777922926,0.1580666231221424,0.11299804049640758,0.06988896146309602,0.22468974526453298
interest,0.0584958217270195,0.17827298050139276,0.04456824512534819,0.08913649025069638,0.20334261838440112,0.08913649025069638,0.09749303621169916,0.2395543175487465
public,0.037800687285223365,0.3436426116838488,0.041237113402061855,0.06529209621993128,0.12371134020618557,0.06529209621993128,0.024054982817869417,0.29896907216494845
mind,0.10662020905923345,0.14634146341463414,0.07038327526132404,0.12334494773519164,0.14634146341463414,0.12752613240418118,0.08362369337979095,0.19581881533101045
name,0.08815028901734104,0.1430635838150289,0.057803468208092484,0.13583815028901733,0.157514450867052,0.11271676300578035,0.08236994219653179,0.22254335260115607
became,0.12678936605316973,0.13496932515337423,0.06339468302658487,0.1411042944785276,0.14314928425357873,0.13496932515337423,0.07770961145194274,0.17791411042944785
french,0.08888888888888889,0.15555555555555556,0.007407407407407408,0.1259259259259259,0.14074074074074075,0.0962962962962963,0.0962962962962963,0.28888888888888886
france,0.15384615384615385,0.09615384615384616,0.09615384615384616,0.21153846153846154,0.057692307692307696,0.15384615384615385,0.057692307692307696,0.17307692307692307
parents,0.08333333333333333,0.17708333333333334,0.03125,0.07291666666666667,0.23958333333333334,0.08333333333333333,0.07291666666666667,0.23958333333333334
find,0.09448818897637795,0.15590551181102363,0.06771653543307087,0.11811023622047244,0.16692913385826771,0.12283464566929134,0.08346456692913386,0.19055118110236222
king,0.1016949152542373,0.13559322033898305,0.06779661016949153,0.1440677966101695,0.15254237288135594,0.1016949152542373,0.06779661016949153,0.2288135593220339
prussia,0.10638297872340426,0.1702127659574468,0.06382978723404255,0.14893617021276595,0.10638297872340426,0.10638297872340426,0.06382978723404255,0.23404255319148937
sold,0.11764705882352941,0.16176470588235295,0.058823529411764705,0.1323529411764706,0.1323529411764706,0.11764705882352941,0.058823529411764705,0.22058823529411764
town,0.10434782608695652,0.19130434782608696,0.06521739130434782,0.10869565217391304,0.1391304347826087,0.12608695652173912,0.06521739130434782,0.2
majesty,0.02631578947368421,0.15789473684210525,0.043859649122807015,0.05263157894736842,0.17543859649122806,0.05263157894736842,0.07017543859649122,0.42105263157894735
young,0.058284762697751874,0.21398834304746045,0.04829308909242298,0.06661115736885928,0.2289758534554538,0.061615320566194835,0.1723563696919234,0.1498751040799334
wife,0.07828282828282829,0.17676767676767677,0.05555555555555555,0.10353535353535354,0.17676767676767677,0.10606060606060606,0.08838383838383838,0.21464646464646464
mother,0.049236829148202856,0.19694731659281142,0.03741999015263417,0.06597735105859183,0.2122107336287543,0.16789758739537175,0.050221565731166914,0.22008862629246675
soon,0.08366141732283465,0.1594488188976378,0.0639763779527559,0.1220472440944882,0.1624015748031496,0.1328740157480315,0.0718503937007874,0.20374015748031496
afterwards,0.08387096774193549,0.16129032258064516,0.07096774193548387,0.1032258064516129,0.15483870967741936,0.12258064516129032,0.05161290322580645,0.25161290322580643
become,0.1111111111111111,0.16161616161616163,0.06868686868686869,0.12525252525252525,0.1393939393939394,0.1191919191919192,0.07676767676767676,0.19797979797979798
returned,0.07832422586520947,0.14754098360655737,0.058287795992714025,0.11839708561020036,0.14754098360655737,0.14207650273224043,0.07285974499089254,0.23497267759562843
nevertheless,0.1375,0.125,0.0625,0.1625,0.125,0.0875,0.1125,0.1875
son,0.08514851485148515,0.1603960396039604,0.06534653465346535,0.10495049504950495,0.1603960396039604,0.11485148514851486,0.08514851485148515,0.22376237623762377
remain,0.09337349397590361,0.1536144578313253,0.0572289156626506,0.13855421686746988,0.14457831325301204,0.13855421686746988,0.060240963855421686,0.21385542168674698
although,0.08791208791208792,0.16263736263736264,0.06813186813186813,0.09010989010989011,0.17582417582417584,0.0989010989010989,0.09010989010989011,0.22637362637362637
felt,0.10952380952380952,0.13523809523809524,0.07809523809523809,0.1580952380952381,0.12,0.16,0.07714285714285714,0.1619047619047619
far,0.09751243781094528,0.16218905472636816,0.06467661691542288,0.14328358208955225,0.13432835820895522,0.11840796019900497,0.0845771144278607,0.19502487562189055
happy,0.033932135728542916,0.2315369261477046,0.029940119760479042,0.03992015968063872,0.27944111776447106,0.0499001996007984,0.0658682634730539,0.2694610778443114
full,0.12379421221864952,0.19131832797427653,0.04501607717041801,0.0932475884244373,0.14790996784565916,0.08520900321543408,0.0932475884244373,0.2202572347266881
melancholy,0.05426356589147287,0.12403100775193798,0.06589147286821706,0.1124031007751938,0.1124031007751938,0.32945736434108525,0.06201550387596899,0.13953488372093023
state,0.09326424870466321,0.11398963730569948,0.06735751295336788,0.11658031088082901,0.12176165803108809,0.15025906735751296,0.054404145077720206,0.2823834196891192
caused,0.07368421052631578,0.16842105263157894,0.06315789473684211,0.14736842105263157,0.14736842105263157,0.14736842105263157,0.11578947368421053,0.1368421052631579
great,0.08882521489971347,0.16905444126074498,0.0725883476599809,0.1069723018147087,0.166189111747851,0.10028653295128939,0.07067812798471824,0.22540592168099333
see,0.09098497495826377,0.169449081803005,0.0651085141903172,0.12437395659432388,0.15692821368948248,0.11686143572621036,0.08514190317195326,0.1911519198664441
serious,0.07981220657276995,0.1596244131455399,0.06572769953051644,0.14084507042253522,0.1267605633802817,0.15492957746478872,0.10328638497652583,0.16901408450704225
position,0.10666666666666667,0.16,0.06666666666666667,0.12,0.16,0.12,0.08,0.18666666666666668
unhappy,0.1875,0.08455882352941177,0.15441176470588236,0.125,0.10294117647058823,0.20955882352941177,0.03308823529411765,0.10294117647058823
misery,0.16216216216216217,0.08494208494208494,0.16602316602316602,0.18146718146718147,0.06177606177606178,0.24324324324324326,0.019305019305019305,0.08108108108108109
work,0.14205079962370648,0.17403574788334902,0.04891815616180621,0.07337723424270931,0.11853245531514581,0.08936970837253057,0.059266227657572904,0.2944496707431797
german,0.10126582278481013,0.1518987341772152,0.05063291139240506,0.12658227848101267,0.16455696202531644,0.12658227848101267,0.10126582278481013,0.17721518987341772
particularly,0.07692307692307693,0.16083916083916083,0.07692307692307693,0.0979020979020979,0.17482517482517482,0.11888111888111888,0.0979020979020979,0.1958041958041958
companion,0.07264296754250386,0.10200927357032458,0.05100463678516229,0.10510046367851623,0.23802163833075735,0.10819165378670788,0.06491499227202473,0.2581143740340031
also,0.0645933014354067,0.15789473684210525,0.050239234449760764,0.11483253588516747,0.16267942583732056,0.12200956937799043,0.08373205741626795,0.24401913875598086
read,0.0989399293286219,0.19081272084805653,0.06713780918727916,0.10247349823321555,0.127208480565371,0.14840989399293286,0.06007067137809187,0.2049469964664311
country,0.0784313725490196,0.1622103386809269,0.06060606060606061,0.0944741532976827,0.1925133689839572,0.09269162210338681,0.08377896613190731,0.23529411764705882
count,0.06521739130434782,0.15942028985507245,0.036231884057971016,0.10869565217391304,0.13043478260869565,0.08695652173913043,0.07246376811594203,0.34057971014492755
rather,0.10931174089068826,0.14304993252361672,0.09446693657219973,0.11875843454790823,0.13900134952766532,0.13090418353576247,0.07152496626180836,0.19298245614035087
pen,0.125,0.0625,0.125,0.2708333333333333,0.0625,0.16666666666666666,0.041666666666666664,0.14583333333333334
appeared,0.10378681626928471,0.1402524544179523,0.06311360448807854,0.13744740532959326,0.15568022440392706,0.11921458625525946,0.0967741935483871,0.18373071528751753
year,0.09271523178807947,0.18543046357615894,0.059602649006622516,0.11258278145695365,0.1490066225165563,0.12251655629139073,0.08609271523178808,0.19205298013245034
love,0.06833333333333333,0.13916666666666666,0.050833333333333335,0.08666666666666667,0.31666666666666665,0.08333333333333333,0.06583333333333333,0.18916666666666668
side,0.11158798283261803,0.13948497854077252,0.09871244635193133,0.12660944206008584,0.13304721030042918,0.12875536480686695,0.060085836909871244,0.2017167381974249
fell,0.1167608286252354,0.11487758945386065,0.060263653483992465,0.15065913370998116,0.11487758945386065,0.256120527306968,0.060263653483992465,0.12617702448210924
however,0.09641638225255973,0.14675767918088736,0.05802047781569966,0.11860068259385666,0.15443686006825938,0.11604095563139932,0.08276450511945392,0.22696245733788395
poor,0.10289389067524116,0.14469453376205788,0.08360128617363344,0.13263665594855306,0.1495176848874598,0.13183279742765272,0.0707395498392283,0.18408360128617363
war,0.1111111111111111,0.16161616161616163,0.0707070707070707,0.24242424242424243,0.10101010101010101,0.09090909090909091,0.0707070707070707,0.15151515151515152
broke,0.1320754716981132,0.11320754716981132,0.07547169811320754,0.2641509433962264,0.0660377358490566,0.22641509433962265,0.05188679245283019,0.07075471698113207
often,0.10994263862332695,0.14244741873804972,0.07648183556405354,0.1338432122370937,0.14244741873804972,0.13766730401529637,0.07839388145315487,0.17877629063097514
distress,0.13488372093023257,0.06511627906976744,0.12093023255813953,0.16744186046511628,0.07441860465116279,0.18604651162790697,0.14418604651162792,0.10697674418604651
among,0.10597826086956522,0.14402173913043478,0.06521739130434782,0.14130434782608695,0.15217391304347827,0.14945652173913043,0.07880434782608696,0.16304347826086957
many,0.09230769230769231,0.151131221719457,0.07692307692307693,0.10588235294117647,0.16470588235294117,0.1085972850678733,0.08506787330316742,0.2153846153846154
millions,0.08,0.2,0.06,0.06,0.2,0.04,0.12,0.24
nay,0.09210526315789473,0.16447368421052633,0.07236842105263158,0.13815789473684212,0.16447368421052633,0.1118421052631579,0.07894736842105263,0.17763157894736842
spirit,0.10459770114942529,0.13793103448275862,0.0839080459770115,0.15517241379310345,0.13448275862068965,0.15057471264367817,0.06091954022988506,0.1724137931034483
whether,0.10631229235880399,0.15282392026578073,0.08471760797342193,0.11960132890365449,0.14119601328903655,0.10465116279069768,0.0681063122923588,0.22259136212624583
