,anger,anticipation,disgust,fear,joy,sadness,surprise,trust
project,0.11051930758988016,0.17976031957390146,0.04660452729693742,0.05858854860186418,0.12250332889480692,0.06790945406125166,0.02330226364846871,0.39081225033288947
gutenberg,0.08333333333333333,0.2467948717948718,0.03205128205128205,0.038461538461538464,0.08653846153846154,0.10256410256410256,0.035256410256410256,0.375
ebook,0.0457516339869281,0.27450980392156865,0.026143790849673203,0.0457516339869281,0.13071895424836602,0.0457516339869281,0.06535947712418301,0.3660130718954248
give,0.08636977058029689,0.18488529014844804,0.04993252361673414,0.09716599190283401,0.12550607287449392,0.09176788124156546,0.09446693657219973,0.2699055330634278
liberty,0.092230296254891,0.1732811626607043,0.0626048071548351,0.10788149804359978,0.12241475684740079,0.07322526551145891,0.09837898267188373,0.2699832308552264
thomas,0.12769418462789753,0.1423342822285482,0.08255388369255795,0.1423342822285482,0.07076047173647824,0.08418056120374136,0.06018706791378609,0.28995526636844243
j.,0.10273972602739725,0.17123287671232876,0.06164383561643835,0.1232876712328767,0.1095890410958904,0.07534246575342465,0.0958904109589041,0.2602739726027397
wertenbaker,0.10869565217391304,0.17391304347826086,0.03260869565217391,0.14130434782608695,0.10869565217391304,0.08695652173913043,0.10869565217391304,0.2391304347826087
use,0.12414649286157665,0.16759776536312848,0.07324643078833024,0.122284295468653,0.10676598386095593,0.07262569832402235,0.04717566728739913,0.2861576660459342
anyone,0.12380952380952381,0.1619047619047619,0.047619047619047616,0.1523809523809524,0.0761904761904762,0.09523809523809523,0.0380952380952381,0.3047619047619048
cost,0.05333333333333334,0.24666666666666667,0.02666666666666667,0.07333333333333333,0.16,0.05333333333333334,0.03333333333333333,0.35333333333333333
almost,0.09375,0.1846590909090909,0.05397727272727273,0.13068181818181818,0.1278409090909091,0.12215909090909091,0.06818181818181818,0.21875
restrictions,0.19047619047619047,0.09523809523809523,0.07142857142857142,0.14285714285714285,0.07142857142857142,0.16666666666666666,0.047619047619047616,0.21428571428571427
whatsoever,0.1044776119402985,0.14925373134328357,0.029850746268656716,0.16417910447761194,0.05970149253731343,0.1044776119402985,0.04477611940298507,0.34328358208955223
may,0.0794392523364486,0.20390824129141885,0.04970263381478335,0.09643160577740018,0.15208156329651656,0.0794392523364486,0.06117247238742566,0.2778249787595582
copy,0.20772946859903382,0.0966183574879227,0.08695652173913043,0.07246376811594203,0.028985507246376812,0.06280193236714976,0.028985507246376812,0.41545893719806765
away,0.11410459587955626,0.1774960380348653,0.07606973058637084,0.16164817749603805,0.09350237717908082,0.11410459587955626,0.05071315372424723,0.21236133122028525
terms,0.1132404181184669,0.1759581881533101,0.04878048780487805,0.09059233449477352,0.14285714285714285,0.041811846689895474,0.05749128919860627,0.32926829268292684
license,0.1125,0.23125,0.05,0.08125,0.1375,0.08125,0.0375,0.26875
online,0.046511627906976744,0.20930232558139536,0.0,0.046511627906976744,0.16279069767441862,0.046511627906976744,0.13953488372093023,0.3488372093023256
title,0.03225806451612903,0.16129032258064516,0.016129032258064516,0.06451612903225806,0.14516129032258066,0.03225806451612903,0.03225806451612903,0.5161290322580645
struggle,0.17223650385604114,0.10796915167095116,0.04884318766066838,0.1953727506426735,0.08997429305912596,0.16195372750642673,0.05141388174807198,0.17223650385604114
self-government,0.11444141689373297,0.14986376021798364,0.08719346049046321,0.1226158038147139,0.09264305177111716,0.08446866485013624,0.05449591280653951,0.29427792915531337
virginia,0.12833602006089917,0.13478416621887873,0.08534837900770195,0.14956116783091528,0.06564571019165323,0.08910979759985671,0.05471968475729894,0.292495074332796
date,0.047872340425531915,0.22340425531914893,0.02127659574468085,0.05851063829787234,0.16489361702127658,0.0851063829787234,0.0797872340425532,0.3191489361702128
november,0.06172839506172839,0.2037037037037037,0.024691358024691357,0.1111111111111111,0.19753086419753085,0.07407407407407407,0.04938271604938271,0.2777777777777778
27,0.1335559265442404,0.13856427378964942,0.08013355592654424,0.14023372287145242,0.06844741235392321,0.08180300500834725,0.045075125208681135,0.3121869782971619
language,0.12650602409638553,0.14457831325301204,0.10843373493975904,0.16265060240963855,0.0783132530120482,0.0963855421686747,0.07228915662650602,0.21084337349397592
english,0.12658227848101267,0.14118792599805258,0.09444985394352483,0.14703018500486856,0.06815968841285297,0.09055501460564752,0.053554040895813046,0.27848101265822783
produced,0.1111111111111111,0.16666666666666666,0.06666666666666667,0.1,0.1,0.07777777777777778,0.07777777777777778,0.3
mark,0.028169014084507043,0.2711267605633803,0.017605633802816902,0.06690140845070422,0.2147887323943662,0.04929577464788732,0.06690140845070422,0.2852112676056338
c.,0.07526881720430108,0.15053763440860216,0.06451612903225806,0.0967741935483871,0.12903225806451613,0.043010752688172046,0.10752688172043011,0.3333333333333333
patrick,0.12589928057553956,0.1474820143884892,0.07553956834532374,0.14388489208633093,0.08992805755395683,0.08273381294964029,0.09352517985611511,0.24100719424460432
hopkins,0.12209302325581395,0.13372093023255813,0.0755813953488372,0.1686046511627907,0.06976744186046512,0.0872093023255814,0.08139534883720931,0.2616279069767442
distributed,0.04854368932038835,0.2912621359223301,0.02912621359223301,0.07766990291262135,0.1262135922330097,0.04854368932038835,0.038834951456310676,0.33980582524271846
http,0.018518518518518517,0.28703703703703703,0.0,0.009259259259259259,0.16666666666666666,0.009259259259259259,0.05555555555555555,0.4537037037037037
transcriber,0.021505376344086023,0.17204301075268819,0.010752688172043012,0.11827956989247312,0.11827956989247312,0.11827956989247312,0.15053763440860216,0.2903225806451613
's,0.12736506671977693,0.13861780521808403,0.07717586138219479,0.1464847639912368,0.08076080462059351,0.09450308703445529,0.05616411073491336,0.2789285002987453
1,0.11715481171548117,0.14504881450488144,0.07252440725244072,0.12133891213389121,0.08507670850767085,0.08647140864714087,0.05439330543933055,0.3179916317991632
text,0.011235955056179775,0.1797752808988764,0.0,0.16853932584269662,0.11235955056179775,0.12359550561797752,0.14606741573033707,0.25842696629213485
rule,0.1262135922330097,0.11650485436893204,0.07184466019417475,0.18058252427184465,0.06407766990291262,0.08155339805825243,0.05048543689320388,0.3087378640776699
6,0.13139059304703476,0.13394683026584867,0.08026584867075665,0.1441717791411043,0.06390593047034765,0.08946830265848671,0.05368098159509203,0.30316973415132925
copyright,0.07462686567164178,0.1865671641791045,0.07462686567164178,0.05970149253731343,0.09701492537313433,0.07462686567164178,0.022388059701492536,0.41044776119402987
book,0.07692307692307693,0.18974358974358974,0.06666666666666667,0.09230769230769231,0.13846153846153847,0.08205128205128205,0.07179487179487179,0.28205128205128205
renewed,0.10526315789473684,0.13157894736842105,0.15789473684210525,0.15789473684210525,0.10526315789473684,0.02631578947368421,0.0,0.3157894736842105
2,0.10364963503649635,0.16642335766423358,0.072992700729927,0.13722627737226278,0.08029197080291971,0.072992700729927,0.06715328467153285,0.29927007299270075
position,0.06261859582542695,0.2049335863377609,0.036053130929791274,0.08538899430740038,0.20113851992409867,0.06072106261859583,0.04554079696394687,0.3036053130929791
changed,0.12121212121212122,0.16666666666666666,0.09090909090909091,0.19696969696969696,0.06060606060606061,0.18181818181818182,0.06060606060606061,0.12121212121212122
3,0.1311180960933992,0.13381230354737314,0.0794791198922317,0.1486304445442299,0.06376290974405029,0.09474629546475079,0.057925460260440056,0.29052537045352494
end,0.0925,0.195,0.035,0.125,0.135,0.0875,0.07,0.26
chapter,0.09248554913294797,0.17341040462427745,0.05202312138728324,0.10982658959537572,0.1329479768786127,0.08670520231213873,0.09248554913294797,0.26011560693641617
4,0.1301528485409912,0.14219546086150997,0.08290875405280222,0.15006947660954145,0.06530801296896711,0.08661417322834646,0.058823529411764705,0.28392774432607687
general,0.12133131618759456,0.1422087745839637,0.0686838124054463,0.13585476550680786,0.06444780635400908,0.07534039334341906,0.04357034795763994,0.34856278366111954
original,0.06470588235294118,0.17647058823529413,0.052941176470588235,0.16470588235294117,0.07647058823529412,0.12352941176470589,0.07647058823529412,0.2647058823529412
5,0.1319796954314721,0.14403553299492386,0.07614213197969544,0.14403553299492386,0.0717005076142132,0.0901015228426396,0.05456852791878172,0.28743654822335024
usually,0.13186813186813187,0.07692307692307693,0.06593406593406594,0.15384615384615385,0.08791208791208792,0.10989010989010989,0.04395604395604396,0.32967032967032966
without,0.08605851979345955,0.15834767641996558,0.058519793459552494,0.13769363166953527,0.11101549053356283,0.10757314974182444,0.05679862306368331,0.28399311531841653
full,0.12979351032448377,0.19174041297935104,0.035398230088495575,0.08849557522123894,0.13274336283185842,0.09144542772861357,0.07374631268436578,0.25663716814159293
list,0.10204081632653061,0.16326530612244897,0.08163265306122448,0.14285714285714285,0.04081632653061224,0.12244897959183673,0.04081632653061224,0.30612244897959184
american,0.050975177304964536,0.22384751773049646,0.030585106382978722,0.08687943262411348,0.17641843971631205,0.053634751773049646,0.0549645390070922,0.32269503546099293
philosophical,0.07017543859649122,0.22807017543859648,0.03508771929824561,0.08771929824561403,0.15789473684210525,0.07017543859649122,0.10526315789473684,0.24561403508771928
society,0.1062992125984252,0.15354330708661418,0.07086614173228346,0.18110236220472442,0.08267716535433071,0.11023622047244094,0.051181102362204724,0.2440944881889764
held,0.06502890173410404,0.18208092485549132,0.036127167630057806,0.10115606936416185,0.13583815028901733,0.07514450867052024,0.04335260115606936,0.36127167630057805
philadelphia,0.10810810810810811,0.1891891891891892,0.05405405405405406,0.10810810810810811,0.13513513513513514,0.05405405405405406,0.08108108108108109,0.2702702702702703
46,0.13596059113300493,0.13004926108374384,0.09950738916256158,0.15467980295566502,0.05517241379310345,0.0916256157635468,0.0561576354679803,0.2768472906403941
jefferson,0.11607142857142858,0.15625,0.07142857142857142,0.14285714285714285,0.08035714285714286,0.08482142857142858,0.08482142857142858,0.26339285714285715
hall,0.12732919254658384,0.12732919254658384,0.09006211180124224,0.15527950310559005,0.07142857142857142,0.09316770186335403,0.052795031055900624,0.2826086956521739
professor,0.06666666666666667,0.09333333333333334,0.04,0.14666666666666667,0.06666666666666667,0.05333333333333334,0.04,0.49333333333333335
history,0.06830601092896176,0.19034608378870674,0.0482695810564663,0.09927140255009108,0.1703096539162113,0.06466302367941712,0.0692167577413479,0.2896174863387978
independence,0.11929307805596466,0.14506627393225333,0.08541973490427099,0.14285714285714285,0.07290132547864507,0.08394698085419734,0.07584683357879234,0.27466863033873345
1958,0.09090909090909091,0.22727272727272727,0.045454545454545456,0.09090909090909091,0.13636363636363635,0.09090909090909091,0.09090909090909091,0.22727272727272727
library,0.047619047619047616,0.21428571428571427,0.07142857142857142,0.11904761904761904,0.14285714285714285,0.047619047619047616,0.07142857142857142,0.2857142857142857
congress,0.10143329658213891,0.1444321940463065,0.11797133406835722,0.13230429988974643,0.06504961411245866,0.08379272326350606,0.04520396912899669,0.3098125689084895
number,0.04185351270553064,0.24813153961136025,0.0171898355754858,0.07548579970104634,0.19805680119581465,0.035127055306427506,0.04783258594917788,0.336322869955157
printed,0.07692307692307693,0.2692307692307692,0.038461538461538464,0.038461538461538464,0.1346153846153846,0.057692307692307696,0.07692307692307693,0.3076923076923077
united,0.041620421753607105,0.2081021087680355,0.017758046614872364,0.06992230854605994,0.14983351831298558,0.021087680355160933,0.03718091009988901,0.45449500554938954
states,0.03578629032258065,0.21219758064516128,0.017641129032258066,0.0715725806451613,0.15675403225806453,0.02721774193548387,0.03931451612903226,0.43951612903225806
america,0.04550561797752809,0.1949438202247191,0.023033707865168538,0.08202247191011236,0.16404494382022472,0.04101123595505618,0.04943820224719101,0.4
h.,0.10204081632653061,0.16326530612244897,0.08163265306122448,0.10204081632653061,0.12244897959183673,0.061224489795918366,0.08163265306122448,0.2857142857142857
company,0.13416370106761566,0.13629893238434163,0.08469750889679716,0.15373665480427046,0.06583629893238434,0.09466192170818505,0.05444839857651246,0.27615658362989326
baltimore,0.12626262626262627,0.13005050505050506,0.0946969696969697,0.1553030303030303,0.05555555555555555,0.08080808080808081,0.054292929292929296,0.30303030303030304
maryland,0.10714285714285714,0.14285714285714285,0.09693877551020408,0.13520408163265307,0.07142857142857142,0.058673469387755105,0.04081632653061224,0.3469387755102041
none,0.10294117647058823,0.16911764705882354,0.051470588235294115,0.14705882352941177,0.08823529411764706,0.10294117647058823,0.08088235294117647,0.25735294117647056
colonies,0.127633955448525,0.1312462372065021,0.08488862131246237,0.15051173991571343,0.06863335340156532,0.10234798314268513,0.048163756773028296,0.2865743527995184
ever,0.08296296296296296,0.19703703703703704,0.047407407407407405,0.10814814814814815,0.16296296296296298,0.07407407407407407,0.06518518518518518,0.26222222222222225
submit,0.12445414847161572,0.17685589519650655,0.10262008733624454,0.12445414847161572,0.06550218340611354,0.08951965065502183,0.048034934497816595,0.2685589519650655
loss,0.15485564304461943,0.13910761154855644,0.06561679790026247,0.15748031496062992,0.08136482939632546,0.13385826771653545,0.03412073490813648,0.2335958005249344
valuable,0.10256410256410256,0.20512820512820512,0.10256410256410256,0.1282051282051282,0.10256410256410256,0.07692307692307693,0.07692307692307693,0.20512820512820512
rights,0.12223515715948778,0.13038416763678695,0.06868451688009314,0.14551804423748546,0.08381839348079162,0.10593713620488941,0.048894062863795114,0.29452852153667053
privileges,0.11682242990654206,0.14485981308411214,0.0514018691588785,0.13551401869158877,0.10747663551401869,0.0794392523364486,0.04672897196261682,0.3177570093457944
essential,0.05555555555555555,0.2638888888888889,0.020833333333333332,0.0763888888888889,0.13194444444444445,0.04861111111111111,0.05555555555555555,0.3472222222222222
happiness,0.06349206349206349,0.25396825396825395,0.047619047619047616,0.07936507936507936,0.2222222222222222,0.07936507936507936,0.07936507936507936,0.1746031746031746
every,0.06264501160092807,0.20301624129930396,0.029582366589327145,0.11832946635730858,0.16647331786542924,0.06960556844547564,0.06670533642691415,0.28364269141531323
free,0.11475409836065574,0.13700234192037472,0.07494145199063232,0.1451990632318501,0.08313817330210772,0.09016393442622951,0.05152224824355972,0.30327868852459017
state,0.07531055900621118,0.18090062111801242,0.05434782608695652,0.10403726708074534,0.10869565217391304,0.07142857142857142,0.05201863354037267,0.3532608695652174
george,0.10186418109187749,0.17909454061251665,0.061917443408788284,0.11384820239680427,0.12050599201065246,0.06790945406125166,0.06458055925432757,0.29027962716378164
washington,0.12412993039443156,0.1357308584686775,0.07888631090487239,0.14617169373549885,0.07540603248259861,0.09164733178654293,0.05916473317865429,0.2888631090487239
wrote,0.09251101321585903,0.15859030837004406,0.06461086637298091,0.11600587371512482,0.08516886930983847,0.0763582966226138,0.04405286343612335,0.36270190895741555
october,0.03435114503816794,0.20610687022900764,0.026717557251908396,0.07633587786259542,0.16793893129770993,0.08015267175572519,0.05725190839694656,0.3511450381679389
1774,0.13490725126475547,0.12478920741989882,0.09106239460370995,0.1551433389544688,0.05733558178752108,0.09949409780775717,0.05227655986509275,0.28499156829679595
perhaps,0.11518324607329843,0.17277486910994763,0.05235602094240838,0.16753926701570682,0.06282722513089005,0.11518324607329843,0.06282722513089005,0.2513089005235602
british,0.0847846012832264,0.17277726856095327,0.054078826764436295,0.11869844179651695,0.11640696608615948,0.06370302474793767,0.04170485792850596,0.34784601283226396
officer,0.10526315789473684,0.08771929824561403,0.05263157894736842,0.15789473684210525,0.017543859649122806,0.07017543859649122,0.03508771929824561,0.47368421052631576
made,0.09623188405797102,0.1889855072463768,0.051014492753623186,0.12753623188405797,0.11826086956521739,0.08,0.04695652173913043,0.2910144927536232
speak,0.11827956989247312,0.0967741935483871,0.08602150537634409,0.1827956989247312,0.11827956989247312,0.043010752688172046,0.0967741935483871,0.25806451612903225
yet,0.06350025813113061,0.21579762519359835,0.035622096024780586,0.08879710893133712,0.19617965926690759,0.04697986577181208,0.03871966959215281,0.31440371708828085
time,0.0672353236327145,0.3753135975915705,0.03963873557451079,0.10837932764676367,0.0958354239839438,0.06221776216758655,0.042147516307074764,0.20923231309583543
people,0.12131882202304738,0.1350832266325224,0.08290653008962869,0.14884763124199743,0.08674775928297056,0.1001920614596671,0.045454545454545456,0.279449423815621
world,0.06257837973413594,0.236267870579383,0.02984700275896664,0.08828693253072485,0.1874843240531728,0.034988713318284424,0.056809631301730626,0.3037371457236017
even,0.11318051575931232,0.1518624641833811,0.055873925501432664,0.16045845272206305,0.09742120343839542,0.1174785100286533,0.055873925501432664,0.24785100286532952
england,0.1265387918694532,0.1359862582307472,0.08731749212711136,0.15058688806183795,0.06613226452905811,0.08703120526767821,0.052963068995133124,0.2934440309189808
defend,0.0673076923076923,0.16346153846153846,0.019230769230769232,0.36538461538461536,0.07692307692307693,0.04807692307692308,0.04807692307692308,0.21153846153846154
freedom,0.053763440860215055,0.13440860215053763,0.021505376344086023,0.10215053763440861,0.24193548387096775,0.043010752688172046,0.04838709677419355,0.3548387096774194
gain,0.10416666666666667,0.23958333333333334,0.03125,0.10416666666666667,0.19791666666666666,0.07291666666666667,0.0625,0.1875
new,0.10289794204115918,0.17345653086938262,0.05858882822343553,0.11885762284754305,0.11864762704745906,0.06089878202435951,0.05123897522049559,0.31541369172616546
colonists,0.11,0.145,0.09,0.125,0.08,0.105,0.045,0.3
great,0.0854353132628153,0.18917819365337674,0.04109031733116355,0.11879576891781937,0.14890154597233524,0.07973962571196094,0.06305939788445891,0.27379983726607
britain,0.10909090909090909,0.15757575757575756,0.0696969696969697,0.17272727272727273,0.08787878787878788,0.09090909090909091,0.045454545454545456,0.26666666666666666
decades,0.06074074074074074,0.22962962962962963,0.034074074074074076,0.10074074074074074,0.18074074074074073,0.047407407407407405,0.0725925925925926,0.2740740740740741
ministry,0.0593607305936073,0.13926940639269406,0.02968036529680365,0.09817351598173515,0.21689497716894976,0.06621004566210045,0.03881278538812785,0.3515981735159817
tried,0.12532637075718014,0.14882506527415143,0.07571801566579635,0.1514360313315927,0.0835509138381201,0.10443864229765012,0.05221932114882506,0.2584856396866841
govern,0.11581920903954802,0.1553672316384181,0.059322033898305086,0.1384180790960452,0.07344632768361582,0.0847457627118644,0.062146892655367235,0.3107344632768362
london,0.13157894736842105,0.13157894736842105,0.09022556390977443,0.16071428571428573,0.05827067669172932,0.09304511278195489,0.05921052631578947,0.27537593984962405
would,0.11371467953135768,0.15816678152997932,0.05651274982770503,0.15816678152997932,0.1016540317022743,0.10303239145416954,0.0647829083390765,0.2439696760854583
minds,0.1323529411764706,0.09558823529411764,0.07352941176470588,0.21323529411764705,0.11029411764705882,0.13970588235294118,0.0661764705882353,0.16911764705882354
hearts,0.05521472392638037,0.2147239263803681,0.03680981595092025,0.12269938650306748,0.1656441717791411,0.0736196319018405,0.05521472392638037,0.27607361963190186
samuel,0.11933174224343675,0.13126491646778043,0.09307875894988067,0.15274463007159905,0.059665871121718374,0.07637231503579953,0.05250596658711217,0.315035799522673
henry,0.13080407701019253,0.1392978482446206,0.0855039637599094,0.15118912797281994,0.06058890147225368,0.08323895809739525,0.06342015855039637,0.28595696489241224
patriots,0.13756613756613756,0.10052910052910052,0.08994708994708994,0.15343915343915343,0.05291005291005291,0.08994708994708994,0.026455026455026454,0.3492063492063492
necessary,0.06938775510204082,0.20408163265306123,0.04897959183673469,0.12244897959183673,0.08979591836734693,0.11428571428571428,0.036734693877551024,0.3142857142857143
know,0.10850439882697947,0.16422287390029325,0.05571847507331378,0.15249266862170088,0.0967741935483871,0.08504398826979472,0.05865102639296188,0.2785923753665689
became,0.125,0.12202380952380952,0.09523809523809523,0.18154761904761904,0.08035714285714286,0.11607142857142858,0.026785714285714284,0.25297619047619047
one,0.08283341024457776,0.18850946008306416,0.04337794185509922,0.10959852330410706,0.1437471158283341,0.0749884633133364,0.05099215505306876,0.30595293031841253
must,0.08083935328517372,0.195734434124527,0.048159614723082216,0.12693498452012383,0.14207086343309253,0.07533539731682147,0.059511523907808735,0.2714138286893705
follow,0.08196721311475409,0.14754098360655737,0.04918032786885246,0.16393442622950818,0.14754098360655737,0.06557377049180328,0.06557377049180328,0.2786885245901639
political,0.13385826771653545,0.13385826771653545,0.09251968503937008,0.1437007874015748,0.06299212598425197,0.10433070866141732,0.0531496062992126,0.2755905511811024
colonial,0.1111111111111111,0.13804713804713806,0.05723905723905724,0.14814814814814814,0.09427609427609428,0.08080808080808081,0.06397306397306397,0.3063973063973064
assemblies,0.04770075497597804,0.24811256005490734,0.01887439945092656,0.075840768702814,0.18393960192175704,0.031914893617021274,0.050102951269732326,0.3435140700068634
founding,0.05511811023622047,0.2230971128608924,0.047244094488188976,0.09186351706036745,0.16272965879265092,0.03937007874015748,0.06824146981627296,0.3123359580052493
jamestown,0.12841253791708795,0.1385237613751264,0.08493427704752275,0.15369059656218403,0.06471183013144591,0.07785642062689585,0.042467138523761376,0.30940343781597573
declaration,0.11953727506426735,0.15424164524421594,0.07326478149100257,0.14138817480719795,0.09897172236503857,0.08740359897172237,0.055269922879177376,0.2699228791773779
story,0.14444444444444443,0.09259259259259259,0.12962962962962962,0.16666666666666666,0.09259259259259259,0.11851851851851852,0.044444444444444446,0.2111111111111111
king,0.1238250919493257,0.14854924397221086,0.07907642010625256,0.13588067020841846,0.08091540662035145,0.09011033919084593,0.05271761340416837,0.2889252145484266
prerogative,0.1228813559322034,0.1652542372881356,0.08898305084745763,0.125,0.06567796610169492,0.08050847457627118,0.046610169491525424,0.3050847457627119
power,0.11921296296296297,0.15817901234567902,0.06520061728395062,0.13541666666666666,0.0941358024691358,0.07600308641975309,0.055169753086419755,0.2966820987654321
governor,0.11807153315206023,0.14076553022380256,0.07320644216691069,0.13595482116711985,0.06170257268353901,0.07969044133026564,0.05082618699016942,0.3397824722861326
assembly,0.09820678061081535,0.13407116839450828,0.058980106472401234,0.1136172597366209,0.07144858503782572,0.06934715606612496,0.043289436817035586,0.41103950686466795
ruling,0.11707317073170732,0.16585365853658537,0.03414634146341464,0.12195121951219512,0.0975609756097561,0.08780487804878048,0.05365853658536585,0.32195121951219513
body,0.09172932330827067,0.20902255639097744,0.06766917293233082,0.13233082706766916,0.1037593984962406,0.07819548872180451,0.04360902255639098,0.2736842105263158
could,0.12609366958311888,0.16057642820380855,0.06227483273288729,0.15491507977354607,0.09109624292331446,0.1080802882141019,0.06948018528049409,0.22748327328872878
importance,0.04938271604938271,0.3333333333333333,0.024691358024691357,0.08641975308641975,0.08641975308641975,0.04938271604938271,0.037037037037037035,0.3333333333333333
first,0.06407112201103618,0.2176578786020846,0.041385652973635806,0.09717964438994482,0.15726548129981607,0.05334150827713059,0.05334150827713059,0.3157572041692213
representative,0.0773067331670823,0.18204488778054864,0.05236907730673317,0.12468827930174564,0.11970074812967581,0.05236907730673317,0.02743142144638404,0.3640897755610973
gave,0.1172069825436409,0.14713216957605985,0.06234413965087282,0.10972568578553615,0.12718204488778054,0.09975062344139651,0.09226932668329177,0.24438902743142144
many,0.1000667111407605,0.17211474316210806,0.054036024016010674,0.11207471647765177,0.1380920613742495,0.1000667111407605,0.06804536357571714,0.2555036691127418
leaders,0.09818181818181818,0.18181818181818182,0.04363636363636364,0.12727272727272726,0.14181818181818182,0.06181818181818182,0.04363636363636364,0.3018181818181818
revolution,0.13425253991291727,0.14876632801161102,0.06676342525399129,0.15239477503628446,0.06458635703918723,0.09941944847605225,0.07111756168359942,0.262699564586357
express,0.13740458015267176,0.183206106870229,0.061068702290076333,0.0916030534351145,0.15267175572519084,0.06870229007633588,0.07633587786259542,0.22900763358778625
written,0.11206896551724138,0.14655172413793102,0.04310344827586207,0.09482758620689655,0.07758620689655173,0.07758620689655173,0.08620689655172414,0.3620689655172414
april,0.0407673860911271,0.302158273381295,0.03357314148681055,0.06954436450839328,0.16786570743405277,0.02877697841726619,0.03836930455635491,0.31894484412470026
page,0.10622710622710622,0.16117216117216118,0.0695970695970696,0.15018315018315018,0.0695970695970696,0.08058608058608059,0.08424908424908426,0.2783882783882784
ii,0.12747380675203726,0.13736903376018628,0.08032596041909197,0.13736903376018628,0.07683352735739232,0.0890570430733411,0.05238649592549476,0.2991850989522701
17,0.1296,0.1376,0.0832,0.1408,0.0672,0.1008,0.0512,0.2896
iii,0.1179245283018868,0.15566037735849056,0.08018867924528301,0.13679245283018868,0.08490566037735849,0.07075471698113207,0.05660377358490566,0.2971698113207547
another,0.08183453237410072,0.20503597122302158,0.044064748201438846,0.125,0.1420863309352518,0.05665467625899281,0.05935251798561151,0.28597122302158273
36,0.1388888888888889,0.1284722222222222,0.08680555555555555,0.1550925925925926,0.052083333333333336,0.09375,0.052083333333333336,0.29282407407407407
54,0.1357142857142857,0.11071428571428571,0.10357142857142858,0.1392857142857143,0.05714285714285714,0.06785714285714285,0.017857142857142856,0.3678571428571429
bacon,0.13626745662293693,0.12568768514600084,0.09437156157427,0.14832839610664408,0.06242065171392298,0.08590774439272111,0.04274227676682184,0.30427422767668216
76,0.12195121951219512,0.12195121951219512,0.10569105691056911,0.13333333333333333,0.055284552845528454,0.061788617886178863,0.02113821138211382,0.37886178861788616
despotism,0.1477132262051916,0.11681087762669963,0.103831891223733,0.16254635352286773,0.048207663782447466,0.10444993819530285,0.04511742892459827,0.27132262051915945
97,0.14285714285714285,0.12205270457697642,0.08876560332871013,0.1608876560332871,0.05547850208044383,0.09431345353675451,0.05825242718446602,0.27739251040221913
glorious,0.0927743086529884,0.18911685994647637,0.05263157894736842,0.11864406779661017,0.12667261373773417,0.08117752007136485,0.06244424620874219,0.27653880463871544
122,0.1173780487804878,0.15396341463414634,0.06554878048780488,0.13109756097560976,0.07926829268292683,0.08384146341463415,0.0625,0.30640243902439024
133,0.125,0.17553191489361702,0.07180851063829788,0.13829787234042554,0.06648936170212766,0.05319148936170213,0.05851063829787234,0.31117021276595747
house,0.10919811320754717,0.16273584905660377,0.06580188679245283,0.12735849056603774,0.09952830188679246,0.07665094339622641,0.048820754716981135,0.3099056603773585
lords,0.1015625,0.138671875,0.060546875,0.12109375,0.056640625,0.064453125,0.037109375,0.419921875
151,0.14457831325301204,0.12951807228915663,0.09036144578313253,0.15963855421686746,0.04819277108433735,0.08433734939759036,0.05120481927710843,0.2921686746987952
spotswood,0.1326294952161003,0.1441768393269548,0.06928406466512702,0.1349389640382712,0.08281095348069945,0.0861101946552293,0.04684922467832398,0.30320026393929395
160,0.12455516014234876,0.19217081850533807,0.060498220640569395,0.12811387900355872,0.08540925266903915,0.08185053380782918,0.05693950177935943,0.2704626334519573
peace,0.11257309941520467,0.1608187134502924,0.06652046783625731,0.12280701754385964,0.10599415204678363,0.08187134502923976,0.04532163742690058,0.30409356725146197
prosperity,0.046511627906976744,0.11627906976744186,0.06976744186046512,0.12790697674418605,0.1744186046511628,0.06976744186046512,0.03488372093023256,0.36046511627906974
177,0.13221153846153846,0.13701923076923078,0.078125,0.14302884615384615,0.07091346153846154,0.0889423076923077,0.054086538461538464,0.2956730769230769
continent,0.047435403008098724,0.24064789818742768,0.025067489394523718,0.0802159660624759,0.2040107983031238,0.03895102198225993,0.047435403008098724,0.31623602005399154
194,0.12934631432545202,0.13630041724617525,0.07927677329624479,0.14325452016689846,0.06675938803894298,0.0917941585535466,0.0584144645340751,0.2948539638386648
209,0.13668499607227022,0.12568735271013354,0.09112333071484682,0.1563236449332286,0.05420267085624509,0.09269442262372349,0.056559308719560095,0.2867242733699921
xiv,0.13768115942028986,0.11956521739130435,0.09057971014492754,0.15217391304347827,0.05434782608695652,0.09420289855072464,0.05434782608695652,0.2971014492753623
232,0.08661417322834646,0.1732283464566929,0.11811023622047244,0.10236220472440945,0.08661417322834646,0.047244094488188976,0.07874015748031496,0.30708661417322836
index,0.12142857142857143,0.12142857142857143,0.1,0.12857142857142856,0.05714285714285714,0.06428571428571428,0.02142857142857143,0.38571428571428573
old,0.09453197405004633,0.1881371640407785,0.05838739573679333,0.11399443929564411,0.1556997219647822,0.06302131603336422,0.061167747914735865,0.26506024096385544
capitol,0.11531531531531532,0.13873873873873874,0.07207207207207207,0.15135135135135136,0.08288288288288288,0.08108108108108109,0.05765765765765766,0.3009009009009009
williamsburg,0.12646370023419204,0.13348946135831383,0.08196721311475409,0.16042154566744732,0.06206088992974239,0.0936768149882904,0.0585480093676815,0.28337236533957844
north,0.039655172413793106,0.20344827586206896,0.029310344827586206,0.09655172413793103,0.18448275862068966,0.05862068965517241,0.04310344827586207,0.3448275862068966
courtesy,0.09259259259259259,0.1527777777777778,0.037037037037037035,0.125,0.11574074074074074,0.10648148148148148,0.06944444444444445,0.30092592592592593
inc.,0.0784313725490196,0.0392156862745098,0.058823529411764705,0.17647058823529413,0.09803921568627451,0.19607843137254902,0.09803921568627451,0.2549019607843137
134,0.1468682505399568,0.14038876889848811,0.09071274298056156,0.16198704103671707,0.04319654427645788,0.06911447084233262,0.04967602591792657,0.2980561555075594
burgesses,0.12280248190279214,0.1548603929679421,0.07471561530506722,0.1279731127197518,0.07936918304033092,0.08169596690796277,0.05015511892450879,0.3084281282316443
dinwiddie,0.13064516129032258,0.13870967741935483,0.0814516129032258,0.14193548387096774,0.06612903225806452,0.09274193548387097,0.05403225806451613,0.29435483870967744
196,0.13359528487229863,0.1512770137524558,0.09233791748526522,0.12770137524557956,0.06679764243614932,0.09430255402750491,0.04911591355599214,0.28487229862475444
court,0.1507818317200298,0.1738644825018615,0.06366344005956813,0.15562174236783322,0.06217423678332092,0.07259865971705137,0.03648548026805659,0.2848101265822785
lord,0.11490939044481055,0.14085667215815487,0.09637561779242175,0.13097199341021418,0.07948929159802307,0.07413509060955518,0.04901153212520593,0.3142504118616145
dunmore,0.1332934847579199,0.13807531380753138,0.08368200836820083,0.15301852958756723,0.062163777644949195,0.09145248057381948,0.056186491332934844,0.2821279139270771
historical,0.125,0.09375,0.09375,0.15625,0.03125,0.03125,0.0625,0.40625
sir,0.1281109751121991,0.12035903712770298,0.09424724602203183,0.1383108935128519,0.05997552019583843,0.0832313341493268,0.04039167686658507,0.3353733170134639
238,0.14866581956797967,0.12325285895806862,0.08894536213468869,0.15756035578144853,0.04955527318932656,0.09529860228716645,0.053367217280813214,0.2833545108005083
palace,0.1295774647887324,0.16338028169014085,0.09577464788732394,0.1323943661971831,0.07887323943661972,0.07042253521126761,0.04788732394366197,0.28169014084507044
three,0.062120189061444966,0.2187711006076975,0.035111411208642807,0.09655638082376772,0.18973666441593517,0.054692775151924375,0.04659014179608373,0.29642133693450373
little,0.0907840440165062,0.1815680880330124,0.07290233837689133,0.1279229711141678,0.14030261348005502,0.10729023383768914,0.06327372764786796,0.21595598349381018
vessels,0.14,0.04,0.04,0.26,0.06,0.08,0.06,0.32
constant,0.08247422680412371,0.17525773195876287,0.030927835051546393,0.1134020618556701,0.09278350515463918,0.1134020618556701,0.05154639175257732,0.3402061855670103
godspeed,0.09740259740259741,0.17532467532467533,0.032467532467532464,0.1038961038961039,0.11688311688311688,0.08441558441558442,0.07142857142857142,0.3181818181818182
left,0.1091703056768559,0.1615720524017467,0.06404657933042213,0.16302765647743814,0.11062590975254731,0.09898107714701601,0.03784570596797671,0.2547307132459971
december,0.0440251572327044,0.25157232704402516,0.025157232704402517,0.1320754716981132,0.14465408805031446,0.006289308176100629,0.03773584905660377,0.3584905660377358
1606,0.11904761904761904,0.14285714285714285,0.07142857142857142,0.14285714285714285,0.11904761904761904,0.09523809523809523,0.023809523809523808,0.2857142857142857
command,0.05668016194331984,0.21862348178137653,0.032388663967611336,0.11740890688259109,0.1659919028340081,0.044534412955465584,0.032388663967611336,0.3319838056680162
captain,0.1182033096926714,0.13947990543735225,0.1016548463356974,0.14893617021276595,0.06382978723404255,0.08747044917257683,0.06382978723404255,0.2765957446808511
christopher,0.12987012987012986,0.16883116883116883,0.1038961038961039,0.14285714285714285,0.05194805194805195,0.025974025974025976,0.05194805194805195,0.3246753246753247
newport,0.13114754098360656,0.11475409836065574,0.08196721311475409,0.09836065573770492,0.11475409836065574,0.04918032786885246,0.08196721311475409,0.32786885245901637
found,0.059782608695652176,0.10597826086956522,0.02717391304347826,0.09239130434782608,0.24864130434782608,0.0625,0.057065217391304345,0.34646739130434784
colony,0.09670637701471618,0.15557112824106517,0.05956552207428171,0.1513665031534688,0.08409250175192712,0.0918009810791871,0.04835318850735809,0.31254379817799577
distant,0.0728744939271255,0.25101214574898784,0.020242914979757085,0.08502024291497975,0.19433198380566802,0.016194331983805668,0.0728744939271255,0.2874493927125506
two,0.06684733514001806,0.2122854561878952,0.044263775971093045,0.09123757904245709,0.16395663956639567,0.06594399277326106,0.04832881662149955,0.3071364046973803
sent,0.11557377049180328,0.16393442622950818,0.07377049180327869,0.130327868852459,0.09344262295081968,0.07295081967213114,0.05081967213114754,0.29918032786885246
group,0.05241935483870968,0.21370967741935484,0.03225806451612903,0.09274193548387097,0.1774193548387097,0.06048387096774194,0.020161290322580645,0.35080645161290325
settlers,0.08088235294117647,0.2107843137254902,0.031862745098039214,0.0857843137254902,0.1715686274509804,0.0392156862745098,0.07107843137254902,0.3088235294117647
carolina,0.1509433962264151,0.11320754716981132,0.09433962264150944,0.1509433962264151,0.09433962264150944,0.1320754716981132,0.05660377358490566,0.20754716981132076
happened,0.1125,0.125,0.0625,0.1,0.1125,0.15,0.025,0.3125
men,0.12831241283124128,0.16317991631799164,0.06601580660158066,0.15341701534170155,0.10181311018131102,0.0901906090190609,0.058577405857740586,0.2384937238493724
asked,0.1111111111111111,0.14230019493177387,0.07407407407407407,0.13255360623781676,0.06627680311890838,0.08576998050682261,0.04678362573099415,0.341130604288499
indians,0.13788895668090298,0.12202562538133008,0.09090909090909091,0.1537522879804759,0.07321537522879805,0.09029896278218426,0.044539353264185476,0.28737034777303233
fallen,0.12222222222222222,0.13333333333333333,0.1,0.17777777777777778,0.12222222222222222,0.08888888888888889,0.03333333333333333,0.2222222222222222
like,0.12348178137651822,0.15384615384615385,0.08299595141700405,0.18218623481781376,0.10323886639676114,0.10931174089068826,0.05465587044534413,0.1902834008097166
fate,0.0970873786407767,0.24271844660194175,0.10679611650485436,0.13592233009708737,0.05825242718446602,0.038834951456310676,0.05825242718446602,0.2621359223300971
strange,0.13194444444444445,0.11805555555555555,0.0763888888888889,0.13194444444444445,0.09027777777777778,0.14583333333333334,0.0763888888888889,0.22916666666666666
land,0.08905185961236249,0.1893661602933473,0.05788370874803562,0.11471974855945521,0.13462545835515977,0.07228915662650602,0.045835515976951284,0.2962283918281823
spirits,0.08080808080808081,0.2222222222222222,0.06060606060606061,0.09090909090909091,0.20202020202020202,0.0707070707070707,0.15151515151515152,0.12121212121212122
rose,0.14,0.16,0.11,0.14,0.1,0.1,0.09,0.16
entered,0.05102040816326531,0.21428571428571427,0.07142857142857142,0.08163265306122448,0.16326530612244897,0.07142857142857142,0.08163265306122448,0.2653061224489796
chesapeake,0.125,0.15,0.05,0.175,0.1,0.075,0.125,0.2
bay,0.05714285714285714,0.11428571428571428,0.05714285714285714,0.2,0.11428571428571428,0.08571428571428572,0.14285714285714285,0.22857142857142856
landing,0.07692307692307693,0.1794871794871795,0.02564102564102564,0.15384615384615385,0.15384615384615385,0.10256410256410256,0.10256410256410256,0.20512820512820512
fair,0.06097560975609756,0.18902439024390244,0.06097560975609756,0.12804878048780488,0.20121951219512196,0.06097560975609756,0.054878048780487805,0.24390243902439024
...,0.0842911877394636,0.1743295019157088,0.04693486590038314,0.11494252873563218,0.10440613026819924,0.07279693486590039,0.05459770114942529,0.34770114942528735
water,0.1316348195329087,0.12738853503184713,0.08917197452229299,0.15286624203821655,0.07218683651804671,0.10828025477707007,0.07430997876857749,0.24416135881104034
country,0.08690744920993228,0.16252821670428894,0.05756207674943566,0.11851015801354402,0.14221218961625282,0.09142212189616253,0.06433408577878104,0.2765237020316027
seemed,0.0811965811965812,0.16666666666666666,0.05555555555555555,0.15384615384615385,0.1282051282051282,0.1282051282051282,0.05982905982905983,0.2264957264957265
river,0.13188976377952755,0.1220472440944882,0.07874015748031496,0.16338582677165353,0.06299212598425197,0.10039370078740158,0.06692913385826772,0.2736220472440945
called,0.09600997506234414,0.17331670822942644,0.0773067331670823,0.12219451371571072,0.10349127182044887,0.06608478802992519,0.05486284289276808,0.30673316708229426
james,0.1295925183700735,0.13092852371409486,0.09084836339345358,0.15831663326653306,0.06613226452905811,0.08617234468937876,0.0614562458249833,0.27655310621242485
honor,0.08169596690796277,0.1954498448810755,0.04136504653567735,0.10134436401240951,0.15511892450879008,0.04343329886246122,0.05687693898655636,0.3247156153050672
way,0.088,0.196,0.053,0.108,0.148,0.073,0.047,0.287
