,anger,anticipation,disgust,fear,joy,sadness,surprise,trust
project,0.12439729990356796,0.1726133076181292,0.046287367405978774,0.04435872709739633,0.10173577627772419,0.07714561234329796,0.015429122468659592,0.41803278688524587
gutenberg,0.08795411089866155,0.25047801147227533,0.03632887189292543,0.040152963671128104,0.0650095602294455,0.12810707456978965,0.00956022944550669,0.3824091778202677
ebook,0.05365853658536585,0.27804878048780485,0.029268292682926828,0.04390243902439025,0.0975609756097561,0.11219512195121951,0.014634146341463414,0.3707317073170732
bell,0.05128205128205128,0.15384615384615385,0.0,0.10256410256410256,0.20512820512820512,0.07692307692307693,0.02564102564102564,0.38461538461538464
's,0.09380863039399626,0.1533771106941839,0.06378986866791744,0.1153846153846154,0.13649155722326453,0.10342401500938087,0.06683864915572234,0.26688555347091936
southwark,0.022653721682847898,0.20711974110032363,0.045307443365695796,0.03236245954692557,0.26537216828478966,0.04207119741100324,0.03236245954692557,0.3527508090614887
cathedral,0.02095238095238095,0.10857142857142857,0.08,0.03619047619047619,0.30666666666666664,0.045714285714285714,0.01904761904761905,0.3828571428571429
use,0.12823529411764706,0.1535294117647059,0.06470588235294117,0.13294117647058823,0.11058823529411765,0.10176470588235294,0.041176470588235294,0.2670588235294118
almost,0.10615711252653927,0.18471337579617833,0.07643312101910828,0.1273885350318471,0.11040339702760084,0.12314225053078556,0.07006369426751592,0.2016985138004246
may,0.11081967213114753,0.1718032786885246,0.07737704918032787,0.10819672131147541,0.11475409836065574,0.1101639344262295,0.044590163934426226,0.26229508196721313
copy,0.1602787456445993,0.11672473867595819,0.07317073170731707,0.08885017421602787,0.0627177700348432,0.08710801393728224,0.03484320557491289,0.37630662020905925
give,0.09489916963226572,0.17437722419928825,0.05812574139976275,0.10794780545670225,0.11387900355871886,0.11150652431791222,0.06524317912218268,0.27402135231316727
terms,0.12318840579710143,0.13768115942028986,0.041666666666666664,0.08152173913043478,0.125,0.059782608695652176,0.04710144927536232,0.38405797101449274
license,0.10833333333333332,0.21666666666666665,0.05277777777777778,0.10277777777777777,0.11388888888888887,0.1,0.03333333333333333,0.2722222222222222
included,0.08108108108108107,0.16216216216216214,0.12162162162162163,0.14864864864864866,0.08108108108108107,0.12162162162162163,0.040540540540540536,0.24324324324324326
formerly,0.06666666666666667,0.18095238095238095,0.05714285714285714,0.08571428571428572,0.20952380952380953,0.06666666666666667,0.02857142857142857,0.30476190476190473
collegiate,0.007042253521126759,0.23943661971830982,0.007042253521126759,0.028169014084507036,0.2464788732394366,0.014084507042253518,0.042253521126760556,0.4154929577464788
church,0.03239740820734341,0.24262059035277178,0.02807775377969762,0.05111591072714182,0.24262059035277178,0.05039596832253419,0.03599712023038157,0.31677465802735777
st.,0.05658198614318706,0.15935334872979215,0.06697459584295612,0.09468822170900691,0.1905311778290993,0.08545034642032331,0.032332563510392605,0.31408775981524245
saviour,0.021538461538461538,0.15692307692307692,0.04615384615384615,0.04615384615384615,0.26461538461538464,0.043076923076923075,0.03692307692307692,0.38461538461538464
otherwise,0.07627118644067797,0.17796610169491525,0.03389830508474576,0.13559322033898305,0.11864406779661017,0.11864406779661017,0.02542372881355932,0.3135593220338983
mary,0.0547945205479452,0.1917808219178082,0.0410958904109589,0.08904109589041095,0.2191780821917808,0.07534246575342465,0.0410958904109589,0.2876712328767123
short,0.06858407079646019,0.23008849557522126,0.07300884955752213,0.09955752212389381,0.12831858407079647,0.10398230088495576,0.06415929203539823,0.2323008849557522
history,0.07308970099667773,0.19269102990033224,0.04318936877076412,0.08637873754152824,0.1611295681063123,0.08471760797342193,0.04983388704318937,0.3089700996677741
fabric,0.0,0.28,0.04,0.0,0.18000000000000002,0.02,0.02,0.46
account,0.04761904761904762,0.18518518518518517,0.015873015873015872,0.10052910052910054,0.12169312169312169,0.06878306878306878,0.04761904761904762,0.4126984126984127
college,0.021276595744680854,0.2340425531914894,0.021276595744680854,0.04255319148936171,0.21276595744680854,0.0,0.06382978723404256,0.40425531914893625
see,0.08195637805684071,0.17316589557171183,0.06411103767349637,0.12359550561797752,0.13813615333773957,0.10178453403833443,0.07072042300066093,0.24653007270323857
date,0.0495049504950495,0.2574257425742574,0.029702970297029698,0.1386138613861386,0.1089108910891089,0.1287128712871287,0.0099009900990099,0.2772277227722772
english,0.09156626506024096,0.17349397590361446,0.06746987951807228,0.1325301204819277,0.10120481927710842,0.12048192771084337,0.04578313253012048,0.2674698795180723
distributed,0.0368421052631579,0.3263157894736842,0.031578947368421054,0.08947368421052632,0.12105263157894737,0.08947368421052632,0.031578947368421054,0.2736842105263158
also,0.10454545454545454,0.15363636363636363,0.06272727272727273,0.1290909090909091,0.13181818181818183,0.11,0.057272727272727274,0.2509090909090909
includes,0.031746031746031744,0.20634920634920637,0.015873015873015872,0.12698412698412698,0.1111111111111111,0.15873015873015872,0.07936507936507936,0.2698412698412698
original,0.0942408376963351,0.14921465968586387,0.05235602094240838,0.12303664921465969,0.11780104712041886,0.1099476439790576,0.03664921465968587,0.31675392670157065
illustrations,0.02898550724637681,0.13043478260869565,0.08695652173913043,0.014492753623188404,0.2753623188405797,0.043478260869565216,0.0,0.4202898550724638
list,0.017241379310344827,0.13793103448275862,0.10344827586206898,0.017241379310344827,0.27586206896551724,0.034482758620689655,0.0,0.4137931034482759
end,0.08025477707006369,0.18853503184713377,0.06369426751592357,0.10955414012738855,0.15286624203821655,0.10445859872611464,0.049681528662420385,0.25095541401273885
illustration,0.02857142857142857,0.11428571428571428,0.11428571428571428,0.02857142857142857,0.2857142857142857,0.02857142857142857,0.0,0.4
co.,0.13333333333333333,0.2,0.04444444444444444,0.04444444444444444,0.2222222222222222,0.08888888888888888,0.04444444444444444,0.2222222222222222
east,0.03773584905660377,0.11635220125786162,0.09433962264150943,0.05031446540880503,0.2610062893081761,0.07232704402515723,0.031446540880503145,0.33647798742138363
london,0.08823529411764706,0.22549019607843138,0.0392156862745098,0.10294117647058823,0.1568627450980392,0.0784313725490196,0.07352941176470588,0.23529411764705882
charles,0.07631160572337042,0.15421303656597773,0.036565977742448325,0.07631160572337042,0.18441971383147854,0.13195548489666137,0.06518282988871224,0.27503974562798095
court,0.21968503937007877,0.22362204724409454,0.03779527559055119,0.24724409448818901,0.04094488188976379,0.08582677165354333,0.024409448818897644,0.12047244094488192
ancient,0.047244094488188976,0.22440944881889763,0.06299212598425197,0.07874015748031496,0.16929133858267717,0.08267716535433071,0.08267716535433071,0.25196850393700787
modern,0.049999999999999996,0.19999999999999998,0.024999999999999998,0.0375,0.175,0.075,0.0625,0.375
upon,0.09852941176470588,0.17794117647058824,0.049999999999999996,0.1323529411764706,0.12058823529411765,0.1073529411764706,0.07058823529411765,0.24264705882352944
greater,0.08433734939759037,0.1646586345381526,0.04417670682730924,0.1566265060240964,0.14859437751004018,0.08032128514056225,0.07630522088353414,0.24497991967871485
possible,0.09065155807365438,0.20679886685552407,0.053824362606232294,0.1274787535410765,0.1274787535410765,0.10764872521246459,0.0764872521246459,0.20963172804532576
must,0.12368421052631579,0.1631578947368421,0.06491228070175438,0.13684210526315788,0.10701754385964911,0.11666666666666667,0.059649122807017535,0.2280701754385965
larger,0.046632124352331605,0.07253886010362694,0.19689119170984457,0.08290155440414507,0.056994818652849735,0.056994818652849735,0.18134715025906734,0.30569948186528495
works,0.1038062283737024,0.16782006920415224,0.06228373702422145,0.07093425605536331,0.13321799307958476,0.051038062283737015,0.027681660899653973,0.3832179930795847
e.g.,0.0,0.15909090909090912,0.04545454545454546,0.13636363636363638,0.25000000000000006,0.06818181818181819,0.06818181818181819,0.27272727272727276
dollman,0.024390243902439025,0.21951219512195125,0.04878048780487805,0.0975609756097561,0.17073170731707318,0.0975609756097561,0.0975609756097561,0.24390243902439027
dr.,0.06521739130434782,0.19565217391304346,0.036231884057971016,0.05797101449275362,0.19565217391304346,0.043478260869565216,0.036231884057971016,0.3695652173913043
public,0.05736636245110821,0.3748370273794002,0.02998696219035202,0.07757496740547588,0.08930899608865711,0.07040417209908735,0.04237288135593221,0.258148631029987
elsewhere,0.061224489795918366,0.1836734693877551,0.061224489795918366,0.10204081632653061,0.20408163265306123,0.0,0.10204081632653061,0.2857142857142857
special,0.023529411764705882,0.1411764705882353,0.047058823529411764,0.08235294117647059,0.32941176470588235,0.05882352941176471,0.05882352941176471,0.25882352941176473
sir,0.06565656565656565,0.15488215488215487,0.05387205387205387,0.08754208754208755,0.10269360269360268,0.062289562289562284,0.062289562289562284,0.41077441077441074
arthur,0.049999999999999996,0.19999999999999998,0.049999999999999996,0.03333333333333333,0.09999999999999999,0.016666666666666666,0.016666666666666666,0.5333333333333333
blomfield,0.07142857142857142,0.11904761904761905,0.07142857142857142,0.023809523809523808,0.09523809523809523,0.023809523809523808,0.023809523809523808,0.5714285714285714
restoration,0.05,0.21250000000000002,0.043750000000000004,0.05,0.20625000000000004,0.08125000000000002,0.05,0.30625
information,0.0432,0.22080000000000002,0.020800000000000003,0.0816,0.13920000000000002,0.054400000000000004,0.048,0.392
given,0.07851851851851853,0.1866666666666667,0.05777777777777778,0.11555555555555556,0.1451851851851852,0.08592592592592595,0.07111111111111111,0.2592592592592593
access,0.1557177615571776,0.16058394160583941,0.07177615571776155,0.11435523114355231,0.11435523114355231,0.07664233576642336,0.02798053527980535,0.27858880778588807
good,0.047901821060965945,0.21417260490894696,0.034045922406967535,0.060965954077593025,0.1880443388756928,0.057798891528107674,0.15795724465558195,0.23911322248614408
plan,0.06451612903225806,0.25806451612903225,0.05376344086021506,0.08602150537634409,0.17204301075268819,0.05913978494623656,0.06989247311827958,0.23655913978494625
work,0.11890007745933383,0.18435321456235476,0.043377226955848176,0.07087529047250193,0.12780790085205268,0.08675445391169635,0.055383423702556146,0.3125484120836561
less,0.06718346253229973,0.17312661498708007,0.04392764857881136,0.11627906976744186,0.14987080103359174,0.11627906976744186,0.05426356589147286,0.27906976744186046
mr.,0.09630818619582664,0.15730337078651685,0.05457463884430176,0.10914927768860352,0.14446227929373998,0.10754414125200641,0.06420545746388444,0.2664526484751204
thomas,0.03875968992248062,0.34883720930232553,0.06976744186046512,0.06976744186046512,0.08527131782945735,0.08527131782945735,0.031007751937984492,0.2713178294573643
whole,0.08548387096774193,0.17096774193548386,0.05483870967741935,0.13548387096774195,0.13870967741935486,0.09193548387096774,0.06935483870967743,0.2532258064516129
placed,0.10714285714285715,0.19047619047619047,0.07142857142857142,0.13095238095238096,0.125,0.09523809523809523,0.07142857142857142,0.20833333333333334
daily,0.06756756756756759,0.32432432432432434,0.027027027027027032,0.054054054054054064,0.14864864864864868,0.12162162162162166,0.04054054054054054,0.21621621621621626
bells,0.047619047619047616,0.2222222222222222,0.07936507936507936,0.09523809523809523,0.1746031746031746,0.12698412698412698,0.047619047619047616,0.20634920634920637
bearing,0.10526315789473684,0.13157894736842105,0.05263157894736842,0.15789473684210525,0.10526315789473684,0.15789473684210525,0.05263157894736842,0.2368421052631579
bishop,0.05865921787709498,0.17318435754189945,0.05307262569832403,0.0782122905027933,0.19553072625698326,0.07541899441340782,0.0558659217877095,0.31005586592178774
chapter,0.08232118758434546,0.1632928475033738,0.08097165991902834,0.08097165991902834,0.14979757085020243,0.08502024291497975,0.07557354925775978,0.28205128205128205
added,0.08333333333333334,0.20833333333333337,0.05128205128205128,0.13782051282051283,0.13141025641025642,0.1185897435897436,0.10256410256410256,0.16666666666666669
within,0.1348747591522158,0.17148362235067438,0.03275529865125241,0.10019267822736032,0.13294797687861273,0.09633911368015416,0.07707129094412332,0.254335260115607
taken,0.10796221322537111,0.16059379217273953,0.06207827260458839,0.1349527665317139,0.12280701754385964,0.0931174089068826,0.08636977058029689,0.2321187584345479
specification,0.06451612903225806,0.12903225806451613,0.09677419354838708,0.016129032258064516,0.3064516129032258,0.08064516129032258,0.0,0.3064516129032258
organ,0.05405405405405406,0.23423423423423426,0.05405405405405406,0.009009009009009009,0.3423423423423424,0.07207207207207207,0.02702702702702703,0.20720720720720723
messrs.,0.09523809523809523,0.16666666666666666,0.047619047619047616,0.023809523809523808,0.2380952380952381,0.11904761904761905,0.07142857142857142,0.2380952380952381
limited,0.2543689320388349,0.0932038834951456,0.060194174757281546,0.0116504854368932,0.11262135922330097,0.23883495145631067,0.034951456310679606,0.19417475728155337
house,0.07142857142857142,0.18571428571428572,0.05306122448979592,0.08979591836734693,0.17755102040816326,0.07346938775510205,0.07142857142857142,0.27755102040816326
services,0.05084745762711864,0.2288135593220339,0.02542372881355932,0.05084745762711864,0.19491525423728812,0.06779661016949153,0.06779661016949153,0.3135593220338983
buildings,0.04424778761061947,0.17699115044247787,0.04424778761061947,0.10619469026548672,0.168141592920354,0.10619469026548672,0.09734513274336283,0.25663716814159293
page,0.025641025641025637,0.1846153846153846,0.035897435897435895,0.1282051282051282,0.11794871794871793,0.1282051282051282,0.10769230769230767,0.2717948717948718
13,0.08227848101265824,0.15822784810126583,0.08860759493670887,0.08227848101265824,0.1708860759493671,0.06962025316455697,0.06962025316455697,0.2784810126582279
ii,0.0,0.2380952380952381,0.023809523809523808,0.11904761904761905,0.19047619047619047,0.11904761904761905,0.047619047619047616,0.2619047619047619
exterior,0.12195121951219513,0.1951219512195122,0.04878048780487805,0.024390243902439025,0.17073170731707318,0.07317073170731707,0.04878048780487805,0.3170731707317073
41,0.06896551724137931,0.12643678160919541,0.06896551724137931,0.08045977011494254,0.20689655172413798,0.10344827586206899,0.02298850574712644,0.32183908045977017
interior,0.03636363636363636,0.08636363636363636,0.16363636363636364,0.04090909090909091,0.22272727272727272,0.06363636363636363,0.004545454545454545,0.3818181818181818
57,0.05063291139240506,0.08860759493670887,0.12658227848101267,0.06329113924050633,0.20253164556962025,0.05063291139240506,0.02531645569620253,0.3924050632911393
diocese,0.01818181818181818,0.20606060606060606,0.048484848484848485,0.03636363636363636,0.22424242424242424,0.07272727272727272,0.03636363636363636,0.3575757575757576
103,0.020833333333333332,0.08333333333333333,0.125,0.020833333333333332,0.2916666666666667,0.041666666666666664,0.0,0.4166666666666667
priory,0.0588235294117647,0.12499999999999997,0.0661764705882353,0.08823529411764705,0.19117647058823528,0.09558823529411764,0.044117647058823525,0.33088235294117646
seal,0.017857142857142856,0.07142857142857142,0.10714285714285714,0.017857142857142856,0.25,0.03571428571428571,0.0,0.5
vestments,0.03529411764705882,0.12941176470588237,0.08235294117647059,0.047058823529411764,0.25882352941176473,0.05882352941176471,0.03529411764705882,0.35294117647058826
plate,0.024691358024691357,0.14814814814814814,0.08641975308641975,0.037037037037037035,0.2716049382716049,0.024691358024691357,0.0617283950617284,0.345679012345679
ornaments,0.02727272727272727,0.16363636363636366,0.06363636363636364,0.06363636363636364,0.24545454545454548,0.045454545454545456,0.07272727272727272,0.3181818181818182
105,0.021739130434782605,0.08695652173913042,0.13043478260869562,0.021739130434782605,0.3043478260869565,0.04347826086956521,0.0,0.391304347826087
v.,0.0880503144654088,0.11320754716981132,0.07547169811320754,0.14465408805031446,0.1761006289308176,0.12578616352201258,0.006289308176100628,0.27044025157232704
111,0.021739130434782605,0.08695652173913042,0.13043478260869562,0.021739130434782605,0.3043478260869565,0.04347826086956521,0.0,0.391304347826087
index,0.020833333333333332,0.08333333333333333,0.125,0.020833333333333332,0.3125,0.041666666666666664,0.0,0.39583333333333337
113,0.021739130434782605,0.08695652173913042,0.13043478260869562,0.021739130434782605,0.3043478260869565,0.04347826086956521,0.0,0.391304347826087
frontispiece,0.021739130434782605,0.08695652173913042,0.13043478260869562,0.021739130434782605,0.3043478260869565,0.04347826086956521,0.0,0.391304347826087
arms,0.05990783410138249,0.12442396313364056,0.09216589861751152,0.10138248847926266,0.20737327188940094,0.08294930875576037,0.03225806451612903,0.2995391705069125
title-page,0.021739130434782605,0.08695652173913042,0.13043478260869562,0.021739130434782605,0.3043478260869565,0.04347826086956521,0.0,0.391304347826087
12,0.0625,0.1125,0.08125,0.0875,0.19999999999999998,0.1125,0.04375,0.3
1660,0.021739130434782605,0.08695652173913042,0.13043478260869562,0.021739130434782605,0.3043478260869565,0.04347826086956521,0.0,0.391304347826087
former,0.07894736842105264,0.14912280701754385,0.08333333333333334,0.11842105263157895,0.13596491228070176,0.07894736842105264,0.02631578947368421,0.32894736842105265
western,0.05405405405405406,0.14414414414414414,0.10810810810810811,0.05405405405405406,0.22522522522522526,0.07207207207207207,0.02702702702702703,0.3153153153153153
doorway,0.030120481927710847,0.14457831325301204,0.12650602409638556,0.054216867469879526,0.23493975903614459,0.054216867469879526,0.024096385542168676,0.3313253012048193
18,0.05357142857142857,0.16071428571428573,0.09821428571428571,0.08035714285714286,0.16071428571428573,0.09821428571428571,0.026785714285714284,0.32142857142857145
1740,0.01923076923076923,0.11538461538461538,0.11538461538461538,0.01923076923076923,0.30769230769230765,0.03846153846153846,0.0,0.38461538461538464
27,0.01923076923076923,0.09615384615384616,0.1346153846153846,0.01923076923076923,0.30769230769230765,0.03846153846153846,0.0,0.38461538461538464
looking,0.0467032967032967,0.18956043956043958,0.07692307692307693,0.0879120879120879,0.19505494505494506,0.09065934065934066,0.049450549450549455,0.26373626373626374
29,0.03333333333333333,0.15555555555555556,0.08888888888888888,0.03333333333333333,0.2222222222222222,0.04444444444444444,0.02222222222222222,0.4
nave,0.05047318611987381,0.09779179810725551,0.11671924290220818,0.07886435331230283,0.23343848580441637,0.06624605678233438,0.009463722397476339,0.34700315457413244
1831,0.049999999999999996,0.09999999999999999,0.13333333333333333,0.06666666666666667,0.25,0.06666666666666667,0.0,0.33333333333333337
31,0.0625,0.15625,0.0625,0.041666666666666664,0.18750000000000003,0.0625,0.020833333333333332,0.40625
37,0.021739130434782605,0.08695652173913042,0.13043478260869562,0.021739130434782605,0.3043478260869565,0.04347826086956521,0.0,0.391304347826087
40,0.03571428571428571,0.11904761904761905,0.09523809523809523,0.07142857142857142,0.2261904761904762,0.09523809523809523,0.0,0.35714285714285715
south-west,0.042105263157894736,0.12631578947368421,0.0736842105263158,0.052631578947368425,0.26315789473684215,0.031578947368421054,0.052631578947368425,0.35789473684210527
north-east,0.03703703703703704,0.07407407407407408,0.12962962962962965,0.03703703703703704,0.2777777777777778,0.05555555555555556,0.01851851851851852,0.3703703703703704
45,0.08108108108108109,0.09009009009009009,0.13513513513513511,0.09009009009009009,0.18018018018018017,0.0990990990990991,0.036036036036036036,0.2882882882882883
south-western,0.021739130434782605,0.08695652173913042,0.13043478260869562,0.021739130434782605,0.3043478260869565,0.04347826086956521,0.0,0.391304347826087
porch,0.06382978723404255,0.1276595744680851,0.10638297872340426,0.05319148936170213,0.22340425531914893,0.07446808510638298,0.0425531914893617,0.30851063829787234
50,0.08181818181818183,0.1272727272727273,0.07272727272727272,0.07272727272727272,0.19090909090909092,0.10909090909090909,0.03636363636363636,0.3090909090909091
remains,0.024390243902439025,0.0926829268292683,0.1853658536585366,0.1902439024390244,0.10243902439024391,0.05365853658536585,0.029268292682926828,0.32195121951219513
prior,0.0710059171597633,0.15384615384615383,0.08284023668639053,0.07692307692307691,0.19526627218934908,0.09467455621301774,0.04142011834319526,0.2840236686390532
53,0.0196078431372549,0.0784313725490196,0.11764705882352941,0.0196078431372549,0.3137254901960784,0.0392156862745098,0.0,0.4117647058823529
transepts,0.04807692307692308,0.10576923076923077,0.07692307692307691,0.028846153846153844,0.27884615384615385,0.04807692307692308,0.0,0.4134615384615385
north,0.026402640264026403,0.13201320132013203,0.09900990099009901,0.052805280528052806,0.26732673267326734,0.05940594059405941,0.019801980198019802,0.3432343234323433
56,0.021739130434782605,0.08695652173913042,0.13043478260869562,0.021739130434782605,0.3043478260869565,0.04347826086956521,0.0,0.391304347826087
choir,0.02131782945736434,0.08527131782945736,0.07364341085271318,0.03875968992248063,0.32170542635658916,0.054263565891472874,0.017441860465116282,0.3875968992248063
aisle,0.016949152542372885,0.08474576271186443,0.11016949152542375,0.05932203389830509,0.22881355932203395,0.05932203389830509,0.05084745762711865,0.38983050847457634
vault,0.05084745762711864,0.11016949152542373,0.10169491525423728,0.17796610169491525,0.1610169491525424,0.10169491525423728,0.03389830508474576,0.2627118644067797
59,0.021739130434782605,0.08695652173913042,0.13043478260869562,0.021739130434782605,0.3043478260869565,0.04347826086956521,0.0,0.391304347826087
john,0.02985074626865671,0.1417910447761194,0.3097014925373134,0.026119402985074622,0.1417910447761194,0.05597014925373133,0.04850746268656716,0.24626865671641787
gower,0.02857142857142857,0.08571428571428572,0.17142857142857143,0.05714285714285714,0.22857142857142856,0.08571428571428572,0.014285714285714285,0.32857142857142857
monument,0.0501930501930502,0.1003861003861004,0.13127413127413126,0.0694980694980695,0.2355212355212355,0.08108108108108109,0.019305019305019305,0.3127413127413127
63,0.021739130434782605,0.08695652173913042,0.13043478260869562,0.021739130434782605,0.3043478260869565,0.04347826086956521,0.0,0.391304347826087
65,0.021739130434782605,0.08695652173913042,0.13043478260869562,0.021739130434782605,0.3043478260869565,0.04347826086956521,0.0,0.391304347826087
font,0.017857142857142856,0.10714285714285714,0.125,0.017857142857142856,0.30357142857142855,0.03571428571428571,0.017857142857142856,0.375
thirteenth-century,0.02040816326530612,0.10204081632653061,0.12244897959183673,0.02040816326530612,0.2857142857142857,0.04081632653061224,0.0,0.40816326530612246
wall,0.07396449704142011,0.16863905325443784,0.08284023668639053,0.1390532544378698,0.17455621301775145,0.08284023668639053,0.04437869822485206,0.23372781065088755
arcade,0.01851851851851852,0.11111111111111112,0.11111111111111112,0.01851851851851852,0.29629629629629634,0.03703703703703704,0.0,0.40740740740740744
67,0.01886792452830189,0.07547169811320756,0.13207547169811323,0.01886792452830189,0.30188679245283023,0.03773584905660378,0.0,0.4150943396226416
altar,0.034482758620689655,0.2,0.06896551724137931,0.0896551724137931,0.21724137931034482,0.05517241379310344,0.02413793103448276,0.3103448275862069
screen,0.07228915662650602,0.1566265060240964,0.07228915662650602,0.048192771084337345,0.24096385542168675,0.048192771084337345,0.048192771084337345,0.3132530120481928
70,0.021739130434782605,0.08695652173913042,0.13043478260869562,0.021739130434782605,0.3043478260869565,0.04347826086956521,0.0,0.391304347826087
triforium,0.016666666666666666,0.09999999999999999,0.11666666666666667,0.016666666666666666,0.3166666666666667,0.049999999999999996,0.0,0.3833333333333333
clerestory,0.02777777777777778,0.08333333333333334,0.11111111111111112,0.05555555555555556,0.3055555555555556,0.05555555555555556,0.02777777777777778,0.33333333333333337
71,0.021739130434782605,0.08695652173913042,0.13043478260869562,0.021739130434782605,0.3043478260869565,0.04347826086956521,0.0,0.391304347826087
humble,0.04395604395604395,0.09890109890109891,0.16483516483516483,0.054945054945054944,0.2087912087912088,0.14285714285714285,0.010989010989010988,0.27472527472527475
ornament,0.05263157894736842,0.08771929824561404,0.12280701754385966,0.05263157894736842,0.2807017543859649,0.05263157894736842,0.017543859649122806,0.33333333333333337
74,0.05319148936170213,0.18085106382978722,0.07446808510638298,0.05319148936170213,0.18085106382978722,0.06382978723404255,0.031914893617021274,0.36170212765957444
lady,0.043478260869565216,0.14492753623188406,0.04710144927536232,0.08695652173913043,0.19927536231884055,0.08333333333333333,0.05797101449275362,0.33695652173913043
chapel,0.05095541401273885,0.13694267515923567,0.05095541401273885,0.11146496815286623,0.19745222929936304,0.10509554140127388,0.03184713375796178,0.31528662420382164
retro-choir,0.04424778761061947,0.15044247787610618,0.05309734513274336,0.05309734513274336,0.24778761061946902,0.05309734513274336,0.02654867256637168,0.37168141592920356
75,0.021739130434782605,0.08695652173913042,0.13043478260869562,0.021739130434782605,0.3043478260869565,0.04347826086956521,0.0,0.391304347826087
tomb,0.06779661016949153,0.10169491525423728,0.06779661016949153,0.07627118644067797,0.17796610169491525,0.23728813559322035,0.01694915254237288,0.2542372881355932
andrewes,0.048192771084337345,0.09638554216867469,0.07228915662650602,0.07228915662650602,0.21686746987951808,0.1325301204819277,0.024096385542168672,0.3373493975903614
77,0.043478260869565216,0.11956521739130435,0.09782608695652174,0.09782608695652174,0.2065217391304348,0.06521739130434782,0.010869565217391304,0.3586956521739131
martyrs,0.029411764705882353,0.08823529411764706,0.10294117647058824,0.04411764705882353,0.26470588235294124,0.07352941176470588,0.04411764705882353,0.35294117647058826
window,0.05025125628140703,0.13065326633165827,0.0879396984924623,0.0728643216080402,0.20603015075376882,0.0879396984924623,0.04271356783919597,0.321608040201005
saunders,0.021739130434782605,0.08695652173913042,0.13043478260869562,0.021739130434782605,0.3043478260869565,0.04347826086956521,0.0,0.391304347826087
ferrar,0.021739130434782605,0.08695652173913042,0.13043478260869562,0.021739130434782605,0.3043478260869565,0.04347826086956521,0.0,0.391304347826087
taylor,0.017543859649122806,0.10526315789473684,0.10526315789473684,0.03508771929824561,0.2982456140350877,0.07017543859649122,0.0,0.368421052631579
79,0.021739130434782605,0.08695652173913042,0.13043478260869562,0.021739130434782605,0.3043478260869565,0.04347826086956521,0.0,0.391304347826087
commemorating,0.03571428571428572,0.10714285714285715,0.12500000000000003,0.01785714285714286,0.28571428571428575,0.03571428571428572,0.01785714285714286,0.37500000000000006
king,0.09846547314578004,0.17519181585677748,0.08312020460358056,0.11508951406649616,0.159846547314578,0.10230179028132992,0.08439897698209718,0.1815856777493606
laud,0.020833333333333332,0.08333333333333333,0.125,0.020833333333333332,0.2916666666666667,0.041666666666666664,0.0,0.4166666666666667
becket,0.03703703703703704,0.0925925925925926,0.11111111111111112,0.03703703703703704,0.2777777777777778,0.05555555555555556,0.0,0.38888888888888895
80,0.021739130434782605,0.08695652173913042,0.13043478260869562,0.021739130434782605,0.3043478260869565,0.04347826086956521,0.0,0.391304347826087
effigy,0.13157894736842107,0.10526315789473685,0.09210526315789475,0.052631578947368425,0.2236842105263158,0.09210526315789475,0.0,0.3026315789473684
mailed,0.042553191489361694,0.08510638297872339,0.12765957446808507,0.021276595744680847,0.29787234042553185,0.042553191489361694,0.0,0.3829787234042553
knight,0.042553191489361694,0.08510638297872339,0.12765957446808507,0.021276595744680847,0.29787234042553185,0.042553191489361694,0.0,0.3829787234042553
82,0.021739130434782605,0.08695652173913042,0.13043478260869562,0.021739130434782605,0.3043478260869565,0.04347826086956521,0.0,0.391304347826087
trehearne,0.03333333333333333,0.09999999999999999,0.11666666666666667,0.016666666666666666,0.26666666666666666,0.08333333333333334,0.0,0.3833333333333333
83,0.021739130434782605,0.08695652173913042,0.13043478260869562,0.021739130434782605,0.3043478260869565,0.04347826086956521,0.0,0.391304347826087
harvard,0.015037593984962405,0.27067669172932335,0.11278195488721804,0.015037593984962405,0.17293233082706766,0.03007518796992481,0.03007518796992481,0.3533834586466165
85,0.021739130434782605,0.08695652173913042,0.13043478260869562,0.021739130434782605,0.3043478260869565,0.04347826086956521,0.0,0.391304347826087
carved,0.044117647058823525,0.08823529411764705,0.08823529411764705,0.044117647058823525,0.2647058823529412,0.07352941176470587,0.014705882352941175,0.38235294117647056
bosses,0.041666666666666664,0.08333333333333333,0.12499999999999999,0.020833333333333332,0.29166666666666663,0.041666666666666664,0.0,0.3958333333333333
ceiling,0.08888888888888888,0.12222222222222222,0.1,0.06666666666666667,0.2222222222222222,0.06666666666666667,0.01111111111111111,0.32222222222222224
old,0.08532778355879292,0.19042663891779396,0.05931321540062435,0.10822060353798128,0.149843912591051,0.09157127991675339,0.06139438085327784,0.25390218522372526
fifteenth,0.021739130434782605,0.08695652173913042,0.13043478260869562,0.021739130434782605,0.3043478260869565,0.04347826086956521,0.0,0.391304347826087
century,0.10344827586206898,0.12539184952978058,0.06896551724137931,0.13166144200626959,0.16300940438871475,0.12225705329153605,0.028213166144200632,0.25705329153605017
90,0.09375,0.109375,0.09375,0.015625,0.265625,0.046875,0.046875,0.328125
austin,0.037037037037037035,0.1234567901234568,0.1234567901234568,0.012345679012345678,0.2716049382716049,0.07407407407407407,0.024691358024691357,0.33333333333333337
transept,0.05555555555555556,0.12500000000000003,0.10416666666666667,0.0763888888888889,0.22916666666666669,0.0763888888888889,0.02777777777777778,0.3055555555555556
91,0.021739130434782605,0.08695652173913042,0.13043478260869562,0.021739130434782605,0.3043478260869565,0.04347826086956521,0.0,0.391304347826087
cardinal,0.01639344262295082,0.09836065573770492,0.13114754098360656,0.03278688524590164,0.2786885245901639,0.03278688524590164,0.0,0.40983606557377056
beaufort,0.016666666666666666,0.09999999999999999,0.15000000000000002,0.03333333333333333,0.26666666666666666,0.049999999999999996,0.0,0.3833333333333333
96,0.021739130434782605,0.08695652173913042,0.13043478260869562,0.021739130434782605,0.3043478260869565,0.04347826086956521,0.0,0.391304347826087
map,0.02127659574468085,0.0851063829787234,0.1276595744680851,0.02127659574468085,0.2978723404255319,0.0425531914893617,0.0,0.4042553191489362
98,0.021739130434782605,0.08695652173913042,0.13043478260869562,0.021739130434782605,0.3043478260869565,0.04347826086956521,0.0,0.391304347826087
takes,0.06382978723404256,0.25531914893617025,0.014184397163120567,0.07092198581560284,0.1631205673758865,0.0425531914893617,0.06382978723404256,0.326241134751773
us,0.10722263588979895,0.17311988086373786,0.05100521221146686,0.15152643335815338,0.11280714817572597,0.12062546537602381,0.07706626954579299,0.20662695457930005
back,0.11351351351351352,0.1837837837837838,0.05945945945945947,0.1693693693693694,0.0990990990990991,0.14414414414414417,0.05585585585585587,0.1747747747747748
days,0.11408450704225354,0.2098591549295775,0.05352112676056339,0.10140845070422537,0.1211267605633803,0.10845070422535212,0.08450704225352114,0.2070422535211268
bridge,0.08333333333333334,0.20833333333333334,0.016666666666666666,0.09166666666666667,0.15833333333333335,0.10833333333333334,0.058333333333333334,0.275
stow,0.0625,0.25,0.03125,0.0625,0.21875,0.03125,0.03125,0.3125
last,0.09852941176470588,0.21176470588235297,0.060294117647058824,0.12794117647058825,0.10441176470588236,0.11764705882352942,0.09705882352941177,0.1823529411764706
gives,0.06451612903225806,0.12258064516129033,0.05161290322580645,0.1032258064516129,0.13548387096774195,0.11612903225806452,0.03870967741935484,0.36774193548387096
following,0.0911214953271028,0.21728971962616825,0.0677570093457944,0.1191588785046729,0.10280373831775702,0.10046728971962618,0.053738317757009345,0.24766355140186916
winchester,0.08333333333333334,0.16666666666666669,0.08333333333333334,0.08333333333333334,0.19444444444444448,0.06944444444444445,0.06944444444444445,0.25000000000000006
called,0.09922480620155039,0.15658914728682172,0.06666666666666668,0.12868217054263567,0.124031007751938,0.12093023255813953,0.04961240310077519,0.25426356589147286
place,0.10070921985815603,0.1829787234042553,0.053900709219858164,0.11631205673758865,0.13333333333333333,0.09645390070921986,0.055319148936170216,0.26099290780141843
time,0.07481215289121201,0.36262659261679187,0.04540999673309375,0.10421430904933027,0.09637373407383208,0.09474028095393662,0.04900359359686376,0.17281934008493954
long,0.06397306397306397,0.36784511784511786,0.04966329966329966,0.09764309764309764,0.09932659932659932,0.09006734006734007,0.05218855218855219,0.17929292929292928
sisters,0.14705882352941174,0.2941176470588235,0.0,0.1176470588235294,0.14705882352941174,0.0588235294117647,0.02941176470588235,0.20588235294117646
founded,0.06349206349206349,0.28571428571428575,0.031746031746031744,0.07936507936507936,0.15873015873015872,0.06349206349206349,0.06349206349206349,0.25396825396825395
left,0.09417040358744395,0.20179372197309417,0.053811659192825115,0.14499252615844546,0.1210762331838565,0.11659192825112108,0.06726457399103139,0.20029895366218237
cross,0.17821782178217824,0.11881188118811882,0.019801980198019802,0.19306930693069307,0.09900990099009903,0.21782178217821785,0.04455445544554456,0.12871287128712874
ferry,0.14285714285714285,0.2857142857142857,0.0,0.11428571428571428,0.11428571428571428,0.05714285714285714,0.02857142857142857,0.2571428571428572
kept,0.0726643598615917,0.1972318339100346,0.03806228373702422,0.12110726643598617,0.1384083044982699,0.11418685121107267,0.07958477508650519,0.2387543252595156
built,0.08173076923076922,0.21153846153846154,0.028846153846153844,0.11057692307692307,0.12980769230769232,0.0673076923076923,0.07211538461538461,0.2980769230769231
stone,0.3197278911564626,0.1292517006802721,0.034013605442176874,0.07482993197278912,0.07482993197278912,0.10884353741496598,0.02040816326530612,0.23809523809523808
year,0.06222222222222223,0.20000000000000004,0.04000000000000001,0.10666666666666667,0.1511111111111111,0.11555555555555558,0.08000000000000002,0.24444444444444446
canons,0.06410256410256411,0.16666666666666669,0.07692307692307693,0.10256410256410256,0.1153846153846154,0.07692307692307693,0.05128205128205128,0.3461538461538462
william,0.04918032786885246,0.21311475409836067,0.03278688524590164,0.05737704918032788,0.13934426229508196,0.04918032786885246,0.04918032786885246,0.40983606557377056
de,0.08494208494208494,0.14285714285714285,0.0501930501930502,0.1583011583011583,0.12355212355212354,0.0888030888030888,0.03861003861003861,0.3127413127413127
arch,0.06976744186046512,0.11627906976744187,0.09302325581395349,0.06976744186046512,0.13953488372093023,0.09302325581395349,0.06976744186046512,0.3488372093023256
immediately,0.06593406593406594,0.3882783882783883,0.054945054945054944,0.1282051282051282,0.054945054945054944,0.0879120879120879,0.062271062271062265,0.15750915750915753
means,0.10638297872340427,0.1648936170212766,0.026595744680851068,0.1223404255319149,0.10904255319148937,0.08776595744680853,0.05851063829787235,0.324468085106383
used,0.12092130518234168,0.14779270633397315,0.0652591170825336,0.14587332053742805,0.09980806142034551,0.126679462571977,0.06142034548944338,0.2322456813819578
case,0.08223972003499563,0.12248468941382328,0.02799650043744532,0.28083989501312334,0.06124234470691164,0.23709536307961507,0.02799650043744532,0.16010498687664043
first,0.08520648196549921,0.18923157344485103,0.05488761108207005,0.12336644014636697,0.11500261369576581,0.11238891792995297,0.06325143753267119,0.2566649242028228
roman,0.047619047619047616,0.2857142857142857,0.023809523809523808,0.09523809523809523,0.14285714285714285,0.09523809523809523,0.023809523809523808,0.2857142857142857
structure,0.06299212598425197,0.13385826771653542,0.031496062992125984,0.08661417322834646,0.09448818897637795,0.12598425196850394,0.047244094488188976,0.41732283464566927
among,0.08469055374592833,0.15960912052117263,0.052117263843648204,0.13680781758957652,0.12703583061889248,0.10097719869706841,0.06840390879478826,0.2703583061889251
later,0.08366533864541834,0.19123505976095617,0.04780876494023904,0.10358565737051795,0.1553784860557769,0.12350597609561755,0.05577689243027889,0.23904382470119523
site,0.03636363636363636,0.19999999999999998,0.01818181818181818,0.054545454545454536,0.18181818181818182,0.08181818181818182,0.03636363636363636,0.39090909090909093
discovered,0.11538461538461539,0.1730769230769231,0.038461538461538464,0.11538461538461539,0.13461538461538464,0.09615384615384616,0.038461538461538464,0.2884615384615385
corner,0.0625,0.09375,0.0625,0.125,0.125,0.125,0.125,0.28125000000000006
still,0.09342560553633217,0.17647058823529413,0.05767012687427912,0.11649365628604383,0.14878892733564011,0.10149942329873125,0.06113033448673587,0.24452133794694347
pavement,0.029411764705882353,0.14705882352941177,0.0,0.08823529411764706,0.17647058823529413,0.058823529411764705,0.029411764705882353,0.47058823529411764
near,0.09148936170212767,0.1468085106382979,0.057446808510638304,0.17021276595744683,0.1319148936170213,0.14468085106382977,0.08085106382978724,0.17659574468085107
entrance,0.08029197080291972,0.14598540145985403,0.06569343065693432,0.13138686131386865,0.17518248175182483,0.09489051094890512,0.07299270072992702,0.23357664233576644
south,0.05022831050228311,0.13242009132420093,0.07305936073059362,0.07762557077625572,0.21004566210045664,0.08219178082191783,0.05479452054794521,0.31963470319634707
important,0.07731958762886597,0.1134020618556701,0.03092783505154639,0.11082474226804125,0.07731958762886597,0.09020618556701031,0.023195876288659795,0.4768041237113402
known,0.05743243243243242,0.2297297297297297,0.05743243243243242,0.10472972972972971,0.15878378378378377,0.09459459459459459,0.07770270270270269,0.21959459459459457
great,0.09124087591240876,0.18467153284671534,0.05766423357664234,0.12846715328467154,0.14525547445255474,0.10802919708029196,0.06642335766423357,0.21824817518248174
many,0.08432432432432432,0.16864864864864865,0.057297297297297295,0.12972972972972974,0.12324324324324323,0.12540540540540543,0.06486486486486487,0.24648648648648647
made,0.0893914916532041,0.1787829833064082,0.05277329025309639,0.12493268712977923,0.13139472267097468,0.10608508346795907,0.07969843834141088,0.23694130317716747
principal,0.032,0.112,0.008,0.04,0.152,0.07200000000000001,0.056,0.528
conjecture,0.0,0.37209302325581395,0.023255813953488372,0.06976744186046512,0.18604651162790697,0.046511627906976744,0.046511627906976744,0.2558139534883721
early,0.04678362573099415,0.152046783625731,0.03508771929824561,0.13450292397660818,0.19883040935672514,0.0760233918128655,0.058479532163742694,0.29824561403508776
churches,0.05263157894736842,0.10526315789473684,0.05263157894736842,0.15789473684210525,0.15789473684210525,0.15789473684210525,0.07894736842105263,0.2368421052631579
