,anger,anticipation,disgust,fear,joy,sadness,surprise,trust
project,0.1233866804336603,0.16868869385647908,0.051368094992256065,0.05020650490449148,0.10531750129065565,0.07679401135776974,0.01819824470831182,0.4060402684563758
gutenberg,0.08825012607160868,0.2254160363086233,0.05143721633888049,0.0524457892082703,0.07413010590015129,0.1200201714573878,0.011598587997982857,0.3767019667170953
ebook,0.0583756345177665,0.1903553299492386,0.06218274111675127,0.05964467005076142,0.12182741116751268,0.0799492385786802,0.03680203045685279,0.39086294416243655
book,0.08486238532110091,0.16341743119266056,0.08199541284403669,0.10722477064220183,0.15424311926605502,0.0911697247706422,0.07339449541284403,0.24369266055045868
household,0.07797270955165692,0.1585445094217024,0.08382066276803118,0.09486679662118258,0.15984405458089668,0.09941520467836257,0.07602339181286549,0.24951267056530213
management,0.05571030640668524,0.15877437325905291,0.06267409470752089,0.059888579387186634,0.18941504178272983,0.0584958217270195,0.07799442896935935,0.3370473537604457
mrs.,0.07349011223944414,0.17584179583110635,0.059593800106894704,0.09727418492784608,0.17263495456974878,0.10154997327632281,0.09941207910208445,0.22020309994655266
beeton,0.02702702702702703,0.16216216216216217,0.08108108108108109,0.0,0.08108108108108109,0.02702702702702703,0.0,0.6216216216216216
use,0.08922106738292654,0.17213593366810698,0.08303164778699054,0.09868036902954572,0.166997547588462,0.08560084082681303,0.06890108606796684,0.23543150764918838
cost,0.10103626943005183,0.15544041450777202,0.06282383419689119,0.10686528497409326,0.15738341968911918,0.09261658031088082,0.08484455958549224,0.2389896373056995
almost,0.09977124758050326,0.15044870666901286,0.079535456625022,0.13601970790075665,0.1372514516980468,0.1302129157135316,0.079535456625022,0.1872250571881049
may,0.08392043099875673,0.16924989639452964,0.0722337339411521,0.11098217985909656,0.1552838789888106,0.0981765437215085,0.06817239950269374,0.24198093659345213
copy,0.1766233766233766,0.10779220779220777,0.07727272727272726,0.06818181818181818,0.055194805194805185,0.07727272727272726,0.03636363636363636,0.4012987012987012
give,0.07945940764880667,0.1721460749544714,0.0790760088181731,0.10342183456340458,0.15508482699127768,0.09441196204351576,0.0735167257739864,0.2428831592063644
away,0.10290674990245807,0.15606710885680844,0.08398361295357003,0.13841201716738197,0.1316816230979321,0.1316816230979321,0.07461958642216153,0.18064767850175575
terms,0.11288963774220724,0.13310867733782644,0.05139005897219882,0.07540016849199663,0.14111204717775905,0.06529064869418702,0.05349620893007582,0.36731255265374896
license,0.10813397129186603,0.2133971291866029,0.06411483253588518,0.08995215311004785,0.11578947368421053,0.09856459330143541,0.0354066985645933,0.2746411483253589
included,0.11242603550295859,0.17159763313609466,0.08579881656804733,0.11242603550295859,0.12721893491124261,0.09763313609467457,0.05621301775147929,0.2366863905325444
title,0.044226044226044224,0.16707616707616707,0.05896805896805896,0.06388206388206388,0.1375921375921376,0.06633906633906633,0.05405405405405405,0.4078624078624078
author,0.07932692307692307,0.14182692307692307,0.06971153846153845,0.0985576923076923,0.09134615384615384,0.08173076923076923,0.06009615384615384,0.37740384615384615
date,0.045608108108108114,0.19594594594594594,0.0472972972972973,0.06587837837837839,0.16722972972972974,0.09290540540540541,0.05405405405405406,0.3310810810810811
november,0.08308605341246292,0.13946587537091987,0.11275964391691394,0.10979228486646883,0.12462908011869435,0.11869436201780416,0.086053412462908,0.22551928783382788
19,0.12230769230769231,0.11307692307692307,0.1,0.11538461538461539,0.10923076923076923,0.10230769230769231,0.05153846153846154,0.28615384615384615
last,0.09783757808745794,0.1636713118692936,0.07111965401249398,0.12638154733301296,0.14243152330610281,0.11379144641999038,0.07467563671311868,0.2100913022585295
july,0.07322175732217573,0.19246861924686193,0.07112970711297072,0.08786610878661087,0.13598326359832635,0.08368200836820083,0.0794979079497908,0.27615062761506276
4,0.10552959501557632,0.14797507788161993,0.08683800623052959,0.10475077881619937,0.14914330218068536,0.09034267912772585,0.0693146417445483,0.2461059190031153
language,0.11657559198542805,0.15391621129326047,0.07012750455373407,0.12386156648451731,0.13752276867030966,0.0947176684881603,0.07194899817850638,0.23132969034608378
english,0.08406453439003679,0.15878856495895838,0.072459666006227,0.09878290404755165,0.17662043589017828,0.0888763090857628,0.0761392584206057,0.24426832720067929
set,0.11278436398590196,0.15011214354373598,0.07529637936558796,0.12960589554629925,0.14017942966997757,0.10333226529958346,0.06231976930471003,0.22636975328420378
start,0.06790123456790123,0.3580246913580246,0.045679012345679004,0.09012345679012344,0.09629629629629628,0.08518518518518517,0.07777777777777777,0.1790123456790123
prepared,0.06777493606138107,0.28069053708439895,0.05051150895140665,0.07097186700767263,0.10358056265984655,0.05946291560102302,0.049872122762148335,0.3171355498721227
brown,0.08250955581916435,0.15302491103202845,0.07249242124686964,0.09582180044813496,0.17872676947410043,0.08764992750757876,0.07987346777382363,0.24990114669829971
distributed,0.04339250493096647,0.2603550295857988,0.049309664694280074,0.08086785009861933,0.15187376725838264,0.05128205128205128,0.021696252465483234,0.3412228796844181
information,0.057315233785822026,0.1779788838612368,0.043740573152337855,0.09728506787330317,0.12669683257918551,0.08371040723981901,0.041478129713423836,0.3717948717948718
mistress,0.16235150776728602,0.13767895217788606,0.16204690831556504,0.07310386841303686,0.1419433445019799,0.07188547060615291,0.06670727992689614,0.18428266829119708
housekeeper,0.06887417218543047,0.15894039735099338,0.0781456953642384,0.08741721854304636,0.16821192052980133,0.09668874172185431,0.0781456953642384,0.2635761589403974
cook,0.062409288824383166,0.17561683599419448,0.07111756168359942,0.07474600870827286,0.19013062409288825,0.08127721335268506,0.08345428156748912,0.2612481857764877
kitchen-maid,0.05769230769230769,0.19230769230769232,0.09615384615384616,0.038461538461538464,0.13461538461538464,0.05769230769230769,0.038461538461538464,0.38461538461538464
butler,0.04280155642023346,0.15953307392996105,0.046692607003891044,0.054474708171206226,0.19066147859922178,0.054474708171206226,0.07782101167315175,0.37354085603112835
footman,0.09716599190283401,0.12955465587044537,0.09311740890688261,0.08502024291497977,0.1133603238866397,0.10121457489878544,0.048582995951417005,0.3319838056680162
coachman,0.056140350877192984,0.15087719298245614,0.06315789473684211,0.07368421052631578,0.1824561403508772,0.07368421052631578,0.07368421052631578,0.3263157894736842
valet,0.08928571428571429,0.16071428571428573,0.08571428571428572,0.06785714285714287,0.17142857142857143,0.075,0.08928571428571429,0.26071428571428573
upper,0.07635009310986965,0.14152700186219738,0.0931098696461825,0.09807572936064557,0.16449410304158907,0.11669770328988206,0.08069522036002484,0.22905027932960895
lady's-maid,0.13043478260869562,0.18260869565217389,0.13043478260869562,0.03478260869565217,0.1217391304347826,0.0608695652173913,0.043478260869565216,0.2956521739130435
maid-of-all-work,0.075,0.1410714285714286,0.09285714285714286,0.08928571428571429,0.18214285714285716,0.09107142857142858,0.075,0.25357142857142856
laundry-maid,0.02631578947368421,0.15789473684210525,0.07894736842105263,0.05263157894736842,0.15789473684210525,0.10526315789473684,0.02631578947368421,0.39473684210526316
nurse,0.06791214339813179,0.1497096692754355,0.07498106538752841,0.0977026003534461,0.17722797273415802,0.1007321383489018,0.07397121938904318,0.2577631911133552
monthly,0.06515837104072399,0.14841628959276018,0.08325791855203621,0.0904977375565611,0.18733031674208145,0.0914027149321267,0.07782805429864253,0.2561085972850679
wet,0.08044806517311609,0.1435845213849287,0.09775967413441955,0.1089613034623218,0.15784114052953158,0.11405295315682282,0.07739307535641547,0.219959266802444
sick,0.07422046552481334,0.1198945981554677,0.17391304347826084,0.10364514712340797,0.11945542380324989,0.19148001756697408,0.05797101449275362,0.15942028985507245
nurses,0.10377358490566037,0.15566037735849056,0.08962264150943396,0.12264150943396226,0.1320754716981132,0.12264150943396226,0.04716981132075472,0.22641509433962262
also,0.07840920768677423,0.16462850683383,0.0732709896207995,0.11519884903915323,0.15620182920563147,0.09844825814407564,0.06412496146336451,0.24971739800637138
sanitary,0.08264462809917356,0.10743801652892562,0.1487603305785124,0.11570247933884299,0.11570247933884299,0.10743801652892562,0.01652892561983471,0.30578512396694213
medical,0.06323337679269882,0.17014341590612775,0.07301173402868318,0.1225554106910039,0.15710560625814862,0.08148631029986961,0.06714471968709257,0.26531942633637545
legal,0.11554921540656206,0.11982881597717546,0.07703281027104138,0.09343794579172611,0.11483594864479316,0.10912981455064194,0.0456490727532097,0.3245363766048502
memoranda,0.06758957654723127,0.1465798045602606,0.07899022801302932,0.09039087947882737,0.19381107491856678,0.08224755700325734,0.08061889250814333,0.25977198697068404
history,0.07681755829903977,0.15592135345221764,0.07041609510745313,0.1083676268861454,0.1705532693187014,0.10013717421124828,0.07270233196159122,0.24508459076360312
origin,0.06962962962962961,0.1459259259259259,0.07407407407407407,0.08777777777777777,0.19629629629629627,0.07518518518518517,0.08444444444444442,0.26666666666666666
properties,0.06555183946488294,0.14949832775919733,0.0819397993311037,0.08762541806020067,0.194314381270903,0.08327759197324416,0.08361204013377926,0.25418060200668896
uses,0.06194274988268418,0.15063350539652742,0.07883622712341623,0.08047864852182074,0.2043641482871891,0.08000938526513374,0.09033317691224776,0.25340215861098075
things,0.08318494021877385,0.16293563978631392,0.07110150089035869,0.1210887814805393,0.15784787585856017,0.10239124904604427,0.06868481302467566,0.23276519969473417
connected,0.0691768826619965,0.17162872154115585,0.05866900175131349,0.1182136602451839,0.15411558669001751,0.0980735551663748,0.05779334500875657,0.2723292469352014
home,0.07625736861908942,0.16580960742505957,0.07675906183368869,0.10046406622350432,0.17621974162799448,0.10623353819139597,0.07650821522638905,0.22174840085287845
life,0.09321266968325792,0.16085972850678731,0.07149321266968327,0.12345399698340877,0.15565610859728507,0.11591251885369533,0.0773001508295626,0.20211161387631976
comfort,0.05448567402536401,0.21512447158290274,0.050728041333959605,0.0770314701737905,0.21512447158290274,0.08501643964302488,0.04274307186472522,0.25974635979333016
nothing,0.10182370820668694,0.15612047526941145,0.07861287648521692,0.13235700469743023,0.14410058027079303,0.11854103343465046,0.07184305056645483,0.19660127106935618
found,0.06935203934046862,0.10739080127277986,0.05438241249638415,0.09075788255713046,0.24414231993057564,0.0872143477003182,0.052429852473242694,0.29433034422910037
woman,0.10290977042178326,0.15216230646022427,0.08649225840896958,0.12920448478376936,0.15856914041644424,0.12840363053924186,0.07367859049652964,0.16857981847303793
study,0.07081174438687392,0.17789291882556132,0.0690846286701209,0.0924006908462867,0.15889464594127808,0.08894645941278066,0.08808290155440415,0.2538860103626943
originally,0.08866995073891626,0.15270935960591134,0.049261083743842374,0.11822660098522168,0.1724137931034483,0.08866995073891626,0.04433497536945813,0.2857142857142857
o.,0.07400379506641368,0.14041745730550287,0.08728652751423151,0.09487666034155598,0.18975332068311196,0.09487666034155598,0.08159392789373815,0.23719165085388996
24,0.1438474870017331,0.11265164644714039,0.08492201039861352,0.10918544194107453,0.09012131715771231,0.09185441941074525,0.05545927209705373,0.31195840554592724
parts,0.09175121305690341,0.1482134980149978,0.08116453462726071,0.1089545655050728,0.15086016762240848,0.10057344508160565,0.07498897220996913,0.2434936038817821
first,0.0868379796878195,0.18185536091609297,0.07020652988889646,0.11860132233658235,0.14866062299775065,0.1076272919364733,0.0788630631858769,0.2073478290505078
bound,0.13040585495675316,0.13572854291417166,0.07917498336660013,0.12907518296739853,0.12508316699933467,0.10844976713240186,0.06986027944111776,0.2222222222222222
1861,0.049999999999999996,0.1625,0.0375,0.075,0.18749999999999997,0.024999999999999998,0.0625,0.39999999999999997
must,0.095034607282576,0.16075835088775206,0.07848329822449594,0.12344267228408068,0.14480890761360218,0.10827565452904003,0.06987661751429432,0.2193198916641589
known,0.0923469387755102,0.16403061224489793,0.08163265306122448,0.12142857142857141,0.1415816326530612,0.10714285714285714,0.07244897959183673,0.21938775510204078
would,0.09731789535394988,0.15748204602081195,0.07850896477600273,0.13039230055205434,0.14336313449606722,0.11226733108603254,0.07464946993013825,0.20601885778494308
labour,0.08284023668639054,0.17159763313609466,0.07100591715976332,0.1242603550295858,0.15088757396449706,0.10946745562130178,0.0650887573964497,0.22485207100591717
never,0.09059285027015027,0.16401450669824588,0.07327362889497448,0.12138257715935165,0.15639108874250612,0.11227888387240027,0.07438383539338318,0.20768262896898826
enough,0.0961264596980917,0.1589290800341783,0.07775562517801196,0.12047849615494162,0.1472514953004842,0.1107946454001709,0.07861008259755055,0.21005411563657078
commence,0.08296943231441048,0.20087336244541484,0.07860262008733623,0.13973799126637554,0.11353711790393013,0.1091703056768559,0.08296943231441048,0.19213973799126638
moved,0.1065868263473054,0.16407185628742518,0.06946107784431138,0.11976047904191617,0.14850299401197606,0.1281437125748503,0.07784431137724551,0.18562874251497008
instance,0.06227630637079456,0.16678596993557623,0.05511811023622047,0.12025769506084466,0.16964924838940587,0.08518253400143164,0.0658554044380816,0.2748747315676449
attempt,0.0966952264381885,0.2607099143206854,0.06242350061199511,0.13219094247246024,0.09791921664626684,0.10893512851897186,0.06854345165238679,0.17258261933904528
work,0.09267573544193528,0.18226898076794212,0.05380955571935938,0.09441801246398178,0.15117603698988138,0.08704684044763118,0.06077866380754541,0.2778261743617235
like,0.10262206148282098,0.14927667269439424,0.085623869801085,0.13318264014466547,0.1451627486437613,0.12400542495479205,0.07906871609403254,0.18105786618444847
suffering,0.08599651365485182,0.09819872167344566,0.14235909355026147,0.19174898314933175,0.10052295177222545,0.19407321324811155,0.051714119697850086,0.13538640325392215
seen,0.08705281090289609,0.1582623509369676,0.07734241908006814,0.13168654173764907,0.15315161839863714,0.11379897785349233,0.0797274275979557,0.19897785349233388
brought,0.09887487214456188,0.15189226048414595,0.08506648482782135,0.12529832935560858,0.1438799863620866,0.11029662461643369,0.0719399931810433,0.21275144902829868
upon,0.09190552625544599,0.16120155927539553,0.07122219674386608,0.12850263700986012,0.14455400137583121,0.11116716349461131,0.0698005044714515,0.22164641137353816
men,0.10576479631053036,0.14788624135280554,0.07663335895465027,0.13758647194465795,0.14534973097617218,0.11229823212913144,0.07571099154496541,0.19877017678708686
women,0.10339219330855019,0.1387081784386617,0.08852230483271376,0.137546468401487,0.15357806691449816,0.12778810408921934,0.07690520446096655,0.17355947955390336
always,0.08680310515172902,0.16485532815808046,0.07254763585038815,0.12547635850388145,0.15935074100211716,0.10924488355681017,0.08115737473535639,0.2005645730416373
thought,0.0806204714766813,0.2937034391264415,0.05959791815491377,0.10337789570364324,0.13052352280844984,0.10103071742014492,0.06888458005918972,0.16226145525053579
fruitful,0.12903225806451613,0.0967741935483871,0.1935483870967742,0.16129032258064518,0.06451612903225806,0.16129032258064518,0.03225806451612903,0.16129032258064518
source,0.09399075500770415,0.13559322033898305,0.07704160246533127,0.14021571648690292,0.15870570107858242,0.13097072419106318,0.05392912172573189,0.2095531587057011
family,0.07898279730740465,0.15991024682124158,0.07643979057591624,0.10366492146596859,0.16679132385938672,0.10172026925953628,0.07643979057591624,0.23605086013462978
housewife,0.09183673469387756,0.1326530612244898,0.12244897959183673,0.10204081632653061,0.1326530612244898,0.15306122448979592,0.12244897959183673,0.14285714285714288
's,0.08874810786567247,0.15487469866008857,0.0774233335202108,0.11284128496944554,0.16149016090149687,0.10451589392835117,0.0765123058810338,0.22359421427370074
dinners,0.05479452054794521,0.1643835616438356,0.06506849315068493,0.06164383561643835,0.2123287671232877,0.10958904109589042,0.09931506849315068,0.23287671232876714
ways,0.07580174927113703,0.17201166180758015,0.07142857142857142,0.11224489795918367,0.163265306122449,0.09912536443148688,0.07507288629737609,0.23104956268221571
well,0.09175556514768453,0.16599864339890238,0.07720293519146573,0.11185792686686809,0.15520749830424863,0.0987235616945181,0.07751125362274155,0.22174261577357093
served,0.08460325801366264,0.15554387808723066,0.0814503415659485,0.08723068838675774,0.18286915396741985,0.09196006305832895,0.07829742511823436,0.23804519180241723
doors,0.1073345259391771,0.12075134168157425,0.10196779964221823,0.1377459749552773,0.1404293381037567,0.129695885509839,0.07155635062611808,0.19051878354203935
order,0.0784518828451883,0.1692468619246862,0.07133891213389122,0.1089958158995816,0.16213389121338914,0.08514644351464436,0.07719665271966528,0.247489539748954
places,0.0960960960960961,0.15315315315315314,0.08658658658658658,0.14664664664664664,0.13413413413413414,0.12112112112112111,0.07357357357357357,0.18868868868868868
thoroughly,0.11472742066720912,0.1594792514239219,0.08624898291293735,0.10984540276647682,0.15459723352318958,0.09194467046379169,0.0675345809601302,0.2156224572823434
acquainted,0.07734806629834254,0.16206261510128914,0.06629834254143646,0.1252302025782689,0.15837937384898712,0.09392265193370167,0.06998158379373849,0.24677716390423576
practice,0.10348360655737705,0.17930327868852458,0.07274590163934426,0.12397540983606557,0.13422131147540983,0.0860655737704918,0.06864754098360656,0.2315573770491803
cookery,0.062190423775454036,0.15410016510731972,0.07705008255365986,0.07980187121629058,0.20143093010456795,0.09080902586681341,0.0864061640066043,0.24821133736929
perfectly,0.08462774504552759,0.1580074986609534,0.06855918585966791,0.11301553294054631,0.1687198714515265,0.1023031601499732,0.0723085163363685,0.2324584895554365
arts,0.11750599520383694,0.14148681055155876,0.08872901678657075,0.1223021582733813,0.16786570743405274,0.10551558752997602,0.07913669064748202,0.1774580335731415
making,0.08222508222508222,0.16273416273416272,0.07107107107107107,0.10052910052910052,0.17674817674817672,0.09509509509509509,0.08494208494208494,0.22665522665522664
keeping,0.08521830615465545,0.15728563913729615,0.07837980010520777,0.11467648605996844,0.16096791162546029,0.08784850078905838,0.07048921620199895,0.24513413992635455
comfortable,0.08950617283950615,0.16049382716049382,0.07716049382716049,0.08641975308641976,0.1697530864197531,0.11419753086419752,0.08641975308641976,0.21604938271604934
chapters,0.0,0.1627906976744186,0.02325581395348837,0.0697674418604651,0.1395348837209302,0.02325581395348837,0.04651162790697674,0.5348837209302325
devoted,0.061946902654867256,0.18362831858407078,0.061946902654867256,0.11504424778761062,0.18362831858407078,0.0995575221238938,0.09513274336283185,0.1991150442477876
arrangement,0.05027932960893854,0.17318435754189943,0.0335195530726257,0.11731843575418993,0.1564245810055866,0.13966480446927373,0.05027932960893854,0.27932960893854747
every,0.09261607196763871,0.15914991245547305,0.07371852925194712,0.12660749864155044,0.15190484815552738,0.11272112539998794,0.07106200567530037,0.21222000845257502
recipe,0.06803455723542116,0.15572354211663067,0.07516198704103672,0.0816414686825054,0.19978401727861772,0.07300215982721382,0.08142548596112312,0.2652267818574514
list,0.07817258883248732,0.15532994923857868,0.07918781725888326,0.08832487309644671,0.17969543147208122,0.08426395939086294,0.07614213197969544,0.25888324873096447
ingredients,0.15776499589153659,0.16187345932621203,0.1388660640920296,0.10599835661462614,0.114215283483977,0.0780608052588332,0.055875102711585876,0.1873459326211997
plain,0.07165991902834007,0.14939271255060727,0.06396761133603239,0.08481781376518219,0.1888663967611336,0.07489878542510121,0.08198380566801618,0.28441295546558704
statement,0.059633027522935776,0.12844036697247707,0.041284403669724766,0.10091743119266054,0.08715596330275228,0.06422018348623854,0.045871559633027525,0.4724770642201835
mode,0.07166220636336605,0.15075825156110617,0.08266428783823968,0.09634255129348798,0.1906036277133512,0.09009812667261374,0.08236693428486472,0.2355040142729706
preparing,0.08333333333333334,0.18560606060606064,0.0643939393939394,0.14772727272727276,0.1553030303030303,0.09090909090909091,0.07196969696969698,0.2007575757575758
dish,0.08102971665514859,0.1655148583275743,0.07256392536281962,0.07999308914996545,0.1895300621976503,0.07930200414651001,0.08258465791292328,0.2494816862474084
careful,0.0888529886914378,0.15024232633279483,0.0888529886914378,0.12924071082390953,0.12762520193861066,0.1098546042003231,0.07108239095315023,0.23424878836833601
estimate,0.10141509433962263,0.14386792452830188,0.08254716981132075,0.10849056603773585,0.1792452830188679,0.09198113207547169,0.07311320754716981,0.21933962264150944
number,0.07979356887653831,0.1730845573640334,0.06510520047637952,0.1087733227471219,0.14489876935291784,0.1000396982929734,0.07066296149265583,0.25764192139737996
people,0.08924194280526554,0.15941897412619155,0.06945074897866546,0.12246935996368588,0.15551520653654105,0.10640036314117113,0.07435315478892418,0.22315024965955513
sufficient,0.09985666507405637,0.14620162446249405,0.08265647396082179,0.11944577161968467,0.12470138557095078,0.0864787386526517,0.06975633062589584,0.2709030100334448
time,0.07436076158333027,0.3142815216992553,0.062181297919953034,0.10370886679628745,0.11856634506034702,0.09138266260684544,0.06397886936424667,0.17153967496973474
seasonable,0.006756756756756757,0.7212837837837838,0.006756756756756757,0.048986486486486486,0.07939189189189189,0.018581081081081082,0.033783783783783786,0.08445945945945946
matter,0.08260983951591686,0.1652196790318337,0.0784004209418574,0.12154696132596683,0.14101552223099184,0.10207840042094184,0.07156011575901078,0.2375690607734806
recipes,0.04807692307692308,0.19230769230769232,0.038461538461538464,0.05769230769230769,0.19230769230769232,0.038461538461538464,0.07692307692307693,0.3557692307692307
indebted,0.02631578947368421,0.15789473684210525,0.10526315789473684,0.02631578947368421,0.23684210526315788,0.02631578947368421,0.07894736842105263,0.34210526315789475
measure,0.07759245830311821,0.14213197969543148,0.06453952139231328,0.09862218999274838,0.15155910079767948,0.07396664249456128,0.06018854242204496,0.33139956490210304
many,0.08616134931924406,0.15850436903068482,0.07186886134254555,0.12185870080606923,0.15545620808778704,0.11007247849353113,0.07274944117049381,0.22332859174964437
domestic,0.08339483394833948,0.13505535055350554,0.1003690036900369,0.11365313653136531,0.15055350553505534,0.10553505535055349,0.07675276752767528,0.23468634686346865
placed,0.11174636174636172,0.1559251559251559,0.07536382536382535,0.13773388773388773,0.12785862785862784,0.10706860706860706,0.06808731808731808,0.2162162162162162
original,0.09128065395095368,0.1307901907356948,0.0653950953678474,0.0994550408719346,0.11989100817438693,0.1253405994550409,0.08174386920980926,0.28610354223433243
preparations,0.07017543859649122,0.14035087719298245,0.08771929824561403,0.09695290858725762,0.18790397045244692,0.09372114496768236,0.07987072945521699,0.24330563250230838
large,0.08443540183112919,0.16436564452841157,0.07411713413748001,0.11291963377416073,0.1582618805406191,0.10289202150850167,0.07426246185147507,0.22874582182822265
private,0.077577045696068,0.18809776833156217,0.07332624867162592,0.11158342189160468,0.14452709883103082,0.09032943676939426,0.07013815090329437,0.24442082890541975
circle,0.09895052473763119,0.17691154422788605,0.06296851574212893,0.1469265367316342,0.1469265367316342,0.09295352323838081,0.11244377811094453,0.16191904047976013
rendered,0.10054347826086957,0.1521739130434783,0.07065217391304349,0.15489130434782608,0.10869565217391305,0.14945652173913046,0.08152173913043478,0.18206521739130438
considerable,0.07099697885196374,0.19939577039274925,0.061933534743202415,0.10876132930513595,0.15483383685800603,0.09667673716012085,0.0702416918429003,0.23716012084592145
service,0.06098047030689517,0.16978876046233557,0.07532881626145874,0.10721402949382222,0.15743324033479472,0.09485850936628137,0.05898764447987245,0.27540852929453963
works,0.10502763885232956,0.1750460647538826,0.05948933929981573,0.06133192945511977,0.144248486443801,0.04343248223216636,0.04106343774677547,0.37036062121610946
best,0.07968529352430906,0.1617914060923946,0.0657655840225943,0.11176114585434739,0.1642122251361711,0.1055073633245915,0.07121242687109137,0.2400645551745007
modern,0.07464028776978418,0.16951438848920863,0.0710431654676259,0.09037769784172661,0.19559352517985612,0.08767985611510792,0.09217625899280575,0.21897482014388492
writers,0.11042944785276074,0.15950920245398775,0.08588957055214726,0.09202453987730061,0.15337423312883436,0.09815950920245399,0.06134969325153375,0.23926380368098163
necessary,0.08241252302025784,0.15331491712707185,0.07849907918968693,0.10612338858195212,0.16367403314917128,0.09369244935543279,0.07849907918968693,0.24378453038674033
faithful,0.06602112676056339,0.12411971830985916,0.053697183098591554,0.10739436619718311,0.15669014084507044,0.07130281690140845,0.03961267605633803,0.38116197183098594
task,0.059574468085106386,0.17872340425531913,0.059574468085106386,0.16170212765957445,0.16170212765957445,0.1148936170212766,0.06808510638297872,0.19574468085106383
friends,0.0813859790491539,0.1681439699167338,0.0609723341391351,0.12167606768734891,0.1633091592801504,0.1039484286865431,0.0789685737308622,0.2215954875100725
england,0.08146367521367522,0.1591880341880342,0.07692307692307693,0.10443376068376069,0.1623931623931624,0.09962606837606838,0.07772435897435899,0.23824786324786326
scotland,0.10933333333333332,0.13333333333333333,0.096,0.17600000000000002,0.13333333333333333,0.10133333333333333,0.06666666666666667,0.184
ireland,0.09401709401709403,0.15811965811965814,0.05128205128205128,0.08547008547008549,0.16666666666666669,0.08547008547008549,0.08547008547008549,0.27350427350427353
france,0.09277504105090312,0.15763546798029557,0.07307060755336618,0.11083743842364532,0.1592775041050903,0.09770114942528735,0.07224958949096881,0.23645320197044334
germany,0.07707129094412331,0.1907514450867052,0.046242774566473986,0.09441233140655104,0.1791907514450867,0.1117533718689788,0.09633911368015413,0.20423892100192678
materially,0.0449438202247191,0.14606741573033707,0.10112359550561797,0.10112359550561797,0.20224719101123595,0.0898876404494382,0.07865168539325844,0.23595505617977527
paid,0.16546150574223736,0.17269247128881327,0.041259038706933225,0.06465333900467887,0.14547001276052746,0.07230965546575925,0.09953211399404509,0.23862186303700555
great,0.08816168484676773,0.15998488926665722,0.07390093025452141,0.12234971903480191,0.15450724842990035,0.107144543608632,0.0781508240071776,0.21580016055154178
attention,0.06909894969596461,0.150359314538419,0.08199742030587802,0.09747558503777409,0.18389533812419384,0.09028929426939378,0.08605122535470794,0.24083287267366868
come,0.08793749501714103,0.1686996731244519,0.07326795822371043,0.11520369927449574,0.15068165510643386,0.10404209519253768,0.08474846527943874,0.21541895878179065
head,0.10285006195786865,0.14332920280875672,0.07940933498554316,0.13011152416356878,0.14085088806278398,0.12123089632383313,0.08384964890541098,0.19836844279223462
cold,0.08972419411148609,0.13825206563481904,0.09868497614337252,0.11497730711043873,0.15978121726987082,0.10205981612940765,0.07261724659606657,0.22390317700453854
meat,0.08030992497847743,0.15139589226417416,0.0787111056450621,0.09433034067150411,0.18398720944533267,0.08572131349157544,0.0746525642602386,0.25089164924363544
department,0.10699588477366256,0.1934156378600823,0.07818930041152264,0.11934156378600824,0.1234567901234568,0.09465020576131689,0.03703703703703704,0.2469135802469136
belonging,0.11023622047244096,0.11811023622047244,0.08661417322834646,0.14960629921259844,0.12992125984251968,0.12598425196850394,0.06299212598425197,0.21653543307086615
make,0.08181000899011089,0.15938182285200567,0.0747891604948842,0.10351470525279337,0.17153987756325187,0.09298343250995335,0.08001198681450405,0.2359690055224967
something,0.09012617664730622,0.16543160424594433,0.07049869817744843,0.11636290807129981,0.1538153414780693,0.11115561786501102,0.08451832565591828,0.2080913278590026
therefore,0.06909547738693467,0.18237018425460635,0.0661641541038526,0.11201842546063649,0.1601758793969849,0.0845896147403685,0.06972361809045226,0.25586264656616414
authority,0.09473684210526315,0.11821862348178136,0.06882591093117407,0.11093117408906882,0.11336032388663965,0.09230769230769229,0.05910931174089068,0.3425101214574899
could,0.10448686167575608,0.15249545529664518,0.07507023632457446,0.13130061146917865,0.14526524541398114,0.12254172863989424,0.07593786151049413,0.1929019996694761
obtain,0.0908289241622575,0.1904761904761905,0.04761904761904762,0.10493827160493827,0.17724867724867724,0.06613756613756613,0.06701940035273368,0.25573192239858905
given,0.07820186598812554,0.17692960135708227,0.0712468193384224,0.1078880407124682,0.16318914334181508,0.0904156064461408,0.072264631043257,0.23986429177268875
account,0.0693950177935943,0.13908659549228947,0.07206405693950178,0.10913404507710558,0.1201067615658363,0.09134045077105576,0.05782918149466192,0.34104389086595494
natural,0.08958837772397092,0.15072639225181597,0.06870460048426148,0.12469733656174332,0.1531476997578692,0.12288135593220335,0.07173123486682807,0.21852300242130746
animals,0.08952959028831563,0.13505311077389986,0.10849772382397573,0.11760242792109257,0.1267071320182094,0.11380880121396054,0.09256449165402124,0.21623672230652505
vegetables,0.07652399481193255,0.17120622568093385,0.08430609597924774,0.08430609597924774,0.1815823605706874,0.0907911802853437,0.06614785992217899,0.245136186770428
food,0.058237309249455006,0.1262846465275615,0.08237309249455,0.0853316723762068,0.2260977888508253,0.08751167860479601,0.05792587978822797,0.27623793210837744
followed,0.1125254582484725,0.14205702647657842,0.08961303462321792,0.1435845213849287,0.13085539714867617,0.12321792260692464,0.07484725050916496,0.18329938900203666
animal,0.08741594620557158,0.1268011527377522,0.12151777137367917,0.12439961575408262,0.1426512968299712,0.10999039385206534,0.08213256484149857,0.20509125840537945
birth,0.04539007092198581,0.20141843971631201,0.04680851063829787,0.1602836879432624,0.19716312056737587,0.05531914893617021,0.06382978723404255,0.2297872340425532
appearance,0.0800252047889099,0.15879017013232516,0.09136735979836169,0.12161310649023314,0.14744801512287334,0.10207939508506618,0.07876496534341525,0.2199117832388154
table,0.09196372073402237,0.15692891794979963,0.0786753849398861,0.09639316599873446,0.16114743724952543,0.10672853828306264,0.07740982914996837,0.23075300569500107
described,0.10778443113772454,0.1467065868263473,0.0718562874251497,0.10179640718562874,0.1437125748502994,0.124251497005988,0.08083832335329341,0.22305389221556884
manner,0.09386678390855131,0.1556386018905254,0.077599472411519,0.11650912288415036,0.14486700373708505,0.1085952956693779,0.0767201582765443,0.2262035612222466
feeding,0.07224334600760456,0.13688212927756654,0.09049429657794676,0.10038022813688213,0.1832699619771863,0.09505703422053231,0.07452471482889733,0.24714828897338403
position,0.09941234084231144,0.14495592556317335,0.07443682664054847,0.13809990205680703,0.11802154750244857,0.1008814887365328,0.07100881488736532,0.2531831537708129
various,0.06719552029864675,0.16075594960335976,0.06976201586560897,0.0970601959869342,0.1787214185720952,0.09612692487167522,0.07792813812412505,0.25244983667755483
joints,0.07814269535673839,0.15855039637599092,0.0826727066817667,0.09682899207248018,0.18742921857304642,0.08946772366930918,0.08323895809739525,0.22366930917327293
giving,0.0981549815498155,0.15387453874538745,0.07785977859778596,0.11512915129151291,0.15498154981549817,0.10738007380073801,0.07564575645756456,0.2169741697416974
modes,0.07934131736526946,0.1526946107784431,0.0778443113772455,0.08832335329341316,0.18263473053892212,0.09730538922155688,0.08083832335329341,0.24101796407185627
carving,0.07016543069024529,0.13576725613234453,0.0849971477467199,0.09469480889903022,0.19224187107815174,0.09526525955504848,0.08100399315459211,0.24586423274386762
poultry,0.06601326030556356,0.1484577688094552,0.07783222830786972,0.088209858748919,0.19688671086768522,0.0835975785528971,0.08244450850389161,0.2565580859037187
game,0.07078367641747924,0.15565185987721197,0.07439508847959551,0.09714698447092812,0.18743228602383533,0.0830624774286746,0.08486818345973275,0.24665944384254243
skilful,0.0823529411764706,0.15294117647058825,0.07647058823529412,0.14705882352941177,0.15294117647058825,0.11176470588235295,0.06470588235294118,0.21176470588235294
numerous,0.08892355694227769,0.13884555382215288,0.0655226209048362,0.11544461778471138,0.15132605304212168,0.09204368174726989,0.07020280811232449,0.27769110764430577
appear,0.10425531914893615,0.15673758865248225,0.09645390070921986,0.14184397163120566,0.12836879432624113,0.11631205673758864,0.075177304964539,0.1808510638297872
better,0.08930250047001316,0.16262455348749766,0.0774581688287272,0.11524722692235383,0.1560443692423388,0.10885504794134236,0.077834179357022,0.21263395375070504
description,0.06901217861975643,0.1465944970681101,0.0772816117877011,0.08900917155314991,0.19786498270936703,0.08194256502781538,0.08329574500075178,0.2549992482333484
important,0.05956375838926174,0.1401006711409396,0.04446308724832215,0.08808724832214765,0.12248322147651007,0.08473154362416108,0.05285234899328859,0.4077181208053692
interesting,0.05109489051094891,0.19464720194647206,0.04622871046228711,0.08759124087591241,0.17274939172749393,0.10948905109489053,0.09489051094890513,0.24330900243309006
coloured,0.07094594594594596,0.1632882882882883,0.07432432432432434,0.09572072072072073,0.19031531531531534,0.08671171171171173,0.0855855855855856,0.23310810810810811
plates,0.15636363636363637,0.16727272727272727,0.07272727272727274,0.09454545454545454,0.14909090909090908,0.12000000000000001,0.07636363636363636,0.16363636363636364
without,0.09465020576131687,0.15768502188255273,0.07159187406100986,0.12724541119602847,0.1440329218106996,0.11757789535567313,0.07054673721340389,0.21666993271931545
value,0.07455731593662629,0.15563839701770735,0.05964585274930102,0.09972041006523766,0.16961789375582478,0.09133271202236719,0.09599254426840634,0.2534948741845294
besides,0.08585445625511039,0.17211774325429272,0.06909239574816026,0.10997547015535568,0.15126737530662307,0.09975470155355683,0.07808667211774324,0.2338511856091578
portion,0.08373590982286634,0.15297906602254427,0.09339774557165861,0.10547504025764896,0.14653784219001612,0.10144927536231885,0.06924315619967794,0.2471819645732689
especial,0.05076142131979696,0.20304568527918784,0.04568527918781726,0.1065989847715736,0.18020304568527917,0.07360406091370558,0.0583756345177665,0.2817258883248731
reference,0.05535055350553505,0.19557195571955718,0.05904059040590405,0.1094710947109471,0.15129151291512913,0.08733087330873307,0.043050430504305036,0.2988929889298893
servants,0.0927601809954751,0.1578054298642534,0.08766968325791856,0.12556561085972853,0.1419683257918552,0.10350678733031675,0.062217194570135755,0.22850678733031674
trust,0.04800307219662059,0.16474654377880185,0.05069124423963134,0.1175115207373272,0.16129032258064518,0.0629800307219662,0.040322580645161296,0.3544546850998464
duties,0.07032277648487302,0.14469290701204088,0.08438733178184761,0.09136901750480622,0.19113629464737428,0.09167256905797835,0.07902458767580695,0.2473945158352727
assigned,0.06481481481481481,0.12962962962962962,0.10185185185185185,0.12962962962962962,0.19444444444444442,0.07407407407407407,0.05555555555555555,0.25
towards,0.10164693772516728,0.162892434379825,0.07462686567164178,0.12377766340710242,0.1523417395779722,0.10190427174472465,0.0656201749871333,0.21718991250643335
end,0.1007007007007007,0.16416416416416413,0.07107107107107107,0.12452452452452452,0.13753753753753753,0.1159159159159159,0.06826826826826826,0.2178178178178178
valuable,0.08239700374531836,0.149812734082397,0.09363295880149813,0.10861423220973783,0.13857677902621723,0.08614232209737828,0.0749063670411985,0.26591760299625467
children,0.07474091908301057,0.15607662514393383,0.07379880665759447,0.12216057782895426,0.17052234900031402,0.10666806238877839,0.06699466136292265,0.22903799853449178
doctor,0.06671398154719659,0.12680387982020344,0.05961674946770759,0.0967589306837,0.13390111189969245,0.08256446652472202,0.06978944878164182,0.36385143127513603
latter,0.09937535491198184,0.16127200454287335,0.07666098807495741,0.11130039750141965,0.15048268029528677,0.10789324247586599,0.06643952299829642,0.22657580919931858
principally,0.07746478873239436,0.16197183098591547,0.07042253521126761,0.11267605633802816,0.176056338028169,0.10563380281690139,0.07746478873239436,0.21830985915492956
accidents,0.05701754385964912,0.18421052631578944,0.07456140350877193,0.11403508771929824,0.14473684210526314,0.08333333333333333,0.10087719298245613,0.2412280701754386
emergencies,0.061224489795918366,0.163265306122449,0.04081632653061225,0.10204081632653061,0.163265306122449,0.0816326530612245,0.0816326530612245,0.30612244897959184
certain,0.09743967581506723,0.14901455148277765,0.07957266531589612,0.13409467673604714,0.13906796831829063,0.11935899797384417,0.07294160987290477,0.2085098544851722
occur,0.08616187989556136,0.19321148825065274,0.044386422976501305,0.12532637075718014,0.12532637075718014,0.10966057441253263,0.0731070496083551,0.24281984334203657
experience,0.07225433526011561,0.16040462427745666,0.04696531791907515,0.12644508670520233,0.15390173410404623,0.10115606936416184,0.07369942196531792,0.2651734104046243
one,0.1007013831746405,0.15209043532776928,0.07770071705654168,0.12667998902864308,0.14370518396614554,0.11339681046980919,0.07531052858430312,0.21041495239214766
us,0.07458328263779049,0.16303686579875898,0.07287991239810196,0.1115707506995985,0.15969095997079938,0.09313785132011194,0.07184572332400536,0.25325465385083346
contains,0.06666666666666667,0.13999999999999999,0.13,0.07666666666666667,0.14333333333333334,0.07666666666666667,0.06666666666666667,0.3
cases,0.10557401255075673,0.12513842746400886,0.09523809523809525,0.15282392026578073,0.12440014765596162,0.12440014765596162,0.06127722406792174,0.21114802510151345
doubt,0.051896207584830344,0.11077844311377247,0.04016966067864272,0.19261477045908185,0.09805389221556887,0.19161676646706588,0.04416167664670659,0.27070858283433136
proper,0.09061063690085357,0.16152330925804334,0.08273145108338804,0.11556139198949442,0.13788575180564674,0.11490479317137228,0.06762967826657912,0.22915298752462246
course,0.08537023723939612,0.16678648454349387,0.06595974119338605,0.1117900790797987,0.15708123652048886,0.09902947519769949,0.07890007189072609,0.2350826743350108
adopted,0.09424083769633508,0.14921465968586387,0.08638743455497383,0.11910994764397907,0.11910994764397907,0.10209424083769635,0.07068062827225131,0.2591623036649215
