,anger,anticipation,disgust,fear,joy,sadness,surprise,trust
project,0.11980033277870217,0.16638935108153077,0.05490848585690516,0.04658901830282862,0.1064891846921797,0.07321131447587355,0.02329450915141431,0.40931780366056575
gutenberg,0.07272727272727272,0.21818181818181817,0.06666666666666667,0.048484848484848485,0.08484848484848485,0.10909090909090909,0.03636363636363636,0.36363636363636365
ebook,0.016666666666666666,0.18333333333333332,0.13333333333333333,0.05,0.15,0.05,0.11666666666666667,0.3
origin,0.0,0.16666666666666666,0.14583333333333334,0.041666666666666664,0.16666666666666666,0.041666666666666664,0.125,0.3125
early,0.0,0.12121212121212122,0.15151515151515152,0.030303030303030304,0.18181818181818182,0.06060606060606061,0.09090909090909091,0.36363636363636365
history,0.024691358024691357,0.09876543209876543,0.12345679012345678,0.06172839506172839,0.14814814814814814,0.1111111111111111,0.07407407407407407,0.35802469135802467
fashion,0.05392156862745098,0.12745098039215685,0.058823529411764705,0.07352941176470588,0.11274509803921569,0.14215686274509803,0.06372549019607843,0.36764705882352944
plate,0.022222222222222223,0.13333333333333333,0.1111111111111111,0.05555555555555555,0.14444444444444443,0.13333333333333333,0.08888888888888889,0.3111111111111111
john,0.0,0.12121212121212122,0.2727272727272727,0.030303030303030304,0.12121212121212122,0.030303030303030304,0.09090909090909091,0.3333333333333333
l.,0.0,0.13333333333333333,0.16666666666666666,0.03333333333333333,0.16666666666666666,0.03333333333333333,0.1,0.36666666666666664
nevinson,0.0,0.11764705882352941,0.20588235294117646,0.029411764705882353,0.14705882352941177,0.029411764705882353,0.08823529411764706,0.38235294117647056
use,0.15294117647058825,0.16470588235294117,0.12941176470588237,0.10588235294117647,0.15294117647058825,0.07058823529411765,0.011764705882352941,0.21176470588235294
may,0.16260162601626016,0.18699186991869918,0.12195121951219512,0.056910569105691054,0.08943089430894309,0.0975609756097561,0.008130081300813009,0.2764227642276423
copy,0.19607843137254902,0.09803921568627451,0.09803921568627451,0.058823529411764705,0.029411764705882353,0.058823529411764705,0.029411764705882353,0.43137254901960786
terms,0.12727272727272726,0.11818181818181818,0.045454545454545456,0.05454545454545454,0.11818181818181818,0.03636363636363636,0.045454545454545456,0.45454545454545453
license,0.09183673469387756,0.20408163265306123,0.08163265306122448,0.09183673469387756,0.12244897959183673,0.08163265306122448,0.030612244897959183,0.29591836734693877
online,0.0,0.21212121212121213,0.09090909090909091,0.030303030303030304,0.15151515151515152,0.030303030303030304,0.12121212121212122,0.36363636363636365
date,0.09803921568627451,0.08823529411764706,0.0784313725490196,0.1568627450980392,0.06862745098039216,0.14705882352941177,0.09803921568627451,0.2647058823529412
english,0.03225806451612903,0.1935483870967742,0.03225806451612903,0.03225806451612903,0.06451612903225806,0.06451612903225806,0.03225806451612903,0.5483870967741935
set,0.16666666666666666,0.09722222222222222,0.041666666666666664,0.041666666666666664,0.125,0.1111111111111111,0.013888888888888888,0.4027777777777778
distributed,0.029411764705882353,0.2647058823529412,0.058823529411764705,0.07352941176470588,0.14705882352941177,0.04411764705882353,0.058823529411764705,0.3235294117647059
https,0.0,0.22727272727272727,0.06818181818181818,0.045454545454545456,0.18181818181818182,0.045454545454545456,0.11363636363636363,0.3181818181818182
one,0.06976744186046512,0.13565891472868216,0.05426356589147287,0.11627906976744186,0.1124031007751938,0.10465116279069768,0.06976744186046512,0.3372093023255814
works,0.12037037037037036,0.17592592592592593,0.06481481481481481,0.046296296296296294,0.13425925925925927,0.018518518518518517,0.018518518518518517,0.4212962962962963
paragraph,0.3055555555555556,0.05555555555555555,0.08333333333333333,0.027777777777777776,0.05555555555555555,0.16666666666666666,0.027777777777777776,0.2777777777777778
work,0.1570048309178744,0.18115942028985507,0.033816425120772944,0.06521739130434782,0.10386473429951691,0.07971014492753623,0.04830917874396135,0.3309178743961353
french,0.2,0.225,0.05,0.15,0.0,0.15,0.05,0.175
end,0.02127659574468085,0.1276595744680851,0.10638297872340426,0.06382978723404255,0.1702127659574468,0.14893617021276595,0.0851063829787234,0.2765957446808511
printed,0.05263157894736842,0.18421052631578946,0.02631578947368421,0.10526315789473684,0.13157894736842105,0.07894736842105263,0.05263157894736842,0.3684210526315789
many,0.02702702702702703,0.32432432432432434,0.0,0.0,0.16216216216216217,0.08108108108108109,0.10810810810810811,0.2972972972972973
united,0.0,0.2786885245901639,0.01639344262295082,0.06557377049180328,0.04918032786885246,0.03278688524590164,0.0,0.5573770491803278
states,0.01098901098901099,0.23076923076923078,0.03296703296703297,0.08791208791208792,0.06593406593406594,0.07692307692307693,0.0,0.4945054945054945
museum,0.0,0.1875,0.1875,0.0625,0.0625,0.125,0.0625,0.3125
illustration,0.1276595744680851,0.0851063829787234,0.10638297872340426,0.19148936170212766,0.0425531914893617,0.1702127659574468,0.0,0.2765957446808511
figure,0.10891089108910891,0.1188118811881188,0.09900990099009901,0.15841584158415842,0.06930693069306931,0.1188118811881188,0.0594059405940594,0.26732673267326734
dress,0.12735849056603774,0.1509433962264151,0.05660377358490566,0.18396226415094338,0.09433962264150944,0.1179245283018868,0.04716981132075472,0.22169811320754718
von,0.05405405405405406,0.10810810810810811,0.08108108108108109,0.21621621621621623,0.13513513513513514,0.13513513513513514,0.05405405405405406,0.21621621621621623
london,0.09523809523809523,0.16666666666666666,0.023809523809523808,0.11904761904761904,0.09523809523809523,0.07142857142857142,0.07142857142857142,0.35714285714285715
et,0.09615384615384616,0.1346153846153846,0.09615384615384616,0.1346153846153846,0.1346153846153846,0.09615384615384616,0.09615384615384616,0.21153846153846154
costume,0.02564102564102564,0.15384615384615385,0.05128205128205128,0.05128205128205128,0.1282051282051282,0.2564102564102564,0.0,0.3333333333333333
known,0.10714285714285714,0.25,0.0,0.03571428571428571,0.07142857142857142,0.17857142857142858,0.03571428571428571,0.32142857142857145
new,0.018867924528301886,0.24528301886792453,0.018867924528301886,0.09433962264150944,0.16981132075471697,0.07547169811320754,0.07547169811320754,0.3018867924528302
full,0.1592920353982301,0.19469026548672566,0.061946902654867256,0.09734513274336283,0.08849557522123894,0.11504424778761062,0.05309734513274336,0.23008849557522124
century,0.06060606060606061,0.12121212121212122,0.030303030303030304,0.06060606060606061,0.12121212121212122,0.21212121212121213,0.0,0.3939393939393939
paid,0.29850746268656714,0.1791044776119403,0.0,0.0,0.11940298507462686,0.05970149253731343,0.11940298507462686,0.22388059701492538
fashions,0.041666666666666664,0.125,0.020833333333333332,0.125,0.10416666666666667,0.125,0.08333333333333333,0.375
even,0.0759493670886076,0.17721518987341772,0.02531645569620253,0.11392405063291139,0.0759493670886076,0.20253164556962025,0.0379746835443038,0.2911392405063291
public,0.03488372093023256,0.4186046511627907,0.011627906976744186,0.09302325581395349,0.05813953488372093,0.023255813953488372,0.011627906976744186,0.3488372093023256
described,0.06896551724137931,0.1724137931034483,0.06896551724137931,0.034482758620689655,0.10344827586206896,0.13793103448275862,0.0,0.41379310344827586
general,0.03225806451612903,0.12903225806451613,0.0,0.0967741935483871,0.06451612903225806,0.06451612903225806,0.0,0.6129032258064516
particular,0.0,0.32432432432432434,0.0,0.0,0.1891891891891892,0.05405405405405406,0.10810810810810811,0.32432432432432434
person,0.16129032258064516,0.22580645161290322,0.03225806451612903,0.0,0.12903225806451613,0.06451612903225806,0.06451612903225806,0.3225806451612903
time,0.026881720430107527,0.41397849462365593,0.016129032258064516,0.043010752688172046,0.11290322580645161,0.07526881720430108,0.0967741935483871,0.21505376344086022
shows,0.0,0.25,0.0,0.0,0.21875,0.0625,0.125,0.34375
clothes,0.08333333333333333,0.25,0.0,0.1111111111111111,0.05555555555555555,0.19444444444444445,0.0,0.3055555555555556
worn,0.024390243902439025,0.21951219512195122,0.0,0.024390243902439025,0.0975609756097561,0.43902439024390244,0.04878048780487805,0.14634146341463414
materials,0.0,0.29411764705882354,0.0,0.0,0.20588235294117646,0.0,0.11764705882352941,0.38235294117647056
aâ,0.1111111111111111,0.2222222222222222,0.08888888888888889,0.1111111111111111,0.1111111111111111,0.044444444444444446,0.022222222222222223,0.28888888888888886
except,0.1724137931034483,0.10344827586206896,0.034482758620689655,0.06896551724137931,0.06896551724137931,0.2413793103448276,0.0,0.3103448275862069
book,0.02040816326530612,0.24489795918367346,0.04081632653061224,0.08163265306122448,0.1836734693877551,0.04081632653061224,0.10204081632653061,0.2857142857142857
limited,0.2875,0.05,0.075,0.0,0.1,0.2625,0.05,0.175
plates,0.030303030303030304,0.06060606060606061,0.0,0.030303030303030304,0.15151515151515152,0.21212121212121213,0.06060606060606061,0.45454545454545453
â,0.017857142857142856,0.10714285714285714,0.05357142857142857,0.125,0.25,0.10714285714285714,0.07142857142857142,0.26785714285714285
literary,0.13793103448275862,0.13793103448275862,0.034482758620689655,0.0,0.034482758620689655,0.20689655172413793,0.0,0.4482758620689655
found,0.02040816326530612,0.08163265306122448,0.04081632653061224,0.04081632653061224,0.30612244897959184,0.04081632653061224,0.061224489795918366,0.40816326530612246
princes,0.030303030303030304,0.3333333333333333,0.0,0.030303030303030304,0.18181818181818182,0.030303030303030304,0.12121212121212122,0.2727272727272727
court,0.23809523809523808,0.25396825396825395,0.015873015873015872,0.25396825396825395,0.031746031746031744,0.047619047619047616,0.015873015873015872,0.14285714285714285
nobility,0.0,0.3333333333333333,0.0,0.0,0.21212121212121213,0.0,0.12121212121212122,0.3333333333333333
first,0.07692307692307693,0.1282051282051282,0.02564102564102564,0.1282051282051282,0.11538461538461539,0.1282051282051282,0.038461538461538464,0.358974358974359
information,0.014705882352941176,0.16176470588235295,0.0,0.08823529411764706,0.10294117647058823,0.08823529411764706,0.0,0.5441176470588235
copies,0.19736842105263158,0.13157894736842105,0.10526315789473684,0.10526315789473684,0.07894736842105263,0.02631578947368421,0.0,0.35526315789473684
fig.â,0.05084745762711865,0.2033898305084746,0.01694915254237288,0.0847457627118644,0.11864406779661017,0.0847457627118644,0.0847457627118644,0.3559322033898305
duke,0.0,0.3333333333333333,0.0,0.0,0.2,0.06666666666666667,0.13333333333333333,0.26666666666666666
âthe,0.030303030303030304,0.2727272727272727,0.0,0.0,0.24242424242424243,0.0,0.12121212121212122,0.3333333333333333
long,0.03488372093023256,0.43023255813953487,0.023255813953488372,0.12790697674418605,0.08139534883720931,0.10465116279069768,0.03488372093023256,0.16279069767441862
de,0.10880829015544041,0.11917098445595854,0.09585492227979274,0.11917098445595854,0.11139896373056994,0.11139896373056994,0.10621761658031088,0.22797927461139897
must,0.17391304347826086,0.18840579710144928,0.10144927536231885,0.13043478260869565,0.043478260869565216,0.08695652173913043,0.014492753623188406,0.2608695652173913
ladies,0.02564102564102564,0.20512820512820512,0.0,0.10256410256410256,0.10256410256410256,0.05128205128205128,0.07692307692307693,0.4358974358974359
le,0.061224489795918366,0.1836734693877551,0.0,0.08163265306122448,0.20408163265306123,0.061224489795918366,0.08163265306122448,0.32653061224489793
footnote,0.0196078431372549,0.18627450980392157,0.029411764705882353,0.049019607843137254,0.22549019607843138,0.06862745098039216,0.12745098039215685,0.29411764705882354
lady,0.1951219512195122,0.0975609756097561,0.07317073170731707,0.1951219512195122,0.07317073170731707,0.0975609756097561,0.0,0.2682926829268293
la,0.1267605633802817,0.15492957746478872,0.056338028169014086,0.1267605633802817,0.056338028169014086,0.11267605633802817,0.056338028169014086,0.30985915492957744
venice,0.0,0.28125,0.0,0.0,0.25,0.0,0.125,0.34375
italy,0.0,0.25,0.0,0.0,0.1875,0.03125,0.125,0.40625
series,0.06,0.12,0.0,0.08,0.08,0.04,0.04,0.58
master,0.0,0.30303030303030304,0.0,0.0,0.24242424242424243,0.0,0.15151515151515152,0.30303030303030304
di,0.05555555555555555,0.2222222222222222,0.0,0.05555555555555555,0.1388888888888889,0.05555555555555555,0.08333333333333333,0.3888888888888889
habit,0.11764705882352941,0.08823529411764706,0.08823529411764706,0.11764705882352941,0.08823529411764706,0.11764705882352941,0.08823529411764706,0.29411764705882354
22,0.0,0.2903225806451613,0.0,0.0,0.1935483870967742,0.0,0.12903225806451613,0.3870967741935484
bontempele,0.0,0.3,0.0,0.0,0.2,0.0,0.13333333333333333,0.36666666666666664
fabrics,0.022222222222222223,0.24444444444444444,0.0,0.044444444444444446,0.2222222222222222,0.022222222222222223,0.1111111111111111,0.3333333333333333
sign,0.03333333333333333,0.3,0.0,0.0,0.23333333333333334,0.0,0.13333333333333333,0.3
makes,0.027777777777777776,0.25,0.027777777777777776,0.027777777777777776,0.19444444444444445,0.027777777777777776,0.1388888888888889,0.3055555555555556
created,0.0,0.3103448275862069,0.0,0.0,0.20689655172413793,0.0,0.13793103448275862,0.3448275862068966
provide,0.15151515151515152,0.06060606060606061,0.030303030303030304,0.0,0.09090909090909091,0.0,0.06060606060606061,0.6060606060606061
engraving,0.07142857142857142,0.21428571428571427,0.03571428571428571,0.10714285714285714,0.07142857142857142,0.10714285714285714,0.03571428571428571,0.35714285714285715
winter,0.06451612903225806,0.12903225806451613,0.0967741935483871,0.12903225806451613,0.0967741935483871,0.1935483870967742,0.06451612903225806,0.22580645161290322
including,0.13513513513513514,0.16216216216216217,0.02702702702702703,0.02702702702702703,0.08108108108108109,0.13513513513513514,0.0,0.43243243243243246
right,0.176,0.12,0.048,0.088,0.104,0.192,0.064,0.208
coeffe,0.10714285714285714,0.10714285714285714,0.10714285714285714,0.10714285714285714,0.10714285714285714,0.14285714285714285,0.10714285714285714,0.21428571428571427
without,0.08421052631578947,0.15789473684210525,0.08421052631578947,0.16842105263157894,0.07368421052631578,0.10526315789473684,0.031578947368421054,0.29473684210526313
archive,0.13559322033898305,0.13559322033898305,0.03389830508474576,0.0,0.03389830508474576,0.2033898305084746,0.0,0.4576271186440678
distribution,0.08695652173913043,0.21739130434782608,0.0,0.043478260869565216,0.08695652173913043,0.021739130434782608,0.0,0.5434782608695652
ou,0.10714285714285714,0.10714285714285714,0.10714285714285714,0.14285714285714285,0.10714285714285714,0.10714285714285714,0.10714285714285714,0.21428571428571427
dâhyuer,0.1111111111111111,0.1111111111111111,0.1111111111111111,0.1111111111111111,0.1111111111111111,0.1111111111111111,0.1111111111111111,0.2222222222222222
brodã©,0.1111111111111111,0.1111111111111111,0.1111111111111111,0.1111111111111111,0.1111111111111111,0.1111111111111111,0.1111111111111111,0.2222222222222222
couleur,0.1111111111111111,0.1111111111111111,0.1111111111111111,0.1111111111111111,0.1111111111111111,0.1111111111111111,0.1111111111111111,0.2222222222222222
noir,0.1111111111111111,0.1111111111111111,0.1111111111111111,0.1111111111111111,0.1111111111111111,0.1111111111111111,0.1111111111111111,0.2222222222222222
manchon,0.1111111111111111,0.1111111111111111,0.1111111111111111,0.1111111111111111,0.1111111111111111,0.1111111111111111,0.1111111111111111,0.2222222222222222
pluche,0.1111111111111111,0.1111111111111111,0.1111111111111111,0.1111111111111111,0.1111111111111111,0.1111111111111111,0.1111111111111111,0.2222222222222222
soye,0.1111111111111111,0.1111111111111111,0.1111111111111111,0.1111111111111111,0.1111111111111111,0.1111111111111111,0.1111111111111111,0.2222222222222222
associated,0.07894736842105263,0.18421052631578946,0.039473684210526314,0.06578947368421052,0.15789473684210525,0.06578947368421052,0.05263157894736842,0.35526315789473684
copyright,0.09302325581395349,0.18604651162790697,0.09302325581395349,0.046511627906976744,0.046511627906976744,0.09302325581395349,0.023255813953488372,0.4186046511627907
foundation,0.11267605633802817,0.15492957746478872,0.028169014084507043,0.014084507042253521,0.07042253521126761,0.14084507042253522,0.0,0.4788732394366197
forth,0.23076923076923078,0.07692307692307693,0.038461538461538464,0.038461538461538464,0.11538461538461539,0.11538461538461539,0.0,0.38461538461538464
distributing,0.16666666666666666,0.16666666666666666,0.06666666666666667,0.03333333333333333,0.1,0.1,0.0,0.36666666666666664
gutenberg-tm,0.14084507042253522,0.15023474178403756,0.051643192488262914,0.046948356807511735,0.11267605633802817,0.06103286384976526,0.018779342723004695,0.41784037558685444
electronic,0.18095238095238095,0.13333333333333333,0.06666666666666667,0.0380952380952381,0.10476190476190476,0.0761904761904762,0.0380952380952381,0.3619047619047619
trademark,0.1891891891891892,0.10810810810810811,0.05405405405405406,0.02702702702702703,0.08108108108108109,0.16216216216216217,0.0,0.3783783783783784
agree,0.2,0.14285714285714285,0.05714285714285714,0.05714285714285714,0.05714285714285714,0.08571428571428572,0.02857142857142857,0.37142857142857144
agreement,0.125,0.06944444444444445,0.041666666666666664,0.027777777777777776,0.05555555555555555,0.08333333333333333,0.013888888888888888,0.5833333333333334
fee,0.35294117647058826,0.11764705882352941,0.058823529411764705,0.0,0.11764705882352941,0.0,0.0,0.35294117647058826
access,0.20454545454545456,0.14772727272727273,0.09090909090909091,0.06818181818181818,0.11363636363636363,0.045454545454545456,0.022727272727272728,0.3068181818181818
refund,0.24615384615384617,0.12307692307692308,0.046153846153846156,0.015384615384615385,0.12307692307692308,0.12307692307692308,0.09230769230769231,0.23076923076923078
fees,0.13636363636363635,0.13636363636363635,0.045454545454545456,0.0,0.045454545454545456,0.13636363636363635,0.0,0.5
owner,0.22727272727272727,0.10606060606060606,0.06060606060606061,0.030303030303030304,0.030303030303030304,0.18181818181818182,0.0,0.36363636363636365
donations,0.0,0.23333333333333334,0.0,0.0,0.1,0.1,0.0,0.5666666666666667
replacement,0.24324324324324326,0.08108108108108109,0.05405405405405406,0.0,0.10810810810810811,0.16216216216216217,0.08108108108108109,0.2702702702702703
damages,0.18181818181818182,0.030303030303030304,0.12121212121212122,0.06060606060606061,0.0,0.3333333333333333,0.0,0.2727272727272727
three,0.030303030303030304,0.08080808080808081,0.030303030303030304,0.1111111111111111,0.1414141414141414,0.08080808080808081,0.0707070707070707,0.45454545454545453
almost,0.13559322033898305,0.05084745762711865,0.13559322033898305,0.1864406779661017,0.03389830508474576,0.1694915254237288,0.01694915254237288,0.2711864406779661
away,0.03125,0.1875,0.0625,0.09375,0.09375,0.09375,0.09375,0.34375
http,0.0,0.25,0.0,0.0,0.15,0.0,0.0,0.6
's,0.05693950177935943,0.1494661921708185,0.028469750889679714,0.11743772241992882,0.1387900355871886,0.11387900355871886,0.08185053380782918,0.31316725978647686
cars,0.07518796992481203,0.10526315789473684,0.06015037593984962,0.16541353383458646,0.11278195488721804,0.12030075187969924,0.05263157894736842,0.3082706766917293
like,0.08,0.12,0.04,0.14666666666666667,0.14666666666666667,0.12,0.06666666666666667,0.28
police,0.018018018018018018,0.036036036036036036,0.009009009009009009,0.3153153153153153,0.04504504504504504,0.11711711711711711,0.05405405405405406,0.40540540540540543
late,0.10714285714285714,0.07142857142857142,0.125,0.14285714285714285,0.08928571428571429,0.25,0.08928571428571429,0.125
behind,0.03333333333333333,0.13333333333333333,0.05,0.2,0.05,0.18333333333333332,0.08333333333333333,0.26666666666666666
snow,0.08450704225352113,0.08450704225352113,0.07042253521126761,0.11267605633802817,0.09859154929577464,0.22535211267605634,0.08450704225352113,0.23943661971830985
across,0.046511627906976744,0.10465116279069768,0.06976744186046512,0.1511627906976744,0.08139534883720931,0.13953488372093023,0.046511627906976744,0.36046511627906974
front,0.046511627906976744,0.13953488372093023,0.11627906976744186,0.06976744186046512,0.13953488372093023,0.18604651162790697,0.06976744186046512,0.23255813953488372
north,0.047619047619047616,0.07936507936507936,0.015873015873015872,0.2222222222222222,0.09523809523809523,0.12698412698412698,0.031746031746031744,0.38095238095238093
continental,0.1282051282051282,0.1282051282051282,0.05128205128205128,0.10256410256410256,0.10256410256410256,0.07692307692307693,0.02564102564102564,0.38461538461538464
thruway,0.09090909090909091,0.14772727272727273,0.03409090909090909,0.11363636363636363,0.11363636363636363,0.13636363636363635,0.022727272727272728,0.3409090909090909
patrol,0.06157635467980296,0.08866995073891626,0.029556650246305417,0.14039408866995073,0.046798029556650245,0.10098522167487685,0.05665024630541872,0.4753694581280788
air,0.25,0.041666666666666664,0.0,0.25,0.0,0.125,0.041666666666666664,0.2916666666666667
could,0.030612244897959183,0.17346938775510204,0.05102040816326531,0.15306122448979592,0.14285714285714285,0.1326530612244898,0.09183673469387756,0.22448979591836735
either,0.05128205128205128,0.1282051282051282,0.0,0.1282051282051282,0.1282051282051282,0.20512820512820512,0.10256410256410256,0.2564102564102564
ben,0.0784313725490196,0.11274509803921569,0.03431372549019608,0.16176470588235295,0.11764705882352941,0.12745098039215685,0.08333333333333333,0.28431372549019607
martin,0.11764705882352941,0.07058823529411765,0.058823529411764705,0.15294117647058825,0.07058823529411765,0.1411764705882353,0.047058823529411764,0.3411764705882353
door,0.1111111111111111,0.17777777777777778,0.044444444444444446,0.15555555555555556,0.1111111111111111,0.1111111111111111,0.13333333333333333,0.15555555555555556
hit,0.32653061224489793,0.10204081632653061,0.04081632653061224,0.061224489795918366,0.10204081632653061,0.061224489795918366,0.08163265306122448,0.22448979591836735
blue,0.03870967741935484,0.09032258064516129,0.025806451612903226,0.0967741935483871,0.12903225806451613,0.34838709677419355,0.04516129032258064,0.22580645161290322
turned,0.04285714285714286,0.11428571428571428,0.014285714285714285,0.08571428571428572,0.1,0.14285714285714285,0.12857142857142856,0.37142857142857144
looked,0.02857142857142857,0.17142857142857143,0.0,0.02857142857142857,0.17142857142857143,0.11428571428571428,0.14285714285714285,0.34285714285714286
back,0.059602649006622516,0.12582781456953643,0.039735099337748346,0.15894039735099338,0.08609271523178808,0.152317880794702,0.09933774834437085,0.2781456953642384
trooper,0.038461538461538464,0.15384615384615385,0.038461538461538464,0.057692307692307696,0.17307692307692307,0.09615384615384616,0.11538461538461539,0.3269230769230769
clay,0.06818181818181818,0.14772727272727273,0.05113636363636364,0.13068181818181818,0.10227272727272728,0.11931818181818182,0.09090909090909091,0.2897727272727273
ferguson,0.07142857142857142,0.09523809523809523,0.0,0.09523809523809523,0.023809523809523808,0.11904761904761904,0.023809523809523808,0.5714285714285714
young,0.0273972602739726,0.2602739726027397,0.0410958904109589,0.0547945205479452,0.2602739726027397,0.0136986301369863,0.2465753424657534,0.0958904109589041
officer,0.031746031746031744,0.07936507936507936,0.015873015873015872,0.06349206349206349,0.07936507936507936,0.12698412698412698,0.031746031746031744,0.5714285714285714
around,0.058823529411764705,0.11764705882352941,0.058823529411764705,0.12941176470588237,0.09411764705882353,0.2,0.09411764705882353,0.24705882352941178
small,0.02857142857142857,0.08571428571428572,0.08571428571428572,0.2,0.0,0.08571428571428572,0.08571428571428572,0.42857142857142855
began,0.034482758620689655,0.10344827586206896,0.06896551724137931,0.20689655172413793,0.08620689655172414,0.1896551724137931,0.1206896551724138,0.1896551724137931
made,0.0,0.22727272727272727,0.0,0.11363636363636363,0.1590909090909091,0.09090909090909091,0.06818181818181818,0.3409090909090909
swung,0.025,0.1,0.075,0.225,0.075,0.1,0.05,0.35
keep,0.13157894736842105,0.13157894736842105,0.07894736842105263,0.10526315789473684,0.13157894736842105,0.10526315789473684,0.07894736842105263,0.23684210526315788
'll,0.027777777777777776,0.25,0.05555555555555555,0.05555555555555555,0.1388888888888889,0.0,0.1388888888888889,0.3333333333333333
get,0.0851063829787234,0.1702127659574468,0.1276595744680851,0.19148936170212766,0.0425531914893617,0.2127659574468085,0.02127659574468085,0.14893617021276595
kelly,0.04878048780487805,0.17073170731707318,0.008130081300813009,0.15447154471544716,0.13008130081300814,0.14634146341463414,0.04878048780487805,0.2926829268292683
make,0.047619047619047616,0.19047619047619047,0.047619047619047616,0.14285714285714285,0.1111111111111111,0.07936507936507936,0.07936507936507936,0.30158730158730157
would,0.11702127659574468,0.13829787234042554,0.0425531914893617,0.18085106382978725,0.06382978723404255,0.1702127659574468,0.05319148936170213,0.23404255319148937
second,0.08333333333333333,0.16666666666666666,0.027777777777777776,0.16666666666666666,0.1111111111111111,0.08333333333333333,0.05555555555555555,0.3055555555555556
vehicle,0.0948905109489051,0.145985401459854,0.0364963503649635,0.17518248175182483,0.058394160583941604,0.10218978102189781,0.051094890510948905,0.3357664233576642
days,0.14754098360655737,0.16393442622950818,0.04918032786885246,0.09836065573770492,0.13114754098360656,0.08196721311475409,0.09836065573770492,0.22950819672131148
got,0.05263157894736842,0.22807017543859648,0.05263157894736842,0.08771929824561403,0.15789473684210525,0.14035087719298245,0.07017543859649122,0.21052631578947367
thruways,0.23728813559322035,0.0847457627118644,0.11864406779661017,0.2033898305084746,0.03389830508474576,0.13559322033898305,0.01694915254237288,0.1694915254237288
reports,0.13513513513513514,0.08108108108108109,0.02702702702702703,0.1891891891891892,0.08108108108108109,0.24324324324324326,0.05405405405405406,0.1891891891891892
five,0.08888888888888889,0.08888888888888889,0.044444444444444446,0.15555555555555556,0.022222222222222223,0.2222222222222222,0.044444444444444446,0.3333333333333333
later,0.09803921568627451,0.09803921568627451,0.0392156862745098,0.23529411764705882,0.0784313725490196,0.13725490196078433,0.0196078431372549,0.29411764705882354
home,0.0,0.24390243902439024,0.0,0.04878048780487805,0.24390243902439024,0.0975609756097561,0.12195121951219512,0.24390243902439024
another,0.057692307692307696,0.17307692307692307,0.038461538461538464,0.15384615384615385,0.09615384615384616,0.09615384615384616,0.07692307692307693,0.3076923076923077
car,0.07453416149068323,0.09316770186335403,0.049689440993788817,0.18840579710144928,0.047619047619047616,0.14285714285714285,0.06625258799171843,0.33747412008281574
troopers,0.046153846153846156,0.1076923076923077,0.06153846153846154,0.18461538461538463,0.09230769230769231,0.12307692307692308,0.046153846153846156,0.3384615384615385
service,0.1267605633802817,0.028169014084507043,0.08450704225352113,0.16901408450704225,0.056338028169014086,0.2535211267605634,0.07042253521126761,0.2112676056338028
two,0.07253886010362694,0.11398963730569948,0.046632124352331605,0.16062176165803108,0.11917098445595854,0.15025906735751296,0.09326424870466321,0.24352331606217617
left,0.11428571428571428,0.1,0.07142857142857142,0.21428571428571427,0.07142857142857142,0.24285714285714285,0.05714285714285714,0.12857142857142856
equipment,0.12,0.24,0.08,0.08,0.08,0.12,0.0,0.28
lights,0.05,0.13333333333333333,0.025,0.225,0.1,0.175,0.125,0.16666666666666666
replied,0.10810810810810811,0.13513513513513514,0.05405405405405406,0.10810810810810811,0.13513513513513514,0.10810810810810811,0.08108108108108109,0.2702702702702703
said,0.1,0.15,0.05,0.1,0.15,0.16666666666666666,0.08333333333333333,0.2
think,0.05263157894736842,0.15789473684210525,0.05263157894736842,0.13157894736842105,0.15789473684210525,0.15789473684210525,0.05263157894736842,0.23684210526315788
've,0.07692307692307693,0.23076923076923078,0.05128205128205128,0.10256410256410256,0.10256410256410256,0.1794871794871795,0.05128205128205128,0.20512820512820512
beulah,0.11458333333333333,0.08333333333333333,0.041666666666666664,0.1875,0.041666666666666664,0.08333333333333333,0.07291666666666667,0.375
hundred,0.05982905982905983,0.11965811965811966,0.0,0.1111111111111111,0.1623931623931624,0.06837606837606838,0.06837606837606838,0.41025641025641024
night,0.022222222222222223,0.2,0.044444444444444446,0.06666666666666667,0.17777777777777778,0.1111111111111111,0.15555555555555556,0.2222222222222222
miles,0.1,0.07,0.03,0.15,0.09,0.18,0.11,0.27
station,0.13043478260869565,0.043478260869565216,0.10869565217391304,0.17391304347826086,0.08695652173913043,0.1956521739130435,0.13043478260869565,0.13043478260869565
n't,0.08181818181818182,0.15454545454545454,0.06363636363636363,0.18181818181818182,0.1,0.15454545454545454,0.07272727272727272,0.19090909090909092
norcon,0.11538461538461539,0.057692307692307696,0.09615384615384616,0.23076923076923078,0.057692307692307696,0.057692307692307696,0.038461538461538464,0.34615384615384615
never,0.1111111111111111,0.2222222222222222,0.0,0.1388888888888889,0.1111111111111111,0.1111111111111111,0.05555555555555555,0.25
56,0.0196078431372549,0.11764705882352941,0.0,0.19607843137254902,0.058823529411764705,0.17647058823529413,0.058823529411764705,0.37254901960784315
light,0.043478260869565216,0.11594202898550725,0.014492753623188406,0.18840579710144928,0.13043478260869565,0.2028985507246377,0.14492753623188406,0.15942028985507245
number,0.08333333333333333,0.1388888888888889,0.1111111111111111,0.1111111111111111,0.1111111111111111,0.16666666666666666,0.027777777777777776,0.25
flashed,0.125,0.125,0.0625,0.22916666666666666,0.08333333333333333,0.125,0.020833333333333332,0.22916666666666666
onto,0.10416666666666667,0.0625,0.041666666666666664,0.2708333333333333,0.0625,0.16666666666666666,0.020833333333333332,0.2708333333333333
went,0.1,0.08,0.04,0.26,0.06,0.16,0.08,0.22
strip,0.08,0.06,0.04,0.2,0.04,0.36,0.06,0.16
nat,0.1111111111111111,0.08888888888888889,0.044444444444444446,0.24444444444444444,0.15555555555555556,0.1111111111111111,0.022222222222222223,0.2222222222222222
along,0.1111111111111111,0.13333333333333333,0.06666666666666667,0.2,0.06666666666666667,0.1111111111111111,0.022222222222222223,0.28888888888888886
cut,0.07692307692307693,0.07692307692307693,0.0,0.15384615384615385,0.10256410256410256,0.15384615384615385,0.1282051282051282,0.3076923076923077
fire,0.10256410256410256,0.07692307692307693,0.05128205128205128,0.358974358974359,0.05128205128205128,0.02564102564102564,0.05128205128205128,0.28205128205128205
control,0.1411764705882353,0.08235294117647059,0.10588235294117647,0.24705882352941178,0.047058823529411764,0.15294117647058825,0.047058823529411764,0.17647058823529413
26-west,0.08571428571428572,0.08571428571428572,0.05714285714285714,0.2,0.17142857142857143,0.08571428571428572,0.02857142857142857,0.2857142857142857
state,0.021739130434782608,0.13043478260869565,0.0,0.13043478260869565,0.043478260869565216,0.13043478260869565,0.043478260869565216,0.5
traffic,0.05084745762711865,0.12429378531073447,0.03389830508474576,0.13559322033898305,0.11864406779661017,0.20903954802259886,0.07909604519774012,0.24858757062146894
came,0.13333333333333333,0.06666666666666667,0.1111111111111111,0.2222222222222222,0.06666666666666667,0.13333333333333333,0.06666666666666667,0.2
within,0.19444444444444445,0.16666666666666666,0.027777777777777776,0.05555555555555555,0.1111111111111111,0.08333333333333333,0.1388888888888889,0.2222222222222222
every,0.20512820512820512,0.07692307692307693,0.07692307692307693,0.1794871794871795,0.10256410256410256,0.10256410256410256,0.07692307692307693,0.1794871794871795
faster,0.1,0.25,0.025,0.05,0.225,0.05,0.025,0.275
vehicles,0.102803738317757,0.102803738317757,0.028037383177570093,0.205607476635514,0.102803738317757,0.1588785046728972,0.08411214953271028,0.21495327102803738
way,0.15217391304347827,0.15217391304347827,0.06521739130434782,0.13043478260869565,0.08695652173913043,0.17391304347826086,0.021739130434782608,0.21739130434782608
four,0.11764705882352941,0.0392156862745098,0.0784313725490196,0.19607843137254902,0.0392156862745098,0.21568627450980393,0.0196078431372549,0.29411764705882354
hour,0.09722222222222222,0.08333333333333333,0.027777777777777776,0.125,0.1111111111111111,0.1527777777777778,0.1111111111111111,0.2916666666666667
speeds,0.13793103448275862,0.06896551724137931,0.034482758620689655,0.27586206896551724,0.034482758620689655,0.1724137931034483,0.10344827586206896,0.1724137931034483
speed,0.022727272727272728,0.09090909090909091,0.022727272727272728,0.1590909090909091,0.045454545454545456,0.20454545454545456,0.06818181818181818,0.38636363636363635
lanes,0.03296703296703297,0.13186813186813187,0.02197802197802198,0.16483516483516483,0.15384615384615385,0.18681318681318682,0.06593406593406594,0.24175824175824176
big,0.07547169811320754,0.1320754716981132,0.07547169811320754,0.1509433962264151,0.11320754716981132,0.11320754716981132,0.03773584905660377,0.3018867924528302
yellow,0.05434782608695652,0.13043478260869565,0.010869565217391304,0.09782608695652174,0.17391304347826086,0.2391304347826087,0.05434782608695652,0.2391304347826087
green,0.044897959183673466,0.12653061224489795,0.02857142857142857,0.07755102040816327,0.2530612244897959,0.10204081632653061,0.04081632653061224,0.32653061224489793
white,0.06046511627906977,0.17209302325581396,0.03255813953488372,0.07906976744186046,0.22790697674418606,0.11162790697674418,0.05581395348837209,0.26046511627906976
red,0.07462686567164178,0.11940298507462686,0.029850746268656716,0.23880597014925373,0.08955223880597014,0.19402985074626866,0.1044776119402985,0.14925373134328357
emergency,0.020833333333333332,0.0625,0.013888888888888888,0.2916666666666667,0.04861111111111111,0.2569444444444444,0.18055555555555555,0.125
lane,0.036585365853658534,0.08536585365853659,0.03048780487804878,0.18597560975609756,0.11585365853658537,0.17378048780487804,0.054878048780487805,0.3170731707317073
picked,0.0,0.14705882352941177,0.0,0.14705882352941177,0.20588235294117646,0.23529411764705882,0.08823529411764706,0.17647058823529413
marker,0.07317073170731707,0.0975609756097561,0.024390243902439025,0.1951219512195122,0.04878048780487805,0.2926829268292683,0.07317073170731707,0.1951219512195122
see,0.029411764705882353,0.20588235294117646,0.058823529411764705,0.08823529411764706,0.17647058823529413,0.14705882352941177,0.029411764705882353,0.2647058823529412
might,0.09090909090909091,0.11363636363636363,0.06818181818181818,0.20454545454545456,0.09090909090909091,0.09090909090909091,0.11363636363636363,0.22727272727272727
crossover,0.1282051282051282,0.15384615384615385,0.0,0.1794871794871795,0.1282051282051282,0.1282051282051282,0.05128205128205128,0.23076923076923078
're,0.11363636363636363,0.09090909090909091,0.13636363636363635,0.13636363636363635,0.09090909090909091,0.1590909090909091,0.06818181818181818,0.20454545454545456
come,0.025,0.15,0.05,0.075,0.15,0.1,0.125,0.325
cab,0.045454545454545456,0.11363636363636363,0.09090909090909091,0.06818181818181818,0.09090909090909091,0.1590909090909091,0.06818181818181818,0.36363636363636365
feet,0.061224489795918366,0.1836734693877551,0.04081632653061224,0.10204081632653061,0.08163265306122448,0.14285714285714285,0.0,0.3877551020408163
pavement,0.08823529411764706,0.029411764705882353,0.029411764705882353,0.17647058823529413,0.0,0.17647058823529413,0.058823529411764705,0.4411764705882353
flashing,0.06818181818181818,0.1590909090909091,0.022727272727272728,0.22727272727272727,0.09090909090909091,0.18181818181818182,0.09090909090909091,0.1590909090909091
side,0.11428571428571428,0.11428571428571428,0.05714285714285714,0.17142857142857143,0.07142857142857142,0.18571428571428572,0.05714285714285714,0.22857142857142856
called,0.14634146341463414,0.12195121951219512,0.12195121951219512,0.21951219512195122,0.0975609756097561,0.04878048780487805,0.04878048780487805,0.1951219512195122
forward,0.18518518518518517,0.07407407407407407,0.0,0.2222222222222222,0.037037037037037035,0.07407407407407407,0.07407407407407407,0.3333333333333333
fifty,0.0975609756097561,0.0975609756097561,0.024390243902439025,0.12195121951219512,0.12195121951219512,0.07317073170731707,0.04878048780487805,0.4146341463414634
dispensary,0.04225352112676056,0.16901408450704225,0.04225352112676056,0.18309859154929578,0.08450704225352113,0.18309859154929578,0.08450704225352113,0.2112676056338028
rear,0.041666666666666664,0.125,0.041666666666666664,0.3333333333333333,0.0,0.20833333333333334,0.0,0.25
good,0.010101010101010102,0.21212121212121213,0.030303030303030304,0.050505050505050504,0.21212121212121213,0.030303030303030304,0.21212121212121213,0.24242424242424243
still,0.12903225806451613,0.1774193548387097,0.08064516129032258,0.11290322580645161,0.12903225806451613,0.11290322580645161,0.04838709677419355,0.20967741935483872
go,0.02631578947368421,0.21052631578947367,0.02631578947368421,0.05263157894736842,0.15789473684210525,0.07894736842105263,0.13157894736842105,0.3157894736842105
hospital,0.028169014084507043,0.04225352112676056,0.014084507042253521,0.29577464788732394,0.04225352112676056,0.2535211267605634,0.028169014084507043,0.29577464788732394
accident,0.03296703296703297,0.06593406593406594,0.0,0.23076923076923078,0.054945054945054944,0.27472527472527475,0.2087912087912088,0.13186813186813187
enough,0.07142857142857142,0.19047619047619047,0.023809523809523808,0.14285714285714285,0.09523809523809523,0.14285714285714285,0.09523809523809523,0.23809523809523808
ambulance,0.023809523809523808,0.05952380952380952,0.05952380952380952,0.34523809523809523,0.03571428571428571,0.14285714285714285,0.011904761904761904,0.32142857142857145
seat,0.04938271604938271,0.16049382716049382,0.024691358024691357,0.13580246913580246,0.20987654320987653,0.12345679012345678,0.09876543209876543,0.19753086419753085
criminal,0.2777777777777778,0.0,0.2777777777777778,0.3055555555555556,0.027777777777777776,0.027777777777777776,0.027777777777777776,0.05555555555555555
subjects,0.15492957746478872,0.04225352112676056,0.14084507042253522,0.2112676056338028,0.04225352112676056,0.1267605633802817,0.09859154929577464,0.18309859154929578
bank,0.06976744186046512,0.09302325581395349,0.06976744186046512,0.23255813953488372,0.046511627906976744,0.06976744186046512,0.09302325581395349,0.32558139534883723
ahead,0.08196721311475409,0.06557377049180328,0.04918032786885246,0.21311475409836064,0.06557377049180328,0.2459016393442623,0.03278688524590164,0.2459016393442623
rolled,0.02564102564102564,0.05128205128205128,0.0,0.3076923076923077,0.0,0.1794871794871795,0.05128205128205128,0.38461538461538464
steady,0.023255813953488372,0.046511627906976744,0.023255813953488372,0.06976744186046512,0.046511627906976744,0.09302325581395349,0.2558139534883721,0.4418604651162791
mile,0.07017543859649122,0.12280701754385964,0.03508771929824561,0.17543859649122806,0.10526315789473684,0.17543859649122806,0.07017543859649122,0.24561403508771928
broke,0.1111111111111111,0.027777777777777776,0.05555555555555555,0.3333333333333333,0.027777777777777776,0.3611111111111111,0.0,0.08333333333333333
cargo,0.0851063829787234,0.0851063829787234,0.0851063829787234,0.14893617021276595,0.0851063829787234,0.14893617021276595,0.10638297872340426,0.2553191489361702
radio,0.024390243902439025,0.024390243902439025,0.024390243902439025,0.34146341463414637,0.024390243902439025,0.24390243902439024,0.14634146341463414,0.17073170731707318
scene,0.05405405405405406,0.10810810810810811,0.02702702702702703,0.1891891891891892,0.08108108108108109,0.1891891891891892,0.16216216216216217,0.1891891891891892
