,anger,anticipation,disgust,fear,joy,sadness,surprise,trust
gutenberg,0.06428571428571428,0.3196428571428571,0.02142857142857143,0.02142857142857143,0.13392857142857142,0.07142857142857142,0.04285714285714286,0.325
's,0.08510142224294708,0.1893215201678713,0.05525763581254372,0.10888318955467476,0.13196549312193984,0.0960596875728608,0.0799720214502215,0.253439030076941
story,0.056,0.216,0.032,0.088,0.152,0.128,0.08,0.248
versailles,0.09529276693455797,0.20436280137772675,0.04247990815154994,0.09988518943742825,0.1791044776119403,0.09299655568312284,0.07921928817451206,0.2066590126291619
use,0.11994949494949494,0.18813131313131312,0.06691919191919192,0.1111111111111111,0.11994949494949494,0.09595959595959595,0.05176767676767677,0.24621212121212122
cost,0.07142857142857142,0.2012987012987013,0.01948051948051948,0.03896103896103896,0.12987012987012986,0.09740259740259741,0.012987012987012988,0.42857142857142855
may,0.08549942782409678,0.1844041196665032,0.05590975968612065,0.10429949321562858,0.11672388425698872,0.1219552068007193,0.08173941474579043,0.24946869380415237
copy,0.1206581352833638,0.1590493601462523,0.06398537477148081,0.10420475319926874,0.06946983546617916,0.10786106032906764,0.02376599634369287,0.3510054844606947
give,0.07887161773172136,0.16868163500287853,0.06850892343120323,0.11341393206678181,0.13644214162348878,0.12953367875647667,0.09844559585492228,0.20610247553252733
away,0.08265947888589398,0.14555256064690028,0.08265947888589398,0.11859838274932614,0.11590296495956873,0.16082659478885894,0.09973045822102426,0.1940700808625337
terms,0.11702127659574468,0.14893617021276595,0.04609929078014184,0.06382978723404255,0.14184397163120568,0.04964539007092199,0.04609929078014184,0.38652482269503546
project,0.10747663551401869,0.2155373831775701,0.03387850467289719,0.0397196261682243,0.11448598130841121,0.07593457943925233,0.03271028037383177,0.3802570093457944
license,0.10256410256410256,0.25,0.05128205128205128,0.07692307692307693,0.14102564102564102,0.07692307692307693,0.038461538461538464,0.26282051282051283
last,0.11163670766319773,0.1665089877010407,0.07947019867549669,0.14758751182592242,0.11542100283822138,0.12015137180700095,0.0586565752128666,0.20056764427625354
louis,0.082010582010582,0.21957671957671956,0.041005291005291,0.07142857142857142,0.18253968253968253,0.07671957671957672,0.10185185185185185,0.22486772486772486
xiv,0.11956521739130435,0.20652173913043478,0.04891304347826087,0.09782608695652174,0.16847826086956522,0.09239130434782608,0.09239130434782608,0.17391304347826086
new,0.07372654155495978,0.24932975871313673,0.045576407506702415,0.08981233243967829,0.13404825737265416,0.12064343163538874,0.0871313672922252,0.19973190348525469
copyright,0.08888888888888889,0.2,0.08888888888888889,0.044444444444444446,0.06666666666666667,0.08888888888888889,0.0,0.4222222222222222
little,0.07617817947062622,0.17688831504196256,0.07682375726275016,0.12007746933505488,0.12395093608779859,0.14138153647514526,0.09102646868947709,0.19367333763718528
chapter,0.08121827411167512,0.15736040609137056,0.07614213197969544,0.1218274111675127,0.1065989847715736,0.18781725888324874,0.06598984771573604,0.20304568527918782
beginning,0.0966183574879227,0.20531400966183574,0.050724637681159424,0.1111111111111111,0.1473429951690821,0.09420289855072464,0.0748792270531401,0.21980676328502416
ii,0.10071942446043165,0.17266187050359713,0.02158273381294964,0.14388489208633093,0.19424460431654678,0.07913669064748201,0.09352517985611511,0.19424460431654678
making,0.12219451371571072,0.14463840399002495,0.09476309226932668,0.11471321695760599,0.12219451371571072,0.10473815461346633,0.08229426433915212,0.2144638403990025
luxurious,0.10416666666666667,0.20833333333333334,0.0625,0.08333333333333333,0.3125,0.041666666666666664,0.0625,0.125
chateau,0.11724137931034483,0.18620689655172415,0.04827586206896552,0.10344827586206896,0.14482758620689656,0.10344827586206896,0.07586206896551724,0.2206896551724138
luxury,0.01818181818181818,0.2,0.03636363636363636,0.01818181818181818,0.38181818181818183,0.03636363636363636,0.05454545454545454,0.2545454545454545
gardens,0.03225806451612903,0.22580645161290322,0.03870967741935484,0.05806451612903226,0.22580645161290322,0.04516129032258064,0.13548387096774195,0.23870967741935484
fountains,0.053763440860215055,0.26881720430107525,0.021505376344086023,0.043010752688172046,0.24731182795698925,0.043010752688172046,0.16129032258064516,0.16129032258064516
grand,0.08333333333333333,0.20588235294117646,0.03676470588235294,0.09068627450980392,0.19117647058823528,0.051470588235294115,0.09313725490196079,0.24754901960784315
trianon,0.0975609756097561,0.23170731707317074,0.06097560975609756,0.10975609756097561,0.17073170731707318,0.06097560975609756,0.06097560975609756,0.2073170731707317
day,0.06859205776173286,0.1887570912841671,0.0629190304280557,0.10417741103661682,0.16606498194945848,0.09541000515729757,0.10520887055183084,0.20887055183084063
sun,0.019842803762401752,0.22935188764334494,0.01829661126143538,0.022935188764334494,0.21698234763561397,0.056436026285272514,0.1934029119958768,0.24275222265172014
king,0.08944099378881988,0.20124223602484473,0.05217391304347826,0.1031055900621118,0.16335403726708075,0.06521739130434782,0.08819875776397515,0.2372670807453416
golden,0.11888111888111888,0.1258741258741259,0.08391608391608392,0.09090909090909091,0.16783216783216784,0.0979020979020979,0.14685314685314685,0.16783216783216784
days,0.11458333333333333,0.2025462962962963,0.04861111111111111,0.09837962962962964,0.16782407407407407,0.09490740740740741,0.1087962962962963,0.16435185185185186
women,0.1261682242990654,0.16355140186915887,0.06542056074766354,0.13551401869158877,0.1588785046728972,0.102803738317757,0.07476635514018691,0.17289719626168223
xv,0.09615384615384616,0.1987179487179487,0.057692307692307696,0.07692307692307693,0.16025641025641027,0.09615384615384616,0.10897435897435898,0.20512820512820512
bourbon,0.1111111111111111,0.2222222222222222,0.027777777777777776,0.08333333333333333,0.2222222222222222,0.08333333333333333,0.05555555555555555,0.19444444444444445
kings,0.16216216216216217,0.1891891891891892,0.05405405405405406,0.13513513513513514,0.1891891891891892,0.08108108108108109,0.05405405405405406,0.13513513513513514
royal,0.09798994974874371,0.21105527638190955,0.04020100502512563,0.12060301507537688,0.1708542713567839,0.06030150753768844,0.08542713567839195,0.2135678391959799
scene,0.08064516129032258,0.1774193548387097,0.016129032258064516,0.12096774193548387,0.20161290322580644,0.07258064516129033,0.11290322580645161,0.21774193548387097
world,0.08038147138964577,0.1784741144414169,0.07901907356948229,0.10762942779291552,0.1566757493188011,0.09128065395095368,0.0885558583106267,0.21798365122615804
hall,0.09797297297297297,0.16216216216216217,0.02702702702702703,0.13175675675675674,0.16891891891891891,0.10135135135135136,0.08108108108108109,0.22972972972972974
mirrors,0.08398950131233596,0.17060367454068243,0.06036745406824147,0.13385826771653545,0.16272965879265092,0.08923884514435695,0.08923884514435695,0.2099737532808399
could,0.07329842931937172,0.18727345952476843,0.05477245267821184,0.11639146194120016,0.14740233588401128,0.10350382601691502,0.10551751913008457,0.21184051550543698
fell,0.07939508506616257,0.13043478260869565,0.06805293005671077,0.14177693761814744,0.09829867674858223,0.2646502835538752,0.07561436672967864,0.14177693761814744
god,0.04884004884004884,0.1855921855921856,0.05860805860805861,0.15262515262515264,0.18925518925518925,0.07814407814407814,0.04151404151404151,0.2454212454212454
still,0.07290803645401822,0.1988400994200497,0.0463960231980116,0.09859154929577464,0.15327257663628832,0.10024855012427507,0.07953603976801989,0.2502071251035626
see,0.06423323062337047,0.17515999051908035,0.05807063285138658,0.1076084380184878,0.14742830054515288,0.12088172552737615,0.10310500118511495,0.2235126807300308
great,0.1040339702760085,0.1624203821656051,0.06369426751592357,0.1409235668789809,0.11464968152866242,0.1388004246284501,0.08067940552016985,0.1947983014861996
night,0.11217948717948718,0.1233974358974359,0.057692307692307696,0.1971153846153846,0.10416666666666667,0.15384615384615385,0.10096153846153846,0.15064102564102563
queen,0.10804597701149425,0.18160919540229886,0.07126436781609195,0.1471264367816092,0.15632183908045977,0.08735632183908046,0.07126436781609195,0.17701149425287357
state,0.08542713567839195,0.1708542713567839,0.03015075376884422,0.11557788944723618,0.11390284757118928,0.12395309882747069,0.07202680067001675,0.288107202680067
men,0.13552123552123552,0.1308880308880309,0.07644787644787644,0.1552123552123552,0.11814671814671815,0.12625482625482626,0.07451737451737452,0.18301158301158302
haughty,0.16326530612244897,0.16326530612244897,0.04081632653061224,0.14285714285714285,0.12244897959183673,0.061224489795918366,0.10204081632653061,0.20408163265306123
thousand,0.05275779376498801,0.1630695443645084,0.0671462829736211,0.15587529976019185,0.13908872901678657,0.09832134292565947,0.10071942446043165,0.22302158273381295
come,0.09200805910006717,0.1605104096709201,0.07521826729348556,0.13364674278038952,0.12827400940228342,0.12222968435191403,0.09738079247817327,0.19073203492276697
upon,0.09200240529164161,0.14852675886951291,0.07095610342754059,0.1449188214070956,0.11846061334936861,0.1371016235718581,0.09019843656043296,0.1978352375225496
went,0.07792207792207792,0.16623376623376623,0.05194805194805195,0.0987012987012987,0.17922077922077922,0.08571428571428572,0.08831168831168831,0.2519480519480519
way,0.07222222222222222,0.17222222222222222,0.07575757575757576,0.12424242424242424,0.1303030303030303,0.11464646464646465,0.10303030303030303,0.20757575757575758
one,0.08627929026141135,0.170120547203034,0.06230529595015576,0.11648381416768251,0.13124746038195856,0.11648381416768251,0.09047812542326968,0.22660165244480562
end,0.08170643528561099,0.2010122921185828,0.06941431670281996,0.11785972523499638,0.12219812002892264,0.10773680404916848,0.07664497469269703,0.22342733188720174
find,0.08978583196046129,0.16639209225700163,0.07331136738056013,0.10955518945634267,0.13756177924217464,0.10626029654036244,0.05683690280065898,0.2602965403624382
glory,0.03902439024390244,0.2926829268292683,0.00975609756097561,0.05365853658536585,0.24878048780487805,0.04878048780487805,0.04878048780487805,0.25853658536585367
terror,0.1201923076923077,0.1201923076923077,0.057692307692307696,0.28365384615384615,0.08653846153846154,0.14423076923076922,0.07211538461538461,0.11538461538461539
franklin,0.11764705882352941,0.17647058823529413,0.0392156862745098,0.21568627450980393,0.11764705882352941,0.0392156862745098,0.11764705882352941,0.17647058823529413
seen,0.0820556501987507,0.15105053946621239,0.06445201590005678,0.11101646791595685,0.12208972174900624,0.13515048268029528,0.09965928449744463,0.2345258375922771
genius,0.06716417910447761,0.14925373134328357,0.05223880597014925,0.12686567164179105,0.19402985074626866,0.08208955223880597,0.08208955223880597,0.2462686567164179
fear,0.2526595744680851,0.07712765957446809,0.06914893617021277,0.28191489361702127,0.0797872340425532,0.11702127659574468,0.0425531914893617,0.0797872340425532
gave,0.060810810810810814,0.19369369369369369,0.0472972972972973,0.10585585585585586,0.15090090090090091,0.07882882882882883,0.08333333333333333,0.27927927927927926
birth,0.05755395683453238,0.21942446043165467,0.03597122302158273,0.21223021582733814,0.19424460431654678,0.03597122302158273,0.02877697841726619,0.2158273381294964
might,0.0830376153300213,0.20298083747338538,0.057487579843860895,0.11497515968772179,0.15046132008516677,0.10432931156848829,0.08374733853797019,0.20298083747338538
know,0.08820960698689956,0.14148471615720523,0.06637554585152838,0.12489082969432315,0.1554585152838428,0.09694323144104804,0.06550218340611354,0.2611353711790393
free,0.12718204488778054,0.18952618453865336,0.07481296758104738,0.11970074812967581,0.08478802992518704,0.14962593516209477,0.05486284289276808,0.19950124688279303
shall,0.0726525017135024,0.17614804660726524,0.05483207676490747,0.08156271418779987,0.17614804660726524,0.10281014393420151,0.08704592186429061,0.24880054832076764
ever,0.11544991511035653,0.16129032258064516,0.05602716468590832,0.13582342954159593,0.13921901528013583,0.1307300509337861,0.05432937181663837,0.2071307300509338
whose,0.09023941068139964,0.15285451197053407,0.055248618784530384,0.12338858195211787,0.14548802946593,0.12154696132596685,0.09576427255985268,0.2154696132596685
future,0.08771929824561403,0.23684210526315788,0.03508771929824561,0.07894736842105263,0.16666666666666666,0.12280701754385964,0.09649122807017543,0.17543859649122806
evil,0.17100371747211895,0.06691449814126393,0.1691449814126394,0.19516728624535315,0.07063197026022305,0.20260223048327136,0.04460966542750929,0.07992565055762081
fountain,0.044444444444444446,0.13333333333333333,0.044444444444444446,0.1111111111111111,0.26666666666666666,0.08888888888888889,0.06666666666666667,0.24444444444444444
view,0.026717557251908396,0.2595419847328244,0.026717557251908396,0.04198473282442748,0.1717557251908397,0.08015267175572519,0.11450381679389313,0.2786259541984733
palace,0.10357142857142858,0.19285714285714287,0.06785714285714285,0.10357142857142858,0.16071428571428573,0.075,0.05714285714285714,0.2392857142857143
majesty,0.06716417910447761,0.11194029850746269,0.029850746268656716,0.09701492537313433,0.12686567164179105,0.03731343283582089,0.08208955223880597,0.44776119402985076
even,0.10297872340425532,0.16340425531914893,0.05872340425531915,0.11148936170212766,0.12340425531914893,0.15829787234042553,0.06723404255319149,0.214468085106383
monarch,0.10416666666666667,0.16666666666666666,0.0763888888888889,0.08333333333333333,0.18055555555555555,0.09027777777777778,0.09722222222222222,0.2013888888888889
reign,0.1125,0.2625,0.05,0.0625,0.175,0.0625,0.1625,0.1125
epoch,0.09090909090909091,0.15151515151515152,0.06060606060606061,0.06060606060606061,0.21212121212121213,0.09090909090909091,0.15151515151515152,0.18181818181818182
manner,0.07039337474120083,0.16977225672877846,0.062111801242236024,0.11180124223602485,0.12629399585921325,0.09109730848861283,0.06832298136645963,0.3002070393374741
brilliant,0.06140350877192982,0.2236842105263158,0.041666666666666664,0.08333333333333333,0.23684210526315788,0.06798245614035088,0.06359649122807018,0.22149122807017543
stone,0.27419354838709675,0.13709677419354838,0.04032258064516129,0.07526881720430108,0.10752688172043011,0.08333333333333333,0.07795698924731183,0.20430107526881722
life,0.09551543389633081,0.17996505532906232,0.07454863133372161,0.13686662783925452,0.1391962725684333,0.11997670355270822,0.06988934187536401,0.18404193360512522
every,0.08436497019715727,0.1522237505731316,0.0687757909215956,0.12746446584135718,0.13067400275103164,0.13067400275103164,0.09766162310866575,0.20816139385602933
besides,0.09076433121019108,0.16401273885350318,0.05573248407643312,0.10987261146496816,0.12898089171974522,0.15445859872611464,0.09872611464968153,0.19745222929936307
halls,0.06779661016949153,0.15254237288135594,0.01694915254237288,0.11864406779661017,0.1694915254237288,0.13559322033898305,0.1016949152542373,0.23728813559322035
estate,0.0975609756097561,0.3170731707317073,0.0,0.12195121951219512,0.17073170731707318,0.024390243902439025,0.07317073170731707,0.1951219512195122
two,0.08552631578947369,0.15962603878116344,0.05921052631578947,0.12326869806094183,0.10560941828254848,0.1360803324099723,0.08795013850415513,0.24272853185595566
gay,0.07894736842105263,0.21052631578947367,0.05263157894736842,0.05263157894736842,0.2631578947368421,0.05263157894736842,0.07894736842105263,0.21052631578947367
full,0.08890925756186985,0.1769019248395967,0.05224564619615032,0.09807516040329972,0.1457378551787351,0.13932172318973418,0.09440879926672777,0.20439963336388633
ministers,0.25,0.17647058823529413,0.029411764705882353,0.25,0.07352941176470588,0.10294117647058823,0.029411764705882353,0.08823529411764706
courtiers,0.03571428571428571,0.23214285714285715,0.03571428571428571,0.03571428571428571,0.2857142857142857,0.07142857142857142,0.10714285714285714,0.19642857142857142
without,0.08523245214220601,0.17775752051048313,0.05742935278030994,0.12078395624430265,0.13673655423883319,0.11030082041932543,0.07976298997265269,0.23199635369188695
much,0.0913736098587316,0.1460775473399459,0.07724676886083559,0.12173128944995491,0.13585813044785092,0.13615870153291254,0.08926961226330027,0.2022843402464683
ambassadors,0.0967741935483871,0.23655913978494625,0.03225806451612903,0.10752688172043011,0.24731182795698925,0.021505376344086023,0.08602150537634409,0.17204301075268819
ladies,0.1111111111111111,0.26666666666666666,0.044444444444444446,0.08888888888888889,0.17777777777777778,0.022222222222222223,0.1111111111111111,0.17777777777777778
people,0.10824108241082411,0.16974169741697417,0.05781057810578106,0.14760147601476015,0.13776137761377613,0.12792127921279212,0.07503075030750307,0.17589175891758918
crowd,0.12179487179487179,0.10256410256410256,0.057692307692307696,0.1987179487179487,0.09615384615384616,0.12179487179487179,0.07051282051282051,0.23076923076923078
marble,0.13666666666666666,0.18666666666666668,0.03333333333333333,0.17333333333333334,0.1,0.15333333333333332,0.05333333333333334,0.16333333333333333
gilded,0.0975609756097561,0.1951219512195122,0.024390243902439025,0.12195121951219512,0.1951219512195122,0.12195121951219512,0.04878048780487805,0.1951219512195122
became,0.11021505376344086,0.15591397849462366,0.06989247311827956,0.13709677419354838,0.13172043010752688,0.13440860215053763,0.07258064516129033,0.1881720430107527
heard,0.09913793103448276,0.1724137931034483,0.05172413793103448,0.125,0.14655172413793102,0.14655172413793102,0.08189655172413793,0.17672413793103448
saw,0.055825242718446605,0.24029126213592233,0.038834951456310676,0.06796116504854369,0.18932038834951456,0.10194174757281553,0.10436893203883495,0.20145631067961164
hour,0.0625,0.34375,0.03125,0.09375,0.140625,0.046875,0.0625,0.21875
place,0.08330301927973809,0.1953437613677701,0.052018915969443434,0.11094943615860313,0.13786831575118225,0.1065842124408876,0.07930156420516551,0.2346307748272099
nothing,0.10037174721189591,0.1516728624535316,0.08550185873605948,0.11598513011152416,0.1382899628252788,0.10557620817843866,0.0795539033457249,0.22304832713754646
took,0.08986615678776291,0.15296367112810708,0.06500956022944551,0.1338432122370937,0.15105162523900573,0.10325047801147227,0.10325047801147227,0.20076481835564053
germany,0.12121212121212122,0.21212121212121213,0.0,0.18181818181818182,0.15151515151515152,0.12121212121212122,0.09090909090909091,0.12121212121212122
first,0.09083044982698962,0.16234140715109574,0.06314878892733564,0.12860438292964244,0.11591695501730104,0.11505190311418685,0.08621683967704728,0.2378892733564014
french,0.08116883116883117,0.16883116883116883,0.04220779220779221,0.10714285714285714,0.14935064935064934,0.10714285714285714,0.07142857142857142,0.2727272727272727
literary,0.12052117263843648,0.20846905537459284,0.04560260586319218,0.02280130293159609,0.11726384364820847,0.12052117263843648,0.08143322475570032,0.28338762214983715
history,0.07037037037037037,0.2222222222222222,0.05555555555555555,0.08518518518518518,0.12222222222222222,0.07407407407407407,0.1,0.27037037037037037
walls,0.09051724137931035,0.15948275862068967,0.05603448275862069,0.1221264367816092,0.1307471264367816,0.1336206896551724,0.08908045977011494,0.21839080459770116
received,0.11809045226130653,0.1984924623115578,0.0678391959798995,0.12060301507537688,0.12311557788944724,0.0829145728643216,0.09045226130653267,0.1984924623115578
within,0.11658031088082901,0.1878238341968912,0.04404145077720207,0.12305699481865284,0.13082901554404144,0.11269430051813471,0.10233160621761658,0.18264248704663213
france,0.09339407744874716,0.22323462414578588,0.03644646924829157,0.11617312072892938,0.17084282460136674,0.0774487471526196,0.05694760820045558,0.2255125284738041
molière,0.044444444444444446,0.17777777777777778,0.044444444444444446,0.044444444444444446,0.26666666666666666,0.08888888888888889,0.08888888888888889,0.24444444444444444
art,0.041716328963051254,0.21930870083432658,0.027413587604290822,0.05959475566150179,0.2026221692491061,0.17401668653158522,0.15613825983313467,0.11918951132300358
mansard,0.10344827586206896,0.3448275862068966,0.034482758620689655,0.13793103448275862,0.1724137931034483,0.034482758620689655,0.034482758620689655,0.13793103448275862
architect,0.0425531914893617,0.2553191489361702,0.0425531914893617,0.06382978723404255,0.19148936170212766,0.0425531914893617,0.1276595744680851,0.23404255319148937
foreign,0.14285714285714285,0.20634920634920634,0.031746031746031744,0.12698412698412698,0.1111111111111111,0.1111111111111111,0.14285714285714285,0.12698412698412698
nations,0.15841584158415842,0.16831683168316833,0.1188118811881188,0.19801980198019803,0.06930693069306931,0.10891089108910891,0.06930693069306931,0.10891089108910891
sent,0.09610389610389611,0.16883116883116883,0.05714285714285714,0.16623376623376623,0.13506493506493505,0.08831168831168831,0.09610389610389611,0.19220779220779222
famous,0.07692307692307693,0.21978021978021978,0.04395604395604396,0.0989010989010989,0.2087912087912088,0.08791208791208792,0.13186813186813187,0.13186813186813187
center,0.12941176470588237,0.15294117647058825,0.023529411764705882,0.09411764705882353,0.12941176470588237,0.058823529411764705,0.07058823529411765,0.3411764705882353
europe,0.03007518796992481,0.21804511278195488,0.03007518796992481,0.12030075187969924,0.17293233082706766,0.10526315789473684,0.10526315789473684,0.21804511278195488
came,0.07766990291262135,0.1553398058252427,0.09431345353675451,0.15117891816920942,0.13730929264909847,0.1276005547850208,0.07073509015256588,0.18585298196948682
visit,0.14814814814814814,0.2222222222222222,0.037037037037037035,0.18518518518518517,0.1111111111111111,0.037037037037037035,0.07407407407407407,0.18518518518518517
paris,0.11936936936936937,0.18243243243243243,0.05630630630630631,0.1373873873873874,0.15315315315315314,0.09684684684684684,0.06756756756756757,0.18693693693693694
among,0.08578284343131373,0.14097180563887224,0.07558488302339532,0.11637672465506899,0.15176964607078583,0.11997600479904019,0.07738452309538092,0.23215356928614278
trees,0.09375,0.145625,0.066875,0.086875,0.150625,0.13375,0.10625,0.21625
less,0.06917914300464637,0.16623644811564275,0.06814661848218895,0.1120289106866288,0.1362932369643779,0.12132163138874548,0.11357769747031492,0.21321631388745482
imposing,0.16666666666666666,0.2,0.0,0.13333333333333333,0.1,0.0,0.06666666666666667,0.3333333333333333
buildings,0.06389776357827476,0.19488817891373802,0.051118210862619806,0.10063897763578275,0.15175718849840256,0.09424920127795527,0.0926517571884984,0.2507987220447284
composed,0.06870229007633588,0.16793893129770993,0.0648854961832061,0.10305343511450382,0.1450381679389313,0.13740458015267176,0.0916030534351145,0.22137404580152673
arms,0.13381995133819952,0.13138686131386862,0.09732360097323602,0.1435523114355231,0.0851581508515815,0.1873479318734793,0.0705596107055961,0.15085158150851583
character,0.09926470588235294,0.1323529411764706,0.10294117647058823,0.11764705882352941,0.1323529411764706,0.125,0.07352941176470588,0.21691176470588236
eye,0.06654594839293798,0.17541874151199638,0.062245359891353554,0.08872793119058398,0.12584880036215482,0.10977818017202354,0.1247170665459484,0.24671797193300135
high,0.07798537774167344,0.1868399675060926,0.050365556458164096,0.12185215272136475,0.12835093419983754,0.1413484971567831,0.05686433793663688,0.23639317627944761
white,0.0531496062992126,0.23753280839895013,0.02099737532808399,0.04002624671916011,0.21850393700787402,0.12270341207349081,0.046587926509186355,0.260498687664042
château,0.14606741573033707,0.20224719101123595,0.06741573033707865,0.1348314606741573,0.12359550561797752,0.06741573033707865,0.10112359550561797,0.15730337078651685
built,0.05917159763313609,0.22485207100591717,0.047337278106508875,0.07100591715976332,0.17159763313609466,0.09467455621301775,0.07692307692307693,0.25443786982248523
dwelling,0.0660377358490566,0.2169811320754717,0.05660377358490566,0.10377358490566038,0.18867924528301888,0.05660377358490566,0.11320754716981132,0.19811320754716982
objects,0.07961603613777526,0.15302089215132694,0.044042913608131,0.13438735177865613,0.11293054771315642,0.17334839073969507,0.08300395256916997,0.21964991530208922
old,0.10598626104023552,0.15309126594700687,0.07850834151128558,0.1324828263002944,0.1422963689892051,0.1099116781157998,0.09911678115799803,0.1786064769381747
standing,0.06356968215158924,0.17114914425427874,0.07579462102689487,0.10757946210268948,0.1393643031784841,0.12224938875305623,0.097799511002445,0.22249388753056235
toward,0.15789473684210525,0.21052631578947367,0.07894736842105263,0.15789473684210525,0.05263157894736842,0.15789473684210525,0.0,0.18421052631578946
capital,0.10344827586206896,0.1724137931034483,0.0,0.13793103448275862,0.1724137931034483,0.10344827586206896,0.10344827586206896,0.20689655172413793
seat,0.08823529411764706,0.17647058823529413,0.058823529411764705,0.11764705882352941,0.20588235294117646,0.058823529411764705,0.08823529411764706,0.20588235294117646
century,0.05472636815920398,0.21393034825870647,0.04477611940298507,0.09950248756218906,0.17412935323383086,0.1044776119402985,0.07960199004975124,0.22885572139303484
splendid,0.03977272727272727,0.14772727272727273,0.017045454545454544,0.0625,0.29545454545454547,0.03977272727272727,0.2159090909090909,0.18181818181818182
court,0.17895490336435219,0.23693629205440228,0.03937007874015748,0.17752326413743735,0.1073729420186113,0.05654974946313529,0.05583392984967788,0.1474588403722262
de,0.07668019846639602,0.19981957600360847,0.03337843933243121,0.10554803788903924,0.14749661705006767,0.08840775823184484,0.09066305818673884,0.2580063148398737
beautiful,0.036458333333333336,0.1579861111111111,0.027777777777777776,0.03819444444444445,0.3211805555555556,0.11458333333333333,0.08854166666666667,0.2152777777777778
reason,0.08538461538461538,0.1523076923076923,0.0876923076923077,0.13076923076923078,0.11076923076923077,0.14384615384615385,0.09153846153846154,0.1976923076923077
go,0.10379464285714286,0.16517857142857142,0.07924107142857142,0.13392857142857142,0.1171875,0.10267857142857142,0.05915178571428571,0.23883928571428573
except,0.11374407582938388,0.16587677725118483,0.052132701421800945,0.13270142180094788,0.10426540284360189,0.17061611374407584,0.061611374407582936,0.1990521327014218
owner,0.21052631578947367,0.10526315789473684,0.06015037593984962,0.03759398496240601,0.03007518796992481,0.18796992481203006,0.0,0.3684210526315789
folk,0.10526315789473684,0.18421052631578946,0.0,0.13157894736842105,0.15789473684210525,0.10526315789473684,0.10526315789473684,0.21052631578947367
glittering,0.05263157894736842,0.23684210526315788,0.05263157894736842,0.10526315789473684,0.23684210526315788,0.05263157894736842,0.07894736842105263,0.18421052631578946
splendor,0.023255813953488372,0.27906976744186046,0.03488372093023256,0.023255813953488372,0.29069767441860467,0.05813953488372093,0.1511627906976744,0.13953488372093023
name,0.0896551724137931,0.14482758620689656,0.06758620689655172,0.15310344827586206,0.13379310344827586,0.11172413793103449,0.05931034482758621,0.24
would,0.06281407035175879,0.1845896147403685,0.06532663316582915,0.10904522613065326,0.13852596314907872,0.12010050251256281,0.09899497487437187,0.22060301507537688
brought,0.0825515947467167,0.16322701688555347,0.054409005628517824,0.1425891181988743,0.12195121951219512,0.11819887429643527,0.09943714821763602,0.2176360225140713
royalty,0.05128205128205128,0.28205128205128205,0.05128205128205128,0.05128205128205128,0.1282051282051282,0.1282051282051282,0.05128205128205128,0.2564102564102564
lord,0.06581059390048154,0.12199036918138041,0.18138041733547353,0.11556982343499198,0.11717495987158909,0.06902086677367576,0.052969502407704656,0.27608346709470305
raise,0.07017543859649122,0.18596491228070175,0.07017543859649122,0.11929824561403508,0.0912280701754386,0.1543859649122807,0.11228070175438597,0.19649122807017544
lady,0.09278350515463918,0.17010309278350516,0.07731958762886598,0.08762886597938144,0.17010309278350516,0.10824742268041238,0.0979381443298969,0.1958762886597938
carelessly,0.09090909090909091,0.18181818181818182,0.12121212121212122,0.12121212121212122,0.15151515151515152,0.09090909090909091,0.06060606060606061,0.18181818181818182
behold,0.11428571428571428,0.2,0.11428571428571428,0.11428571428571428,0.11428571428571428,0.05714285714285714,0.08571428571428572,0.2
paying,0.08823529411764706,0.20588235294117646,0.11764705882352941,0.08823529411764706,0.14705882352941177,0.058823529411764705,0.058823529411764705,0.23529411764705882
favorites,0.10843373493975904,0.24096385542168675,0.08433734939759036,0.10843373493975904,0.13253012048192772,0.07228915662650602,0.10843373493975904,0.14457831325301204
master,0.0982367758186398,0.17380352644836272,0.11335012594458438,0.061712846347607056,0.15491183879093198,0.07052896725440806,0.0818639798488665,0.2455919395465995
glorious,0.11538461538461539,0.19230769230769232,0.1346153846153846,0.11538461538461539,0.1346153846153846,0.057692307692307696,0.07692307692307693,0.17307692307692307
fourteenth,0.0967741935483871,0.1935483870967742,0.12903225806451613,0.0967741935483871,0.12903225806451613,0.06451612903225806,0.12903225806451613,0.16129032258064516
build,0.07407407407407407,0.2,0.08148148148148149,0.0962962962962963,0.17777777777777778,0.05185185185185185,0.08888888888888889,0.22962962962962963
home,0.06934306569343066,0.22262773722627738,0.072992700729927,0.09124087591240876,0.145985401459854,0.11678832116788321,0.0948905109489051,0.18613138686131386
hold,0.1277258566978193,0.13395638629283488,0.0778816199376947,0.11214953271028037,0.09968847352024922,0.07165109034267912,0.1059190031152648,0.27102803738317754
set,0.12892561983471074,0.14380165289256197,0.04132231404958678,0.11239669421487604,0.1322314049586777,0.1140495867768595,0.07272727272727272,0.2545454545454545
whole,0.08027522935779817,0.1827217125382263,0.07110091743119266,0.10397553516819572,0.09327217125382263,0.1529051987767584,0.095565749235474,0.22018348623853212
magnificent,0.05341246290801187,0.19584569732937684,0.02967359050445104,0.050445103857566766,0.19584569732937684,0.04154302670623145,0.1572700296735905,0.27596439169139464
festivities,0.09333333333333334,0.2,0.06666666666666667,0.09333333333333334,0.18666666666666668,0.08,0.08,0.2
established,0.125,0.2,0.05,0.125,0.2625,0.0625,0.0375,0.1375
house,0.07809523809523809,0.17904761904761904,0.0419047619047619,0.11047619047619048,0.17523809523809525,0.08571428571428572,0.07428571428571429,0.25523809523809526
also,0.05334281650071124,0.2197724039829303,0.04551920341394026,0.10028449502133713,0.13655761024182078,0.10526315789473684,0.07823613086770982,0.26102418207681366
destroyed,0.21262458471760798,0.09966777408637874,0.05647840531561462,0.23255813953488372,0.053156146179401995,0.21262458471760798,0.053156146179401995,0.07973421926910298
said,0.06542056074766354,0.19567757009345793,0.0481892523364486,0.07651869158878505,0.16501168224299065,0.07476635514018691,0.1080607476635514,0.26635514018691586
frequently,0.07792207792207792,0.14285714285714285,0.05194805194805195,0.12987012987012986,0.11688311688311688,0.11688311688311688,0.09090909090909091,0.2727272727272727
long,0.06412825651302605,0.34468937875751504,0.04876419505678023,0.10955243820975284,0.0841683366733467,0.11489645958583834,0.056112224448897796,0.17768871075484302
family,0.07792207792207792,0.23376623376623376,0.012987012987012988,0.09090909090909091,0.22077922077922077,0.09090909090909091,0.1038961038961039,0.16883116883116883
succeeded,0.07317073170731707,0.14634146341463414,0.04878048780487805,0.0975609756097561,0.21951219512195122,0.04878048780487805,0.14634146341463414,0.21951219512195122
four,0.08192457737321196,0.17685305591677503,0.0494148244473342,0.11703511053315994,0.11573472041612484,0.11703511053315994,0.0858257477243173,0.25617685305591675
hunting,0.25,0.26785714285714285,0.0,0.23214285714285715,0.07142857142857142,0.0,0.03571428571428571,0.14285714285714285
often,0.13194444444444445,0.1527777777777778,0.09027777777777778,0.13472222222222222,0.12361111111111112,0.12361111111111112,0.07083333333333333,0.17222222222222222
several,0.0790273556231003,0.19148936170212766,0.05015197568389058,0.09878419452887538,0.12613981762917933,0.12462006079027356,0.07598784194528875,0.25379939209726443
since,0.06666666666666667,0.1848184818481848,0.05478547854785479,0.10627062706270628,0.13927392739273928,0.12079207920792079,0.0858085808580858,0.24158415841584158
later,0.076,0.268,0.024,0.14,0.168,0.036,0.084,0.204
melancholy,0.09090909090909091,0.12121212121212122,0.030303030303030304,0.15151515151515152,0.15151515151515152,0.2727272727272727,0.06060606060606061,0.12121212121212122
ordered,0.10679611650485436,0.1650485436893204,0.06796116504854369,0.1553398058252427,0.1262135922330097,0.1262135922330097,0.019417475728155338,0.23300970873786409
domain,0.027777777777777776,0.3888888888888889,0.027777777777777776,0.027777777777777776,0.1111111111111111,0.05555555555555555,0.027777777777777776,0.3333333333333333
limited,0.24202127659574468,0.06382978723404255,0.03723404255319149,0.0425531914893617,0.07446808510638298,0.3271276595744681,0.031914893617021274,0.18085106382978725
small,0.07340324118207817,0.1744518589132507,0.07721639656816015,0.08960915157292659,0.13107721639656816,0.13107721639656816,0.08674928503336511,0.23641563393708293
piece,0.08745247148288973,0.1482889733840304,0.060836501901140684,0.12927756653992395,0.13688212927756654,0.12927756653992395,0.11406844106463879,0.19391634980988592
called,0.09728183118741059,0.17310443490701002,0.058655221745350504,0.12017167381974249,0.1301859799713877,0.11158798283261803,0.0944206008583691,0.2145922746781116
heart,0.08305647840531562,0.12956810631229235,0.10299003322259136,0.13953488372093023,0.16279069767441862,0.12956810631229235,0.07308970099667775,0.17940199335548174
le,0.04610951008645533,0.2017291066282421,0.008645533141210375,0.15561959654178675,0.11239193083573487,0.12680115273775217,0.10086455331412104,0.2478386167146974
hundred,0.06578947368421052,0.19407894736842105,0.046052631578947366,0.10197368421052631,0.13486842105263158,0.14802631578947367,0.09210526315789473,0.21710526315789475
building,0.046153846153846156,0.24615384615384617,0.04923076923076923,0.07384615384615385,0.11076923076923077,0.10461538461538461,0.07692307692307693,0.2923076923076923
ornamented,0.09090909090909091,0.30303030303030304,0.030303030303030304,0.09090909090909091,0.15151515151515152,0.09090909090909091,0.12121212121212122,0.12121212121212122
park,0.045454545454545456,0.25,0.022727272727272728,0.06818181818181818,0.2727272727272727,0.045454545454545456,0.06818181818181818,0.22727272727272727
statues,0.19642857142857142,0.17857142857142858,0.05357142857142857,0.17857142857142858,0.14285714285714285,0.08928571428571429,0.07142857142857142,0.08928571428571429
designs,0.06818181818181818,0.23295454545454544,0.045454545454545456,0.07386363636363637,0.125,0.10795454545454546,0.0625,0.2840909090909091
site,0.09375,0.25,0.03125,0.0625,0.125,0.0625,0.0625,0.3125
favorite,0.08095238095238096,0.13333333333333333,0.07142857142857142,0.10952380952380952,0.22857142857142856,0.09047619047619047,0.03333333333333333,0.2523809523809524
exclaimed,0.06382978723404255,0.2127659574468085,0.06382978723404255,0.0851063829787234,0.19148936170212766,0.10638297872340426,0.10638297872340426,0.1702127659574468
construction,0.08791208791208792,0.22344322344322345,0.06227106227106227,0.0989010989010989,0.10989010989010989,0.10256410256410256,0.06227106227106227,0.25274725274725274
private,0.12121212121212122,0.24242424242424243,0.09090909090909091,0.12121212121212122,0.09090909090909091,0.030303030303030304,0.06060606060606061,0.24242424242424243
gentleman,0.050955414012738856,0.14012738853503184,0.03821656050955414,0.05732484076433121,0.08917197452229299,0.06369426751592357,0.06369426751592357,0.4968152866242038
scarcely,0.09302325581395349,0.18604651162790697,0.05232558139534884,0.09883720930232558,0.10465116279069768,0.28488372093023256,0.06395348837209303,0.11627906976744186
many,0.09306996986943422,0.16471375962504184,0.06093069969869434,0.13960495480415133,0.13592233009708737,0.12989621694007364,0.08871777703381319,0.18714429193170404
events,0.14465408805031446,0.1761006289308176,0.031446540880503145,0.20754716981132076,0.10062893081761007,0.1320754716981132,0.05660377358490566,0.1509433962264151
take,0.11474269819193324,0.16133518776077885,0.1043115438108484,0.12656467315716272,0.13143254520166897,0.09666203059805285,0.07927677329624479,0.18567454798331015
however,0.06563039723661486,0.20552677029360966,0.039723661485319514,0.11398963730569948,0.11744386873920552,0.09326424870466321,0.08290155440414508,0.2815198618307427
given,0.08392511297611362,0.16914138153647515,0.04260813428018076,0.14783731439638476,0.11814073595868302,0.09941897998708844,0.08198837959974177,0.2569399612653325
sovereign,0.0,0.24074074074074073,0.037037037037037035,0.0,0.18518518518518517,0.05555555555555555,0.09259259259259259,0.3888888888888889
light,0.06930091185410335,0.14088145896656534,0.05288753799392097,0.11246200607902736,0.13085106382978723,0.178419452887538,0.10911854103343466,0.2060790273556231
three,0.065,0.18125,0.03625,0.10625,0.15,0.10375,0.07875,0.27875
revolution,0.1891891891891892,0.20270270270270271,0.0,0.1891891891891892,0.05405405405405406,0.1891891891891892,0.16216216216216217,0.013513513513513514
war,0.03225806451612903,0.12096774193548387,0.016129032258064516,0.3467741935483871,0.10483870967741936,0.08064516129032258,0.03225806451612903,0.2661290322580645
pay,0.07541899441340782,0.20670391061452514,0.055865921787709494,0.07541899441340782,0.20670391061452514,0.05865921787709497,0.04189944134078212,0.27932960893854747
superb,0.07575757575757576,0.21212121212121213,0.015151515151515152,0.07575757575757576,0.24242424242424243,0.030303030303030304,0.13636363636363635,0.21212121212121213
death,0.14109799897383274,0.1646998460749102,0.1241662390969728,0.15802975885069268,0.056952283222165216,0.15751667521806054,0.12057465366854797,0.07696254489481785
followed,0.040983606557377046,0.22950819672131148,0.05737704918032787,0.06557377049180328,0.20081967213114754,0.07377049180327869,0.0942622950819672,0.23770491803278687
seven,0.11363636363636363,0.18181818181818182,0.045454545454545456,0.11363636363636363,0.11363636363636363,0.09090909090909091,0.11363636363636363,0.22727272727272727
years,0.06612529002320186,0.22041763341067286,0.029002320185614848,0.12180974477958237,0.15661252900232017,0.0951276102088167,0.0777262180974478,0.23317865429234338
time,0.07192042846212701,0.33486355521550626,0.04463147156337669,0.09334353481254781,0.10966590155572559,0.1068604947717419,0.07013516959959194,0.16857944401938282
found,0.07149576669802446,0.10253998118532455,0.05221072436500471,0.07855126999059266,0.24506114769520226,0.08513640639698965,0.051269990592662275,0.31373471307619943
described,0.07727272727272727,0.11363636363636363,0.06363636363636363,0.11818181818181818,0.07727272727272727,0.20909090909090908,0.08636363636363636,0.2545454545454545
supper,0.12727272727272726,0.2545454545454545,0.03636363636363636,0.11818181818181818,0.09090909090909091,0.18181818181818182,0.045454545454545456,0.14545454545454545
made,0.1048906048906049,0.16988416988416988,0.07207207207207207,0.12902187902187903,0.12065637065637065,0.11036036036036036,0.08172458172458172,0.21138996138996138
sometimes,0.14285714285714285,0.18681318681318682,0.04395604395604396,0.18681318681318682,0.14835164835164835,0.08241758241758242,0.027472527472527472,0.1813186813186813
