,anger,anticipation,disgust,fear,joy,sadness,surprise,trust
gutenberg,0.08530805687203791,0.20616113744075826,0.07109004739336493,0.08767772511848342,0.06398104265402843,0.12085308056872036,0.014218009478672985,0.35071090047393366
's,0.11014994232987313,0.14071510957324104,0.0729527104959631,0.14763552479815456,0.12226066897347174,0.104959630911188,0.0847750865051903,0.21655132641291808
introduction,0.10045662100456622,0.14155251141552513,0.08219178082191782,0.10958904109589042,0.15525114155251143,0.08219178082191782,0.04109589041095891,0.2876712328767123
non-violence,0.20714285714285713,0.07857142857142858,0.07142857142857142,0.17857142857142858,0.05357142857142857,0.16785714285714287,0.03928571428571429,0.20357142857142857
ebook,0.048780487804878044,0.17479674796747965,0.1138211382113821,0.15853658536585363,0.08130081300813008,0.08536585365853658,0.024390243902439022,0.3130081300813008
use,0.16497829232995662,0.12301013024602027,0.0861070911722142,0.1714905933429812,0.11143270622286543,0.11360347322720694,0.047033285094066575,0.18234442836468887
anyone,0.1038961038961039,0.23376623376623376,0.03896103896103896,0.1038961038961039,0.0909090909090909,0.12987012987012986,0.012987012987012988,0.28571428571428575
cost,0.22222222222222224,0.16666666666666666,0.08333333333333333,0.1527777777777778,0.041666666666666664,0.09722222222222221,0.041666666666666664,0.19444444444444442
almost,0.11420345489443379,0.14875239923224567,0.0854126679462572,0.14875239923224567,0.1218809980806142,0.1295585412667946,0.05374280230326295,0.1976967370441459
may,0.09678379988088147,0.16944609886837403,0.06521739130434782,0.12507444907683143,0.148302561048243,0.09618820726622988,0.05687909469922573,0.24210839785586658
copy,0.15865384615384617,0.11538461538461539,0.08894230769230771,0.10336538461538462,0.05048076923076924,0.07451923076923078,0.03605769230769231,0.3725961538461539
give,0.09027777777777779,0.19444444444444445,0.052083333333333336,0.11631944444444446,0.1388888888888889,0.08333333333333334,0.07291666666666667,0.25173611111111116
away,0.088261253309797,0.15269196822594883,0.07766990291262137,0.147396293027361,0.12797881729920565,0.11738746690203002,0.06354810238305385,0.22506619593998237
terms,0.10917030567685589,0.13537117903930132,0.05531295487627365,0.1106259097525473,0.12663755458515283,0.07569141193595343,0.043668122270742356,0.3435225618631732
project,0.12336814621409922,0.16318537859007834,0.05548302872062664,0.05809399477806789,0.10182767624020889,0.07637075718015666,0.01762402088772846,0.404046997389034
license,0.1070110701107011,0.18450184501845018,0.07380073800738007,0.11808118081180811,0.1143911439114391,0.0959409594095941,0.03690036900369004,0.26937269372693723
2,0.19387755102040813,0.1020408163265306,0.09183673469387754,0.2040816326530612,0.06122448979591836,0.16326530612244897,0.04081632653061224,0.14285714285714285
c.,0.15873015873015872,0.14285714285714288,0.07936507936507936,0.15873015873015872,0.07936507936507936,0.126984126984127,0.03174603174603175,0.2222222222222222
distributed,0.04932735426008969,0.242152466367713,0.04484304932735426,0.08968609865470852,0.1210762331838565,0.08071748878923767,0.03587443946188341,0.3363228699551569
http,0.0547945205479452,0.2191780821917808,0.0,0.0547945205479452,0.1232876712328767,0.0273972602739726,0.0,0.5205479452054794
non-violent,0.2206506364922207,0.08203677510608205,0.09476661951909478,0.20509193776520512,0.062234794908062246,0.1654879773691655,0.049504950495049514,0.12022630834512024
action,0.12252042007001168,0.1388564760793466,0.06067677946324388,0.15402567094515754,0.11201866977829639,0.11435239206534424,0.05484247374562428,0.24270711785297552
series,0.09718670076726343,0.14833759590792842,0.0639386189258312,0.10741687979539644,0.14322250639386191,0.0895140664961637,0.03836317135549873,0.3120204603580563
number,0.08596491228070174,0.1608187134502924,0.06315789473684211,0.12339181286549708,0.15087719298245614,0.1023391812865497,0.054385964912280704,0.2590643274853801
1,0.10326086956521739,0.125,0.04891304347826087,0.1793478260869565,0.13043478260869565,0.15760869565217392,0.04891304347826087,0.20652173913043478
pacifist,0.16402116402116404,0.1349206349206349,0.07142857142857144,0.17195767195767198,0.10317460317460318,0.1322751322751323,0.04497354497354498,0.17724867724867727
research,0.09523809523809523,0.14285714285714288,0.20634920634920637,0.03174603174603175,0.1111111111111111,0.15873015873015872,0.047619047619047616,0.20634920634920637
bureau,0.078125,0.17968749999999997,0.0859375,0.04687499999999999,0.1640625,0.0703125,0.0859375,0.2890625
7,0.27450980392156865,0.07843137254901962,0.13725490196078433,0.19607843137254904,0.03921568627450981,0.19607843137254904,0.0,0.07843137254901962
members,0.09724857685009487,0.15749525616698293,0.061669829222011384,0.127134724857685,0.14278937381404175,0.09060721062618596,0.04838709677419354,0.27466793168880455
charles,0.06666666666666667,0.2333333333333333,0.13333333333333333,0.06666666666666667,0.13333333333333333,0.06666666666666667,0.03333333333333333,0.26666666666666666
henry,0.15151515151515152,0.12121212121212123,0.21212121212121213,0.060606060606060615,0.12121212121212123,0.12121212121212123,0.0,0.21212121212121213
j.,0.11042944785276074,0.12269938650306748,0.1165644171779141,0.11042944785276074,0.13496932515337423,0.13496932515337423,0.042944785276073615,0.22699386503067484
john,0.10683760683760685,0.11111111111111112,0.17094017094017094,0.16666666666666669,0.07692307692307693,0.11965811965811966,0.05982905982905983,0.18803418803418806
e.,0.07441860465116279,0.15348837209302324,0.08837209302325581,0.07441860465116279,0.16744186046511628,0.12558139534883722,0.06511627906976744,0.25116279069767444
jones,0.02631578947368421,0.21052631578947367,0.10526315789473684,0.10526315789473684,0.15789473684210525,0.05263157894736842,0.10526315789473684,0.23684210526315788
day,0.07610037021801729,0.1670094611271082,0.062320032908268215,0.13039901275195395,0.16104483751542575,0.08926367749897163,0.06293706293706294,0.25092554504319214
a.,0.08536585365853659,0.1585365853658537,0.12195121951219513,0.03658536585365854,0.09756097560975611,0.10975609756097562,0.03658536585365854,0.3536585365853659
clarence,0.21621621621621623,0.02702702702702703,0.16216216216216214,0.27027027027027023,0.0,0.27027027027027023,0.0,0.05405405405405406
support,0.12127659574468086,0.14468085106382977,0.06170212765957447,0.13404255319148936,0.10638297872340426,0.10638297872340426,0.04468085106382979,0.2808510638297872
entirely,0.10980392156862745,0.12941176470588234,0.07450980392156863,0.12549019607843137,0.12941176470588234,0.09803921568627451,0.058823529411764705,0.27450980392156865
individuals,0.12195121951219512,0.1382113821138211,0.08130081300813008,0.1056910569105691,0.1056910569105691,0.13008130081300812,0.03252032520325203,0.2845528455284553
interested,0.1,0.125,0.2,0.075,0.075,0.2,0.075,0.15
type,0.2150537634408602,0.08602150537634408,0.07526881720430106,0.17204301075268816,0.08602150537634408,0.13978494623655913,0.05376344086021505,0.17204301075268816
carried,0.08066971080669712,0.16590563165905636,0.056316590563165916,0.10958904109589043,0.16894977168949774,0.09284627092846272,0.06240487062404871,0.26331811263318117
desire,0.10773480662983424,0.16850828729281767,0.06906077348066297,0.15193370165745856,0.13535911602209943,0.11049723756906077,0.06906077348066297,0.1878453038674033
part,0.1026045777426993,0.17048145224940806,0.06629834254143646,0.14759273875295975,0.13022888713496447,0.10102604577742699,0.05603788476716653,0.22573007103393844
positive,0.16831683168316833,0.09900990099009901,0.11386138613861385,0.17821782178217824,0.07920792079207921,0.17326732673267328,0.03465346534653465,0.15346534653465346
endeavor,0.042944785276073615,0.26380368098159507,0.03067484662576687,0.11042944785276074,0.15337423312883436,0.049079754601226995,0.07975460122699386,0.26993865030674846
world,0.06916316392816202,0.17405426060374474,0.046427206725257936,0.11673672143675966,0.16450133740924722,0.06706152082537258,0.047955674436377535,0.31410011463507836
order,0.08519324986390855,0.16058791507893305,0.050353837778987484,0.11921611322808928,0.14126292868807838,0.06967882416984214,0.050353837778987484,0.32335329341317365
make,0.06175298804780877,0.1892430278884462,0.06241699867197876,0.12616201859229748,0.150730411686587,0.0750332005312085,0.05644090305444888,0.2782204515272244
tax,0.028169014084507043,0.1408450704225352,0.042253521126760556,0.11267605633802817,0.0704225352112676,0.2816901408450704,0.014084507042253521,0.30985915492957744
purposes,0.11372549019607843,0.15294117647058822,0.023529411764705882,0.1568627450980392,0.13725490196078433,0.13725490196078433,0.050980392156862744,0.22745098039215686
word,0.09325681492109038,0.10473457675753227,0.06886657101865136,0.133428981348637,0.10903873744619798,0.09325681492109038,0.04591104734576758,0.351506456241033
said,0.0847936687394008,0.14697569248162803,0.05992085924250989,0.1317128321085359,0.14414923685698133,0.09666478236291691,0.08705483323911814,0.248728094968909
rather,0.1402157164869029,0.11093990755007703,0.08628659476117102,0.17719568567026192,0.11402157164869028,0.1402157164869029,0.04930662557781202,0.18181818181818182
means,0.13298337707786526,0.14435695538057744,0.06911636045494314,0.16097987751531057,0.10498687664041995,0.11548556430446194,0.04724409448818898,0.22484689413823272
neither,0.09398496240601503,0.13909774436090225,0.08834586466165413,0.16165413533834586,0.14661654135338345,0.09398496240601503,0.06954887218045112,0.20676691729323307
less,0.10304114490161002,0.15384615384615385,0.07262969588550984,0.14382826475849733,0.13166368515205723,0.09516994633273704,0.06583184257602862,0.2339892665474061
question,0.16115702479338842,0.12396694214876032,0.08264462809917354,0.16528925619834708,0.09090909090909091,0.1322314049586777,0.053719008264462804,0.19008264462809912
whether,0.08011049723756906,0.16022099447513813,0.05248618784530387,0.12569060773480664,0.14640883977900554,0.10082872928176796,0.044198895027624314,0.29005524861878457
words,0.17352415026833629,0.1592128801431127,0.04919499105545617,0.11270125223613595,0.15250447227191413,0.06797853309481215,0.06618962432915922,0.2186940966010733
different,0.11913357400722022,0.1588447653429603,0.04332129963898917,0.11552346570397112,0.16606498194945848,0.09747292418772564,0.04332129963898917,0.2563176895306859
things,0.0727580372250423,0.1878172588832487,0.05752961082910321,0.13451776649746192,0.17089678510998307,0.07614213197969542,0.04653130287648054,0.25380710659898476
pacifists,0.14705882352941177,0.11764705882352941,0.06372549019607844,0.2058823529411765,0.07352941176470588,0.11764705882352941,0.06862745098039216,0.2058823529411765
non-pacifists,0.13636363636363635,0.18181818181818182,0.0,0.18181818181818182,0.13636363636363635,0.06818181818181818,0.06818181818181818,0.22727272727272727
present,0.06584992343032159,0.18453292496171517,0.036753445635528334,0.10260336906584994,0.17151607963246554,0.0765696784073507,0.09800918836140889,0.26416539050535986
new,0.06581494386372434,0.19628339140534262,0.04258614014711575,0.11343399148277197,0.17150600077429343,0.06194347657762292,0.05652342237708091,0.29190863337204803
various,0.06623376623376623,0.17012987012987013,0.050649350649350645,0.1,0.17402597402597403,0.07272727272727272,0.05454545454545455,0.3116883116883117
examples,0.11764705882352941,0.14705882352941174,0.058823529411764705,0.14705882352941174,0.14705882352941174,0.08823529411764705,0.08823529411764705,0.20588235294117643
case,0.11650485436893206,0.08737864077669903,0.08044382801664356,0.26907073509015256,0.054091539528432736,0.21914008321775313,0.033287101248266296,0.14008321775312066
study,0.055408970976253295,0.18205804749340368,0.015831134564643797,0.07124010554089709,0.1451187335092348,0.039577836411609495,0.07387862796833772,0.41688654353562
several,0.07906976744186046,0.17519379844961241,0.05271317829457364,0.1,0.16279069767441862,0.08139534883720931,0.056589147286821705,0.2922480620155039
works,0.11661341853035144,0.18530351437699683,0.06549520766773163,0.059105431309904165,0.13099041533546327,0.022364217252396165,0.023961661341853038,0.39616613418530355
philosophy,0.12121212121212123,0.13636363636363638,0.045454545454545456,0.15151515151515152,0.13636363636363638,0.0984848484848485,0.045454545454545456,0.26515151515151514
practice,0.1111111111111111,0.13888888888888887,0.06481481481481481,0.2222222222222222,0.1111111111111111,0.1111111111111111,0.027777777777777776,0.21296296296296294
responsible,0.10693069306930694,0.1485148514851485,0.07722772277227723,0.14653465346534655,0.10495049504950495,0.10297029702970298,0.04554455445544554,0.26732673267326734
bases,0.09090909090909091,0.14545454545454548,0.07272727272727274,0.14545454545454548,0.12727272727272726,0.10909090909090909,0.09090909090909091,0.21818181818181817
work,0.12635574837310198,0.17299349240780912,0.0542299349240781,0.08622559652928417,0.12147505422993493,0.0851409978308026,0.051518438177874194,0.30206073752711504
upon,0.10451241256343437,0.15087093677136196,0.06652036757646414,0.1479906734329996,0.13976134960910713,0.100534906048553,0.05280482786997668,0.23700452612810316
pacifism,0.11515151515151514,0.1090909090909091,0.08484848484848484,0.19999999999999998,0.09696969696969697,0.13939393939393938,0.06666666666666667,0.1878787878787879
man,0.10598859315589355,0.1440114068441065,0.08317490494296578,0.15922053231939165,0.12547528517110268,0.1126425855513308,0.06701520912547529,0.20247148288973388
exercise,0.13398692810457516,0.13725490196078433,0.07516339869281045,0.16339869281045752,0.11437908496732026,0.0784313725490196,0.049019607843137254,0.2483660130718954
respect,0.06280193236714976,0.19001610305958133,0.0322061191626409,0.11111111111111112,0.18035426731078905,0.09500805152979067,0.05475040257648953,0.27375201288244766
human,0.10008554319931565,0.165098374679213,0.04875962360992301,0.14285714285714285,0.15654405474764757,0.08810949529512405,0.04961505560307955,0.24893071000855432
personality,0.12831858407079647,0.16371681415929207,0.03982300884955753,0.14159292035398233,0.17256637168141595,0.0929203539823009,0.057522123893805316,0.20353982300884957
employ,0.1774193548387097,0.1129032258064516,0.04838709677419355,0.12903225806451613,0.08064516129032258,0.16129032258064516,0.04838709677419355,0.24193548387096772
love,0.07685352622061482,0.14104882459312837,0.051537070524412296,0.12658227848101264,0.24864376130198912,0.07775768535262205,0.048824593128390596,0.22875226039783
good,0.03773584905660377,0.20754716981132076,0.027891714520098438,0.06316652994257588,0.20016406890894173,0.05660377358490566,0.17309269893355209,0.23379819524200163
opposing,0.2048192771084337,0.10843373493975902,0.08433734939759036,0.1566265060240964,0.10843373493975902,0.14457831325301204,0.048192771084337345,0.14457831325301204
evil,0.19439252336448598,0.06822429906542056,0.14766355140186915,0.2102803738317757,0.06635514018691588,0.18130841121495325,0.024299065420560748,0.10747663551401869
purpose,0.0903990024937656,0.1571072319201995,0.05361596009975063,0.11097256857855363,0.15523690773067333,0.08229426433915213,0.05423940149625935,0.29613466334164595
brotherhood,0.04065040650406504,0.18699186991869915,0.03252032520325203,0.08943089430894309,0.2113821138211382,0.06504065040650406,0.04065040650406504,0.33333333333333326
published,0.09501187648456057,0.1995249406175772,0.03800475059382423,0.12114014251781471,0.11163895486935867,0.08788598574821853,0.047505938242280284,0.2992874109263658
back,0.10640394088669951,0.16650246305418717,0.048275862068965524,0.14876847290640394,0.11921182266009851,0.1123152709359606,0.07881773399014778,0.21970443349753696
organization,0.07608695652173914,0.23641304347826086,0.02173913043478261,0.07880434782608696,0.18206521739130438,0.04619565217391305,0.10597826086956523,0.25271739130434784
copies,0.1813471502590674,0.13471502590673579,0.10362694300518137,0.09326424870466322,0.11398963730569951,0.0,0.005181347150259068,0.3678756476683938
pamphlet,0.046153846153846156,0.13333333333333333,0.010256410256410256,0.07179487179487179,0.11794871794871795,0.046153846153846156,0.035897435897435895,0.5384615384615384
appear,0.0743801652892562,0.18181818181818185,0.07024793388429752,0.11983471074380166,0.1652892561983471,0.07024793388429752,0.05785123966942148,0.2603305785123967
5,0.26666666666666666,0.044444444444444446,0.13333333333333333,0.2,0.06666666666666667,0.17777777777777778,0.044444444444444446,0.06666666666666667
violence,0.22011036174126306,0.06866952789699572,0.06683016554261191,0.24770079705702028,0.05640711220110362,0.1986511342734519,0.026977314530962606,0.11465358675659107
without,0.12174439733494853,0.1411265899454876,0.06238643246517263,0.1556632344033919,0.11447607510599636,0.12840702604482132,0.03937007874015748,0.23682616596002423
hate,0.19767441860465115,0.0813953488372093,0.13372093023255813,0.24418604651162792,0.06395348837209303,0.1744186046511628,0.029069767441860465,0.07558139534883722
9,0.09302325581395349,0.13953488372093023,0.046511627906976744,0.17829457364341084,0.15503875968992248,0.11627906976744186,0.031007751937984496,0.24031007751937986
revolutionary,0.1320754716981132,0.1761006289308176,0.06289308176100629,0.1949685534591195,0.11320754716981132,0.08176100628930817,0.0440251572327044,0.1949685534591195
anarchism,0.2191780821917808,0.1095890410958904,0.0273972602739726,0.23287671232876708,0.1506849315068493,0.0410958904109589,0.0273972602739726,0.19178082191780818
10,0.12686567164179105,0.16417910447761194,0.029850746268656716,0.15671641791044777,0.1417910447761194,0.11194029850746269,0.05970149253731343,0.208955223880597
lincoln,0.16363636363636364,0.16363636363636364,0.018181818181818184,0.2545454545454545,0.18181818181818182,0.09090909090909091,0.018181818181818184,0.10909090909090909
11,0.24999999999999997,0.05555555555555555,0.08333333333333331,0.27777777777777773,0.08333333333333331,0.13888888888888887,0.0,0.1111111111111111
church,0.0743801652892562,0.20543093270365997,0.041322314049586785,0.11452184179456908,0.192443919716647,0.0731995277449823,0.044864226682408505,0.2538370720188902
war,0.12155108128262491,0.11111111111111112,0.05891126025354214,0.2580164056674124,0.10439970171513796,0.1081282624906786,0.0447427293064877,0.1931394481730052
necessity,0.12012987012987014,0.1331168831168831,0.06168831168831169,0.13636363636363638,0.10714285714285715,0.16883116883116886,0.05194805194805196,0.2207792207792208
resistance,0.3115264797507788,0.07476635514018691,0.08411214953271028,0.18691588785046728,0.0529595015576324,0.1370716510903427,0.037383177570093455,0.11526479750778816
opposition,0.2819277108433735,0.1036144578313253,0.08433734939759036,0.15180722891566265,0.08674698795180723,0.1036144578313253,0.04096385542168675,0.1469879518072289
great,0.08590412909349787,0.16777408637873756,0.05363075462743237,0.12790697674418605,0.16065495965828194,0.09136212624584718,0.05719031798766019,0.2555766492643569
britain,0.14102564102564105,0.1730769230769231,0.05128205128205129,0.10897435897435898,0.10897435897435898,0.12179487179487179,0.07692307692307693,0.21794871794871795
coercion,0.23793677204658903,0.029950083194675542,0.16805324459234608,0.23793677204658903,0.033277870216306155,0.21630615640599002,0.018302828618968387,0.05823627287853577
labor,0.10752688172043011,0.1827956989247312,0.03225806451612903,0.0931899641577061,0.16487455197132617,0.07168458781362008,0.12903225806451613,0.21863799283154123
strike,0.29767441860465116,0.11162790697674418,0.046511627906976744,0.14883720930232558,0.07906976744186046,0.11627906976744186,0.08372093023255814,0.11627906976744186
boycott,0.17567567567567569,0.12162162162162161,0.06756756756756756,0.10810810810810811,0.10810810810810811,0.13513513513513511,0.10810810810810811,0.17567567567567569
american,0.05499541704857929,0.17873510540788268,0.034372135655362054,0.09395050412465629,0.18698441796516957,0.05820348304307974,0.05957836846929423,0.3331805682859762
colonies,0.13513513513513511,0.14414414414414414,0.06306306306306306,0.14414414414414414,0.09009009009009007,0.18018018018018014,0.045045045045045036,0.1981981981981982
irish,0.20388349514563106,0.06796116504854369,0.058252427184466014,0.20388349514563106,0.04854368932038835,0.1262135922330097,0.04854368932038835,0.24271844660194172
1900,0.2564102564102564,0.1282051282051282,0.10256410256410256,0.17948717948717946,0.02564102564102564,0.10256410256410256,0.1282051282051282,0.07692307692307691
political,0.10707456978967494,0.14722753346080308,0.05736137667304016,0.12810707456978968,0.124282982791587,0.10325047801147229,0.08604206500956023,0.2466539196940727
24,0.22916666666666666,0.10416666666666666,0.08333333333333333,0.14583333333333331,0.08333333333333333,0.18749999999999997,0.062499999999999986,0.10416666666666666
international,0.054461181923522596,0.1900347624565469,0.03244495944380069,0.06604866743916571,0.15063731170336037,0.04866743916570105,0.038238702201622246,0.41946697566628044
affairs,0.10386473429951691,0.11835748792270533,0.0748792270531401,0.14492753623188406,0.13526570048309178,0.08937198067632851,0.050724637681159424,0.2826086956521739
satyagraha,0.221105527638191,0.07537688442211056,0.09547738693467336,0.18592964824120606,0.07537688442211056,0.17085427135678394,0.035175879396984924,0.1407035175879397
direct,0.11239193083573486,0.12968299711815562,0.07204610951008646,0.15273775216138327,0.12968299711815562,0.1095100864553314,0.04610951008645533,0.24783861671469737
origins,0.16822429906542058,0.16822429906542058,0.09345794392523366,0.12149532710280375,0.08411214953271029,0.14018691588785048,0.056074766355140186,0.16822429906542058
process,0.12526539278131632,0.13800424628450103,0.06369426751592355,0.16560509554140124,0.11040339702760084,0.12526539278131632,0.0721868365180467,0.19957537154989383
gandhi,0.16165413533834586,0.10150375939849623,0.08646616541353383,0.18796992481203006,0.07894736842105263,0.16917293233082706,0.041353383458646614,0.17293233082706766
method,0.13907284768211922,0.15894039735099338,0.07284768211920531,0.11258278145695365,0.12582781456953643,0.11920529801324505,0.06622516556291391,0.20529801324503313
non-cooperation,0.19658119658119658,0.06837606837606838,0.09401709401709403,0.19658119658119658,0.07692307692307693,0.13675213675213677,0.06837606837606838,0.1623931623931624
abolition,0.15909090909090906,0.09090909090909091,0.125,0.17045454545454544,0.07954545454545453,0.125,0.022727272727272728,0.22727272727272727
movement,0.11627906976744186,0.1569767441860465,0.060077519379844964,0.14147286821705427,0.1298449612403101,0.10271317829457363,0.07170542635658915,0.22093023255813954
non-resistance,0.19678714859437754,0.06425702811244981,0.10441767068273093,0.1927710843373494,0.06827309236947791,0.14859437751004018,0.024096385542168676,0.20080321285140562
mennonites,0.1694915254237288,0.0847457627118644,0.11864406779661016,0.1694915254237288,0.05084745762711864,0.11864406779661016,0.01694915254237288,0.2711864406779661
england,0.05426356589147287,0.19638242894056845,0.05167958656330749,0.08527131782945735,0.19638242894056845,0.082687338501292,0.062015503875968984,0.2713178294573643
non-resistants,0.1794871794871795,0.051282051282051294,0.15384615384615385,0.20512820512820518,0.025641025641025647,0.1794871794871795,0.025641025641025647,0.1794871794871795
tolstoy,0.13636363636363635,0.13636363636363635,0.045454545454545456,0.15454545454545454,0.1,0.09090909090909091,0.02727272727272727,0.3090909090909091
active,0.1518324607329843,0.13089005235602094,0.11518324607329843,0.20942408376963348,0.09424083769633507,0.11518324607329843,0.031413612565445025,0.1518324607329843
goodwill,0.1952662721893491,0.10059171597633136,0.10650887573964499,0.2366863905325444,0.08284023668639054,0.14201183431952663,0.02366863905325444,0.11242603550295859
reconciliation,0.125,0.18055555555555555,0.041666666666666664,0.1388888888888889,0.18055555555555555,0.11111111111111112,0.01388888888888889,0.20833333333333331
face,0.11055634807417976,0.1276747503566334,0.07560627674750357,0.17546362339514981,0.12268188302425108,0.14407988587731813,0.06776034236804565,0.1761768901569187
persuasion,0.1566265060240964,0.13253012048192772,0.09236947791164658,0.18072289156626506,0.0963855421686747,0.10441767068273093,0.05622489959839357,0.18072289156626506
groups,0.17449664429530204,0.11409395973154363,0.05369127516778524,0.18120805369127518,0.08724832214765102,0.16107382550335572,0.03355704697986577,0.1946308724832215
conflict,0.15507246376811593,0.12028985507246377,0.049275362318840575,0.18840579710144928,0.10289855072463767,0.15507246376811593,0.042028985507246375,0.18695652173913044
power,0.09139523578026253,0.1652892561983471,0.0583373845405931,0.14049586776859505,0.157997083130773,0.07875546912980068,0.049100631988332526,0.2586290714632961
example,0.08985507246376812,0.15217391304347827,0.04492753623188406,0.13623188405797101,0.163768115942029,0.07536231884057971,0.063768115942029,0.27391304347826084
social,0.13043478260869565,0.12111801242236024,0.06521739130434782,0.18012422360248445,0.11180124223602483,0.10869565217391304,0.05279503105590062,0.22981366459627328
reform,0.1337209302325581,0.1395348837209302,0.08139534883720928,0.1395348837209302,0.12209302325581393,0.15697674418604649,0.05232558139534883,0.17441860465116277
compromise,0.08,0.26,0.06,0.12,0.18,0.06,0.02,0.22000000000000003
third,0.09271523178807947,0.17439293598233996,0.07284768211920528,0.14790286975717437,0.11920529801324503,0.12141280353200881,0.05518763796909492,0.2163355408388521
alternative,0.125,0.14583333333333334,0.04166666666666667,0.16666666666666669,0.14583333333333334,0.14583333333333334,0.04166666666666667,0.1875
positions,0.13636363636363635,0.11363636363636363,0.06818181818181818,0.15909090909090906,0.125,0.13636363636363635,0.056818181818181816,0.20454545454545453
found,0.06318956870611835,0.12136409227683048,0.037111334002006016,0.10130391173520562,0.22567703109327983,0.08525576730190572,0.04012036108324975,0.3259779338014042
within,0.09496626881162429,0.16813700051894134,0.04929942916450441,0.11468604047742605,0.15464452516865593,0.09237156201349248,0.06642449403217436,0.25947067981318106
regard,0.07851239669421489,0.16115702479338845,0.041322314049586785,0.12809917355371903,0.15289256198347112,0.07851239669421489,0.028925619834710748,0.3305785123966943
techniques,0.09374999999999999,0.15625,0.03125,0.125,0.15625,0.125,0.09374999999999999,0.21874999999999997
bringing,0.1517241379310345,0.09655172413793103,0.12413793103448276,0.18620689655172415,0.08275862068965517,0.1586206896551724,0.06206896551724138,0.13793103448275862
change,0.11538461538461539,0.15109890109890112,0.054945054945054944,0.25,0.1043956043956044,0.11538461538461539,0.04395604395604396,0.16483516483516483
group,0.14948453608247422,0.13144329896907217,0.051546391752577324,0.1778350515463918,0.10824742268041239,0.11855670103092783,0.06701030927835053,0.1958762886597938
attempt,0.12652439024390247,0.20426829268292684,0.07774390243902439,0.1585365853658537,0.09908536585365854,0.11585365853658537,0.05030487804878049,0.1676829268292683
hence,0.2,0.18,0.02,0.2,0.06,0.12,0.04,0.18
concerned,0.0932475884244373,0.13504823151125403,0.0707395498392283,0.21864951768488744,0.09646302250803858,0.15112540192926044,0.03858520900321543,0.19614147909967844
application,0.13793103448275862,0.08620689655172414,0.034482758620689655,0.18965517241379312,0.10344827586206896,0.20689655172413793,0.0,0.24137931034482757
principles,0.0944254835039818,0.15813424345847554,0.04891922639362912,0.1149032992036405,0.14448236632536973,0.06257110352673492,0.04209328782707622,0.33447098976109213
achieving,0.14935064935064932,0.13636363636363635,0.04545454545454544,0.1948051948051948,0.11688311688311687,0.12337662337662335,0.051948051948051945,0.18181818181818177
religious,0.0769704433497537,0.1730295566502463,0.05233990147783251,0.1188423645320197,0.14716748768472904,0.07389162561576354,0.05480295566502463,0.30295566502463056
hoped,0.12396694214876033,0.11570247933884296,0.0743801652892562,0.1487603305785124,0.1487603305785124,0.09090909090909093,0.08264462809917356,0.21487603305785125
help,0.1111111111111111,0.15079365079365079,0.07936507936507936,0.17063492063492064,0.10317460317460318,0.1349206349206349,0.05952380952380953,0.19047619047619047
thinking,0.08571428571428572,0.08571428571428572,0.05714285714285715,0.2285714285714286,0.1142857142857143,0.17142857142857143,0.028571428571428574,0.2285714285714286
one,0.08935824532900082,0.15698619008935824,0.06224614134849716,0.13901299756295696,0.15140129975629568,0.09423233143785541,0.05696588139723802,0.24979691307879773
others,0.11480075901328272,0.150853889943074,0.08064516129032258,0.16413662239089183,0.11290322580645161,0.11954459203036052,0.04364326375711575,0.21347248576850095
person,0.12519809825673534,0.13787638668779714,0.07606973058637083,0.1537242472266244,0.12678288431061807,0.12519809825673534,0.03645007923930269,0.21870047543581617
must,0.08474046278924328,0.17636022514071292,0.051907442151344595,0.13008130081300812,0.14634146341463414,0.08786741713570982,0.05941213258286429,0.2632895559724828
basis,0.12166172106824924,0.12462908011869436,0.032640949554896145,0.13353115727002965,0.13946587537091987,0.09198813056379822,0.03857566765578635,0.3175074183976261
nature,0.11413969335604769,0.15672913117546847,0.06303236797274275,0.14650766609880747,0.14991482112436116,0.09369676320272571,0.06643952299829642,0.20954003407155025
scale,0.1530612244897959,0.09183673469387754,0.06122448979591836,0.16326530612244897,0.1326530612244898,0.1326530612244898,0.0510204081632653,0.21428571428571427
values,0.17117117117117117,0.14414414414414414,0.06306306306306306,0.18468468468468469,0.0945945945945946,0.10810810810810811,0.058558558558558564,0.17567567567567569
country,0.08667736757624399,0.16800428036383094,0.05457463884430177,0.12038523274478333,0.149812734082397,0.0893525949705725,0.06099518459069022,0.27019796682718034
europe,0.06116642958748222,0.20768136557610242,0.041251778093883355,0.11095305832147938,0.17496443812233287,0.06827880512091039,0.06116642958748222,0.2745376955903272
education,0.06735751295336788,0.12262521588946461,0.036269430051813475,0.07944732297063904,0.09671848013816926,0.05699481865284975,0.04145077720207254,0.49913644214162356
made,0.10072951739618405,0.16273849607182939,0.07042648709315376,0.1419753086419753,0.13299663299663297,0.09960718294051626,0.05976430976430976,0.2317620650953984
us,0.10013351134846461,0.13951935914552735,0.06275033377837116,0.16088117489986647,0.1315086782376502,0.1308411214953271,0.07276368491321762,0.2016021361815754
history,0.0658882402001668,0.15929941618015012,0.04420350291909925,0.09424520433694746,0.1517931609674729,0.07422852376980817,0.04837364470391993,0.3619683069224353
also,0.07877813504823152,0.1495176848874598,0.06109324758842443,0.11736334405144694,0.1463022508038585,0.1045016077170418,0.06109324758842443,0.2813504823151125
methods,0.20833333333333331,0.11574074074074073,0.07870370370370369,0.19444444444444445,0.08333333333333333,0.15277777777777776,0.06481481481481481,0.10185185185185186
would,0.10658994382792161,0.149746540622003,0.069735580216468,0.15221263186737907,0.12864775996711877,0.11001507055761062,0.055213042882586646,0.22783943005891216
apparent,0.17721518987341772,0.13924050632911394,0.06329113924050633,0.20253164556962028,0.06329113924050633,0.12658227848101267,0.05063291139240507,0.17721518987341772
used,0.16035634743875277,0.13140311804008908,0.06458797327394208,0.13585746102449886,0.10022271714922047,0.11135857461024498,0.07349665924276168,0.22271714922048996
applicable,0.08433734939759037,0.09638554216867472,0.03614457831325302,0.07228915662650603,0.14457831325301207,0.03614457831325302,0.01204819277108434,0.5180722891566265
choice,0.2333333333333333,0.0,0.03333333333333333,0.3,0.03333333333333333,0.3,0.0,0.09999999999999999
general,0.07908163265306122,0.125,0.05867346938775509,0.125,0.09693877551020406,0.1020408163265306,0.049744897959183666,0.3635204081632653
rule,0.10880829015544041,0.07772020725388601,0.04145077720207254,0.22797927461139897,0.08808290155440414,0.09844559585492227,0.025906735751295335,0.3316062176165803
discussion,0.08333333333333333,0.15,0.03333333333333333,0.15,0.13333333333333333,0.10833333333333334,0.049999999999999996,0.2916666666666667
done,0.11009174311926605,0.12614678899082568,0.09403669724770641,0.1536697247706422,0.11697247706422018,0.14220183486238533,0.08256880733944955,0.17431192660550457
together,0.11186770428015565,0.1527237354085603,0.07003891050583658,0.14396887159533076,0.122568093385214,0.0933852140077821,0.06420233463035019,0.24124513618677043
psychological,0.24074074074074073,0.12962962962962962,0.09259259259259259,0.18518518518518517,0.05555555555555555,0.18518518518518517,0.05555555555555555,0.05555555555555555
men,0.09338235294117647,0.15955882352941175,0.06544117647058824,0.14411764705882354,0.14779411764705883,0.08455882352941177,0.05330882352941176,0.25183823529411764
opposed,0.18181818181818182,0.1322314049586777,0.07438016528925619,0.22314049586776857,0.08264462809917354,0.06611570247933884,0.057851239669421475,0.18181818181818182
first,0.07543024533138044,0.18381545221530574,0.04870010984987184,0.11259611863786158,0.1731966312705968,0.07964115708531673,0.05986818015378982,0.2667521054558769
days,0.1121726822363765,0.14331210191082802,0.07643312101910828,0.1535739561217268,0.127034677990092,0.12031139419674451,0.06121726822363765,0.20594479830148618
might,0.11198428290766209,0.15363457760314342,0.07229862475442042,0.15324165029469547,0.1280943025540275,0.1100196463654224,0.06719056974459725,0.2035363457760314
discovered,0.15813953488372093,0.15348837209302324,0.06511627906976744,0.16744186046511628,0.09767441860465116,0.10232558139534885,0.051162790697674425,0.2046511627906977
despite,0.10990712074303406,0.15944272445820437,0.07430340557275542,0.12074303405572756,0.15015479876160992,0.1130030959752322,0.04798761609907121,0.22445820433436534
interests,0.08040201005025124,0.16415410385259632,0.05025125628140703,0.12060301507537688,0.1675041876046901,0.06197654941373534,0.058626465661641536,0.29648241206030146
agreement,0.12072892938496584,0.07972665148063782,0.04100227790432802,0.03644646924829158,0.07289293849658315,0.07972665148063782,0.02050113895216401,0.5489749430523918
fundamental,0.07754442649434572,0.1518578352180937,0.046849757673667204,0.1098546042003231,0.16155088852988692,0.05815831987075929,0.04038772213247173,0.35379644588045234
go,0.11585365853658536,0.15040650406504064,0.06707317073170731,0.13008130081300812,0.11991869918699187,0.1056910569105691,0.08333333333333331,0.2276422764227642
another,0.10258780036968576,0.15064695009242143,0.06792975970425139,0.15064695009242143,0.1377079482439926,0.10120147874306838,0.058225508317929754,0.2310536044362292
way,0.12002376708259062,0.15270350564468213,0.07011289364230541,0.15151515151515152,0.11705288175876412,0.12180629827688652,0.05109922756981581,0.21568627450980393
standing,0.09574468085106384,0.1702127659574468,0.04609929078014185,0.12056737588652482,0.1595744680851064,0.0851063829787234,0.10283687943262411,0.2198581560283688
gained,0.1463414634146341,0.1219512195121951,0.09756097560975609,0.2195121951219512,0.048780487804878044,0.13414634146341461,0.09756097560975609,0.13414634146341461
spirit,0.0916189484643415,0.15148360229047372,0.05674128058302968,0.1431546069755336,0.16605934409161893,0.09005726184279023,0.06298802706923477,0.23789692868297763
far,0.08641975308641975,0.1728395061728395,0.054320987654320994,0.1308641975308642,0.15246913580246912,0.10493827160493827,0.054320987654320994,0.24382716049382716
life,0.09786311551563952,0.15887271601114894,0.06039021368844843,0.14060080520284915,0.1489625270981728,0.10126974295447506,0.058841746670795905,0.23319913285847008
experience,0.07142857142857142,0.19727891156462582,0.03401360544217687,0.13945578231292516,0.1836734693877551,0.07823129251700679,0.061224489795918366,0.2346938775510204
second,0.09408341416100872,0.16488845780795344,0.0863239573229874,0.14451988360814744,0.1309408341416101,0.10087293889427741,0.061105722599418044,0.21726479146459748
many,0.08550185873605946,0.16171003717472116,0.06257744733581164,0.1245353159851301,0.15241635687732338,0.10904584882280048,0.06133828996282527,0.24287484510532834
economic,0.12962962962962962,0.12962962962962962,0.07407407407407407,0.15740740740740738,0.10185185185185186,0.10185185185185186,0.09259259259259259,0.21296296296296294
greatly,0.1329923273657289,0.13554987212276215,0.08439897698209718,0.1867007672634271,0.09207161125319693,0.15089514066496165,0.04603580562659847,0.17135549872122763
come,0.09081735620585268,0.1629667003027245,0.06407669021190716,0.13975782038345105,0.15388496468213927,0.08879919273461151,0.06760847628657922,0.23208879919273462
protest,0.19753086419753088,0.07407407407407407,0.11111111111111112,0.1851851851851852,0.04938271604938272,0.1851851851851852,0.01234567901234568,0.1851851851851852
refused,0.107421875,0.10937499999999999,0.08007812499999999,0.150390625,0.091796875,0.212890625,0.04492187499999999,0.203125
participate,0.20454545454545459,0.0,0.13636363636363638,0.27272727272727276,0.0,0.2272727272727273,0.0,0.1590909090909091
mass,0.16129032258064516,0.10138248847926268,0.08755760368663594,0.17511520737327188,0.09677419354838711,0.12903225806451613,0.03225806451612903,0.21658986175115208
destruction,0.25728155339805825,0.07281553398058252,0.06796116504854369,0.18932038834951453,0.08737864077669903,0.13592233009708737,0.04854368932038835,0.1407766990291262
refusal,0.14435146443514643,0.12552301255230125,0.07949790794979078,0.16736401673640167,0.08995815899581588,0.13389121338912133,0.05230125523012552,0.20711297071129706
united,0.055031446540880505,0.15015723270440254,0.03773584905660377,0.09984276729559749,0.13757861635220128,0.06289308176100629,0.04166666666666667,0.41509433962264153
sympathy,0.08959537572254335,0.1445086705202312,0.031791907514450865,0.1069364161849711,0.11849710982658958,0.2138728323699422,0.046242774566473986,0.24855491329479767
fellows,0.18181818181818182,0.15151515151515152,0.030303030303030307,0.21212121212121213,0.12121212121212123,0.15151515151515152,0.060606060606060615,0.09090909090909091
brought,0.09689629068887208,0.16351249053747163,0.06056018168054504,0.1445874337623013,0.14155942467827404,0.09765329295987889,0.05677517032551098,0.2384557153671461
fellowship,0.06508875739644972,0.1715976331360947,0.04733727810650888,0.07692307692307693,0.18934911242603553,0.053254437869822494,0.04142011834319527,0.3550295857988166
light,0.07734204793028322,0.17919389978213507,0.05827886710239651,0.12091503267973856,0.16122004357298475,0.08278867102396514,0.06917211328976035,0.2510893246187364
hope,0.056962025316455694,0.19981916817359857,0.03978300180831827,0.07504520795660037,0.18806509945750455,0.06148282097649187,0.13381555153707053,0.24502712477396024
demand,0.16774193548387098,0.14193548387096774,0.04516129032258064,0.16129032258064516,0.11612903225806452,0.0967741935483871,0.03870967741935484,0.23225806451612904
sense,0.13450292397660818,0.14035087719298248,0.07017543859649124,0.12280701754385967,0.12280701754385967,0.14619883040935674,0.07017543859649124,0.1929824561403509
completely,0.1101511879049676,0.1533477321814255,0.05183585313174946,0.16198704103671707,0.14038876889848814,0.09071274298056156,0.05831533477321815,0.2332613390928726
term,0.18095238095238095,0.08571428571428572,0.11428571428571428,0.18095238095238095,0.09523809523809523,0.10476190476190476,0.02857142857142857,0.20952380952380953
fact,0.0947136563876652,0.12555066079295155,0.07488986784140969,0.1343612334801762,0.0881057268722467,0.09030837004405286,0.04625550660792952,0.34581497797356825
according,0.0671875,0.153125,0.0640625,0.121875,0.134375,0.1015625,0.0359375,0.321875
peace,0.06314432989690723,0.22100515463917525,0.04252577319587629,0.10115979381443299,0.19329896907216496,0.05476804123711341,0.033505154639175264,0.29059278350515466
