,anger,anticipation,disgust,fear,joy,sadness,surprise,trust
project,0.11960132890365449,0.17275747508305647,0.046511627906976744,0.046511627906976744,0.11295681063122924,0.06976744186046512,0.029900332225913623,0.4019933554817276
gutenberg,0.07407407407407407,0.2345679012345679,0.037037037037037035,0.037037037037037035,0.1111111111111111,0.09876543209876543,0.06172839506172839,0.345679012345679
ebook,0.01818181818181818,0.2,0.01818181818181818,0.01818181818181818,0.21818181818181817,0.01818181818181818,0.14545454545454545,0.36363636363636365
dawn,0.0,0.24,0.0,0.02,0.2,0.0,0.16,0.38
amateur,0.05853658536585366,0.2146341463414634,0.00975609756097561,0.05853658536585366,0.13170731707317074,0.04878048780487805,0.12682926829268293,0.35121951219512193
radio,0.06204379562043796,0.19708029197080293,0.021897810218978103,0.08759124087591241,0.13138686131386862,0.06204379562043796,0.12043795620437957,0.3175182481751825
u.k.,0.0,0.22807017543859648,0.0,0.0,0.21052631578947367,0.0,0.15789473684210525,0.40350877192982454
greece,0.050505050505050504,0.15824915824915825,0.037037037037037035,0.1717171717171717,0.07744107744107744,0.07744107744107744,0.0707070707070707,0.3569023569023569
norman,0.037037037037037035,0.19753086419753085,0.024691358024691357,0.037037037037037035,0.19753086419753085,0.037037037037037035,0.14814814814814814,0.32098765432098764
f.,0.0,0.2222222222222222,0.0,0.0,0.19444444444444445,0.0,0.16666666666666666,0.4166666666666667
joly,0.05063291139240506,0.20253164556962025,0.0379746835443038,0.05063291139240506,0.17721518987341772,0.02531645569620253,0.16455696202531644,0.2911392405063291
use,0.10909090909090909,0.23636363636363636,0.03636363636363636,0.05454545454545454,0.17272727272727273,0.03636363636363636,0.1,0.2545454545454545
anyone,0.08163265306122448,0.12244897959183673,0.061224489795918366,0.14285714285714285,0.12244897959183673,0.04081632653061224,0.04081632653061224,0.3877551020408163
may,0.13414634146341464,0.18292682926829268,0.10975609756097561,0.036585365853658534,0.0975609756097561,0.0975609756097561,0.10975609756097561,0.23170731707317074
copy,0.21739130434782608,0.06521739130434782,0.08695652173913043,0.08695652173913043,0.043478260869565216,0.06521739130434782,0.021739130434782608,0.41304347826086957
away,0.0425531914893617,0.2127659574468085,0.0425531914893617,0.1702127659574468,0.0851063829787234,0.0851063829787234,0.0851063829787234,0.2765957446808511
terms,0.14516129032258066,0.11290322580645161,0.03225806451612903,0.04838709677419355,0.11290322580645161,0.04838709677419355,0.08064516129032258,0.41935483870967744
license,0.11428571428571428,0.2,0.05714285714285714,0.08571428571428572,0.17142857142857143,0.08571428571428572,0.02857142857142857,0.2571428571428571
copyright,0.09523809523809523,0.19047619047619047,0.09523809523809523,0.047619047619047616,0.047619047619047616,0.09523809523809523,0.0,0.42857142857142855
personal,0.021739130434782608,0.17391304347826086,0.0,0.0,0.17391304347826086,0.0,0.15217391304347827,0.4782608695652174
view,0.0,0.13725490196078433,0.0,0.21568627450980393,0.0784313725490196,0.11764705882352941,0.11764705882352941,0.3333333333333333
date,0.0,0.28125,0.03125,0.0,0.15625,0.03125,0.125,0.375
july,0.10416666666666667,0.16666666666666666,0.0,0.14583333333333334,0.10416666666666667,0.08333333333333333,0.125,0.2708333333333333
language,0.05405405405405406,0.13513513513513514,0.05405405405405406,0.05405405405405406,0.13513513513513514,0.05405405405405406,0.10810810810810811,0.40540540540540543
english,0.08928571428571429,0.19642857142857142,0.05357142857142857,0.08928571428571429,0.08928571428571429,0.08928571428571429,0.10714285714285714,0.2857142857142857
start,0.0,0.41935483870967744,0.03225806451612903,0.06451612903225806,0.0967741935483871,0.03225806451612903,0.0967741935483871,0.25806451612903225
london,0.08108108108108109,0.2702702702702703,0.02702702702702703,0.08108108108108109,0.08108108108108109,0.08108108108108109,0.10810810810810811,0.2702702702702703
development,0.07352941176470588,0.17647058823529413,0.014705882352941176,0.11764705882352941,0.1323529411764706,0.07352941176470588,0.1323529411764706,0.27941176470588236
electricity,0.05555555555555555,0.18518518518518517,0.018518518518518517,0.09259259259259259,0.18518518518518517,0.05555555555555555,0.1111111111111111,0.2962962962962963
communications,0.02702702702702703,0.21621621621621623,0.0,0.10810810810810811,0.16216216216216217,0.02702702702702703,0.08108108108108109,0.3783783783783784
first,0.10138248847926268,0.23963133640552994,0.041474654377880185,0.10138248847926268,0.11059907834101383,0.07373271889400922,0.11059907834101383,0.22119815668202766
greek,0.07547169811320754,0.15566037735849056,0.03773584905660377,0.13679245283018868,0.09905660377358491,0.08018867924528301,0.05188679245283019,0.3632075471698113
amateurs,0.10852713178294573,0.21705426356589147,0.046511627906976744,0.15503875968992248,0.06201550387596899,0.031007751937984496,0.10077519379844961,0.27906976744186046
world,0.09659090909090909,0.21022727272727273,0.056818181818181816,0.14204545454545456,0.09659090909090909,0.05113636363636364,0.10227272727272728,0.24431818181818182
war,0.07017543859649122,0.14473684210526316,0.017543859649122806,0.3991228070175439,0.06140350877192982,0.05263157894736842,0.06578947368421052,0.18859649122807018
ii,0.03508771929824561,0.14035087719298245,0.017543859649122806,0.2807017543859649,0.14035087719298245,0.03508771929824561,0.10526315789473684,0.24561403508771928
man,0.07017543859649122,0.24561403508771928,0.0,0.03508771929824561,0.15789473684210525,0.05263157894736842,0.15789473684210525,0.2807017543859649
one,0.09745762711864407,0.2033898305084746,0.03389830508474576,0.1483050847457627,0.08898305084745763,0.08050847457627118,0.08050847457627118,0.2669491525423729
father,0.07142857142857142,0.05714285714285714,0.02857142857142857,0.11428571428571428,0.04285714285714286,0.07142857142857142,0.014285714285714285,0.6
political,0.14516129032258066,0.12903225806451613,0.11290322580645161,0.22580645161290322,0.06451612903225806,0.12903225806451613,0.016129032258064516,0.1774193548387097
well,0.0847457627118644,0.23728813559322035,0.03389830508474576,0.15254237288135594,0.06779661016949153,0.05084745762711865,0.05084745762711865,0.3220338983050847
must,0.1532258064516129,0.1532258064516129,0.056451612903225805,0.11290322580645161,0.0967741935483871,0.03225806451612903,0.08064516129032258,0.31451612903225806
even,0.09090909090909091,0.1717171717171717,0.04040404040404041,0.1717171717171717,0.08080808080808081,0.10101010101010101,0.08080808080808081,0.26262626262626265
explain,0.1388888888888889,0.1388888888888889,0.027777777777777776,0.16666666666666666,0.05555555555555555,0.0,0.027777777777777776,0.4444444444444444
able,0.037037037037037035,0.037037037037037035,0.1111111111111111,0.2222222222222222,0.18518518518518517,0.07407407407407407,0.037037037037037035,0.2962962962962963
would,0.07329842931937172,0.2094240837696335,0.05759162303664921,0.12041884816753927,0.13612565445026178,0.08376963350785341,0.08900523560209424,0.23036649214659685
became,0.08450704225352113,0.19718309859154928,0.07042253521126761,0.11267605633802817,0.08450704225352113,0.09859154929577464,0.09859154929577464,0.2535211267605634
known,0.09259259259259259,0.16666666666666666,0.05555555555555555,0.18518518518518517,0.07407407407407407,0.07407407407407407,0.07407407407407407,0.2777777777777778
used,0.047244094488188976,0.2283464566929134,0.023622047244094488,0.10236220472440945,0.11811023622047244,0.05511811023622047,0.11811023622047244,0.30708661417322836
day,0.05319148936170213,0.2127659574468085,0.02127659574468085,0.10638297872340426,0.14893617021276595,0.07446808510638298,0.14893617021276595,0.23404255319148937
said,0.06666666666666667,0.2,0.0380952380952381,0.1619047619047619,0.12380952380952381,0.06666666666666667,0.08571428571428572,0.2571428571428571
ever,0.14285714285714285,0.16666666666666666,0.09523809523809523,0.16666666666666666,0.11904761904761904,0.09523809523809523,0.047619047619047616,0.16666666666666666
large,0.06818181818181818,0.25,0.022727272727272728,0.13636363636363635,0.06818181818181818,0.06818181818181818,0.06818181818181818,0.3181818181818182
later,0.08053691275167785,0.2214765100671141,0.040268456375838924,0.09395973154362416,0.1342281879194631,0.06040268456375839,0.09395973154362416,0.2751677852348993
could,0.02962962962962963,0.24444444444444444,0.02962962962962963,0.1037037037037037,0.15555555555555556,0.02962962962962963,0.1111111111111111,0.2962962962962963
certain,0.05555555555555555,0.1388888888888889,0.1111111111111111,0.2222222222222222,0.08333333333333333,0.1111111111111111,0.05555555555555555,0.2222222222222222
like,0.06451612903225806,0.12903225806451613,0.06451612903225806,0.12903225806451613,0.1935483870967742,0.08064516129032258,0.0967741935483871,0.24193548387096775
magnetic,0.16666666666666666,0.11904761904761904,0.047619047619047616,0.14285714285714285,0.11904761904761904,0.047619047619047616,0.11904761904761904,0.23809523809523808
many,0.09401709401709402,0.19658119658119658,0.017094017094017096,0.10256410256410256,0.1452991452991453,0.07692307692307693,0.1282051282051282,0.23931623931623933
life,0.06,0.28,0.0,0.08,0.18,0.02,0.12,0.26
also,0.08695652173913043,0.1956521739130435,0.07608695652173914,0.09782608695652174,0.11956521739130435,0.07608695652173914,0.10869565217391304,0.2391304347826087
years,0.06666666666666667,0.18,0.06,0.15333333333333332,0.13333333333333333,0.08666666666666667,0.06666666666666667,0.25333333333333335
called,0.0425531914893617,0.23404255319148937,0.02127659574468085,0.1276595744680851,0.0851063829787234,0.0851063829787234,0.1276595744680851,0.2765957446808511
william,0.06896551724137931,0.20689655172413793,0.10344827586206896,0.10344827586206896,0.06896551724137931,0.10344827586206896,0.10344827586206896,0.2413793103448276
read,0.08,0.28,0.12,0.0,0.08,0.16,0.0,0.28
interested,0.024390243902439025,0.17073170731707318,0.17073170731707318,0.04878048780487805,0.0975609756097561,0.21951219512195122,0.0975609756097561,0.17073170731707318
decided,0.0,0.24489795918367346,0.061224489795918366,0.02040816326530612,0.16326530612244897,0.061224489795918366,0.12244897959183673,0.32653061224489793
word,0.10256410256410256,0.1794871794871795,0.07692307692307693,0.07692307692307693,0.0,0.1282051282051282,0.02564102564102564,0.41025641025641024
chapter,0.11428571428571428,0.2571428571428571,0.02857142857142857,0.14285714285714285,0.14285714285714285,0.0,0.14285714285714285,0.17142857142857143
made,0.10810810810810811,0.1891891891891892,0.06756756756756757,0.14864864864864866,0.0945945945945946,0.06756756756756757,0.08108108108108109,0.24324324324324326
various,0.18181818181818182,0.15151515151515152,0.0,0.18181818181818182,0.15151515151515152,0.0,0.18181818181818182,0.15151515151515152
efforts,0.21212121212121213,0.15151515151515152,0.12121212121212122,0.09090909090909091,0.09090909090909091,0.06060606060606061,0.15151515151515152,0.12121212121212122
force,0.24561403508771928,0.07017543859649122,0.0,0.2631578947368421,0.08771929824561403,0.05263157894736842,0.07017543859649122,0.21052631578947367
know,0.07407407407407407,0.3148148148148148,0.0,0.07407407407407407,0.12962962962962962,0.018518518518518517,0.16666666666666666,0.2222222222222222
electric,0.061855670103092786,0.08247422680412371,0.020618556701030927,0.07216494845360824,0.26804123711340205,0.08247422680412371,0.24742268041237114,0.16494845360824742
current,0.08695652173913043,0.043478260869565216,0.021739130434782608,0.15217391304347827,0.1956521739130435,0.10869565217391304,0.17391304347826086,0.21739130434782608
fact,0.08860759493670886,0.17721518987341772,0.012658227848101266,0.12658227848101267,0.06329113924050633,0.05063291139240506,0.11392405063291139,0.3670886075949367
outside,0.02702702702702703,0.10810810810810811,0.0,0.16216216216216217,0.10810810810810811,0.08108108108108109,0.08108108108108109,0.43243243243243246
wires,0.030303030303030304,0.21212121212121213,0.030303030303030304,0.06060606060606061,0.21212121212121213,0.030303030303030304,0.18181818181818182,0.24242424242424243
wire,0.10144927536231885,0.13043478260869565,0.014492753623188406,0.10144927536231885,0.13043478260869565,0.057971014492753624,0.10144927536231885,0.36231884057971014
flow,0.07142857142857142,0.03571428571428571,0.0,0.07142857142857142,0.2857142857142857,0.03571428571428571,0.21428571428571427,0.2857142857142857
american,0.06382978723404255,0.19148936170212766,0.0425531914893617,0.14893617021276595,0.10638297872340426,0.10638297872340426,0.06382978723404255,0.2765957446808511
's,0.07582938388625593,0.22274881516587677,0.07109004739336493,0.09004739336492891,0.10900473933649289,0.08530805687203792,0.08530805687203792,0.26066350710900477
attached,0.08163265306122448,0.14285714285714285,0.10204081632653061,0.12244897959183673,0.12244897959183673,0.10204081632653061,0.061224489795918366,0.2653061224489796
metal,0.058823529411764705,0.14705882352941177,0.11764705882352941,0.11764705882352941,0.20588235294117646,0.058823529411764705,0.08823529411764706,0.20588235294117646
end,0.043478260869565216,0.1391304347826087,0.043478260869565216,0.22608695652173913,0.1391304347826087,0.06956521739130435,0.08695652173913043,0.25217391304347825
course,0.13636363636363635,0.11363636363636363,0.11363636363636363,0.11363636363636363,0.09090909090909091,0.13636363636363635,0.09090909090909091,0.20454545454545456
long,0.057692307692307696,0.4807692307692308,0.028846153846153848,0.09615384615384616,0.07692307692307693,0.028846153846153848,0.057692307692307696,0.17307692307692307
carried,0.13725490196078433,0.21568627450980393,0.058823529411764705,0.13725490196078433,0.0392156862745098,0.058823529411764705,0.0784313725490196,0.27450980392156865
research,0.058823529411764705,0.17647058823529413,0.029411764705882353,0.20588235294117646,0.058823529411764705,0.11764705882352941,0.11764705882352941,0.23529411764705882
england,0.10526315789473684,0.21052631578947367,0.07017543859649122,0.12280701754385964,0.08771929824561403,0.05263157894736842,0.08771929824561403,0.2631578947368421
two,0.11956521739130435,0.16847826086956522,0.04891304347826087,0.17391304347826086,0.09239130434782608,0.059782608695652176,0.11413043478260869,0.22282608695652173
old,0.0847457627118644,0.1864406779661017,0.03389830508474576,0.1016949152542373,0.1694915254237288,0.0847457627118644,0.13559322033898305,0.2033898305084746
germany,0.11428571428571428,0.2,0.05714285714285714,0.2,0.05714285714285714,0.05714285714285714,0.08571428571428572,0.22857142857142856
high,0.1346153846153846,0.23076923076923078,0.0,0.07692307692307693,0.11538461538461539,0.0,0.11538461538461539,0.3269230769230769
built,0.1282051282051282,0.23076923076923078,0.02564102564102564,0.05128205128205128,0.1282051282051282,0.05128205128205128,0.15384615384615385,0.23076923076923078
means,0.08333333333333333,0.20833333333333334,0.0,0.08333333333333333,0.125,0.041666666666666664,0.08333333333333333,0.375
found,0.06896551724137931,0.10344827586206896,0.017241379310344827,0.04310344827586207,0.3017241379310345,0.04310344827586207,0.07758620689655173,0.3448275862068966
right,0.14,0.16,0.02,0.04,0.1,0.12,0.06,0.36
working,0.05714285714285714,0.11428571428571428,0.0,0.2857142857142857,0.08571428571428572,0.08571428571428572,0.11428571428571428,0.2571428571428571
contact,0.0425531914893617,0.2127659574468085,0.02127659574468085,0.02127659574468085,0.23404255319148937,0.0425531914893617,0.0425531914893617,0.3829787234042553
connection,0.15384615384615385,0.20512820512820512,0.02564102564102564,0.07692307692307693,0.1282051282051282,0.0,0.1282051282051282,0.28205128205128205
place,0.05714285714285714,0.3142857142857143,0.04285714285714286,0.08571428571428572,0.1,0.05714285714285714,0.05714285714285714,0.2857142857142857
time,0.058091286307053944,0.4107883817427386,0.02074688796680498,0.12033195020746888,0.1037344398340249,0.04149377593360996,0.06224066390041494,0.1825726141078838
might,0.03333333333333333,0.2,0.03333333333333333,0.03333333333333333,0.2,0.03333333333333333,0.2,0.26666666666666666
system,0.08108108108108109,0.18018018018018017,0.018018018018018018,0.06306306306306306,0.07207207207207207,0.02702702702702703,0.07207207207207207,0.4864864864864865
telegraph,0.17391304347826086,0.32608695652173914,0.0,0.043478260869565216,0.06521739130434782,0.021739130434782608,0.2608695652173913,0.10869565217391304
station,0.10091743119266056,0.22935779816513763,0.045871559633027525,0.07339449541284404,0.11926605504587157,0.045871559633027525,0.1651376146788991,0.22018348623853212
miles,0.02127659574468085,0.23404255319148937,0.02127659574468085,0.0425531914893617,0.14893617021276595,0.02127659574468085,0.14893617021276595,0.3617021276595745
royal,0.1276595744680851,0.10638297872340426,0.02127659574468085,0.0851063829787234,0.10638297872340426,0.0851063829787234,0.10638297872340426,0.3617021276595745
technical,0.1282051282051282,0.10256410256410256,0.10256410256410256,0.15384615384615385,0.10256410256410256,0.10256410256410256,0.07692307692307693,0.23076923076923078
laws,0.08571428571428572,0.14285714285714285,0.05714285714285714,0.11428571428571428,0.08571428571428572,0.14285714285714285,0.05714285714285714,0.3142857142857143
people,0.03225806451612903,0.22580645161290322,0.0,0.1935483870967742,0.12903225806451613,0.03225806451612903,0.0967741935483871,0.2903225806451613
name,0.023809523809523808,0.2619047619047619,0.07142857142857142,0.14285714285714285,0.14285714285714285,0.047619047619047616,0.07142857142857142,0.23809523809523808
france,0.1,0.1,0.06666666666666667,0.23333333333333334,0.06666666666666667,0.1,0.03333333333333333,0.3
resistance,0.28125,0.15625,0.0,0.125,0.125,0.0,0.09375,0.21875
law,0.07894736842105263,0.11842105263157894,0.05263157894736842,0.10526315789473684,0.10526315789473684,0.013157894736842105,0.09210526315789473,0.4342105263157895
received,0.1276595744680851,0.19148936170212766,0.0425531914893617,0.0851063829787234,0.14893617021276595,0.0425531914893617,0.0851063829787234,0.2765957446808511
work,0.1483050847457627,0.1906779661016949,0.038135593220338986,0.0635593220338983,0.1016949152542373,0.08050847457627118,0.06779661016949153,0.3093220338983051
coil,0.13953488372093023,0.09302325581395349,0.046511627906976744,0.18604651162790697,0.06976744186046512,0.13953488372093023,0.09302325581395349,0.23255813953488372
problem,0.05263157894736842,0.18421052631578946,0.05263157894736842,0.23684210526315788,0.10526315789473684,0.21052631578947367,0.02631578947368421,0.13157894736842105
finally,0.049019607843137254,0.16666666666666666,0.13725490196078433,0.10784313725490197,0.12745098039215685,0.06862745098039216,0.11764705882352941,0.22549019607843138
gave,0.10638297872340426,0.2127659574468085,0.06382978723404255,0.10638297872340426,0.14893617021276595,0.06382978723404255,0.10638297872340426,0.19148936170212766
famous,0.1,0.2,0.025,0.15,0.15,0.075,0.075,0.225
back,0.07692307692307693,0.1794871794871795,0.10256410256410256,0.07692307692307693,0.10256410256410256,0.15384615384615385,0.10256410256410256,0.20512820512820512
wave,0.10714285714285714,0.21428571428571427,0.03571428571428571,0.10714285714285714,0.14285714285714285,0.05357142857142857,0.10714285714285714,0.23214285714285715
electrical,0.1111111111111111,0.2222222222222222,0.0,0.1111111111111111,0.19444444444444445,0.05555555555555555,0.19444444444444445,0.1111111111111111
power,0.09090909090909091,0.22077922077922077,0.0,0.11688311688311688,0.15584415584415584,0.03896103896103896,0.12987012987012986,0.24675324675324675
small,0.08955223880597014,0.19402985074626866,0.04477611940298507,0.11940298507462686,0.14925373134328357,0.1044776119402985,0.05970149253731343,0.23880597014925373
good,0.039603960396039604,0.21782178217821782,0.019801980198019802,0.039603960396039604,0.19801980198019803,0.039603960396039604,0.16831683168316833,0.27722772277227725
stations,0.07792207792207792,0.16883116883116883,0.025974025974025976,0.16883116883116883,0.11688311688311688,0.1038961038961039,0.06493506493506493,0.2727272727272727
present,0.03125,0.21875,0.03125,0.078125,0.171875,0.046875,0.171875,0.25
20,0.10869565217391304,0.17391304347826086,0.06521739130434782,0.15217391304347827,0.13043478260869565,0.043478260869565216,0.13043478260869565,0.1956521739130435
taken,0.10810810810810811,0.10810810810810811,0.08108108108108109,0.05405405405405406,0.05405405405405406,0.08108108108108109,0.08108108108108109,0.43243243243243246
sir,0.08823529411764706,0.17647058823529413,0.0,0.058823529411764705,0.0,0.0,0.08823529411764706,0.5882352941176471
leading,0.09375,0.125,0.0,0.28125,0.03125,0.03125,0.0625,0.375
white,0.11627906976744186,0.23255813953488372,0.023255813953488372,0.06976744186046512,0.18604651162790697,0.046511627906976744,0.09302325581395349,0.23255813953488372
came,0.06930693069306931,0.2079207920792079,0.09900990099009901,0.1188118811881188,0.09900990099009901,0.039603960396039604,0.07920792079207921,0.2871287128712871
u.s.a.,0.08196721311475409,0.19672131147540983,0.04918032786885246,0.16393442622950818,0.04918032786885246,0.06557377049180328,0.03278688524590164,0.36065573770491804
number,0.0,0.1794871794871795,0.02564102564102564,0.20512820512820512,0.10256410256410256,0.10256410256410256,0.05128205128205128,0.3333333333333333
make,0.0,0.17857142857142858,0.07142857142857142,0.07142857142857142,0.10714285714285714,0.07142857142857142,0.10714285714285714,0.39285714285714285
equipment,0.10112359550561797,0.23595505617977527,0.0449438202247191,0.12359550561797752,0.10112359550561797,0.056179775280898875,0.11235955056179775,0.2247191011235955
part,0.16393442622950818,0.14754098360655737,0.06557377049180328,0.11475409836065574,0.09836065573770492,0.09836065573770492,0.08196721311475409,0.22950819672131148
form,0.11764705882352941,0.21568627450980393,0.0,0.0196078431372549,0.09803921568627451,0.0,0.09803921568627451,0.45098039215686275
using,0.06593406593406594,0.23076923076923078,0.03296703296703297,0.08791208791208792,0.18681318681318682,0.04395604395604396,0.10989010989010989,0.24175824175824176
us,0.02912621359223301,0.22330097087378642,0.038834951456310676,0.08737864077669903,0.17475728155339806,0.038834951456310676,0.08737864077669903,0.32038834951456313
distribution,0.07142857142857142,0.21428571428571427,0.0,0.03571428571428571,0.14285714285714285,0.0,0.07142857142857142,0.4642857142857143
transmitting,0.0821917808219178,0.2328767123287671,0.0273972602739726,0.0547945205479452,0.1643835616438356,0.0273972602739726,0.1095890410958904,0.3013698630136986
still,0.08620689655172414,0.22413793103448276,0.017241379310344827,0.15517241379310345,0.08620689655172414,0.06896551724137931,0.15517241379310345,0.20689655172413793
general,0.09166666666666666,0.15,0.041666666666666664,0.14166666666666666,0.058333333333333334,0.1,0.08333333333333333,0.3333333333333333
public,0.05084745762711865,0.4067796610169492,0.01694915254237288,0.06779661016949153,0.03389830508474576,0.06779661016949153,0.01694915254237288,0.3389830508474576
wireless,0.20759493670886076,0.25569620253164554,0.010126582278481013,0.05063291139240506,0.060759493670886074,0.015189873417721518,0.23291139240506328,0.1670886075949367
waves,0.12857142857142856,0.2571428571428571,0.04285714285714286,0.11428571428571428,0.08571428571428572,0.07142857142857142,0.1,0.2
book,0.06521739130434782,0.2826086956521739,0.043478260869565216,0.08695652173913043,0.13043478260869565,0.021739130434782608,0.13043478260869565,0.2391304347826087
tesla,0.020833333333333332,0.2916666666666667,0.0,0.020833333333333332,0.16666666666666666,0.0,0.1875,0.3125
great,0.08108108108108109,0.21621621621621623,0.0,0.16216216216216217,0.16216216216216217,0.05405405405405406,0.16216216216216217,0.16216216216216217
northern,0.10344827586206896,0.10344827586206896,0.06896551724137931,0.3793103448275862,0.06896551724137931,0.06896551724137931,0.0,0.20689655172413793
state,0.0,0.0,0.0,0.08695652173913043,0.043478260869565216,0.08695652173913043,0.0,0.782608695652174
a.c.,0.125,0.075,0.05,0.225,0.1,0.1,0.15,0.175
professor,0.06818181818181818,0.11363636363636363,0.045454545454545456,0.06818181818181818,0.06818181818181818,0.022727272727272728,0.09090909090909091,0.5227272727272727
young,0.05555555555555555,0.25396825396825395,0.031746031746031744,0.05555555555555555,0.1984126984126984,0.05555555555555555,0.20634920634920634,0.14285714285714285
went,0.014084507042253521,0.323943661971831,0.014084507042253521,0.1267605633802817,0.1267605633802817,0.04225352112676056,0.11267605633802817,0.23943661971830985
got,0.0684931506849315,0.2328767123287671,0.0547945205479452,0.136986301369863,0.0958904109589041,0.0547945205479452,0.1095890410958904,0.2465753424657534
central,0.1282051282051282,0.20512820512820512,0.0,0.07692307692307693,0.15384615384615385,0.05128205128205128,0.07692307692307693,0.3076923076923077
office,0.09090909090909091,0.18181818181818182,0.022727272727272728,0.11363636363636363,0.06818181818181818,0.11363636363636363,0.06818181818181818,0.3409090909090909
german,0.12987012987012986,0.12987012987012986,0.09090909090909091,0.19480519480519481,0.06493506493506493,0.1038961038961039,0.12987012987012986,0.15584415584415584
began,0.13829787234042554,0.20212765957446807,0.10638297872340426,0.11702127659574468,0.07446808510638298,0.09574468085106383,0.10638297872340426,0.1595744680851064
four,0.09615384615384616,0.25,0.07692307692307693,0.09615384615384616,0.11538461538461539,0.07692307692307693,0.09615384615384616,0.19230769230769232
turn,0.17647058823529413,0.2647058823529412,0.029411764705882353,0.058823529411764705,0.11764705882352941,0.029411764705882353,0.17647058823529413,0.14705882352941177
year,0.15151515151515152,0.15151515151515152,0.030303030303030304,0.09090909090909091,0.12121212121212122,0.09090909090909091,0.030303030303030304,0.3333333333333333
engineer,0.08333333333333333,0.1388888888888889,0.0,0.1388888888888889,0.16666666666666666,0.1111111111111111,0.16666666666666666,0.19444444444444445
george,0.0625,0.1875,0.03125,0.15625,0.09375,0.052083333333333336,0.09375,0.3229166666666667
air,0.14814814814814814,0.12962962962962962,0.037037037037037035,0.12962962962962962,0.2222222222222222,0.09259259259259259,0.07407407407407407,0.16666666666666666
put,0.06451612903225806,0.16129032258064516,0.0967741935483871,0.22580645161290322,0.03225806451612903,0.16129032258064516,0.06451612903225806,0.1935483870967742
service,0.1111111111111111,0.1746031746031746,0.015873015873015872,0.2222222222222222,0.07936507936507936,0.047619047619047616,0.06349206349206349,0.2857142857142857
company,0.1527777777777778,0.25,0.013888888888888888,0.027777777777777776,0.09722222222222222,0.041666666666666664,0.2361111111111111,0.18055555555555555
new,0.0410958904109589,0.2191780821917808,0.0547945205479452,0.1643835616438356,0.1232876712328767,0.0547945205479452,0.0958904109589041,0.2465753424657534
government,0.08024691358024691,0.09876543209876543,0.04938271604938271,0.30246913580246915,0.06172839506172839,0.11728395061728394,0.05555555555555555,0.2345679012345679
death,0.14285714285714285,0.14285714285714285,0.09523809523809523,0.21428571428571427,0.023809523809523808,0.19047619047619047,0.11904761904761904,0.07142857142857142
marconi,0.15,0.29,0.04,0.08,0.06,0.05,0.16,0.17
transmitter,0.05952380952380952,0.2261904761904762,0.03571428571428571,0.13095238095238096,0.11904761904761904,0.07142857142857142,0.13095238095238096,0.2261904761904762
suddenly,0.11428571428571428,0.11428571428571428,0.02857142857142857,0.17142857142857143,0.05714285714285714,0.05714285714285714,0.37142857142857144,0.08571428571428572
transmissions,0.07317073170731707,0.2682926829268293,0.0,0.07317073170731707,0.17073170731707318,0.04878048780487805,0.1951219512195122,0.17073170731707318
broadcasting,0.05970149253731343,0.19402985074626866,0.029850746268656716,0.13432835820895522,0.11940298507462686,0.07462686567164178,0.04477611940298507,0.34328358208955223
another,0.022727272727272728,0.29545454545454547,0.0,0.06818181818181818,0.11363636363636363,0.06818181818181818,0.09090909090909091,0.3409090909090909
foreign,0.11666666666666667,0.13333333333333333,0.06666666666666667,0.1,0.11666666666666667,0.1,0.1,0.26666666666666666
broadcasts,0.12195121951219512,0.07317073170731707,0.0975609756097561,0.12195121951219512,0.14634146341463414,0.04878048780487805,0.04878048780487805,0.34146341463414637
without,0.10126582278481013,0.17721518987341772,0.05063291139240506,0.12658227848101267,0.10126582278481013,0.11392405063291139,0.08860759493670886,0.24050632911392406
order,0.05555555555555555,0.2777777777777778,0.027777777777777776,0.1388888888888889,0.16666666666666666,0.0,0.1111111111111111,0.2222222222222222
military,0.07586206896551724,0.09655172413793103,0.06206896551724138,0.3586206896551724,0.05517241379310345,0.05517241379310345,0.034482758620689655,0.2620689655172414
wrote,0.09433962264150944,0.20754716981132076,0.03773584905660377,0.18867924528301888,0.07547169811320754,0.05660377358490566,0.07547169811320754,0.2641509433962264
last,0.12195121951219512,0.14634146341463414,0.07317073170731707,0.24390243902439024,0.07317073170731707,0.07317073170731707,0.024390243902439025,0.24390243902439024
experimental,0.2037037037037037,0.18518518518518517,0.0,0.1111111111111111,0.07407407407407407,0.07407407407407407,0.16666666666666666,0.18518518518518517
national,0.10309278350515463,0.17525773195876287,0.030927835051546393,0.13402061855670103,0.12371134020618557,0.05154639175257732,0.09278350515463918,0.28865979381443296
set,0.10227272727272728,0.1590909090909091,0.022727272727272728,0.10227272727272728,0.13636363636363635,0.10227272727272728,0.125,0.25
distance,0.09090909090909091,0.2727272727272727,0.09090909090909091,0.07272727272727272,0.12727272727272726,0.09090909090909091,0.05454545454545454,0.2
telegraphy,0.19883040935672514,0.2573099415204678,0.005847953216374269,0.05847953216374269,0.07017543859649122,0.023391812865497075,0.2046783625730994,0.18128654970760233
become,0.11428571428571428,0.2571428571428571,0.0,0.11428571428571428,0.05714285714285714,0.05714285714285714,0.11428571428571428,0.2857142857142857
immediately,0.03333333333333333,0.43333333333333335,0.0,0.03333333333333333,0.13333333333333333,0.13333333333333333,0.13333333333333333,0.1
family,0.058823529411764705,0.17647058823529413,0.058823529411764705,0.11764705882352941,0.08823529411764706,0.20588235294117646,0.08823529411764706,0.20588235294117646
second,0.12121212121212122,0.12121212121212122,0.09090909090909091,0.12121212121212122,0.06060606060606061,0.09090909090909091,0.06060606060606061,0.3333333333333333
school,0.09523809523809523,0.11904761904761904,0.023809523809523808,0.047619047619047616,0.023809523809523808,0.07142857142857142,0.07142857142857142,0.5476190476190477
days,0.1206896551724138,0.15517241379310345,0.034482758620689655,0.08620689655172414,0.15517241379310345,0.06896551724137931,0.10344827586206896,0.27586206896551724
navy,0.11764705882352941,0.19607843137254902,0.0392156862745098,0.09803921568627451,0.0784313725490196,0.0784313725490196,0.13725490196078433,0.2549019607843137
brought,0.02857142857142857,0.2,0.05714285714285714,0.14285714285714285,0.11428571428571428,0.08571428571428572,0.08571428571428572,0.2857142857142857
mother,0.043478260869565216,0.2028985507246377,0.057971014492753624,0.057971014492753624,0.18840579710144928,0.18840579710144928,0.043478260869565216,0.21739130434782608
british,0.07391304347826087,0.1565217391304348,0.0391304347826087,0.14782608695652175,0.11739130434782609,0.07391304347826087,0.05217391304347826,0.3391304347826087
post,0.12903225806451613,0.0967741935483871,0.03225806451612903,0.0967741935483871,0.0967741935483871,0.0967741935483871,0.0967741935483871,0.3548387096774194
published,0.09859154929577464,0.16901408450704225,0.09859154929577464,0.15492957746478872,0.08450704225352113,0.056338028169014086,0.09859154929577464,0.23943661971830985
mr,0.0641025641025641,0.19230769230769232,0.038461538461538464,0.05128205128205128,0.16666666666666666,0.01282051282051282,0.08974358974358974,0.38461538461538464
important,0.1,0.2,0.03333333333333333,0.13333333333333333,0.06666666666666667,0.03333333333333333,0.06666666666666667,0.36666666666666664
commercial,0.125,0.25,0.0,0.175,0.025,0.1,0.15,0.175
metres,0.0,0.36585365853658536,0.07317073170731707,0.024390243902439025,0.12195121951219512,0.0,0.14634146341463414,0.2682926829268293
signals,0.05263157894736842,0.17543859649122806,0.03508771929824561,0.08771929824561403,0.19298245614035087,0.08771929824561403,0.10526315789473684,0.2631578947368421
naval,0.14285714285714285,0.2,0.08571428571428572,0.08571428571428572,0.05714285714285714,0.0,0.2,0.22857142857142856
letter,0.07692307692307693,0.5384615384615384,0.02564102564102564,0.07692307692307693,0.02564102564102564,0.02564102564102564,0.07692307692307693,0.15384615384615385
john,0.02857142857142857,0.2857142857142857,0.14285714285714285,0.08571428571428572,0.14285714285714285,0.0,0.11428571428571428,0.2
quite,0.037037037037037035,0.25925925925925924,0.018518518518518517,0.037037037037037035,0.16666666666666666,0.1111111111111111,0.12962962962962962,0.24074074074074073
sent,0.030303030303030304,0.30303030303030304,0.030303030303030304,0.030303030303030304,0.18181818181818182,0.030303030303030304,0.09090909090909091,0.30303030303030304
chief,0.11764705882352941,0.11764705882352941,0.029411764705882353,0.058823529411764705,0.14705882352941177,0.029411764705882353,0.14705882352941177,0.35294117647058826
three,0.13186813186813187,0.1978021978021978,0.04395604395604396,0.14285714285714285,0.0989010989010989,0.08791208791208792,0.12087912087912088,0.17582417582417584
transmitters,0.12790697674418605,0.22093023255813954,0.0,0.13953488372093023,0.08139534883720931,0.023255813953488372,0.20930232558139536,0.19767441860465115
licences,0.10714285714285714,0.17857142857142858,0.03571428571428571,0.15476190476190477,0.10714285714285714,0.047619047619047616,0.05952380952380952,0.30952380952380953
area,0.1,0.2,0.0,0.16666666666666666,0.13333333333333333,0.06666666666666667,0.03333333333333333,0.3
receiving,0.07462686567164178,0.23880597014925373,0.0,0.014925373134328358,0.22388059701492538,0.014925373134328358,0.22388059701492538,0.208955223880597
successful,0.057971014492753624,0.2753623188405797,0.028985507246376812,0.08695652173913043,0.2463768115942029,0.014492753623188406,0.014492753623188406,0.2753623188405797
staff,0.025,0.175,0.05,0.15,0.1,0.1,0.075,0.325
paid,0.30303030303030304,0.18181818181818182,0.0,0.0,0.12121212121212122,0.06060606060606061,0.12121212121212122,0.21212121212121213
united,0.1,0.2,0.016666666666666666,0.1,0.05,0.05,0.05,0.43333333333333335
act,0.1891891891891892,0.16216216216216217,0.05405405405405406,0.16216216216216217,0.05405405405405406,0.05405405405405406,0.10810810810810811,0.21621621621621623
dated,0.058823529411764705,0.08823529411764706,0.029411764705882353,0.23529411764705882,0.08823529411764706,0.08823529411764706,0.08823529411764706,0.3235294117647059
april,0.0967741935483871,0.0967741935483871,0.0967741935483871,0.25806451612903225,0.03225806451612903,0.16129032258064516,0.06451612903225806,0.1935483870967742
1919,0.10526315789473684,0.13157894736842105,0.0,0.13157894736842105,0.10526315789473684,0.13157894736842105,0.18421052631578946,0.21052631578947367
point,0.0784313725490196,0.09803921568627451,0.0,0.29411764705882354,0.0784313725490196,0.17647058823529413,0.09803921568627451,0.17647058823529413
case,0.02702702702702703,0.08108108108108109,0.02702702702702703,0.32432432432432434,0.02702702702702703,0.24324324324324326,0.05405405405405406,0.21621621621621623
interference,0.11428571428571428,0.11428571428571428,0.08571428571428572,0.2571428571428571,0.0,0.17142857142857143,0.05714285714285714,0.2
issue,0.08823529411764706,0.19117647058823528,0.029411764705882353,0.14705882352941177,0.1323529411764706,0.04411764705882353,0.058823529411764705,0.3088235294117647
legislation,0.07547169811320754,0.22641509433962265,0.05660377358490566,0.20754716981132076,0.07547169811320754,0.03773584905660377,0.05660377358490566,0.2641509433962264
prevent,0.09375,0.1875,0.03125,0.34375,0.03125,0.03125,0.03125,0.25
official,0.07017543859649122,0.10526315789473684,0.03508771929824561,0.08771929824561403,0.05263157894736842,0.03508771929824561,0.017543859649122806,0.5964912280701754
full,0.13846153846153847,0.2153846153846154,0.03076923076923077,0.06153846153846154,0.15384615384615385,0.07692307692307693,0.1076923076923077,0.2153846153846154
take,0.058823529411764705,0.21568627450980393,0.0392156862745098,0.0784313725490196,0.11764705882352941,0.09803921568627451,0.0784313725490196,0.3137254901960784
obtained,0.16216216216216217,0.13513513513513514,0.02702702702702703,0.16216216216216217,0.10810810810810811,0.10810810810810811,0.05405405405405406,0.24324324324324326
site,0.1,0.26666666666666666,0.0,0.03333333333333333,0.13333333333333333,0.0,0.06666666666666667,0.4
antenna,0.0,0.3333333333333333,0.0,0.05555555555555555,0.19444444444444445,0.05555555555555555,0.08333333333333333,0.2777777777777778
club,0.10526315789473684,0.18421052631578946,0.05263157894736842,0.13157894736842105,0.10526315789473684,0.02631578947368421,0.07894736842105263,0.3157894736842105
operators,0.06060606060606061,0.12121212121212122,0.030303030303030304,0.15151515151515152,0.06060606060606061,0.0,0.12121212121212122,0.45454545454545453
receiver,0.04838709677419355,0.22580645161290322,0.08064516129032258,0.08064516129032258,0.14516129032258066,0.08064516129032258,0.0967741935483871,0.24193548387096775
short,0.0958904109589041,0.2602739726027397,0.0136986301369863,0.1095890410958904,0.1506849315068493,0.0410958904109589,0.136986301369863,0.1917808219178082
bill,0.07407407407407407,0.18518518518518517,0.07407407407407407,0.14814814814814814,0.037037037037037035,0.1111111111111111,0.07407407407407407,0.2962962962962963
issued,0.1,0.125,0.025,0.175,0.15,0.05,0.05,0.325
athens,0.1,0.19545454545454546,0.05,0.1590909090909091,0.08636363636363636,0.06363636363636363,0.09090909090909091,0.2545454545454545
heard,0.06493506493506493,0.2597402597402597,0.05194805194805195,0.14285714285714285,0.11688311688311688,0.07792207792207792,0.12987012987012986,0.15584415584415584
callsign,0.11267605633802817,0.15492957746478872,0.04225352112676056,0.14084507042253522,0.14084507042253522,0.09859154929577464,0.09859154929577464,0.2112676056338028
operated,0.125,0.28125,0.0625,0.0625,0.09375,0.03125,0.25,0.09375
asked,0.04,0.32,0.0,0.04,0.18,0.0,0.12,0.3
section,0.07894736842105263,0.07894736842105263,0.02631578947368421,0.05263157894736842,0.23684210526315788,0.05263157894736842,0.0,0.47368421052631576
ministry,0.05825242718446602,0.13592233009708737,0.02912621359223301,0.08737864077669903,0.24271844660194175,0.038834951456310676,0.038834951456310676,0.36893203883495146
initials,0.06976744186046512,0.16279069767441862,0.023255813953488372,0.06976744186046512,0.20930232558139536,0.046511627906976744,0.06976744186046512,0.3488372093023256
stefanos,0.02702702702702703,0.21621621621621623,0.0,0.02702702702702703,0.2972972972972973,0.0,0.10810810810810811,0.32432432432432434
eleftheriou,0.0625,0.16666666666666666,0.0,0.041666666666666664,0.2916666666666667,0.0,0.08333333333333333,0.3541666666666667
following,0.125,0.21428571428571427,0.017857142857142856,0.14285714285714285,0.07142857142857142,0.05357142857142857,0.125,0.25
police,0.08661417322834646,0.08661417322834646,0.023622047244094488,0.30708661417322836,0.031496062992125984,0.007874015748031496,0.08661417322834646,0.3700787401574803
described,0.17391304347826086,0.06521739130434782,0.043478260869565216,0.1956521739130435,0.043478260869565216,0.10869565217391304,0.043478260869565216,0.32608695652173914
electronic,0.17592592592592593,0.1388888888888889,0.06481481481481481,0.037037037037037035,0.1111111111111111,0.07407407407407407,0.046296296296296294,0.35185185185185186
