,anger,anticipation,disgust,fear,joy,sadness,surprise,trust
project,0.13001605136436598,0.16853932584269662,0.052969502407704656,0.06260032102728733,0.09630818619582665,0.07062600321027288,0.012841091492776886,0.406099518459069
gutenberg,0.11229946524064172,0.2192513368983957,0.058823529411764705,0.10160427807486631,0.053475935828877004,0.0962566844919786,0.0,0.3582887700534759
ebook,0.11570247933884298,0.19008264462809918,0.0743801652892562,0.1652892561983471,0.05785123966942149,0.04132231404958678,0.0,0.35537190082644626
personal,0.11428571428571428,0.05714285714285714,0.01904761904761905,0.21904761904761905,0.11428571428571428,0.0380952380952381,0.01904761904761905,0.41904761904761906
recollections,0.14193548387096774,0.07741935483870968,0.04516129032258064,0.1870967741935484,0.11612903225806452,0.1032258064516129,0.06451612903225806,0.2645161290322581
civil,0.10112359550561797,0.13108614232209737,0.0449438202247191,0.18726591760299627,0.12359550561797752,0.07865168539325842,0.0749063670411985,0.25842696629213485
war,0.12804878048780488,0.12804878048780488,0.03353658536585366,0.3048780487804878,0.07621951219512195,0.09146341463414634,0.04573170731707317,0.19207317073170732
james,0.18571428571428572,0.07142857142857142,0.0,0.24285714285714285,0.08571428571428572,0.05714285714285714,0.04285714285714286,0.3142857142857143
madison,0.171875,0.0625,0.0,0.265625,0.09375,0.046875,0.03125,0.328125
stone,0.313915857605178,0.11003236245954692,0.038834951456310676,0.10194174757281553,0.08737864077669903,0.0825242718446602,0.03398058252427184,0.2313915857605178
use,0.14977973568281938,0.18061674008810572,0.05726872246696035,0.09251101321585903,0.15859030837004406,0.09251101321585903,0.05726872246696035,0.21145374449339208
almost,0.07954545454545454,0.18181818181818182,0.07954545454545454,0.17045454545454544,0.056818181818181816,0.17045454545454544,0.011363636363636364,0.25
may,0.07878787878787878,0.17373737373737375,0.06868686868686869,0.10505050505050505,0.10505050505050505,0.09292929292929293,0.03232323232323232,0.3434343434343434
copy,0.2,0.1,0.08181818181818182,0.09090909090909091,0.02727272727272727,0.06363636363636363,0.01818181818181818,0.41818181818181815
give,0.05660377358490566,0.1650943396226415,0.04245283018867924,0.08490566037735849,0.11320754716981132,0.07547169811320754,0.09905660377358491,0.3632075471698113
away,0.15359477124183007,0.1503267973856209,0.05555555555555555,0.1830065359477124,0.09477124183006536,0.13071895424836602,0.05555555555555555,0.17647058823529413
terms,0.11851851851851852,0.13333333333333333,0.037037037037037035,0.08888888888888889,0.1259259259259259,0.037037037037037035,0.044444444444444446,0.4148148148148148
license,0.11764705882352941,0.2235294117647059,0.058823529411764705,0.11764705882352941,0.10588235294117647,0.08235294117647059,0.023529411764705882,0.27058823529411763
online,0.09090909090909091,0.21212121212121213,0.045454545454545456,0.15151515151515152,0.06060606060606061,0.030303030303030304,0.0,0.4090909090909091
one,0.11823647294589178,0.13360053440213762,0.05744822979291917,0.15430861723446893,0.10420841683366733,0.11289245156980628,0.06479625918503674,0.2545090180360721
took,0.16608996539792387,0.15916955017301038,0.03460207612456748,0.23183391003460208,0.08304498269896193,0.10726643598615918,0.06228373702422145,0.15570934256055363
part,0.10975609756097561,0.16666666666666666,0.054878048780487805,0.17479674796747968,0.09349593495934959,0.10365853658536585,0.0508130081300813,0.2459349593495935
private,0.16216216216216217,0.12162162162162163,0.013513513513513514,0.21621621621621623,0.08108108108108109,0.14864864864864866,0.04054054054054054,0.21621621621621623
soldier,0.21875,0.0859375,0.0078125,0.1640625,0.078125,0.203125,0.0234375,0.21875
21st,0.11678832116788321,0.15328467153284672,0.029197080291970802,0.22627737226277372,0.12408759124087591,0.058394160583941604,0.058394160583941604,0.23357664233576642
volunteer,0.09433962264150944,0.1320754716981132,0.0,0.2830188679245283,0.11320754716981132,0.03773584905660377,0.018867924528301886,0.32075471698113206
regiment,0.09029345372460497,0.11512415349887133,0.01580135440180587,0.3860045146726862,0.07674943566591422,0.03837471783295711,0.04288939051918736,0.23476297968397292
infantry,0.13636363636363635,0.11363636363636363,0.011363636363636364,0.4090909090909091,0.06818181818181818,0.03409090909090909,0.011363636363636364,0.2159090909090909
massachusetts,0.1016949152542373,0.13559322033898305,0.01694915254237288,0.2288135593220339,0.06779661016949153,0.0847457627118644,0.059322033898305086,0.3050847457627119
author,0.0891089108910891,0.09900990099009901,0.039603960396039604,0.15841584158415842,0.1188118811881188,0.04950495049504951,0.0594059405940594,0.38613861386138615
july,0.06976744186046512,0.18604651162790697,0.0,0.20930232558139536,0.09302325581395349,0.09302325581395349,0.046511627906976744,0.3023255813953488
start,0.1,0.32,0.0,0.2,0.06,0.08,0.04,0.2
produced,0.11206896551724138,0.19827586206896552,0.06896551724137931,0.15517241379310345,0.07758620689655173,0.02586206896551724,0.017241379310344827,0.3448275862068966
distributed,0.0821917808219178,0.2602739726027397,0.0547945205479452,0.136986301369863,0.0958904109589041,0.0410958904109589,0.0,0.3287671232876712
https,0.0821917808219178,0.2328767123287671,0.0410958904109589,0.1095890410958904,0.0958904109589041,0.0136986301369863,0.0,0.4246575342465753
file,0.10526315789473684,0.19298245614035087,0.05263157894736842,0.14035087719298245,0.08771929824561403,0.017543859649122806,0.0,0.40350877192982454
made,0.11788079470198676,0.1629139072847682,0.052980132450331126,0.1456953642384106,0.13112582781456952,0.07947019867549669,0.051655629139072845,0.2582781456953642
available,0.1,0.1,0.0,0.2,0.1,0.03333333333333333,0.0,0.4666666666666667
copyright,0.11666666666666667,0.15,0.06666666666666667,0.11666666666666667,0.06666666666666667,0.08333333333333333,0.016666666666666666,0.38333333333333336
soldiers,0.17647058823529413,0.058823529411764705,0.04411764705882353,0.2647058823529412,0.08823529411764706,0.08823529411764706,0.04411764705882353,0.23529411764705882
loyal,0.10204081632653061,0.061224489795918366,0.0,0.24489795918367346,0.1836734693877551,0.061224489795918366,0.10204081632653061,0.24489795918367346
dead,0.21559633027522937,0.0963302752293578,0.14220183486238533,0.14220183486238533,0.11009174311926606,0.06422018348623854,0.027522935779816515,0.2018348623853211
rather,0.07142857142857142,0.19642857142857142,0.03571428571428571,0.05357142857142857,0.19642857142857142,0.05357142857142857,0.08928571428571429,0.30357142857142855
life,0.0661764705882353,0.1323529411764706,0.04044117647058824,0.125,0.1801470588235294,0.11397058823529412,0.05514705882352941,0.2867647058823529
experience,0.08064516129032258,0.24193548387096775,0.0,0.08064516129032258,0.12903225806451613,0.0967741935483871,0.08064516129032258,0.2903225806451613
camp,0.11501597444089456,0.16293929712460065,0.06070287539936102,0.14696485623003194,0.12779552715654952,0.10862619808306709,0.06070287539936102,0.21725239616613418
field,0.13736263736263737,0.13186813186813187,0.04395604395604396,0.21978021978021978,0.09340659340659341,0.12087912087912088,0.027472527472527472,0.22527472527472528
marched,0.12244897959183673,0.15306122448979592,0.08163265306122448,0.20408163265306123,0.08163265306122448,0.15306122448979592,0.061224489795918366,0.14285714285714285
suffered,0.2,0.08571428571428572,0.11428571428571428,0.2,0.05714285714285714,0.17142857142857143,0.08571428571428572,0.08571428571428572
volunteers,0.027777777777777776,0.1111111111111111,0.027777777777777776,0.027777777777777776,0.08333333333333333,0.1388888888888889,0.0,0.5833333333333334
reached,0.11650485436893204,0.2087378640776699,0.05825242718446602,0.14563106796116504,0.0825242718446602,0.1262135922330097,0.05339805825242718,0.2087378640776699
front,0.17551020408163265,0.15510204081632653,0.04897959183673469,0.24897959183673468,0.04081632653061224,0.1306122448979592,0.04081632653061224,0.15918367346938775
army,0.10714285714285714,0.15476190476190477,0.044642857142857144,0.20238095238095238,0.10119047619047619,0.06845238095238096,0.0625,0.25892857142857145
fell,0.1,0.11,0.03,0.15,0.05,0.39,0.05,0.12
sick,0.02564102564102564,0.02564102564102564,0.23076923076923078,0.1282051282051282,0.0,0.3333333333333333,0.0,0.2564102564102564
sent,0.09448818897637795,0.12598425196850394,0.05511811023622047,0.2283464566929134,0.08661417322834646,0.10236220472440945,0.03937007874015748,0.2677165354330709
hospital,0.04365079365079365,0.06349206349206349,0.023809523809523808,0.27380952380952384,0.047619047619047616,0.23015873015873015,0.023809523809523808,0.29365079365079366
without,0.07096774193548387,0.17096774193548386,0.035483870967741936,0.13225806451612904,0.12258064516129032,0.08709677419354839,0.07741935483870968,0.3032258064516129
passing,0.1590909090909091,0.11363636363636363,0.11363636363636363,0.22727272727272727,0.045454545454545456,0.18181818181818182,0.045454545454545456,0.11363636363636363
wounded,0.1386861313868613,0.145985401459854,0.043795620437956206,0.18248175182481752,0.058394160583941604,0.17518248175182483,0.058394160583941604,0.19708029197080293
early,0.08270676691729323,0.20300751879699247,0.03007518796992481,0.21052631578947367,0.09774436090225563,0.10526315789473684,0.045112781954887216,0.22556390977443608
never,0.11895910780669144,0.12267657992565056,0.040892193308550186,0.1821561338289963,0.09665427509293681,0.16356877323420074,0.04460966542750929,0.23048327137546468
able,0.13138686131386862,0.11678832116788321,0.0948905109489051,0.1678832116788321,0.08029197080291971,0.13138686131386862,0.058394160583941604,0.21897810218978103
return,0.1984732824427481,0.11450381679389313,0.10687022900763359,0.22900763358778625,0.061068702290076333,0.13740458015267176,0.030534351145038167,0.12213740458015267
passed,0.1391304347826087,0.18695652173913044,0.06956521739130435,0.14347826086956522,0.09130434782608696,0.11304347826086956,0.06086956521739131,0.1956521739130435
sound,0.2127659574468085,0.14893617021276595,0.0425531914893617,0.2765957446808511,0.06382978723404255,0.19148936170212766,0.02127659574468085,0.0425531914893617
battle,0.37846153846153846,0.12923076923076923,0.033846153846153845,0.1753846153846154,0.046153846153846156,0.09846153846153846,0.03076923076923077,0.1076923076923077
campaign,0.1,0.2222222222222222,0.044444444444444446,0.15555555555555556,0.08888888888888889,0.12222222222222222,0.1111111111111111,0.15555555555555556
whole,0.10714285714285714,0.1388888888888889,0.04365079365079365,0.14682539682539683,0.12301587301587301,0.0873015873015873,0.06349206349206349,0.2896825396825397
three,0.1159090909090909,0.15454545454545454,0.04772727272727273,0.17954545454545454,0.10681818181818181,0.10227272727272728,0.07045454545454545,0.22272727272727272
years,0.09941520467836257,0.17348927875243664,0.06042884990253411,0.1539961013645224,0.09746588693957114,0.11306042884990253,0.06237816764132553,0.23976608187134502
thus,0.14074074074074075,0.14074074074074075,0.06666666666666667,0.23703703703703705,0.0962962962962963,0.08148148148148149,0.044444444444444446,0.1925925925925926
service,0.08620689655172414,0.10344827586206896,0.034482758620689655,0.29310344827586204,0.034482758620689655,0.15517241379310345,0.034482758620689655,0.25862068965517243
end,0.0979020979020979,0.16783216783216784,0.027972027972027972,0.18181818181818182,0.1258741258741259,0.06993006993006994,0.04195804195804196,0.2867132867132867
work,0.125,0.17447916666666666,0.040364583333333336,0.10026041666666667,0.12630208333333334,0.07552083333333333,0.05859375,0.2994791666666667
directly,0.19672131147540983,0.16393442622950818,0.01639344262295082,0.18032786885245902,0.06557377049180328,0.13114754098360656,0.06557377049180328,0.18032786885245902
following,0.06716417910447761,0.1865671641791045,0.08208955223880597,0.13432835820895522,0.09701492537313433,0.12686567164179105,0.007462686567164179,0.29850746268656714
taken,0.08530805687203792,0.16587677725118483,0.04265402843601896,0.18009478672985782,0.10426540284360189,0.12322274881516587,0.04265402843601896,0.2559241706161137
form,0.06451612903225806,0.16129032258064516,0.025806451612903226,0.12903225806451613,0.12903225806451613,0.09032258064516129,0.03225806451612903,0.36774193548387096
interesting,0.07766990291262135,0.17475728155339806,0.02912621359223301,0.1262135922330097,0.20388349514563106,0.0970873786407767,0.08737864077669903,0.20388349514563106
time,0.09028727770177838,0.3392612859097127,0.03283173734610123,0.15047879616963064,0.08755129958960328,0.08344733242134063,0.04856361149110807,0.16757865937072502
different,0.06372549019607843,0.14215686274509803,0.0392156862745098,0.08823529411764706,0.14705882352941177,0.09803921568627451,0.10784313725490197,0.3137254901960784
entirely,0.10752688172043011,0.1827956989247312,0.043010752688172046,0.1935483870967742,0.07526881720430108,0.10752688172043011,0.08602150537634409,0.20430107526881722
long,0.08006042296072508,0.3685800604229607,0.03625377643504532,0.12235649546827794,0.061933534743202415,0.09365558912386707,0.03323262839879154,0.2039274924471299
comrades,0.14285714285714285,0.10204081632653061,0.061224489795918366,0.04081632653061224,0.22448979591836735,0.02040816326530612,0.14285714285714285,0.2653061224489796
four,0.11191335740072202,0.1588447653429603,0.039711191335740074,0.1552346570397112,0.11552346570397112,0.10830324909747292,0.07581227436823104,0.23465703971119134
trying,0.1,0.125,0.05,0.125,0.1,0.175,0.1,0.225
hope,0.058823529411764705,0.14705882352941177,0.0,0.029411764705882353,0.20588235294117646,0.029411764705882353,0.17647058823529413,0.35294117647058826
mind,0.10377358490566038,0.20754716981132076,0.03773584905660377,0.11320754716981132,0.1509433962264151,0.07547169811320754,0.07547169811320754,0.2358490566037736
well,0.1423611111111111,0.15625,0.04861111111111111,0.14583333333333334,0.1076388888888889,0.09027777777777778,0.0625,0.2465277777777778
chapter,0.13043478260869565,0.08695652173913043,0.043478260869565216,0.13043478260869565,0.043478260869565216,0.17391304347826086,0.08695652173913043,0.30434782608695654
lincoln,0.07575757575757576,0.21212121212121213,0.0,0.10606060606060606,0.10606060606060606,0.12121212121212122,0.07575757575757576,0.30303030303030304
annapolis,0.14285714285714285,0.20408163265306123,0.04081632653061224,0.16326530612244897,0.08163265306122448,0.12244897959183673,0.061224489795918366,0.1836734693877551
bay,0.043478260869565216,0.2608695652173913,0.043478260869565216,0.057971014492753624,0.17391304347826086,0.043478260869565216,0.11594202898550725,0.2608695652173913
negroes,0.09523809523809523,0.23809523809523808,0.047619047619047616,0.14285714285714285,0.09523809523809523,0.14285714285714285,0.047619047619047616,0.19047619047619047
escape,0.10112359550561797,0.21348314606741572,0.06741573033707865,0.3146067415730337,0.033707865168539325,0.16853932584269662,0.02247191011235955,0.07865168539325842
picket,0.2727272727272727,0.26262626262626265,0.030303030303030304,0.2727272727272727,0.03535353535353535,0.04040404040404041,0.0,0.08585858585858586
duty,0.17222222222222222,0.2,0.03888888888888889,0.2222222222222222,0.08888888888888889,0.08333333333333333,0.044444444444444446,0.15
railroad,0.1836734693877551,0.1836734693877551,0.0,0.22448979591836735,0.08163265306122448,0.16326530612244897,0.04081632653061224,0.12244897959183673
negro,0.0684931506849315,0.136986301369863,0.0410958904109589,0.1095890410958904,0.0547945205479452,0.3835616438356164,0.0958904109589041,0.1095890410958904
ball,0.16279069767441862,0.1744186046511628,0.011627906976744186,0.16279069767441862,0.11627906976744186,0.06976744186046512,0.13953488372093023,0.16279069767441862
2d,0.04878048780487805,0.12195121951219512,0.0,0.4146341463414634,0.17073170731707318,0.0,0.024390243902439025,0.21951219512195122
brigade,0.08823529411764706,0.09411764705882353,0.01764705882352941,0.47058823529411764,0.06470588235294118,0.047058823529411764,0.029411764705882353,0.18823529411764706
division,0.043478260869565216,0.15217391304347827,0.021739130434782608,0.45652173913043476,0.043478260869565216,0.08695652173913043,0.08695652173913043,0.10869565217391304
9th,0.05555555555555555,0.19444444444444445,0.027777777777777776,0.2222222222222222,0.125,0.08333333333333333,0.06944444444444445,0.2222222222222222
corps,0.05504587155963303,0.1651376146788991,0.009174311926605505,0.28440366972477066,0.13761467889908258,0.05504587155963303,0.06422018348623854,0.22935779816513763
north,0.05154639175257732,0.12027491408934708,0.061855670103092786,0.15463917525773196,0.17525773195876287,0.048109965635738834,0.08247422680412371,0.30584192439862545
inlet,0.08620689655172414,0.25862068965517243,0.10344827586206896,0.1896551724137931,0.08620689655172414,0.13793103448275862,0.017241379310344827,0.1206896551724138
island,0.10185185185185185,0.1111111111111111,0.05092592592592592,0.19907407407407407,0.1388888888888889,0.08796296296296297,0.05092592592592592,0.25925925925925924
newbern,0.14705882352941177,0.08823529411764706,0.0,0.20588235294117646,0.14705882352941177,0.08823529411764706,0.11764705882352941,0.20588235294117646
johnnies,0.16370106761565836,0.12811387900355872,0.02491103202846975,0.2918149466192171,0.10320284697508897,0.099644128113879,0.060498220640569395,0.12811387900355872
went,0.10485436893203884,0.21359223300970873,0.036893203883495145,0.16310679611650486,0.09514563106796116,0.1087378640776699,0.06601941747572816,0.21165048543689322
virginia,0.12307692307692308,0.16923076923076924,0.015384615384615385,0.18461538461538463,0.1076923076923077,0.09230769230769231,0.06153846153846154,0.24615384615384617
general,0.06882591093117409,0.12753036437246965,0.032388663967611336,0.12955465587044535,0.08299595141700405,0.06072874493927125,0.05465587044534413,0.4433198380566802
pope,0.10869565217391304,0.13043478260869565,0.021739130434782608,0.10869565217391304,0.021739130434782608,0.08695652173913043,0.06521739130434782,0.45652173913043476
ride,0.0,0.1,0.0,0.175,0.1,0.125,0.025,0.475
confederate,0.15584415584415584,0.07792207792207792,0.032467532467532464,0.12987012987012986,0.05194805194805195,0.08441558441558442,0.032467532467532464,0.43506493506493504
doctor,0.046153846153846156,0.12307692307692308,0.046153846153846156,0.07692307692307693,0.046153846153846156,0.09230769230769231,0.03076923076923077,0.5384615384615384
's,0.12850467289719625,0.14953271028037382,0.053738317757009345,0.18691588785046728,0.10514018691588785,0.07009345794392523,0.0630841121495327,0.24299065420560748
horse,0.060240963855421686,0.10843373493975904,0.04819277108433735,0.07228915662650602,0.04819277108433735,0.060240963855421686,0.03614457831325301,0.5662650602409639
distance,0.08661417322834646,0.1732283464566929,0.047244094488188976,0.11811023622047244,0.16535433070866143,0.05511811023622047,0.07874015748031496,0.2755905511811024
ford,0.10810810810810811,0.10810810810810811,0.05405405405405406,0.2702702702702703,0.08108108108108109,0.10810810810810811,0.02702702702702703,0.24324324324324326
second,0.17073170731707318,0.13658536585365855,0.03414634146341464,0.21951219512195122,0.05853658536585366,0.13658536585365855,0.04390243902439024,0.2
bull,0.35714285714285715,0.07142857142857142,0.0,0.2857142857142857,0.03571428571428571,0.14285714285714285,0.0,0.10714285714285714
run,0.2830188679245283,0.1509433962264151,0.0,0.2830188679245283,0.018867924528301886,0.16981132075471697,0.018867924528301886,0.07547169811320754
mcclellan,0.0,0.38461538461538464,0.0,0.0,0.0,0.07692307692307693,0.07692307692307693,0.46153846153846156
south,0.06763285024154589,0.13043478260869565,0.06521739130434782,0.13768115942028986,0.12560386473429952,0.07971014492753623,0.07246376811594203,0.321256038647343
mountain,0.07608695652173914,0.2826086956521739,0.05434782608695652,0.11956521739130435,0.10869565217391304,0.07608695652173914,0.07608695652173914,0.20652173913043478
death,0.16279069767441862,0.15348837209302327,0.14883720930232558,0.1813953488372093,0.027906976744186046,0.16279069767441862,0.11627906976744186,0.046511627906976744
reno,0.06140350877192982,0.16666666666666666,0.043859649122807015,0.20175438596491227,0.07017543859649122,0.08771929824561403,0.07894736842105263,0.2894736842105263
president,0.07142857142857142,0.14285714285714285,0.011904761904761904,0.15476190476190477,0.07142857142857142,0.09523809523809523,0.05952380952380952,0.39285714285714285
near,0.09536082474226804,0.10051546391752578,0.07216494845360824,0.19845360824742267,0.12628865979381443,0.10051546391752578,0.06701030927835051,0.23969072164948454
fredericksburg,0.21666666666666667,0.16666666666666666,0.13333333333333333,0.13333333333333333,0.03333333333333333,0.13333333333333333,0.05,0.13333333333333333
home,0.05511811023622047,0.1889763779527559,0.023622047244094488,0.08661417322834646,0.14960629921259844,0.10236220472440945,0.12598425196850394,0.2677165354330709
along,0.15669515669515668,0.15384615384615385,0.06552706552706553,0.15954415954415954,0.10826210826210826,0.09401709401709402,0.04843304843304843,0.21367521367521367
river,0.08896797153024912,0.15658362989323843,0.046263345195729534,0.1494661921708185,0.11743772241992882,0.08896797153024912,0.08185053380782918,0.2704626334519573
confederates,0.18,0.16,0.02,0.18,0.12,0.1,0.1,0.14
breakfast,0.08,0.2,0.06,0.0,0.16,0.1,0.16,0.24
sterling,0.21666666666666667,0.25,0.0,0.06666666666666667,0.2,0.05,0.0,0.21666666666666667
moved,0.16129032258064516,0.13978494623655913,0.053763440860215055,0.27419354838709675,0.08602150537634409,0.07526881720430108,0.04838709677419355,0.16129032258064516
town,0.07228915662650602,0.1566265060240964,0.0783132530120482,0.1686746987951807,0.10843373493975904,0.1144578313253012,0.04216867469879518,0.25903614457831325
mule,0.16666666666666666,0.10416666666666667,0.020833333333333332,0.16666666666666666,0.14583333333333334,0.0625,0.0625,0.2708333333333333
train,0.12903225806451613,0.3225806451612903,0.06451612903225806,0.1935483870967742,0.12903225806451613,0.0967741935483871,0.03225806451612903,0.03225806451612903
make,0.08695652173913043,0.2,0.06086956521739131,0.1565217391304348,0.0782608695652174,0.11304347826086956,0.06521739130434782,0.2391304347826087
knoxville,0.19047619047619047,0.14285714285714285,0.11904761904761904,0.09523809523809523,0.14285714285714285,0.0,0.07142857142857142,0.23809523809523808
colonel,0.1282051282051282,0.07692307692307693,0.038461538461538464,0.20512820512820512,0.038461538461538464,0.07692307692307693,0.01282051282051282,0.4230769230769231
mountains,0.09302325581395349,0.09302325581395349,0.05813953488372093,0.20930232558139536,0.08139534883720931,0.16279069767441862,0.11627906976744186,0.18604651162790697
way,0.11194029850746269,0.12686567164179105,0.06467661691542288,0.1417910447761194,0.11194029850746269,0.10945273631840796,0.08208955223880597,0.2512437810945274
worcester,0.0,0.16216216216216217,0.02702702702702703,0.13513513513513514,0.13513513513513514,0.05405405405405406,0.02702702702702703,0.4594594594594595
church,0.10526315789473684,0.2631578947368421,0.0,0.02631578947368421,0.2631578947368421,0.0,0.05263157894736842,0.2894736842105263
see,0.09665427509293681,0.11895910780669144,0.04460966542750929,0.17472118959107807,0.137546468401487,0.09665427509293681,0.08921933085501858,0.241635687732342
sun,0.03167420814479638,0.22624434389140272,0.013574660633484163,0.04524886877828054,0.2081447963800905,0.03167420814479638,0.18099547511312217,0.26244343891402716
ambulance,0.03225806451612903,0.03225806451612903,0.016129032258064516,0.3064516129032258,0.04838709677419355,0.22580645161290322,0.03225806451612903,0.3064516129032258
name,0.04918032786885246,0.17486338797814208,0.060109289617486336,0.15300546448087432,0.12021857923497267,0.08743169398907104,0.03825136612021858,0.31693989071038253
dreadful,0.22641509433962265,0.1509433962264151,0.1320754716981132,0.20754716981132076,0.03773584905660377,0.1509433962264151,0.05660377358490566,0.03773584905660377
great,0.09714285714285714,0.15020408163265306,0.0636734693877551,0.13306122448979593,0.12,0.0963265306122449,0.06775510204081632,0.27183673469387754
felt,0.1276595744680851,0.0851063829787234,0.06382978723404255,0.19148936170212766,0.06382978723404255,0.2553191489361702,0.0,0.2127659574468085
party,0.058823529411764705,0.29411764705882354,0.029411764705882353,0.17647058823529413,0.08823529411764706,0.11764705882352941,0.029411764705882353,0.20588235294117646
since,0.11458333333333333,0.18229166666666666,0.046875,0.15104166666666666,0.125,0.109375,0.041666666666666664,0.22916666666666666
mr.,0.06569343065693431,0.15328467153284672,0.04744525547445255,0.09854014598540146,0.12773722627737227,0.10583941605839416,0.051094890510948905,0.35036496350364965
began,0.0967741935483871,0.22043010752688172,0.021505376344086023,0.14516129032258066,0.10752688172043011,0.10215053763440861,0.08064516129032258,0.22580645161290322
union,0.16071428571428573,0.07142857142857142,0.017857142857142856,0.21428571428571427,0.07142857142857142,0.125,0.07142857142857142,0.26785714285714285
new,0.07232704402515723,0.15723270440251572,0.050314465408805034,0.16037735849056603,0.11949685534591195,0.0660377358490566,0.0660377358490566,0.3081761006289308
soon,0.12568306010928962,0.18579234972677597,0.0546448087431694,0.21311475409836064,0.06557377049180328,0.13114754098360656,0.06557377049180328,0.15846994535519127
fort,0.20754716981132076,0.05660377358490566,0.018867924528301886,0.22641509433962265,0.018867924528301886,0.018867924528301886,0.0,0.4528301886792453
fired,0.18888888888888888,0.12222222222222222,0.044444444444444446,0.25555555555555554,0.06666666666666667,0.08888888888888889,0.08888888888888889,0.14444444444444443
upon,0.12269938650306748,0.12883435582822086,0.049079754601226995,0.147239263803681,0.11042944785276074,0.0736196319018405,0.06134969325153374,0.3067484662576687
state,0.049689440993788817,0.13664596273291926,0.024844720496894408,0.11801242236024845,0.11180124223602485,0.10559006211180125,0.049689440993788817,0.40372670807453415
became,0.13592233009708737,0.13592233009708737,0.07281553398058252,0.16990291262135923,0.10194174757281553,0.1407766990291262,0.04854368932038835,0.1941747572815534
quietly,0.1282051282051282,0.15384615384615385,0.02564102564102564,0.1794871794871795,0.10256410256410256,0.15384615384615385,0.1282051282051282,0.1282051282051282
asked,0.15217391304347827,0.15217391304347827,0.043478260869565216,0.15217391304347827,0.08695652173913043,0.10869565217391304,0.06521739130434782,0.2391304347826087
would,0.06847133757961783,0.160828025477707,0.044585987261146494,0.1624203821656051,0.12738853503184713,0.09554140127388536,0.07961783439490445,0.2611464968152866
say,0.09210526315789473,0.18421052631578946,0.013157894736842105,0.13157894736842105,0.15789473684210525,0.14473684210526316,0.039473684210526314,0.23684210526315788
told,0.08,0.14857142857142858,0.04,0.21714285714285714,0.12571428571428572,0.07428571428571429,0.08,0.2342857142857143
could,0.09838709677419355,0.14516129032258066,0.054838709677419356,0.1629032258064516,0.13225806451612904,0.11935483870967742,0.05967741935483871,0.22741935483870968
however,0.07228915662650602,0.18674698795180722,0.024096385542168676,0.1566265060240964,0.10843373493975904,0.08433734939759036,0.08433734939759036,0.28313253012048195
known,0.10526315789473684,0.1736842105263158,0.05526315789473684,0.12631578947368421,0.12894736842105264,0.10263157894736842,0.05263157894736842,0.25526315789473686
company,0.11068702290076336,0.15648854961832062,0.05725190839694656,0.22519083969465647,0.06870229007633588,0.08396946564885496,0.03816793893129771,0.2595419847328244
done,0.1891891891891892,0.08108108108108109,0.0,0.1891891891891892,0.13513513513513514,0.16216216216216217,0.02702702702702703,0.21621621621621623
days,0.14840989399293286,0.19081272084805653,0.04946996466431095,0.14840989399293286,0.13074204946996468,0.09540636042402827,0.0989399293286219,0.13780918727915195
nothing,0.05426356589147287,0.17054263565891473,0.050387596899224806,0.11627906976744186,0.1434108527131783,0.09302325581395349,0.08914728682170543,0.28294573643410853
go,0.08139534883720931,0.18023255813953487,0.029069767441860465,0.19186046511627908,0.09883720930232558,0.12209302325581395,0.05813953488372093,0.23837209302325582
back,0.15517241379310345,0.12931034482758622,0.0603448275862069,0.21336206896551724,0.07543103448275862,0.14224137931034483,0.04956896551724138,0.17456896551724138
learned,0.0423728813559322,0.2457627118644068,0.025423728813559324,0.1016949152542373,0.17796610169491525,0.059322033898305086,0.05084745762711865,0.2966101694915254
going,0.09090909090909091,0.19480519480519481,0.012987012987012988,0.16233766233766234,0.15584415584415584,0.11688311688311688,0.07142857142857142,0.19480519480519481
next,0.05415162454873646,0.16967509025270758,0.021660649819494584,0.1552346570397112,0.16967509025270758,0.07581227436823104,0.07220216606498195,0.2815884476534296
day,0.13583815028901733,0.1416184971098266,0.03468208092485549,0.21965317919075145,0.10115606936416185,0.11560693641618497,0.057803468208092484,0.1936416184971098
hand,0.1875,0.171875,0.0625,0.15625,0.046875,0.171875,0.109375,0.09375
number,0.11347517730496454,0.14184397163120568,0.05673758865248227,0.19858156028368795,0.1276595744680851,0.07801418439716312,0.04964539007092199,0.23404255319148937
take,0.08870967741935484,0.12096774193548387,0.03225806451612903,0.25806451612903225,0.08870967741935484,0.12903225806451613,0.056451612903225805,0.22580645161290322
us,0.08478802992518704,0.16458852867830423,0.046134663341645885,0.1708229426433915,0.11471321695760599,0.09850374064837905,0.06608478802992519,0.2543640897755611
little,0.10514018691588785,0.14719626168224298,0.0630841121495327,0.15654205607476634,0.11448598130841121,0.11682242990654206,0.06542056074766354,0.23130841121495327
miles,0.08571428571428572,0.13142857142857142,0.09714285714285714,0.21714285714285714,0.09142857142857143,0.13142857142857142,0.03428571428571429,0.21142857142857144
afternoon,0.09219858156028368,0.1773049645390071,0.05673758865248227,0.2553191489361702,0.0851063829787234,0.1276595744680851,0.0425531914893617,0.16312056737588654
grounds,0.075,0.3,0.0,0.175,0.1,0.1,0.05,0.2
first,0.10559796437659033,0.16793893129770993,0.043256997455470736,0.16666666666666666,0.11323155216284987,0.10814249363867684,0.07251908396946564,0.22264631043256997
set,0.12121212121212122,0.17575757575757575,0.03636363636363636,0.07272727272727272,0.12727272727272726,0.09696969696969697,0.07272727272727272,0.296969696969697
tents,0.0,0.2391304347826087,0.021739130434782608,0.06521739130434782,0.17391304347826086,0.0,0.15217391304347827,0.34782608695652173
street,0.05714285714285714,0.2,0.02857142857142857,0.2,0.05714285714285714,0.17142857142857143,0.11428571428571428,0.17142857142857143
guard,0.08247422680412371,0.13402061855670103,0.041237113402061855,0.31958762886597936,0.07216494845360824,0.08247422680412371,0.05154639175257732,0.21649484536082475
seemed,0.10256410256410256,0.19230769230769232,0.05128205128205128,0.14102564102564102,0.19230769230769232,0.0641025641025641,0.10256410256410256,0.15384615384615385
good,0.027565084226646247,0.22358346094946402,0.018376722817764167,0.05359877488514548,0.21286370597243492,0.03215926493108729,0.18529862174578868,0.24655436447166923
deal,0.018633540372670808,0.2236024844720497,0.018633540372670808,0.08695652173913043,0.20496894409937888,0.049689440993788817,0.19254658385093168,0.20496894409937888
change,0.03488372093023256,0.18604651162790697,0.03488372093023256,0.2558139534883721,0.12790697674418605,0.023255813953488372,0.09302325581395349,0.2441860465116279
boy,0.09090909090909091,0.12121212121212122,0.2727272727272727,0.09090909090909091,0.12121212121212122,0.06060606060606061,0.09090909090909091,0.15151515151515152
among,0.06391752577319587,0.1422680412371134,0.05154639175257732,0.1360824742268041,0.16288659793814433,0.10721649484536082,0.08041237113402062,0.2556701030927835
lot,0.07291666666666667,0.17708333333333334,0.03125,0.13541666666666666,0.13541666666666666,0.10416666666666667,0.11458333333333333,0.22916666666666666
young,0.0,0.2926829268292683,0.04878048780487805,0.04878048780487805,0.2682926829268293,0.024390243902439025,0.21951219512195122,0.0975609756097561
men,0.12203389830508475,0.15254237288135594,0.05593220338983051,0.17627118644067796,0.11694915254237288,0.09830508474576272,0.059322033898305086,0.21864406779661016
fun,0.034482758620689655,0.29310344827586204,0.034482758620689655,0.034482758620689655,0.3448275862068966,0.0,0.15517241379310345,0.10344827586206896
boys,0.10309278350515463,0.17783505154639176,0.02577319587628866,0.17010309278350516,0.13144329896907217,0.0979381443298969,0.1056701030927835,0.18814432989690721
henry,0.21951219512195122,0.0,0.04878048780487805,0.3170731707317073,0.04878048780487805,0.07317073170731707,0.04878048780487805,0.24390243902439024
harding,0.045454545454545456,0.25,0.06818181818181818,0.11363636363636363,0.22727272727272727,0.022727272727272728,0.11363636363636363,0.1590909090909091
friends,0.027777777777777776,0.2222222222222222,0.08333333333333333,0.05555555555555555,0.16666666666666666,0.05555555555555555,0.1111111111111111,0.2777777777777778
glad,0.024390243902439025,0.2926829268292683,0.024390243902439025,0.024390243902439025,0.3902439024390244,0.0,0.07317073170731707,0.17073170731707318
o'clock,0.11688311688311688,0.16883116883116883,0.06493506493506493,0.19480519480519481,0.07792207792207792,0.12987012987012986,0.025974025974025976,0.22077922077922077
get,0.11377245508982035,0.16766467065868262,0.04790419161676647,0.1437125748502994,0.10778443113772455,0.10179640718562874,0.08982035928143713,0.2275449101796407
always,0.06862745098039216,0.17647058823529413,0.00980392156862745,0.11764705882352941,0.13725490196078433,0.08823529411764706,0.12745098039215685,0.27450980392156865
called,0.061855670103092786,0.1211340206185567,0.07474226804123711,0.12628865979381443,0.13917525773195877,0.07989690721649484,0.061855670103092786,0.33505154639175255
two,0.10906298003072197,0.1443932411674347,0.0706605222734255,0.18125960061443933,0.0890937019969278,0.09984639016897082,0.053763440860215055,0.2519201228878648
times,0.07627118644067797,0.16101694915254236,0.0423728813559322,0.13559322033898305,0.13559322033898305,0.1228813559322034,0.07627118644067797,0.25
every,0.10441767068273092,0.15060240963855423,0.05622489959839357,0.14056224899598393,0.11244979919678715,0.10843373493975904,0.060240963855421686,0.26706827309236947
morning,0.12121212121212122,0.16363636363636364,0.04242424242424243,0.17575757575757575,0.12727272727272726,0.10303030303030303,0.06666666666666667,0.2
hour,0.09090909090909091,0.06818181818181818,0.022727272727272728,0.2727272727272727,0.11363636363636363,0.20454545454545456,0.13636363636363635,0.09090909090909091
man,0.10978520286396182,0.13126491646778043,0.057279236276849645,0.18854415274463007,0.12171837708830549,0.10978520286396182,0.06921241050119331,0.21241050119331742
minutes,0.2222222222222222,0.044444444444444446,0.06666666666666667,0.2222222222222222,0.022222222222222223,0.17777777777777778,0.06666666666666667,0.17777777777777778
dress,0.05405405405405406,0.24324324324324326,0.05405405405405406,0.08108108108108109,0.1891891891891892,0.13513513513513514,0.05405405405405406,0.1891891891891892
put,0.08743169398907104,0.18579234972677597,0.060109289617486336,0.18032786885245902,0.1092896174863388,0.09289617486338798,0.09289617486338798,0.1912568306010929
order,0.08256880733944955,0.21100917431192662,0.045871559633027525,0.21100917431192662,0.10091743119266056,0.08256880733944955,0.07339449541284404,0.1926605504587156
six,0.11564625850340136,0.1836734693877551,0.05442176870748299,0.16326530612244897,0.10204081632653061,0.1292517006802721,0.05442176870748299,0.19727891156462585
line,0.2271604938271605,0.13333333333333333,0.04691358024691358,0.21481481481481482,0.05925925925925926,0.11604938271604938,0.04197530864197531,0.16049382716049382
much,0.08163265306122448,0.14431486880466474,0.05830903790087463,0.16034985422740525,0.10787172011661808,0.13848396501457727,0.056851311953352766,0.2521865889212828
like,0.052109181141439205,0.16129032258064516,0.05955334987593052,0.11910669975186104,0.13647642679900746,0.10421836228287841,0.05459057071960298,0.31265508684863524
remember,0.13513513513513514,0.16216216216216217,0.10810810810810811,0.21621621621621623,0.10810810810810811,0.10810810810810811,0.08108108108108109,0.08108108108108109
seen,0.06233062330623306,0.17344173441734417,0.06775067750677506,0.14634146341463414,0.12466124661246612,0.10569105691056911,0.04336043360433604,0.2764227642276423
expected,0.043478260869565216,0.34782608695652173,0.0,0.1956521739130435,0.0,0.15217391304347827,0.06521739130434782,0.1956521739130435
appeared,0.11627906976744186,0.12790697674418605,0.05813953488372093,0.23255813953488372,0.09302325581395349,0.10465116279069768,0.03488372093023256,0.23255813953488372
together,0.056074766355140186,0.1308411214953271,0.04672897196261682,0.16822429906542055,0.09345794392523364,0.11214953271028037,0.06542056074766354,0.32710280373831774
making,0.1267605633802817,0.19718309859154928,0.04225352112676056,0.14084507042253522,0.1267605633802817,0.11267605633802817,0.028169014084507043,0.22535211267605634
thing,0.10344827586206896,0.17733990147783252,0.034482758620689655,0.1724137931034483,0.09852216748768473,0.14285714285714285,0.024630541871921183,0.24630541871921183
many,0.12007874015748031,0.1279527559055118,0.08070866141732283,0.1515748031496063,0.10039370078740158,0.10826771653543307,0.04133858267716536,0.26968503937007876
rations,0.08571428571428572,0.34285714285714286,0.08571428571428572,0.17142857142857143,0.05714285714285714,0.08571428571428572,0.05714285714285714,0.11428571428571428
received,0.0855614973262032,0.22459893048128343,0.03208556149732621,0.0855614973262032,0.13368983957219252,0.0748663101604278,0.11764705882352941,0.24598930481283424
things,0.08633093525179857,0.14388489208633093,0.02877697841726619,0.1223021582733813,0.17985611510791366,0.10071942446043165,0.08633093525179857,0.2517985611510791
coffee,0.1,0.175,0.05,0.15,0.175,0.1,0.1,0.15
kind,0.0639269406392694,0.0730593607305936,0.0319634703196347,0.0867579908675799,0.2831050228310502,0.0593607305936073,0.0410958904109589,0.3607305936073059
regular,0.08888888888888889,0.16296296296296298,0.014814814814814815,0.18518518518518517,0.14814814814814814,0.05925925925925926,0.05185185185185185,0.28888888888888886
later,0.10810810810810811,0.14285714285714285,0.04247104247104247,0.1969111969111969,0.09266409266409266,0.14671814671814673,0.05405405405405406,0.21621621621621623
fresh,0.11428571428571428,0.2,0.08571428571428572,0.11428571428571428,0.17142857142857143,0.08571428571428572,0.08571428571428572,0.14285714285714285
eight,0.13095238095238096,0.19047619047619047,0.09523809523809523,0.13095238095238096,0.05952380952380952,0.15476190476190477,0.047619047619047616,0.19047619047619047
given,0.1111111111111111,0.15432098765432098,0.06790123456790123,0.14814814814814814,0.07407407407407407,0.15432098765432098,0.06172839506172839,0.22839506172839505
although,0.10967741935483871,0.12258064516129032,0.06451612903225806,0.16129032258064516,0.1032258064516129,0.1032258064516129,0.06451612903225806,0.2709677419354839
nearly,0.08522727272727272,0.14204545454545456,0.08522727272727272,0.20454545454545456,0.07954545454545454,0.14204545454545456,0.056818181818181816,0.20454545454545456
last,0.13986013986013987,0.16083916083916083,0.04895104895104895,0.1958041958041958,0.0979020979020979,0.08391608391608392,0.08391608391608392,0.1888111888111888
ordered,0.16049382716049382,0.08641975308641975,0.04938271604938271,0.24691358024691357,0.08641975308641975,0.1111111111111111,0.07407407407407407,0.18518518518518517
tent,0.0684931506849315,0.1917808219178082,0.0547945205479452,0.1780821917808219,0.0958904109589041,0.0958904109589041,0.0684931506849315,0.2465753424657534
