,anger,anticipation,disgust,fear,joy,sadness,surprise,trust
gutenberg,0.06862745098039216,0.21568627450980393,0.06535947712418301,0.10130718954248366,0.06862745098039216,0.12091503267973856,0.016339869281045753,0.3431372549019608
essay,0.06578947368421052,0.16611842105263158,0.09703947368421052,0.12335526315789473,0.11842105263157894,0.10197368421052631,0.047697368421052634,0.27960526315789475
shaking,0.06015037593984962,0.05639097744360902,0.18421052631578946,0.38345864661654133,0.011278195488721804,0.19548872180451127,0.03007518796992481,0.07894736842105263
palsy,0.07225433526011561,0.057803468208092484,0.18208092485549132,0.32947976878612717,0.02601156069364162,0.2254335260115607,0.02601156069364162,0.08092485549132948
ebook,0.0859375,0.15234375,0.06640625,0.1328125,0.03515625,0.15625,0.01953125,0.3515625
use,0.11960542540073983,0.14919852034525277,0.06781750924784218,0.10110974106041924,0.1344019728729963,0.1220715166461159,0.06411837237977805,0.24167694204685575
almost,0.10776699029126213,0.14466019417475728,0.0825242718446602,0.14854368932038836,0.11747572815533981,0.14757281553398058,0.06796116504854369,0.18349514563106797
may,0.09508686717728376,0.17971231085372688,0.05212030637025967,0.09994395665981692,0.1529983186997945,0.11133943583037549,0.06052680739772091,0.24827199701102184
copy,0.1345646437994723,0.15303430079155672,0.09234828496042216,0.10026385224274406,0.06596306068601583,0.08970976253298153,0.0316622691292876,0.3324538258575198
give,0.07313064913722268,0.1865242399342646,0.03697617091207888,0.10517666392769104,0.16023007395234182,0.11339359079704191,0.06820049301561217,0.2563681183237469
terms,0.09135802469135802,0.16049382716049382,0.05432098765432099,0.08888888888888889,0.15555555555555556,0.06419753086419754,0.044444444444444446,0.34074074074074073
project,0.11833171677982542,0.17652764306498545,0.05140640155189137,0.06013579049466537,0.09602327837051407,0.08438409311348205,0.01842870999030068,0.3947623666343356
license,0.09917355371900827,0.2066115702479339,0.0743801652892562,0.12396694214876033,0.09917355371900827,0.09917355371900827,0.024793388429752067,0.2727272727272727
online,0.0,0.06666666666666667,0.17777777777777778,0.35555555555555557,0.022222222222222223,0.17777777777777778,0.0,0.2
set,0.1196319018404908,0.1441717791411043,0.05214723926380368,0.12269938650306748,0.13190184049079753,0.12576687116564417,0.03987730061349693,0.26380368098159507
start,0.06209150326797386,0.20915032679738563,0.08823529411764706,0.10784313725490197,0.10457516339869281,0.09477124183006536,0.0457516339869281,0.2875816993464052
produced,0.08928571428571429,0.1597222222222222,0.041666666666666664,0.09523809523809523,0.16170634920634921,0.12698412698412698,0.06646825396825397,0.25892857142857145
distributed,0.05,0.16,0.07,0.16,0.11,0.08,0.02,0.35
http,0.0,0.10638297872340426,0.14893617021276595,0.2978723404255319,0.06382978723404255,0.14893617021276595,0.0,0.23404255319148937
advantages,0.0911854103343465,0.1519756838905775,0.0364741641337386,0.0790273556231003,0.1762917933130699,0.0851063829787234,0.08814589665653495,0.2917933130699088
derived,0.07795698924731183,0.19086021505376344,0.05913978494623656,0.10215053763440861,0.12634408602150538,0.12365591397849462,0.051075268817204304,0.26881720430107525
particularly,0.11822660098522167,0.1477832512315271,0.04926108374384237,0.11330049261083744,0.15763546798029557,0.12315270935960591,0.059113300492610835,0.2315270935960591
belong,0.15789473684210525,0.15789473684210525,0.10526315789473684,0.13157894736842105,0.13157894736842105,0.15789473684210525,0.02631578947368421,0.13157894736842105
therefore,0.10402532790592492,0.17005879692446857,0.0438715513342379,0.07869742198100407,0.1560379918588874,0.13161465400271372,0.07643600180913614,0.2392582541836273
necessary,0.09272030651340996,0.20153256704980843,0.0367816091954023,0.10114942528735632,0.13793103448275862,0.1111111111111111,0.05440613026819923,0.26436781609195403
offered,0.07303370786516854,0.19101123595505617,0.07865168539325842,0.10393258426966293,0.13764044943820225,0.08707865168539326,0.06741573033707865,0.2612359550561798
present,0.055604982206405695,0.21040925266903915,0.033807829181494664,0.07072953736654804,0.18505338078291814,0.07206405693950178,0.1356761565836299,0.23665480427046262
publication,0.06720430107526881,0.18548387096774194,0.06451612903225806,0.11559139784946236,0.12096774193548387,0.12096774193548387,0.07795698924731183,0.24731182795698925
acknowledged,0.05555555555555555,0.18888888888888888,0.044444444444444446,0.08888888888888889,0.2,0.07777777777777778,0.07777777777777778,0.26666666666666666
mere,0.09596928982725528,0.1727447216890595,0.04990403071017274,0.1420345489443378,0.12667946257197696,0.12092130518234165,0.0690978886756238,0.22264875239923224
conjecture,0.09803921568627451,0.21568627450980393,0.0784313725490196,0.11764705882352941,0.10784313725490197,0.14705882352941177,0.06862745098039216,0.16666666666666666
takes,0.0898876404494382,0.14606741573033707,0.0449438202247191,0.12359550561797752,0.14606741573033707,0.11797752808988764,0.07303370786516854,0.25842696629213485
place,0.07917888563049853,0.17497556207233628,0.043010752688172046,0.10948191593352884,0.14271749755620725,0.1378299120234604,0.059628543499511244,0.25317693059628543
analogy,0.10810810810810811,0.1891891891891892,0.0945945945945946,0.12162162162162163,0.12162162162162163,0.12162162162162163,0.0945945945945946,0.14864864864864866
anatomical,0.06451612903225806,0.16129032258064516,0.06451612903225806,0.22580645161290322,0.06451612903225806,0.0967741935483871,0.16129032258064516,0.16129032258064516
examination,0.04716981132075472,0.2169811320754717,0.02830188679245283,0.19811320754716982,0.07547169811320754,0.02830188679245283,0.22641509433962265,0.1792452830188679
foundation,0.11450381679389313,0.1628498727735369,0.03816793893129771,0.05089058524173028,0.09923664122137404,0.12213740458015267,0.02544529262086514,0.38676844783715014
knowledge,0.06349206349206349,0.20767195767195767,0.051587301587301584,0.08994708994708994,0.15211640211640212,0.10317460317460317,0.07275132275132275,0.25925925925925924
nature,0.09085402786190187,0.15263476680799515,0.05754088431253786,0.11326468806783767,0.1556632344033919,0.11447607510599636,0.06480920654149,0.25075711689884916
subject,0.09913793103448276,0.17413793103448275,0.04741379310344827,0.10689655172413794,0.12931034482758622,0.10086206896551723,0.06982758620689655,0.27241379310344827
circumstances,0.10209424083769633,0.17015706806282724,0.04057591623036649,0.08900523560209424,0.14790575916230367,0.11125654450261781,0.08115183246073299,0.25785340314136124
taken,0.0844062947067239,0.15164520743919885,0.07439198855507868,0.12589413447782546,0.11874105865522175,0.15450643776824036,0.045779685264663805,0.2446351931330472
considered,0.109375,0.171875,0.07142857142857142,0.13392857142857142,0.10491071428571429,0.11830357142857142,0.05803571428571429,0.23214285714285715
following,0.08605341246290801,0.2433234421364985,0.04896142433234421,0.1142433234421365,0.11869436201780416,0.12166172106824925,0.03412462908011869,0.23293768545994065
pages,0.06201550387596899,0.17829457364341086,0.06976744186046512,0.17054263565891473,0.10077519379844961,0.17829457364341086,0.046511627906976744,0.1937984496124031
attention,0.0729483282674772,0.1580547112462006,0.0547112462006079,0.12462006079027356,0.1519756838905775,0.10030395136778116,0.057750759878419454,0.2796352583586626
medical,0.05555555555555555,0.22474747474747475,0.03787878787878788,0.20959595959595959,0.08080808080808081,0.08080808080808081,0.06565656565656566,0.24494949494949494
public,0.08299180327868852,0.3073770491803279,0.036885245901639344,0.09016393442622951,0.10860655737704918,0.09221311475409837,0.06557377049180328,0.21618852459016394
disease,0.15514018691588785,0.11401869158878504,0.1252336448598131,0.202803738317757,0.07196261682242991,0.19813084112149532,0.0308411214953271,0.10186915887850467
respecting,0.09224318658280922,0.16352201257861634,0.05450733752620545,0.1278825995807128,0.1320754716981132,0.10062893081761007,0.05450733752620545,0.2746331236897275
inquiry,0.08490566037735849,0.33962264150943394,0.04716981132075472,0.08490566037735849,0.16037735849056603,0.0660377358490566,0.05660377358490566,0.16037735849056603
made,0.09169467114738358,0.1757081132981277,0.05952952472395583,0.1084973595775324,0.14498319731156986,0.12674027844455113,0.06385021603456553,0.22899663946231397
yet,0.08083596214511041,0.15930599369085174,0.0528391167192429,0.10134069400630914,0.16876971608832808,0.11947949526813881,0.07058359621451105,0.24684542586750788
obtained,0.08782435129740519,0.1536926147704591,0.04590818363273453,0.10578842315369262,0.16167664670658682,0.15568862275449102,0.059880239520958084,0.22954091816367264
nosologists,0.15789473684210525,0.10526315789473684,0.13157894736842105,0.21052631578947367,0.05263157894736842,0.21052631578947367,0.02631578947368421,0.10526315789473684
regarded,0.10256410256410256,0.18803418803418803,0.08547008547008547,0.17094017094017094,0.07692307692307693,0.13675213675213677,0.08547008547008547,0.15384615384615385
characteristic,0.1,0.1375,0.075,0.11875,0.14375,0.13125,0.0375,0.25625
symptoms,0.1371571072319202,0.10224438902743142,0.09725685785536159,0.24189526184538654,0.057356608478802994,0.2169576059850374,0.04488778054862843,0.10224438902743142
different,0.09393939393939393,0.15757575757575756,0.05353535353535353,0.10101010101010101,0.1606060606060606,0.10505050505050505,0.07171717171717172,0.25656565656565655
diseases,0.16049382716049382,0.04938271604938271,0.12345679012345678,0.2839506172839506,0.024691358024691357,0.2345679012345679,0.024691358024691357,0.09876543209876543
others,0.08980044345898004,0.1541019955654102,0.06762749445676275,0.10864745011086474,0.14855875831485588,0.1286031042128603,0.06208425720620843,0.24057649667405764
given,0.094662638469285,0.16112789526686808,0.04229607250755287,0.07955689828801611,0.13997985901309165,0.09164149043303121,0.06143001007049345,0.3293051359516616
whilst,0.11688311688311688,0.1614100185528757,0.04081632653061224,0.13358070500927643,0.1261595547309833,0.15955473098330242,0.04081632653061224,0.22077922077922077
long,0.08321273516642547,0.2793053545586107,0.060057887120115776,0.10564399421128799,0.10274963820549927,0.12156295224312591,0.05137481910274964,0.19609261939218525
occur,0.11678832116788321,0.21897810218978103,0.043795620437956206,0.10948905109489052,0.12408759124087591,0.0948905109489051,0.058394160583941604,0.23357664233576642
mark,0.1031390134529148,0.15246636771300448,0.08520179372197309,0.12556053811659193,0.13901345291479822,0.14798206278026907,0.04932735426008968,0.19730941704035873
commencement,0.08163265306122448,0.16326530612244897,0.08163265306122448,0.1326530612244898,0.1326530612244898,0.14285714285714285,0.07142857142857142,0.19387755102040816
observation,0.09090909090909091,0.21212121212121213,0.09090909090909091,0.24242424242424243,0.09090909090909091,0.15151515151515152,0.06060606060606061,0.06060606060606061
case,0.09021601016518424,0.10609911054637865,0.04764930114358323,0.20648030495552733,0.09847522236340533,0.23570520965692504,0.04764930114358323,0.16772554002541296
least,0.08067092651757188,0.16373801916932906,0.052715654952076675,0.11182108626198083,0.15575079872204473,0.12220447284345048,0.06150159744408946,0.2515974440894569
even,0.10170977641385358,0.16440157825515125,0.0648838228846997,0.12056115738711091,0.13809732573432704,0.12669881630863655,0.06882946076282333,0.21481806225339764
several,0.08496732026143791,0.16339869281045752,0.058823529411764705,0.1437908496732026,0.12418300653594772,0.1437908496732026,0.05555555555555555,0.22549019607843138
years,0.08758620689655172,0.16,0.06137931034482759,0.12275862068965518,0.1406896551724138,0.13655172413793104,0.06896551724137931,0.22206896551724137
hence,0.1152073732718894,0.21658986175115208,0.04608294930875576,0.08755760368663594,0.17050691244239632,0.10599078341013825,0.08755760368663594,0.17050691244239632
led,0.12,0.14857142857142858,0.09142857142857143,0.13142857142857142,0.10285714285714286,0.1657142857142857,0.045714285714285714,0.19428571428571428
cases,0.11262135922330097,0.1145631067961165,0.0970873786407767,0.1766990291262136,0.0970873786407767,0.19223300970873786,0.04660194174757282,0.16310679611650486
existed,0.11666666666666667,0.16666666666666666,0.06111111111111111,0.1111111111111111,0.12222222222222222,0.12777777777777777,0.03888888888888889,0.25555555555555554
progress,0.06825938566552901,0.2508532423208191,0.03924914675767918,0.07679180887372014,0.25597269624573377,0.09556313993174062,0.04607508532423208,0.16723549488054607
observations,0.1037037037037037,0.14814814814814814,0.07407407407407407,0.11851851851851852,0.08148148148148149,0.1259259259259259,0.02962962962962963,0.31851851851851853
malady,0.0975609756097561,0.18699186991869918,0.06504065040650407,0.16260162601626016,0.11382113821138211,0.17073170731707318,0.032520325203252036,0.17073170731707318
means,0.09744214372716199,0.18270401948842874,0.049939098660170524,0.09378806333739342,0.13763702801461633,0.10475030450669914,0.0682095006090134,0.26552984165651644
might,0.10626801152737753,0.17507204610951008,0.05259365994236311,0.11347262247838617,0.14553314121037464,0.11671469740634005,0.06952449567723343,0.22082132564841497
relief,0.13043478260869565,0.125,0.10326086956521739,0.16847826086956522,0.08695652173913043,0.17391304347826086,0.06521739130434782,0.14673913043478262
perhaps,0.10248447204968944,0.15217391304347827,0.06677018633540373,0.11956521739130435,0.15372670807453417,0.11180124223602485,0.07298136645962733,0.2204968944099379
employed,0.08273092369477912,0.18313253012048192,0.0321285140562249,0.07068273092369477,0.15421686746987953,0.11646586345381527,0.05542168674698795,0.30522088353413657
state,0.0875721027792344,0.16780283167278448,0.046670162558993186,0.11169375983219716,0.14105925537493444,0.13266911379129523,0.07551127425275302,0.2370214997378081
indeed,0.09034482758620689,0.16896551724137931,0.05655172413793103,0.1006896551724138,0.15862068965517243,0.11103448275862068,0.07172413793103448,0.24206896551724139
appear,0.09154929577464789,0.18544600938967137,0.07042253521126761,0.11502347417840375,0.13380281690140844,0.11032863849765258,0.07981220657276995,0.2136150234741784
particular,0.09904153354632587,0.18849840255591055,0.036741214057507986,0.08146964856230032,0.14536741214057508,0.11501597444089456,0.06549520766773163,0.268370607028754
notice,0.09649122807017543,0.20175438596491227,0.05263157894736842,0.11842105263157894,0.10964912280701754,0.13157894736842105,0.06578947368421052,0.2236842105263158
cause,0.10727406318883174,0.16531961792799413,0.06759735488611315,0.12270389419544453,0.12711241734019105,0.13152094048493754,0.06171932402645114,0.21675238795003673
seem,0.08235294117647059,0.1588235294117647,0.07058823529411765,0.17647058823529413,0.11176470588235295,0.12941176470588237,0.07058823529411765,0.2
likely,0.07876712328767123,0.2089041095890411,0.0547945205479452,0.13013698630136986,0.13356164383561644,0.11301369863013698,0.08904109589041095,0.1917808219178082
already,0.10147299509001637,0.18985270049099837,0.04582651391162029,0.10638297872340426,0.16693944353518822,0.11456628477905073,0.057283142389525366,0.2176759410801964
morbid,0.08982035928143713,0.10778443113772455,0.07784431137724551,0.17365269461077845,0.0718562874251497,0.25149700598802394,0.04790419161676647,0.17964071856287425
health,0.08991399530883502,0.1704456606724003,0.0727130570758405,0.12978889757623144,0.14386239249413604,0.12900703674745895,0.07036747458952307,0.19390148553557468
life,0.08385093167701864,0.17879325643300797,0.07054125998225377,0.10692102928127772,0.13975155279503104,0.1033717834960071,0.05634427684117125,0.2604259094942325
excited,0.08333333333333333,0.17857142857142858,0.05357142857142857,0.09523809523809523,0.16666666666666666,0.07738095238095238,0.10714285714285714,0.23809523809523808
extend,0.15492957746478872,0.1267605633802817,0.04225352112676056,0.14084507042253522,0.09859154929577464,0.23943661971830985,0.028169014084507043,0.16901408450704225
much,0.09006835544833132,0.1584238037796542,0.05388017691998392,0.09971853638922397,0.16284680337756333,0.13027744270205066,0.06755126658624849,0.2372336147969441
information,0.07614213197969544,0.15736040609137056,0.04568527918781726,0.08629441624365482,0.14720812182741116,0.08121827411167512,0.02030456852791878,0.38578680203045684
thus,0.07942238267148015,0.17087845968712395,0.0457280385078219,0.11793020457280386,0.14560770156438027,0.12515042117930206,0.06257521058965103,0.2527075812274368
shall,0.06714761376248612,0.18867924528301888,0.042175360710321866,0.09988901220865705,0.16259711431742507,0.097669256381798,0.07214206437291898,0.26970033296337403
think,0.07935153583617748,0.18088737201365188,0.05204778156996587,0.08703071672354949,0.17150170648464164,0.10324232081911262,0.07935153583617748,0.24658703071672355
point,0.11924119241192412,0.16260162601626016,0.04336043360433604,0.10569105691056911,0.14092140921409213,0.11382113821138211,0.04607046070460705,0.2682926829268293
appropriate,0.12727272727272726,0.17272727272727273,0.1,0.07272727272727272,0.14545454545454545,0.07272727272727272,0.06363636363636363,0.24545454545454545
festinans,0.24242424242424243,0.06060606060606061,0.12121212121212122,0.24242424242424243,0.06060606060606061,0.21212121212121213,0.0,0.06060606060606061
distinguished,0.12195121951219512,0.10569105691056911,0.07317073170731707,0.17073170731707318,0.12195121951219512,0.13008130081300814,0.04878048780487805,0.22764227642276422
proximate,0.16,0.09333333333333334,0.12,0.21333333333333335,0.04,0.2,0.05333333333333334,0.12
involuntary,0.07352941176470588,0.08823529411764706,0.16176470588235295,0.3235294117647059,0.014705882352941176,0.20588235294117646,0.08823529411764706,0.04411764705882353
tremulous,0.1927710843373494,0.20481927710843373,0.08433734939759036,0.1927710843373494,0.07228915662650602,0.1566265060240964,0.024096385542168676,0.07228915662650602
motion,0.08681672025723473,0.2282958199356913,0.08360128617363344,0.1832797427652733,0.07395498392282958,0.12861736334405144,0.06752411575562701,0.14790996784565916
power,0.10514198004604758,0.17344589409056024,0.060629316960859554,0.12432847275518036,0.1350729086722947,0.11588641596316193,0.06523407521105141,0.2202609363008442
parts,0.12017167381974249,0.13590844062947066,0.0715307582260372,0.1459227467811159,0.10872675250357654,0.13876967095851217,0.04864091559370529,0.23032904148783978
action,0.11145510835913312,0.15479876160990713,0.07120743034055728,0.13312693498452013,0.11764705882352941,0.1238390092879257,0.08359133126934984,0.2043343653250774
supported,0.0880503144654088,0.2138364779874214,0.0440251572327044,0.13836477987421383,0.1320754716981132,0.1069182389937107,0.05660377358490566,0.22012578616352202
trunk,0.14285714285714285,0.14285714285714285,0.09523809523809523,0.2619047619047619,0.023809523809523808,0.21428571428571427,0.047619047619047616,0.07142857142857142
walking,0.08045977011494253,0.21264367816091953,0.08620689655172414,0.09770114942528736,0.10344827586206896,0.11494252873563218,0.040229885057471264,0.26436781609195403
running,0.03488372093023256,0.18604651162790697,0.023255813953488372,0.13953488372093023,0.09302325581395349,0.12790697674418605,0.046511627906976744,0.3488372093023256
pace,0.06451612903225806,0.25806451612903225,0.0,0.1935483870967742,0.0,0.1935483870967742,0.0,0.2903225806451613
senses,0.11764705882352941,0.11029411764705882,0.08088235294117647,0.10294117647058823,0.11764705882352941,0.15441176470588236,0.0661764705882353,0.25
term,0.10101010101010101,0.13131313131313133,0.10101010101010101,0.18686868686868688,0.09090909090909091,0.13131313131313133,0.03535353535353535,0.2222222222222222
general,0.07608695652173914,0.13111413043478262,0.03872282608695652,0.07676630434782608,0.12364130434782608,0.12703804347826086,0.04755434782608696,0.37907608695652173
used,0.12066365007541478,0.16138763197586728,0.03770739064856712,0.08295625942684766,0.1478129713423831,0.09502262443438914,0.10105580693815988,0.25339366515837103
ordinary,0.09114583333333333,0.16666666666666666,0.0546875,0.08854166666666667,0.15364583333333334,0.109375,0.06770833333333333,0.2682291666666667
slight,0.0963855421686747,0.13253012048192772,0.13253012048192772,0.1566265060240964,0.10843373493975904,0.14457831325301204,0.060240963855421686,0.1686746987951807
occurred,0.08928571428571429,0.10714285714285714,0.125,0.17857142857142858,0.08928571428571429,0.21428571428571427,0.08928571428571429,0.10714285714285714
applied,0.08370044052863436,0.1277533039647577,0.11894273127753303,0.11894273127753303,0.11894273127753303,0.1277533039647577,0.039647577092511016,0.2643171806167401
certain,0.07526881720430108,0.12365591397849462,0.07347670250896057,0.10931899641577061,0.15232974910394265,0.14874551971326164,0.04838709677419355,0.26881720430107525
affections,0.0796812749003984,0.12749003984063745,0.06374501992031872,0.1553784860557769,0.18326693227091634,0.12350597609561753,0.043824701195219126,0.22310756972111553
limbs,0.17391304347826086,0.10628019323671498,0.14009661835748793,0.1932367149758454,0.06280193236714976,0.1932367149758454,0.024154589371980676,0.10628019323671498
noticed,0.11711711711711711,0.11711711711711711,0.06306306306306306,0.13513513513513514,0.12612612612612611,0.14414414414414414,0.05405405405405406,0.24324324324324326
seen,0.07725321888412018,0.15236051502145923,0.045064377682403435,0.11802575107296137,0.15450643776824036,0.148068669527897,0.06223175965665236,0.24248927038626608
peculiar,0.08808290155440414,0.14853195164075994,0.06217616580310881,0.12435233160621761,0.15025906735751296,0.12953367875647667,0.06563039723661486,0.231433506044905
symptom,0.1724137931034483,0.14942528735632185,0.09195402298850575,0.1724137931034483,0.09195402298850575,0.16091954022988506,0.04597701149425287,0.11494252873563218
also,0.09828009828009827,0.18591318591318592,0.03194103194103194,0.08435708435708436,0.16625716625716624,0.1162981162981163,0.07043407043407043,0.24651924651924653
de,0.09386281588447654,0.17509025270758122,0.0776173285198556,0.12274368231046931,0.10108303249097472,0.148014440433213,0.05054151624548736,0.23104693140794225
seems,0.10638297872340426,0.1702127659574468,0.05053191489361702,0.09840425531914894,0.14627659574468085,0.13031914893617022,0.05053191489361702,0.2473404255319149
tremor,0.19838056680161945,0.1902834008097166,0.04048582995951417,0.22672064777327935,0.048582995951417005,0.1902834008097166,0.012145748987854251,0.0931174089068826
active,0.11834319526627218,0.15384615384615385,0.08284023668639054,0.16568047337278108,0.1242603550295858,0.11242603550295859,0.0650887573964497,0.17751479289940827
says,0.08272727272727273,0.19090909090909092,0.05,0.10181818181818182,0.14454545454545453,0.11545454545454545,0.05454545454545454,0.26
latter,0.10491803278688525,0.16721311475409836,0.05245901639344262,0.12295081967213115,0.11967213114754098,0.14098360655737704,0.06557377049180328,0.2262295081967213
genus,0.14285714285714285,0.125,0.08928571428571429,0.23214285714285715,0.08928571428571429,0.17857142857142858,0.017857142857142856,0.125
every,0.08865112724493696,0.16431027894535727,0.047382499044707684,0.10355368742835308,0.16278181123423768,0.12457011845624762,0.06572411157814291,0.2430263660680168
always,0.09433962264150944,0.18957771787960467,0.04132973944294699,0.07637017070979335,0.18059299191374664,0.1078167115902965,0.07726864330637916,0.23270440251572327
would,0.09026904702036712,0.17525773195876287,0.031263096136116,0.07761294107786439,0.16142821222026654,0.1523761629368871,0.06789036962534574,0.24390243902439024
species,0.15714285714285714,0.1357142857142857,0.07142857142857142,0.17857142857142858,0.1,0.17142857142857143,0.02857142857142857,0.15714285714285714
although,0.10260336906584992,0.19142419601837674,0.033690658499234305,0.09341500765696784,0.1562021439509954,0.10566615620214395,0.07350689127105667,0.2434915773353752
must,0.08891142663962137,0.17545638945233266,0.04935767410412441,0.09837728194726167,0.14807302231237324,0.12812711291413117,0.057809330628803245,0.25388776200135227
agitation,0.2261904761904762,0.14285714285714285,0.06547619047619048,0.17261904761904762,0.06547619047619048,0.13095238095238096,0.07142857142857142,0.125
nearly,0.0695970695970696,0.2087912087912088,0.054945054945054944,0.09157509157509157,0.16117216117216118,0.10622710622710622,0.07692307692307693,0.23076923076923078
first,0.08137555328566565,0.19645897173987062,0.052434456928838954,0.10316649642492338,0.15594143684031325,0.11099761661559414,0.059584610146407896,0.24004085801838612
extremely,0.1,0.125,0.075,0.25,0.125,0.1,0.1,0.125
slow,0.09174311926605505,0.13302752293577982,0.0779816513761468,0.14678899082568808,0.16055045871559634,0.1651376146788991,0.05963302752293578,0.1651376146788991
patient,0.10588235294117647,0.25882352941176473,0.07058823529411765,0.12941176470588237,0.09411764705882353,0.1411764705882353,0.029411764705882353,0.17058823529411765
period,0.1091703056768559,0.18340611353711792,0.05240174672489083,0.1091703056768559,0.1615720524017467,0.12882096069868995,0.043668122270742356,0.21179039301310043
sense,0.08781558726673985,0.16355653128430298,0.05378704720087816,0.1119648737650933,0.15587266739846323,0.09330406147091108,0.07025246981339188,0.26344676180021953
weakness,0.05982905982905983,0.11965811965811966,0.10256410256410256,0.1623931623931624,0.08547008547008547,0.19658119658119658,0.05982905982905983,0.21367521367521367
trembling,0.11023622047244094,0.14173228346456693,0.031496062992125984,0.2677165354330709,0.09448818897637795,0.10236220472440945,0.03937007874015748,0.2125984251968504
part,0.09543355566957414,0.16316059517701384,0.06772703950743972,0.11646998460749101,0.14725500256541815,0.14109799897383274,0.055413032324268856,0.2134427911749615
sometimes,0.08121827411167512,0.13959390862944163,0.05583756345177665,0.1116751269035533,0.13451776649746192,0.09137055837563451,0.07614213197969544,0.3096446700507614
head,0.09872029250457039,0.15539305301645337,0.08409506398537477,0.13345521023765997,0.1206581352833638,0.10786106032906764,0.07312614259597806,0.226691042047532
one,0.08864072587681034,0.1641947304135404,0.05042749956377596,0.11341825161402896,0.14674576862676672,0.11655906473564823,0.06333973128598848,0.2566742278834409
hands,0.09657320872274143,0.1526479750778816,0.04984423676012461,0.13395638629283488,0.1059190031152648,0.14330218068535824,0.09968847352024922,0.21806853582554517
arms,0.12755102040816327,0.10714285714285714,0.08673469387755102,0.17346938775510204,0.08673469387755102,0.1683673469387755,0.05612244897959184,0.19387755102040816
gradually,0.12340425531914893,0.17446808510638298,0.06382978723404255,0.1148936170212766,0.11914893617021277,0.1702127659574468,0.08085106382978724,0.15319148936170213
increase,0.12413261372397841,0.16576715497301464,0.013878180416345412,0.06630686198920586,0.19969159599074787,0.14032382420971473,0.04240555127216654,0.24749421742482652
affected,0.12324929971988796,0.15966386554621848,0.06722689075630252,0.1484593837535014,0.12324929971988796,0.16246498599439776,0.06442577030812324,0.15126050420168066
seldom,0.07878787878787878,0.16363636363636364,0.06060606060606061,0.11515151515151516,0.18787878787878787,0.10909090909090909,0.06666666666666667,0.21818181818181817
twelvemonths,0.15789473684210525,0.10526315789473684,0.18421052631578946,0.15789473684210525,0.05263157894736842,0.18421052631578946,0.07894736842105263,0.07894736842105263
influence,0.11963882618510158,0.16027088036117382,0.07223476297968397,0.15124153498871332,0.10609480812641084,0.11963882618510158,0.04288939051918736,0.22799097065462753
felt,0.08102766798418973,0.16798418972332016,0.043478260869565216,0.12450592885375494,0.17984189723320157,0.12845849802371542,0.06521739130434782,0.20948616600790515
becomes,0.10080645161290322,0.15725806451612903,0.08870967741935484,0.11895161290322581,0.11088709677419355,0.12298387096774194,0.04838709677419355,0.25201612903225806
months,0.09180327868852459,0.19344262295081968,0.05573770491803279,0.14098360655737704,0.14098360655737704,0.12459016393442623,0.05901639344262295,0.19344262295081968
found,0.05836236933797909,0.13153310104529617,0.04878048780487805,0.08275261324041812,0.23780487804878048,0.08797909407665505,0.046167247386759584,0.30662020905923343
posture,0.15384615384615385,0.1282051282051282,0.05128205128205128,0.20512820512820512,0.05128205128205128,0.05128205128205128,0.1282051282051282,0.23076923076923078
observable,0.10204081632653061,0.061224489795918366,0.10204081632653061,0.22448979591836735,0.02040816326530612,0.2857142857142857,0.02040816326530612,0.1836734693877551
legs,0.1794871794871795,0.10256410256410256,0.10256410256410256,0.10256410256410256,0.07692307692307693,0.1794871794871795,0.07692307692307693,0.1794871794871795
side,0.10410958904109589,0.14794520547945206,0.049315068493150684,0.12054794520547946,0.14794520547945206,0.13972602739726028,0.06027397260273973,0.23013698630136986
limb,0.189873417721519,0.13924050632911392,0.02531645569620253,0.27848101265822783,0.06329113924050633,0.16455696202531644,0.0379746835443038,0.10126582278481013
similar,0.08641975308641975,0.1388888888888889,0.05555555555555555,0.10185185185185185,0.18209876543209877,0.12037037037037036,0.08641975308641975,0.22839506172839505
hitherto,0.10552763819095477,0.17587939698492464,0.07035175879396985,0.08542713567839195,0.1507537688442211,0.09547738693467336,0.05527638190954774,0.2613065326633166
little,0.07446221731936017,0.1831218974076117,0.049641478212906785,0.09873138444567016,0.17595146166574738,0.11252068394925538,0.07446221731936017,0.23110865968008826
strong,0.10256410256410256,0.17094017094017094,0.06196581196581197,0.12179487179487179,0.1623931623931624,0.10683760683760683,0.0641025641025641,0.2094017094017094
except,0.11246943765281174,0.14425427872860636,0.06356968215158924,0.08557457212713937,0.15158924205378974,0.1393643031784841,0.06601466992665037,0.2371638141809291
hand,0.08516483516483517,0.16483516483516483,0.04807692307692308,0.14423076923076922,0.14423076923076922,0.12225274725274725,0.06868131868131869,0.22252747252747251
writing,0.08801213960546282,0.20485584218512898,0.05918057663125948,0.10166919575113809,0.12291350531107739,0.12291350531107739,0.07587253414264036,0.22458270106221548
kind,0.06948109058927,0.13192612137203166,0.040457343887423045,0.0712401055408971,0.2515391380826737,0.0853122251539138,0.04573438874230431,0.3043095866314864
proceeds,0.13043478260869565,0.1358695652173913,0.06521739130434782,0.15217391304347827,0.125,0.15217391304347827,0.043478260869565216,0.1956521739130435
accomplished,0.19444444444444445,0.1388888888888889,0.08333333333333333,0.19444444444444445,0.1388888888888889,0.25,0.0,0.0
considerable,0.13245033112582782,0.1390728476821192,0.0728476821192053,0.1423841059602649,0.11258278145695365,0.15562913907284767,0.046357615894039736,0.1986754966887417
difficulty,0.18304172274562583,0.12382234185733512,0.02557200538358008,0.17900403768506057,0.10767160161507403,0.20457604306864063,0.03095558546433378,0.14535666218034993
without,0.09396485867074103,0.16806722689075632,0.05576776165011459,0.10580595874713522,0.15775401069518716,0.12032085561497326,0.0706646294881589,0.22765469824293355
hardly,0.17307692307692307,0.17307692307692307,0.07692307692307693,0.15384615384615385,0.11538461538461539,0.17307692307692307,0.057692307692307696,0.07692307692307693
disposed,0.06896551724137931,0.2689655172413793,0.041379310344827586,0.06896551724137931,0.1103448275862069,0.1103448275862069,0.041379310344827586,0.2896551724137931
time,0.08025439127801333,0.28921865536038766,0.04663840096910963,0.09993943064809206,0.12174439733494852,0.10841913991520291,0.061780738946093275,0.19200484554815264
proceed,0.0867579908675799,0.2054794520547945,0.045662100456621,0.1506849315068493,0.1415525114155251,0.1095890410958904,0.0639269406392694,0.1963470319634703
frequently,0.14054054054054055,0.14594594594594595,0.043243243243243246,0.10810810810810811,0.14594594594594595,0.13513513513513514,0.08108108108108109,0.2
seized,0.09411764705882353,0.21176470588235294,0.08235294117647059,0.17647058823529413,0.08235294117647059,0.18823529411764706,0.08235294117647059,0.08235294117647059
mouth,0.12396694214876033,0.09090909090909091,0.06611570247933884,0.09917355371900827,0.1322314049586777,0.12396694214876033,0.21487603305785125,0.1487603305785124
arm,0.10963455149501661,0.11960132890365449,0.09634551495016612,0.1893687707641196,0.10631229235880399,0.15946843853820597,0.059800664451827246,0.15946843853820597
stopped,0.10204081632653061,0.14285714285714285,0.14285714285714285,0.30612244897959184,0.02040816326530612,0.16326530612244897,0.10204081632653061,0.02040816326530612
round,0.07216494845360824,0.13058419243986255,0.08247422680412371,0.10652920962199312,0.20618556701030927,0.140893470790378,0.061855670103092786,0.19931271477663232
mode,0.08060453400503778,0.16876574307304787,0.06297229219143577,0.12846347607052896,0.13602015113350127,0.12090680100755667,0.04785894206549118,0.25440806045340053
thereby,0.07692307692307693,0.17692307692307693,0.03076923076923077,0.1,0.13076923076923078,0.16923076923076924,0.038461538461538464,0.27692307692307694
somewhat,0.08494208494208494,0.14285714285714285,0.05019305019305019,0.11969111969111969,0.16602316602316602,0.10810810810810811,0.08494208494208494,0.24324324324324326
unpleasant,0.10638297872340426,0.14893617021276595,0.14893617021276595,0.10638297872340426,0.0851063829787234,0.1702127659574468,0.0851063829787234,0.14893617021276595
exertion,0.09274193548387097,0.20967741935483872,0.06048387096774194,0.12096774193548387,0.12903225806451613,0.11290322580645161,0.07661290322580645,0.1975806451612903
required,0.07166666666666667,0.20166666666666666,0.035,0.07333333333333333,0.15833333333333333,0.135,0.05,0.275
forward,0.08536585365853659,0.17682926829268292,0.03048780487804878,0.16463414634146342,0.09146341463414634,0.13414634146341464,0.04878048780487805,0.2682926829268293
body,0.11130434782608696,0.1356521739130435,0.09391304347826086,0.16,0.11130434782608696,0.15478260869565216,0.04695652173913043,0.18608695652173912
falling,0.11242603550295859,0.13609467455621302,0.04142011834319527,0.14201183431952663,0.08284023668639054,0.3076923076923077,0.04142011834319527,0.13609467455621302
manner,0.09951456310679611,0.16262135922330098,0.04611650485436893,0.0970873786407767,0.1553398058252427,0.11407766990291263,0.06067961165048544,0.2645631067961165
entirely,0.08333333333333333,0.1626984126984127,0.051587301587301584,0.0992063492063492,0.14285714285714285,0.10317460317460317,0.09126984126984126,0.26587301587301587
since,0.09393063583815028,0.17196531791907516,0.05491329479768786,0.10404624277456648,0.15028901734104047,0.13728323699421965,0.07225433526011561,0.2153179190751445
proceeding,0.13,0.17,0.11,0.15,0.09,0.22,0.05,0.08
sleep,0.10526315789473684,0.1700404858299595,0.0728744939271255,0.17813765182186234,0.10931174089068826,0.12955465587044535,0.07692307692307693,0.15789473684210525
food,0.0978494623655914,0.11935483870967742,0.023655913978494623,0.06774193548387097,0.27956989247311825,0.09032258064516129,0.04086021505376344,0.2806451612903226
bowels,0.11650485436893204,0.1262135922330097,0.20388349514563106,0.1553398058252427,0.07766990291262135,0.1650485436893204,0.04854368932038835,0.10679611650485436
along,0.08436213991769548,0.18106995884773663,0.09259259259259259,0.11522633744855967,0.11316872427983539,0.11316872427983539,0.04526748971193416,0.2551440329218107
medicines,0.17142857142857143,0.08571428571428572,0.11428571428571428,0.2,0.05714285714285714,0.2,0.02857142857142857,0.14285714285714285
last,0.08070388349514564,0.19599514563106796,0.05703883495145631,0.10194174757281553,0.14502427184466019,0.11650485436893204,0.05946601941747573,0.2433252427184466
violent,0.1891891891891892,0.05945945945945946,0.15675675675675677,0.22702702702702704,0.05405405405405406,0.0972972972972973,0.11891891891891893,0.0972972972972973
great,0.09008669430833019,0.15303430079155672,0.05427817565020731,0.11307953260459856,0.15981907274783264,0.1176027139087825,0.0682246513381078,0.24387485865058425
unable,0.08064516129032258,0.16666666666666666,0.06451612903225806,0.12365591397849462,0.0967741935483871,0.25806451612903225,0.03225806451612903,0.1774193548387097
support,0.07423580786026202,0.1703056768558952,0.056768558951965066,0.0851528384279476,0.1703056768558952,0.08733624454148471,0.05895196506550218,0.29694323144104806
unless,0.10459183673469388,0.19387755102040816,0.04591836734693878,0.09948979591836735,0.11479591836734694,0.1556122448979592,0.03571428571428571,0.25
attendant,0.05714285714285714,0.19047619047619047,0.0380952380952381,0.1523809523809524,0.08571428571428572,0.09523809523809523,0.0380952380952381,0.34285714285714286
pressure,0.09523809523809523,0.1746031746031746,0.07936507936507936,0.14285714285714285,0.047619047619047616,0.20634920634920634,0.047619047619047616,0.20634920634920634
words,0.24153846153846154,0.13230769230769232,0.043076923076923075,0.0876923076923077,0.11692307692307692,0.1123076923076923,0.06,0.20615384615384616
scarcely,0.06199460916442048,0.1347708894878706,0.05929919137466307,0.0889487870619946,0.15363881401617252,0.21293800539083557,0.07816711590296496,0.21024258760107817
able,0.09134615384615384,0.18108974358974358,0.04807692307692308,0.09615384615384616,0.14743589743589744,0.10737179487179487,0.09615384615384616,0.23237179487179488
actions,0.2,0.03076923076923077,0.09230769230769231,0.2153846153846154,0.06153846153846154,0.23076923076923078,0.03076923076923077,0.13846153846153847
muscles,0.15671641791044777,0.08208955223880597,0.11194029850746269,0.20149253731343283,0.06716417910447761,0.20149253731343283,0.04477611940298507,0.13432835820895522
c.,0.06794055201698514,0.22611464968152867,0.06050955414012739,0.09129511677282377,0.1454352441613588,0.09978768577494693,0.0435244161358811,0.2653927813163482
impaired,0.11711711711711711,0.12612612612612611,0.05405405405405406,0.17117117117117117,0.12612612612612611,0.16216216216216217,0.08108108108108109,0.16216216216216217
perpetual,0.12698412698412698,0.06349206349206349,0.12698412698412698,0.20634920634920634,0.047619047619047616,0.20634920634920634,0.09523809523809523,0.12698412698412698
another,0.1033434650455927,0.171225937183384,0.040526849037487336,0.11651469098277609,0.13576494427558258,0.12664640324214793,0.06382978723404255,0.24214792299898683
circumstance,0.0948509485094851,0.17615176151761516,0.056910569105691054,0.13550135501355012,0.13008130081300814,0.12737127371273713,0.06233062330623306,0.21680216802168023
back,0.07899461400359066,0.15439856373429084,0.09694793536804308,0.12028725314183124,0.12028725314183124,0.13285457809694792,0.05385996409335727,0.24236983842010773
continually,0.10588235294117647,0.10588235294117647,0.058823529411764705,0.1411764705882353,0.12941176470588237,0.1411764705882353,0.08235294117647059,0.23529411764705882
small,0.09130434782608696,0.14782608695652175,0.07391304347826087,0.11956521739130435,0.1565217391304348,0.13695652173913042,0.05,0.22391304347826088
portion,0.08043478260869565,0.15760869565217392,0.05652173913043478,0.08043478260869565,0.1282608695652174,0.1793478260869565,0.06521739130434782,0.25217391304347825
room,0.09691629955947137,0.19823788546255505,0.05726872246696035,0.1145374449339207,0.1277533039647577,0.09691629955947137,0.1013215859030837,0.20704845814977973
upon,0.08182844243792325,0.17776523702031602,0.0536117381489842,0.09762979683972912,0.15688487584650113,0.136568848758465,0.060948081264108354,0.23476297968397292
constant,0.08270676691729323,0.11278195488721804,0.06015037593984962,0.12781954887218044,0.10526315789473684,0.14285714285714285,0.05263157894736842,0.3157894736842105
preceding,0.08421052631578947,0.1368421052631579,0.07368421052631578,0.22105263157894736,0.10526315789473684,0.16842105263157894,0.08421052631578947,0.12631578947368421
