,anger,anticipation,disgust,fear,joy,sadness,surprise,trust
gutenberg,0.0718232044198895,0.2121546961325967,0.07845303867403315,0.04861878453038675,0.08839779005524862,0.09613259668508287,0.028729281767955802,0.3756906077348066
's,0.06551410373066424,0.13830755232029115,0.04913557779799818,0.08735213830755231,0.11191992720655142,0.07006369426751592,0.057324840764331204,0.42038216560509556
penitente,0.02553191489361702,0.15319148936170213,0.05957446808510638,0.0851063829787234,0.1574468085106383,0.05957446808510638,0.07659574468085106,0.3829787234042553
moradas,0.045801526717557245,0.16030534351145037,0.061068702290076333,0.09160305343511449,0.13740458015267173,0.053435114503816786,0.038167938931297704,0.41221374045801523
abiquiú,0.04761904761904762,0.16450216450216448,0.051948051948051945,0.06926406926406926,0.14285714285714285,0.04761904761904762,0.08658008658008658,0.3896103896103896
e.,0.03597650513950074,0.07635829662261381,0.2790014684287812,0.041116005873715125,0.1512481644640235,0.03524229074889868,0.06534508076358297,0.315712187958884
use,0.13553113553113555,0.19413919413919414,0.10073260073260075,0.06776556776556777,0.14652014652014653,0.04945054945054946,0.02014652014652015,0.28571428571428575
may,0.15317919075144507,0.17341040462427745,0.12427745664739884,0.04335260115606936,0.08815028901734104,0.10404624277456648,0.017341040462427744,0.29624277456647397
copy,0.19767441860465118,0.09108527131782947,0.09108527131782947,0.0678294573643411,0.027131782945736434,0.06395348837209303,0.019379844961240313,0.44186046511627913
terms,0.12500000000000003,0.12152777777777779,0.04687500000000001,0.05902777777777778,0.11111111111111113,0.038194444444444454,0.03993055555555556,0.45833333333333337
project,0.11883774077701596,0.1648710414626183,0.05843943845902708,0.04733920992491021,0.10512569376428336,0.0721514854717597,0.018935683969964083,0.41429970617042106
license,0.09544468546637745,0.21475054229934923,0.06724511930585683,0.08242950108459869,0.11930585683297179,0.08242950108459869,0.041214750542299346,0.29718004338394793
date,0.03896103896103896,0.22727272727272727,0.012987012987012988,0.05194805194805195,0.12987012987012986,0.07792207792207792,0.012987012987012988,0.4480519480519481
figure,0.044186046511627906,0.1511627906976744,0.05813953488372093,0.07441860465116279,0.11162790697674418,0.06744186046511627,0.06744186046511627,0.4255813953488372
work,0.154,0.18350000000000002,0.0345,0.051500000000000004,0.106,0.077,0.045,0.34850000000000003
first,0.06110283159463487,0.15052160953800298,0.026825633383010434,0.12518628912071536,0.08643815201192251,0.09836065573770492,0.05961251862891208,0.3919523099850969
small,0.047619047619047616,0.15270935960591134,0.05090311986863711,0.14942528735632182,0.08374384236453201,0.1362889983579639,0.06239737274220033,0.3169129720853859
full,0.15236051502145923,0.2103004291845494,0.042918454935622324,0.08154506437768241,0.10300429184549358,0.09227467811158799,0.06866952789699572,0.24892703862660948
history,0.008264462809917356,0.12396694214876032,0.04132231404958677,0.057851239669421475,0.057851239669421475,0.024793388429752063,0.03305785123966942,0.652892561983471
movement,0.05769230769230769,0.15384615384615385,0.05769230769230769,0.07692307692307693,0.17307692307692307,0.07692307692307693,0.11538461538461538,0.28846153846153844
artifacts,0.019230769230769235,0.1730769230769231,0.11538461538461539,0.07692307692307694,0.13461538461538464,0.019230769230769235,0.09615384615384617,0.3653846153846154
cross,0.23529411764705882,0.06470588235294118,0.029411764705882353,0.23529411764705882,0.058823529411764705,0.2823529411764706,0.011764705882352941,0.08235294117647059
cruz,0.125,0.125,0.0625,0.125,0.10416666666666667,0.10416666666666667,0.08333333333333334,0.27083333333333337
size,0.08974358974358974,0.21794871794871795,0.025641025641025644,0.11538461538461539,0.07692307692307693,0.16666666666666669,0.06410256410256411,0.24358974358974358
centimeters,0.21951219512195125,0.21951219512195125,0.0,0.21951219512195125,0.0,0.24390243902439027,0.0,0.09756097560975611
south,0.06122448979591836,0.18367346938775508,0.06122448979591836,0.02040816326530612,0.16326530612244897,0.08163265306122448,0.02040816326530612,0.4081632653061224
morada,0.04,0.17714285714285716,0.08571428571428572,0.06857142857142857,0.13714285714285715,0.12000000000000001,0.07428571428571429,0.29714285714285715
center,0.03125000000000001,0.06250000000000001,0.0,0.03125000000000001,0.09375,0.03125000000000001,0.03125000000000001,0.71875
room,0.058252427184466014,0.16504854368932037,0.08737864077669903,0.11650485436893203,0.04854368932038835,0.08737864077669903,0.058252427184466014,0.37864077669902907
manufacture,0.07818930041152262,0.1646090534979424,0.03292181069958848,0.10699588477366255,0.11934156378600823,0.14814814814814814,0.028806584362139915,0.32098765432098764
new,0.03643724696356275,0.194331983805668,0.0242914979757085,0.07422402159244264,0.1282051282051282,0.060728744939271245,0.05668016194331983,0.42510121457489874
mexico,0.07575757575757576,0.1717171717171717,0.03535353535353535,0.09595959595959595,0.15151515151515152,0.09595959595959595,0.0707070707070707,0.30303030303030304
brotherhood,0.03225806451612904,0.09677419354838711,0.06451612903225808,0.06451612903225808,0.12903225806451615,0.06451612903225808,0.0,0.5483870967741936
traditional,0.045454545454545456,0.18181818181818182,0.0,0.13636363636363635,0.09090909090909091,0.09090909090909091,0.045454545454545456,0.40909090909090906
social,0.0909090909090909,0.1515151515151515,0.06060606060606061,0.12121212121212122,0.1818181818181818,0.030303030303030304,0.12121212121212122,0.24242424242424243
religious,0.05833333333333333,0.15833333333333333,0.05833333333333333,0.11666666666666665,0.15,0.09999999999999999,0.08333333333333333,0.27499999999999997
penitentes,0.08125,0.1375,0.0875,0.15,0.125,0.14375,0.05,0.225
two,0.052489905787348586,0.19515477792732167,0.052489905787348586,0.08344549125168238,0.11978465679676986,0.10228802153432032,0.08613728129205923,0.3082099596231494
study,0.03571428571428572,0.17857142857142858,0.07142857142857144,0.10714285714285715,0.2142857142857143,0.10714285714285715,0.07142857142857144,0.2142857142857143
special,0.03278688524590164,0.11475409836065574,0.01639344262295082,0.06557377049180328,0.40163934426229514,0.0819672131147541,0.03278688524590164,0.2540983606557377
culture,0.045454545454545456,0.13636363636363635,0.09090909090909091,0.09090909090909091,0.13636363636363635,0.045454545454545456,0.11363636363636363,0.3409090909090909
spanish,0.075,0.225,0.0,0.1,0.175,0.075,0.0,0.35
called,0.05208333333333334,0.14583333333333337,0.03125000000000001,0.06250000000000001,0.09375000000000003,0.05208333333333334,0.06250000000000001,0.5000000000000001
hispano,0.08450704225352113,0.15492957746478875,0.07042253521126761,0.11267605633802819,0.14084507042253522,0.05633802816901409,0.08450704225352113,0.295774647887324
physical,0.08823529411764705,0.14705882352941174,0.11764705882352941,0.20588235294117643,0.11764705882352941,0.11764705882352941,0.0,0.20588235294117643
equipment,0.10869565217391305,0.1739130434782609,0.10869565217391305,0.04347826086956522,0.15217391304347827,0.13043478260869565,0.02173913043478261,0.2608695652173913
found,0.03368421052631579,0.08421052631578947,0.04421052631578948,0.04842105263157894,0.2863157894736842,0.037894736842105266,0.04631578947368421,0.4189473684210526
also,0.05703422053231938,0.14828897338403038,0.04182509505703422,0.08365019011406843,0.12547528517110262,0.07984790874524714,0.03041825095057034,0.4334600760456273
local,0.05660377358490566,0.169811320754717,0.01886792452830189,0.09433962264150944,0.18867924528301888,0.1320754716981132,0.07547169811320756,0.2641509433962264
images,0.044117647058823525,0.19117647058823528,0.07352941176470587,0.16176470588235295,0.1764705882352941,0.10294117647058822,0.058823529411764705,0.19117647058823528
santa,0.06315789473684211,0.14736842105263157,0.05263157894736842,0.06315789473684211,0.1368421052631579,0.042105263157894736,0.11578947368421054,0.37894736842105264
fe,0.08108108108108107,0.13513513513513511,0.05405405405405406,0.08108108108108107,0.10810810810810811,0.02702702702702703,0.13513513513513511,0.37837837837837834
niño,0.03636363636363637,0.2727272727272727,0.03636363636363637,0.03636363636363637,0.2727272727272727,0.03636363636363637,0.14545454545454548,0.16363636363636364
de,0.020833333333333336,0.2,0.07916666666666668,0.02916666666666667,0.21250000000000002,0.03333333333333334,0.14583333333333334,0.27916666666666673
church,0.050505050505050504,0.2323232323232323,0.020202020202020204,0.050505050505050504,0.26262626262626265,0.0606060606060606,0.0303030303030303,0.29292929292929293
father,0.022727272727272728,0.15909090909090906,0.022727272727272728,0.045454545454545456,0.13636363636363635,0.06818181818181818,0.022727272727272728,0.5227272727272726
made,0.039436619718309855,0.16619718309859155,0.02535211267605634,0.10985915492957746,0.08450704225352113,0.09577464788732394,0.04788732394366197,0.4309859154929578
common,0.07042253521126761,0.1267605633802817,0.08450704225352113,0.09859154929577464,0.07042253521126761,0.08450704225352113,0.09859154929577464,0.36619718309859156
official,0.07692307692307693,0.12820512820512822,0.0,0.025641025641025644,0.10256410256410257,0.025641025641025644,0.07692307692307693,0.5641025641025642
la,0.10937499999999999,0.140625,0.125,0.10937499999999999,0.0625,0.125,0.140625,0.18749999999999997
muerte,0.13333333333333333,0.13333333333333333,0.13333333333333333,0.15555555555555556,0.022222222222222223,0.17777777777777778,0.17777777777777778,0.06666666666666667
death,0.12222222222222223,0.1611111111111111,0.12777777777777777,0.15000000000000002,0.044444444444444446,0.1611111111111111,0.14444444444444446,0.08888888888888889
however,0.05952380952380952,0.16666666666666666,0.023809523809523808,0.06547619047619048,0.11904761904761904,0.06547619047619048,0.07142857142857142,0.42857142857142855
rosary,0.03921568627450981,0.19607843137254904,0.0,0.058823529411764705,0.19607843137254904,0.25490196078431376,0.019607843137254905,0.23529411764705882
lenten,0.09090909090909091,0.18181818181818182,0.022727272727272728,0.11363636363636363,0.15909090909090906,0.13636363636363635,0.045454545454545456,0.25
passion,0.09756097560975611,0.17073170731707318,0.04878048780487806,0.14634146341463417,0.14634146341463417,0.17073170731707318,0.02439024390243903,0.19512195121951223
jesus,0.06944444444444445,0.14583333333333334,0.10416666666666667,0.1388888888888889,0.12500000000000003,0.1388888888888889,0.08333333333333334,0.19444444444444445
wooden,0.13157894736842105,0.07894736842105263,0.07894736842105263,0.18421052631578946,0.07894736842105263,0.2105263157894737,0.026315789473684213,0.2105263157894737
used,0.07569721115537847,0.1752988047808765,0.02788844621513944,0.0597609561752988,0.10358565737051792,0.0597609561752988,0.03585657370517928,0.46215139442231074
cart,0.13043478260869565,0.17391304347826086,0.13043478260869565,0.14492753623188406,0.028985507246376812,0.17391304347826086,0.14492753623188406,0.07246376811594203
states,0.00920245398773006,0.19171779141104295,0.02607361963190184,0.06595092024539877,0.06595092024539877,0.05368098159509202,0.010736196319018404,0.5766871165644172
information,0.012552301255230125,0.200836820083682,0.004184100418410042,0.0502092050209205,0.1297071129707113,0.058577405857740586,0.004184100418410042,0.5397489539748954
including,0.1306532663316583,0.16080402010050254,0.032663316582914576,0.035175879396984924,0.0829145728643216,0.1306532663316583,0.010050251256281409,0.4170854271356785
one,0.05257623554153523,0.20504731861198738,0.04100946372239748,0.0904311251314406,0.13144058885383808,0.07570977917981073,0.08622502628811776,0.3175604626708728
mexican,0.05263157894736842,0.17543859649122806,0.03508771929824561,0.17543859649122806,0.14035087719298245,0.14035087719298245,0.12280701754385964,0.15789473684210525
within,0.18151815181518152,0.23102310231023102,0.013201320132013201,0.019801980198019802,0.1485148514851485,0.0759075907590759,0.1254125412541254,0.20462046204620463
bell,0.15625,0.125,0.0625,0.15625,0.09374999999999999,0.18749999999999997,0.0625,0.15625
even,0.09826589595375722,0.16184971098265893,0.046242774566473986,0.12138728323699421,0.08670520231213873,0.13872832369942195,0.046242774566473986,0.30057803468208094
earlier,0.09374999999999999,0.16666666666666666,0.041666666666666664,0.13541666666666666,0.08333333333333333,0.12499999999999997,0.020833333333333332,0.3333333333333333
settlers,0.09090909090909091,0.15151515151515152,0.0,0.15151515151515152,0.12121212121212123,0.09090909090909091,0.12121212121212123,0.27272727272727276
without,0.09480122324159021,0.20489296636085624,0.07339449541284403,0.11009174311926605,0.08562691131498469,0.09174311926605504,0.015290519877675839,0.3241590214067278
mission,0.055999999999999994,0.168,0.016,0.08,0.17600000000000002,0.08,0.064,0.36
end,0.03287671232876712,0.16164383561643836,0.03835616438356164,0.11506849315068493,0.15616438356164383,0.05205479452054794,0.07123287671232877,0.37260273972602737
franciscan,0.0697674418604651,0.16279069767441856,0.04651162790697674,0.0697674418604651,0.18604651162790695,0.09302325581395347,0.0697674418604651,0.3023255813953488
life,0.052083333333333336,0.125,0.0625,0.07291666666666667,0.17708333333333334,0.23958333333333331,0.052083333333333336,0.21875000000000003
clearly,0.054054054054054064,0.1891891891891892,0.08108108108108109,0.054054054054054064,0.1891891891891892,0.027027027027027032,0.16216216216216217,0.24324324324324326
third,0.052631578947368425,0.108359133126935,0.012383900928792572,0.21671826625387,0.043343653250773995,0.04953560371517029,0.027863777089783284,0.48916408668730654
order,0.0,0.21951219512195125,0.02439024390243903,0.02439024390243903,0.19512195121951223,0.02439024390243903,0.04878048780487806,0.4634146341463415
st.,0.049999999999999996,0.13333333333333333,0.21666666666666667,0.06666666666666667,0.11666666666666665,0.08333333333333333,0.049999999999999996,0.2833333333333333
1776,0.06896551724137931,0.10344827586206895,0.0,0.10344827586206895,0.2068965517241379,0.17241379310344826,0.034482758620689655,0.31034482758620685
fray,0.10714285714285715,0.17857142857142858,0.01785714285714286,0.053571428571428575,0.2142857142857143,0.053571428571428575,0.03571428571428572,0.3392857142857143
domínguez,0.023809523809523808,0.19047619047619047,0.0,0.023809523809523808,0.23809523809523808,0.023809523809523808,0.047619047619047616,0.45238095238095233
resident,0.12,0.12,0.0,0.12,0.2,0.08,0.04,0.32
priest,0.09999999999999999,0.16666666666666666,0.0,0.13333333333333333,0.09999999999999999,0.06666666666666667,0.03333333333333333,0.39999999999999997
lady,0.10416666666666666,0.10416666666666666,0.0,0.18749999999999997,0.16666666666666666,0.20833333333333331,0.041666666666666664,0.18749999999999997
santo,0.07142857142857142,0.20238095238095236,0.047619047619047616,0.08333333333333333,0.20238095238095236,0.09523809523809523,0.09523809523809523,0.20238095238095236
tomás,0.10344827586206895,0.13793103448275862,0.034482758620689655,0.10344827586206895,0.17241379310344826,0.13793103448275862,0.0,0.31034482758620685
...,0.1212121212121212,0.043771043771043766,0.023569023569023566,0.11784511784511784,0.18855218855218853,0.17171717171717168,0.03367003367003367,0.29966329966329963
days,0.17687074829931973,0.2312925170068027,0.013605442176870748,0.02040816326530612,0.14965986394557823,0.07482993197278912,0.12925170068027209,0.2040816326530612
saint,0.014018691588785047,0.1869158878504673,0.07476635514018692,0.014018691588785047,0.1869158878504673,0.009345794392523366,0.16822429906542058,0.3457943925233645
image,0.08333333333333333,0.15476190476190477,0.10714285714285714,0.11904761904761904,0.11904761904761904,0.17857142857142858,0.08333333333333333,0.15476190476190477
east,0.053571428571428575,0.1517857142857143,0.10714285714285715,0.07142857142857144,0.10714285714285715,0.14285714285714288,0.08035714285714286,0.28571428571428575
black,0.04615384615384615,0.13846153846153847,0.02692307692307692,0.08846153846153845,0.1576923076923077,0.3153846153846154,0.05,0.1769230769230769
juan,0.04,0.16,0.13999999999999999,0.04,0.2,0.06,0.06,0.3
objects,0.12500000000000003,0.09375,0.0,0.21875,0.15625,0.15625,0.03125000000000001,0.21875
crown,0.13157894736842105,0.07894736842105263,0.0,0.15789473684210525,0.10526315789473684,0.23684210526315788,0.02631578947368421,0.2631578947368421
san,0.03571428571428571,0.20238095238095236,0.08333333333333333,0.05952380952380952,0.21428571428571427,0.047619047619047616,0.13095238095238096,0.22619047619047616
must,0.17231638418079093,0.17514124293785308,0.09604519774011297,0.11016949152542371,0.05932203389830508,0.08757062146892654,0.02542372881355932,0.27401129943502817
united,0.00631578947368421,0.21263157894736842,0.00631578947368421,0.06526315789473684,0.04631578947368421,0.02736842105263158,0.004210526315789474,0.631578947368421
set,0.15990990990990991,0.11936936936936937,0.04504504504504505,0.0518018018018018,0.13738738738738737,0.0945945945945946,0.04504504504504505,0.34684684684684686
adobe,0.0967741935483871,0.12903225806451613,0.12903225806451613,0.03225806451612903,0.12903225806451613,0.03225806451612903,0.03225806451612903,0.41935483870967744
walls,0.08,0.18,0.16,0.04,0.16,0.0,0.04,0.33999999999999997
wood,0.07906976744186046,0.10232558139534885,0.08837209302325581,0.07441860465116279,0.12093023255813953,0.17209302325581396,0.04186046511627907,0.32093023255813957
frame,0.08333333333333331,0.13888888888888887,0.0,0.1111111111111111,0.16666666666666663,0.16666666666666663,0.027777777777777776,0.3055555555555555
provide,0.1416893732970027,0.0762942779291553,0.02724795640326975,0.008174386920980926,0.09264305177111716,0.0,0.05722070844686648,0.5967302452316076
foundation,0.11294765840220386,0.15977961432506887,0.027548209366391185,0.013774104683195593,0.07438016528925621,0.13774104683195593,0.0,0.4738292011019284
form,0.0326530612244898,0.24081632653061225,0.02040816326530612,0.09387755102040815,0.12653061224489795,0.036734693877551024,0.07755102040816327,0.37142857142857144
sanctuary,0.03529411764705882,0.27058823529411763,0.023529411764705882,0.023529411764705882,0.3058823529411765,0.0,0.023529411764705882,0.31764705882352945
side,0.1,0.08571428571428572,0.08571428571428572,0.1285714285714286,0.07142857142857144,0.07142857142857144,0.04285714285714286,0.4142857142857143
design,0.04477611940298507,0.13432835820895522,0.029850746268656716,0.05970149253731343,0.16417910447761194,0.04477611940298507,0.07462686567164178,0.44776119402985076
west,0.015873015873015876,0.07936507936507936,0.15873015873015872,0.023809523809523808,0.14285714285714288,0.023809523809523808,0.03174603174603175,0.5238095238095238
public,0.018134715025906734,0.40932642487046633,0.012953367875647668,0.04145077720207254,0.08290155440414508,0.023316062176165803,0.02072538860103627,0.3911917098445596
altar,0.08108108108108107,0.10810810810810811,0.08108108108108107,0.12162162162162161,0.17567567567567569,0.14864864864864866,0.040540540540540536,0.24324324324324323
tin,0.0851063829787234,0.14893617021276595,0.02127659574468085,0.19148936170212766,0.10638297872340426,0.1702127659574468,0.02127659574468085,0.2553191489361702
carved,0.08247422680412372,0.15463917525773196,0.0,0.10309278350515465,0.15463917525773196,0.29896907216494845,0.010309278350515465,0.1958762886597938
painted,0.08928571428571429,0.14285714285714288,0.0,0.11607142857142859,0.16071428571428573,0.29464285714285715,0.00892857142857143,0.18750000000000003
right,0.19954648526077098,0.12698412698412698,0.036281179138321996,0.06122448979591837,0.08843537414965986,0.1655328798185941,0.06122448979591837,0.26077097505668934
guadalupe,0.06666666666666667,0.16666666666666666,0.06666666666666667,0.16666666666666666,0.09999999999999999,0.13333333333333333,0.13333333333333333,0.16666666666666666
mother,0.08,0.16,0.1,0.13999999999999999,0.12,0.2,0.04,0.16
gessoed,0.07894736842105263,0.15789473684210525,0.0,0.09210526315789473,0.15789473684210525,0.3026315789473684,0.013157894736842106,0.19736842105263158
white,0.021885521885521883,0.24074074074074073,0.026936026936026935,0.018518518518518517,0.22222222222222218,0.15824915824915825,0.026936026936026935,0.28451178451178444
saints,0.075,0.1,0.125,0.125,0.175,0.075,0.125,0.2
dressed,0.06666666666666667,0.18333333333333335,0.0,0.08333333333333333,0.16666666666666666,0.26666666666666666,0.016666666666666666,0.21666666666666667
cristo,0.08108108108108109,0.21621621621621626,0.054054054054054064,0.08108108108108109,0.16216216216216217,0.054054054054054064,0.1891891891891892,0.16216216216216217
bulto,0.0930232558139535,0.13953488372093023,0.13953488372093023,0.13953488372093023,0.13953488372093023,0.13953488372093023,0.06976744186046512,0.13953488372093023
crucifixion,0.13513513513513511,0.10810810810810811,0.16216216216216214,0.13513513513513511,0.08108108108108107,0.18918918918918917,0.02702702702702703,0.16216216216216214
replacement,0.24064171122994654,0.08021390374331551,0.053475935828877004,0.0,0.10962566844919786,0.16042780748663102,0.08288770053475937,0.2727272727272727
john,0.0301990391214825,0.04598490048043927,0.3129718599862732,0.0301990391214825,0.11667810569663693,0.0301990391214825,0.045298558682223745,0.38846945778997943
nepomuk,0.04878048780487806,0.17073170731707318,0.19512195121951223,0.04878048780487806,0.17073170731707318,0.02439024390243903,0.17073170731707318,0.17073170731707318
state,0.030303030303030307,0.06818181818181819,0.03787878787878788,0.11363636363636365,0.015151515151515154,0.09090909090909091,0.030303030303030307,0.6136363636363636
literary,0.13513513513513514,0.13851351351351351,0.033783783783783786,0.003378378378378379,0.03716216216216217,0.20270270270270271,0.0,0.4493243243243244
associated,0.06911447084233262,0.183585313174946,0.04967602591792657,0.05399568034557236,0.16846652267818576,0.05399568034557236,0.06479481641468683,0.3563714902807776
works,0.12104283054003724,0.17783985102420857,0.06517690875232775,0.047486033519553064,0.1303538175046555,0.018621973929236497,0.018621973929236497,0.4208566108007449
copyright,0.08733624454148473,0.18340611353711792,0.10480349344978167,0.052401746724890834,0.0480349344978166,0.1091703056768559,0.0043668122270742364,0.4104803493449782
forth,0.22471910112359547,0.07865168539325842,0.037453183520599245,0.037453183520599245,0.11235955056179774,0.11985018726591759,0.0,0.38951310861423216
distributing,0.16666666666666666,0.16666666666666666,0.06666666666666667,0.03333333333333333,0.1,0.1,0.0,0.36666666666666664
gutenberg-tm,0.14084507042253522,0.15023474178403756,0.051643192488262914,0.046948356807511735,0.11267605633802817,0.06103286384976526,0.018779342723004695,0.41784037558685444
electronic,0.1806083650190114,0.13307984790874525,0.06653992395437262,0.03802281368821293,0.10456273764258554,0.07604562737642585,0.03802281368821293,0.36311787072243346
trademark,0.1881720430107527,0.11021505376344085,0.05376344086021505,0.026881720430107524,0.08064516129032258,0.16129032258064516,0.0,0.37903225806451607
copies,0.2095808383233533,0.11976047904191617,0.12275449101796407,0.08982035928143713,0.08982035928143713,0.0029940119760479044,0.0,0.3652694610778443
distribution,0.07042253521126761,0.22535211267605637,0.0,0.05281690140845071,0.11267605633802819,0.014084507042253523,0.045774647887323945,0.47887323943661975
agree,0.19607843137254904,0.14565826330532214,0.05882352941176471,0.05602240896358544,0.05882352941176471,0.08403361344537816,0.030812324929971994,0.3697478991596639
agreement,0.11968085106382977,0.07313829787234041,0.04122340425531914,0.026595744680851057,0.05718085106382977,0.07978723404255317,0.014627659574468084,0.5877659574468084
paid,0.29226361031518616,0.1805157593123209,0.0,0.005730659025787965,0.12034383954154726,0.06017191977077363,0.11461318051575929,0.2263610315186246
fee,0.34594594594594597,0.12162162162162163,0.05405405405405406,0.0,0.12432432432432432,0.0,0.002702702702702703,0.35135135135135137
access,0.20930232558139536,0.13953488372093023,0.09302325581395349,0.06976744186046512,0.11627906976744186,0.046511627906976744,0.023255813953488372,0.3023255813953488
refund,0.24615384615384617,0.12307692307692308,0.046153846153846156,0.015384615384615385,0.12307692307692308,0.12307692307692308,0.09230769230769231,0.23076923076923078
paragraph,0.2983870967741935,0.06451612903225806,0.05913978494623656,0.03494623655913978,0.061827956989247305,0.16666666666666666,0.026881720430107524,0.2876344086021505
archive,0.13793103448275862,0.13793103448275862,0.034482758620689655,0.0,0.034482758620689655,0.20689655172413793,0.0,0.4482758620689655
fees,0.13043478260869565,0.14782608695652175,0.043478260869565216,0.004347826086956522,0.05217391304347826,0.13043478260869565,0.0,0.491304347826087
owner,0.2134146341463415,0.10060975609756098,0.06097560975609757,0.030487804878048783,0.03658536585365854,0.1829268292682927,0.0030487804878048786,0.3719512195121951
donations,0.0,0.23333333333333334,0.0,0.0,0.1,0.1,0.0,0.5666666666666667
limited,0.27692307692307694,0.061538461538461535,0.06593406593406594,0.01098901098901099,0.10109890109890109,0.25274725274725274,0.046153846153846156,0.18461538461538463
damages,0.18181818181818182,0.030303030303030304,0.12121212121212122,0.06060606060606061,0.0,0.3333333333333333,0.0,0.2727272727272727
ebook,0.03359173126614987,0.1421188630490956,0.1498708010335917,0.06459948320413436,0.11886304909560721,0.03617571059431524,0.046511627906976744,0.4082687338501292
greylorn,0.022727272727272728,0.15909090909090906,0.13636363636363635,0.045454545454545456,0.11363636363636363,0.045454545454545456,0.045454545454545456,0.43181818181818177
almost,0.08235294117647059,0.16470588235294117,0.10588235294117647,0.12941176470588237,0.03529411764705882,0.1411764705882353,0.011764705882352941,0.32941176470588235
away,0.10909090909090909,0.14545454545454548,0.09090909090909091,0.18181818181818182,0.07272727272727274,0.10909090909090909,0.12727272727272726,0.16363636363636364
distributed,0.04069767441860464,0.22093023255813948,0.10465116279069767,0.09302325581395347,0.11627906976744184,0.04651162790697674,0.005813953488372092,0.3720930232558139
http,0.0,0.22549019607843132,0.0588235294117647,0.0,0.2156862745098039,0.00980392156862745,0.0980392156862745,0.392156862745098
story,0.028571428571428574,0.2285714285714286,0.028571428571428574,0.028571428571428574,0.2285714285714286,0.028571428571428574,0.08571428571428572,0.34285714285714286
long,0.07003891050583658,0.3346303501945525,0.019455252918287938,0.14785992217898833,0.03501945525291829,0.06225680933852141,0.019455252918287938,0.311284046692607
around,0.13513513513513511,0.21621621621621623,0.05405405405405406,0.13513513513513511,0.05405405405405406,0.05405405405405406,0.13513513513513511,0.21621621621621623
world,0.06,0.3,0.06,0.12,0.18,0.06,0.04,0.18
said,0.05140186915887851,0.22897196261682246,0.05140186915887851,0.09813084112149534,0.08411214953271029,0.03271028037383177,0.10280373831775702,0.3504672897196262
'll,0.09090909090909091,0.13636363636363635,0.022727272727272728,0.22727272727272727,0.045454545454545456,0.11363636363636363,0.045454545454545456,0.3181818181818181
know,0.08333333333333333,0.18333333333333335,0.09999999999999999,0.13333333333333333,0.13333333333333333,0.06666666666666667,0.11666666666666665,0.18333333333333335
make,0.016129032258064516,0.21774193548387097,0.016129032258064516,0.0564516129032258,0.13709677419354838,0.07258064516129033,0.08870967741935484,0.3951612903225807
situation,0.09756097560975611,0.21951219512195125,0.07317073170731708,0.07317073170731708,0.14634146341463417,0.07317073170731708,0.17073170731707318,0.14634146341463417
admiral,0.05797101449275363,0.13043478260869568,0.014492753623188408,0.0,0.07246376811594203,0.014492753623188408,0.043478260869565216,0.6666666666666666
door,0.13043478260869568,0.13043478260869568,0.10144927536231885,0.11594202898550726,0.07246376811594203,0.17391304347826086,0.13043478260869568,0.14492753623188406
officer,0.023809523809523808,0.15476190476190477,0.05952380952380952,0.13095238095238096,0.08333333333333333,0.03571428571428571,0.08333333333333333,0.42857142857142855
take,0.12280701754385964,0.2631578947368421,0.03508771929824561,0.17543859649122806,0.08771929824561403,0.08771929824561403,0.05263157894736842,0.17543859649122806
contact,0.0,0.13553113553113555,0.0036630036630036634,0.11355311355311357,0.14285714285714288,0.15750915750915753,0.09890109890109892,0.347985347985348
last,0.05813953488372092,0.2325581395348837,0.04651162790697674,0.09302325581395347,0.1511627906976744,0.08139534883720928,0.08139534883720928,0.25581395348837205
would,0.08303249097472924,0.1768953068592058,0.04332129963898917,0.148014440433213,0.09386281588447654,0.10469314079422383,0.07220216606498195,0.2779783393501805
best,0.06382978723404256,0.21276595744680854,0.021276595744680854,0.07446808510638299,0.13829787234042556,0.053191489361702135,0.11702127659574471,0.31914893617021284
thought,0.045454545454545456,0.5454545454545454,0.045454545454545456,0.09090909090909091,0.045454545454545456,0.09090909090909091,0.022727272727272728,0.11363636363636363
still,0.04347826086956522,0.32608695652173914,0.04347826086956522,0.13043478260869565,0.15217391304347827,0.06521739130434782,0.13043478260869565,0.10869565217391305
time,0.034591194968553465,0.44654088050314467,0.03773584905660377,0.08176100628930819,0.06918238993710693,0.06289308176100629,0.02515723270440252,0.24213836477987424
omega,0.07692307692307691,0.2564102564102564,0.02564102564102564,0.10256410256410256,0.17948717948717946,0.05128205128205128,0.02564102564102564,0.28205128205128205
colony,0.06521739130434782,0.2608695652173913,0.04347826086956522,0.13043478260869565,0.13043478260869565,0.02173913043478261,0.08695652173913045,0.2608695652173913
feeling,0.09756097560975611,0.21951219512195125,0.09756097560975611,0.09756097560975611,0.12195121951219513,0.09756097560975611,0.12195121951219513,0.14634146341463417
seemed,0.075,0.225,0.075,0.075,0.15,0.1,0.125,0.175
us,0.10465116279069768,0.13953488372093023,0.06976744186046512,0.23255813953488372,0.10465116279069768,0.0813953488372093,0.06976744186046512,0.19767441860465115
hold,0.11578947368421054,0.18947368421052632,0.031578947368421054,0.11578947368421054,0.07368421052631578,0.06315789473684211,0.042105263157894736,0.3684210526315789
plan,0.029411764705882356,0.4117647058823529,0.05882352941176471,0.08823529411764706,0.08823529411764706,0.05882352941176471,0.0,0.2647058823529412
course,0.05084745762711864,0.22033898305084745,0.03389830508474576,0.13559322033898305,0.13559322033898305,0.05084745762711864,0.05084745762711864,0.3220338983050847
crew,0.05555555555555555,0.1111111111111111,0.07407407407407407,0.09259259259259259,0.05555555555555555,0.05555555555555555,0.09259259259259259,0.4629629629629629
could,0.08843537414965986,0.1870748299319728,0.030612244897959186,0.11564625850340136,0.11904761904761905,0.06802721088435375,0.0782312925170068,0.3129251700680272
possible,0.10447761194029852,0.1940298507462687,0.0,0.08955223880597016,0.13432835820895525,0.0746268656716418,0.1492537313432836,0.2537313432835821
little,0.051094890510948905,0.1386861313868613,0.07299270072992702,0.051094890510948905,0.12408759124087591,0.05839416058394161,0.08029197080291972,0.4233576642335766
force,0.31343283582089554,0.07462686567164178,0.029850746268656716,0.3582089552238806,0.04477611940298507,0.0,0.029850746268656716,0.14925373134328357
sir,0.08,0.13999999999999999,0.06,0.06,0.04,0.02,0.08,0.52
might,0.053571428571428575,0.26785714285714285,0.053571428571428575,0.125,0.125,0.07142857142857144,0.08928571428571429,0.2142857142857143
far,0.14285714285714285,0.17142857142857143,0.08571428571428572,0.17142857142857143,0.05714285714285715,0.1142857142857143,0.028571428571428574,0.2285714285714286
hope,0.04109589041095891,0.19178082191780824,0.013698630136986304,0.04109589041095891,0.23287671232876714,0.027397260273972608,0.17808219178082196,0.27397260273972607
along,0.04878048780487806,0.26829268292682934,0.02439024390243903,0.09756097560975611,0.17073170731707318,0.04878048780487806,0.09756097560975611,0.24390243902439027
success,0.05737704918032787,0.27868852459016397,0.01639344262295082,0.09016393442622953,0.26229508196721313,0.03278688524590164,0.02459016393442623,0.2377049180327869
supply,0.0,0.14705882352941174,0.029411764705882353,0.058823529411764705,0.2941176470588235,0.029411764705882353,0.11764705882352941,0.3235294117647059
alien,0.04,0.13999999999999999,0.26,0.26,0.1,0.02,0.04,0.13999999999999999
sure,0.08333333333333331,0.27777777777777773,0.05555555555555555,0.05555555555555555,0.08333333333333331,0.0,0.027777777777777776,0.41666666666666663
general,0.02955665024630542,0.0935960591133005,0.049261083743842374,0.10344827586206898,0.08866995073891627,0.06896551724137931,0.024630541871921187,0.5418719211822661
hand,0.05426356589147287,0.186046511627907,0.007751937984496126,0.08527131782945738,0.10077519379844962,0.04651162790697675,0.05426356589147287,0.4651162790697675
bridge,0.10937499999999999,0.203125,0.078125,0.21874999999999997,0.0625,0.078125,0.04687499999999999,0.203125
ship,0.10791366906474818,0.3884892086330935,0.10071942446043164,0.1294964028776978,0.07194244604316545,0.04316546762589927,0.05035971223021582,0.10791366906474818
come,0.05555555555555556,0.16666666666666666,0.05555555555555556,0.16666666666666666,0.05555555555555556,0.11111111111111112,0.08333333333333333,0.3055555555555556
open,0.15789473684210525,0.18421052631578946,0.10526315789473685,0.13157894736842105,0.052631578947368425,0.07894736842105263,0.13157894736842105,0.15789473684210525
looked,0.08571428571428572,0.14285714285714285,0.05714285714285715,0.08571428571428572,0.17142857142857143,0.05714285714285715,0.08571428571428572,0.31428571428571433
back,0.12337662337662336,0.19480519480519481,0.05194805194805195,0.13636363636363635,0.11688311688311688,0.12987012987012986,0.07792207792207792,0.16883116883116883
way,0.07954545454545453,0.25,0.045454545454545456,0.10227272727272727,0.11363636363636363,0.06818181818181818,0.09090909090909091,0.25
kramer,0.14393939393939395,0.15151515151515152,0.09090909090909091,0.15909090909090912,0.05303030303030303,0.10606060606060606,0.12878787878787878,0.16666666666666669
go,0.0,0.4137931034482758,0.0,0.034482758620689655,0.06896551724137931,0.034482758620689655,0.034482758620689655,0.4137931034482758
good,0.00390625,0.234375,0.015625,0.023437499999999997,0.22656249999999997,0.0078125,0.21484375,0.2734375
get,0.11111111111111112,0.16666666666666669,0.07407407407407408,0.16666666666666669,0.11111111111111112,0.11111111111111112,0.0925925925925926,0.16666666666666669
using,0.08256880733944955,0.2293577981651376,0.04587155963302752,0.06422018348623852,0.10091743119266056,0.009174311926605505,0.03669724770642202,0.43119266055045874
men,0.1,0.2,0.04,0.13,0.06999999999999999,0.09,0.06,0.31
already,0.07692307692307693,0.23076923076923078,0.05128205128205129,0.05128205128205129,0.20512820512820515,0.05128205128205129,0.025641025641025644,0.3076923076923077
captain,0.09615384615384615,0.15384615384615385,0.038461538461538464,0.1923076923076923,0.1346153846153846,0.09615384615384615,0.11538461538461538,0.17307692307692307
'd,0.04,0.16,0.04,0.08,0.24,0.06,0.22000000000000003,0.16
n't,0.08955223880597014,0.20398009950248752,0.059701492537313425,0.14925373134328357,0.10945273631840796,0.08457711442786069,0.08457711442786069,0.21890547263681592
like,0.13432835820895525,0.1492537313432836,0.04477611940298508,0.17910447761194032,0.13432835820895525,0.0746268656716418,0.11940298507462689,0.16417910447761197
action,0.0925925925925926,0.14814814814814814,0.08024691358024692,0.154320987654321,0.08024691358024692,0.043209876543209874,0.043209876543209874,0.35802469135802467
let,0.09459459459459459,0.18243243243243243,0.04729729729729729,0.11486486486486486,0.12162162162162161,0.10135135135135134,0.09459459459459459,0.24324324324324323
mutiny,0.2,0.044444444444444446,0.18888888888888888,0.2222222222222222,0.022222222222222223,0.05555555555555555,0.2,0.06666666666666667
part,0.12121212121212123,0.12121212121212123,0.07575757575757576,0.13636363636363638,0.060606060606060615,0.1893939393939394,0.045454545454545456,0.25
wanted,0.13793103448275862,0.1724137931034483,0.034482758620689655,0.13793103448275862,0.13793103448275862,0.10344827586206896,0.10344827586206896,0.1724137931034483
man,0.09589041095890409,0.2054794520547945,0.0547945205479452,0.14383561643835616,0.13013698630136986,0.0410958904109589,0.08904109589041095,0.23972602739726026
section,0.08247422680412371,0.12371134020618554,0.030927835051546386,0.06185567010309277,0.15463917525773194,0.0,0.1134020618556701,0.43298969072164945
alive,0.05555555555555556,0.3055555555555556,0.02777777777777778,0.08333333333333333,0.25,0.02777777777777778,0.0,0.25
felt,0.19999999999999998,0.08571428571428572,0.08571428571428572,0.2857142857142857,0.028571428571428574,0.17142857142857143,0.05714285714285715,0.08571428571428572
damage,0.26666666666666666,0.016666666666666666,0.2333333333333333,0.049999999999999996,0.016666666666666666,0.2833333333333333,0.016666666666666666,0.11666666666666665
control,0.23255813953488372,0.11627906976744186,0.13953488372093023,0.11627906976744186,0.04651162790697675,0.186046511627907,0.023255813953488375,0.13953488372093023
got,0.10256410256410256,0.17948717948717946,0.07692307692307691,0.15384615384615383,0.10256410256410256,0.02564102564102564,0.07692307692307691,0.28205128205128205
cap,0.0425531914893617,0.3829787234042553,0.031914893617021274,0.07446808510638298,0.02127659574468085,0.0425531914893617,0.0,0.40425531914893614
n,0.051771117166212535,0.22343324250681199,0.017438692098092644,0.07411444141689373,0.16021798365122614,0.05940054495912807,0.14005449591280653,0.2735694822888284
power,0.13953488372093023,0.0930232558139535,0.0930232558139535,0.23255813953488372,0.0930232558139535,0.06976744186046512,0.0930232558139535,0.186046511627907
food,0.0,0.11627906976744186,0.023255813953488375,0.04651162790697675,0.3255813953488372,0.023255813953488375,0.04651162790697675,0.4186046511627907
help,0.10810810810810813,0.2702702702702703,0.0,0.13513513513513514,0.08108108108108109,0.08108108108108109,0.08108108108108109,0.24324324324324326
're,0.07643312101910828,0.15923566878980894,0.09554140127388536,0.14012738853503187,0.1464968152866242,0.12101910828025478,0.08280254777070065,0.17834394904458598
mannion,0.06451612903225806,0.1935483870967742,0.03225806451612903,0.16129032258064516,0.16129032258064516,0.0,0.12903225806451613,0.25806451612903225
want,0.11764705882352942,0.17647058823529413,0.11764705882352942,0.29411764705882354,0.029411764705882356,0.11764705882352942,0.0,0.14705882352941177
'm,0.05714285714285715,0.2857142857142857,0.08571428571428572,0.1142857142857143,0.08571428571428572,0.0,0.0,0.37142857142857144
pretty,0.06106870229007634,0.2366412213740458,0.05343511450381679,0.06870229007633588,0.22137404580152673,0.04580152671755725,0.05343511450381679,0.2595419847328244
bodies,0.07317073170731708,0.21951219512195125,0.04878048780487806,0.12195121951219513,0.17073170731707318,0.09756097560975611,0.04878048780487806,0.21951219512195125
human,0.0697674418604651,0.2325581395348837,0.09302325581395347,0.11627906976744184,0.1395348837209302,0.09302325581395347,0.0697674418604651,0.18604651162790695
mancji,0.12500000000000003,0.19444444444444445,0.06944444444444445,0.1388888888888889,0.12500000000000003,0.06944444444444445,0.06944444444444445,0.20833333333333334
kind,0.09722222222222222,0.09722222222222222,0.027777777777777783,0.055555555555555566,0.25000000000000006,0.08333333333333334,0.06944444444444445,0.3194444444444445
pain,0.12121212121212123,0.0,0.060606060606060615,0.42424242424242425,0.030303030303030307,0.36363636363636365,0.0,0.0
enemy,0.3260869565217391,0.06521739130434781,0.21739130434782605,0.3043478260869565,0.0,0.043478260869565216,0.043478260869565216,0.0
