,anger,anticipation,disgust,fear,joy,sadness,surprise,trust
project,0.12181661014695128,0.16975862756832238,0.04847396768402155,0.05352749517920075,0.10406277013099276,0.07540394973070018,0.020280603763548108,0.4066759757962631
gutenberg,0.08465116279069768,0.22511627906976744,0.040697674418604654,0.06976744186046512,0.08046511627906977,0.10930232558139535,0.02441860465116279,0.3655813953488372
ebook,0.059961315280464215,0.18471953578336556,0.03723404255319149,0.11073500967117988,0.12427466150870406,0.06818181818181818,0.05851063829787234,0.35638297872340424
side,0.11298786487372908,0.14348966874385044,0.07789439160380453,0.1433256805510003,0.1298786487372909,0.11839947523778287,0.0744506395539521,0.1995736306985897
sun,0.05204183266932271,0.2101593625498008,0.035358565737051796,0.06474103585657372,0.20766932270916336,0.06822709163346614,0.15363545816733068,0.20816733067729085
evelyn,0.04545454545454545,0.1818181818181818,0.06818181818181818,0.04545454545454545,0.1590909090909091,0.04545454545454545,0.1818181818181818,0.2727272727272727
sharp,0.13200379867046533,0.13200379867046533,0.0778727445394112,0.16524216524216526,0.10446343779677114,0.12630579297245964,0.0835707502374169,0.1785375118708452
use,0.1317911714770798,0.17763157894736842,0.0821307300509338,0.1133276740237691,0.149830220713073,0.07427843803056028,0.0466893039049236,0.22432088285229204
anyone,0.10309278350515465,0.18998527245949928,0.060382916053019146,0.09131075110456555,0.12223858615611194,0.08394698085419736,0.044182621502209134,0.30486008836524303
may,0.10357237364382113,0.16639322572109025,0.07250595395607304,0.11765017200317546,0.13813178089441652,0.10288436094204817,0.06779571315162743,0.23106641968774808
copy,0.18768115942028987,0.10108695652173914,0.07898550724637682,0.075,0.046739130434782616,0.06884057971014493,0.030797101449275364,0.4108695652173913
give,0.0956052428681573,0.18041634541249038,0.05088666152659985,0.11372397841171936,0.14058082755075815,0.10241583140580827,0.07825751734772553,0.23811359547674124
away,0.10466131284916201,0.16672486033519554,0.06634078212290502,0.13992667597765363,0.13067388268156424,0.12203212290502793,0.08196578212290503,0.1876745810055866
terms,0.11877705627705629,0.13122294372294374,0.04707792207792209,0.08143939393939395,0.12472943722943726,0.05465367965367966,0.049242424242424254,0.3928571428571429
license,0.1085,0.21949999999999997,0.05550000000000001,0.0955,0.12150000000000001,0.087,0.0395,0.273
online,0.0436241610738255,0.20134228187919462,0.02181208053691275,0.06711409395973154,0.13926174496644295,0.050335570469798654,0.0738255033557047,0.40268456375838924
fairy,0.04103671706263499,0.19438444924406048,0.06911447084233262,0.1144708423326134,0.2267818574514039,0.08423326133909288,0.08207343412526998,0.1879049676025918
stories,0.06339468302658487,0.147239263803681,0.06134969325153374,0.08384458077709611,0.19427402862985685,0.10429447852760737,0.08384458077709611,0.261758691206544
start,0.06610942249240122,0.37613981762917936,0.034954407294832825,0.09574468085106383,0.1033434650455927,0.0737082066869301,0.0737082066869301,0.1762917933130699
produced,0.07391910739191074,0.18479776847977683,0.04114365411436541,0.11366806136680613,0.14783821478382148,0.0697350069735007,0.07112970711297072,0.29776847977684795
joke,0.030769230769230767,0.2153846153846154,0.015384615384615384,0.04615384615384615,0.24615384615384614,0.061538461538461535,0.15384615384615385,0.23076923076923075
distributed,0.054404145077720206,0.24870466321243523,0.037132987910189985,0.09585492227979275,0.12694300518134716,0.05699481865284974,0.044041450777202076,0.33592400690846286
http,0.03225806451612904,0.20046082949308755,0.002304147465437788,0.03456221198156682,0.1313364055299539,0.02304147465437788,0.06451612903225808,0.5115207373271891
file,0.051903114186851215,0.1799307958477509,0.020761245674740487,0.08996539792387545,0.14186851211072665,0.06228373702422146,0.07612456747404846,0.37716262975778553
made,0.09832134292565947,0.16301244718510907,0.06640401964142972,0.13920292337558526,0.13817517414639718,0.10871302957633894,0.074397624757337,0.21177343839214346
available,0.06690140845070423,0.16901408450704225,0.03169014084507042,0.09154929577464789,0.14788732394366197,0.059859154929577475,0.07746478873239437,0.35563380281690143
wymps,0.017857142857142856,0.23214285714285712,0.05357142857142856,0.03571428571428571,0.19642857142857142,0.03571428571428571,0.19642857142857142,0.23214285714285712
far,0.0958419704914035,0.16388245335934642,0.06852822826484575,0.13108157541763202,0.14486038288013658,0.11218144128764786,0.07218631874161688,0.21143762955737108
would,0.10593026215321964,0.15945533214558413,0.06782896411300586,0.1426062611351489,0.13110206159328072,0.1151692542631713,0.0760753372359379,0.20183252736065158
never,0.10254787149865487,0.16118056654533947,0.07034340876721001,0.12778920715303055,0.15113150815002374,0.11679063142902359,0.07825605317297041,0.19196075328374745
country,0.09077598828696924,0.1625183016105417,0.059541239629087354,0.1325850008134049,0.14250854075158612,0.0891491784610379,0.07288108020172442,0.25004067024564824
knows,0.0912863070539419,0.1590594744121715,0.06569847856154909,0.13070539419087135,0.15421853388658366,0.10719225449515905,0.06639004149377593,0.22544951590594742
well,0.09146983601624792,0.1668421844441101,0.0628102903565518,0.1251692492853919,0.14946592447720775,0.10267789980442303,0.0814653227019708,0.22009929291409655
fairyland,0.024390243902439025,0.24390243902439027,0.07317073170731707,0.07317073170731707,0.21951219512195122,0.0975609756097561,0.04878048780487805,0.21951219512195122
take,0.09539282813043985,0.17976093768132764,0.0631310200765928,0.12753858651502845,0.13264477196239993,0.10583729836369966,0.07821747708019033,0.21747708019032147
way,0.10083972252646953,0.16202993793355241,0.06133625410733845,0.13479372033588902,0.13910186199342828,0.11420226359985397,0.07659729828404528,0.21109894121942316
best,0.0924072984108299,0.17068864037669215,0.06199725328624681,0.11752010986855013,0.1632332744751815,0.10064743967039436,0.07474985285462037,0.21875613105748482
old,0.08858254732537431,0.15599234878965765,0.07163115889453202,0.12110019128025855,0.15619022491920057,0.10942549963722709,0.07387375502935162,0.22320427412439814
room,0.09714548802946593,0.16367403314917128,0.07366482504604052,0.12200736648250461,0.14410681399631675,0.11671270718232045,0.08310313075506445,0.19958563535911603
must,0.11193650793650793,0.16146031746031747,0.07219047619047618,0.14209523809523808,0.12082539682539684,0.11701587301587302,0.06825396825396825,0.2062222222222222
making,0.09701717384754445,0.16752033745103947,0.06779150346489907,0.13739078035552876,0.13618559807170835,0.11539620367580597,0.08195239529978911,0.19674600783368487
girl,0.07735480722303562,0.173743289409468,0.061249389946315264,0.10151293313811614,0.1930209858467545,0.10956564177647632,0.0971205466081015,0.18643240605173253
new,0.08702391496899912,0.1884410983170948,0.05613374667847654,0.12001771479185121,0.14371124889282552,0.08957041629760851,0.06775907883082374,0.24734278122232065
head,0.11215764035196432,0.13830710125170406,0.0755979675300533,0.14090965423224686,0.1291362002726484,0.1334737885735531,0.08241417771718924,0.18800347007064072
copyright,0.09355131698455948,0.18528610354223432,0.0908265213442325,0.04995458673932788,0.05358764759309717,0.09173478655767484,0.009990917347865575,0.42506811989100807
son,0.08501764517163939,0.15431504651908884,0.07731793391081168,0.1177414180301572,0.13827398139236444,0.11004170676932948,0.06641000962463907,0.25088225858196983
children,0.0727906123945728,0.1716171617161716,0.05958929226255959,0.10726072607260725,0.17693436010267694,0.1145947928126146,0.07334066740007335,0.22387238723872388
know,0.10120705663881151,0.16021871453626327,0.07273290003095016,0.12586402558547405,0.1439182915506035,0.11183328174971628,0.0760342515217167,0.20819147838646443
weird,0.1647727272727273,0.11363636363636366,0.3295454545454546,0.17045454545454547,0.06250000000000001,0.03977272727272728,0.028409090909090915,0.09090909090909093
witch,0.17168141592920355,0.10442477876106195,0.21415929203539824,0.20176991150442478,0.12212389380530973,0.03539823008849558,0.04247787610619469,0.10796460176991152
willow-herb,0.1470588235294118,0.16176470588235295,0.2941176470588236,0.1323529411764706,0.08823529411764706,0.014705882352941178,0.014705882352941178,0.1470588235294118
magician,0.02808988764044944,0.0955056179775281,0.011235955056179775,0.033707865168539325,0.20224719101123595,0.06179775280898876,0.34831460674157305,0.21910112359550563
's,0.0996357267061825,0.15304555320040109,0.06754921497201315,0.13172223844035183,0.14046733598182443,0.10599464378641146,0.07439044512419561,0.22719484178861996
princess,0.09217391304347826,0.17217391304347826,0.08,0.13391304347826088,0.1791304347826087,0.10260869565217391,0.08347826086956521,0.1565217391304348
somebody,0.059259259259259255,0.16296296296296295,0.08888888888888888,0.11851851851851851,0.15555555555555553,0.17037037037037037,0.059259259259259255,0.18518518518518517
else,0.0898995240613432,0.17451084082496032,0.059227921734532,0.11898466419883659,0.15864621893178213,0.09730301427815971,0.0904283447911158,0.21099947117927023
prince,0.09623733719247468,0.1609985528219971,0.07091172214182344,0.12916063675832126,0.15846599131693198,0.10202604920405209,0.06765557163531115,0.21454413892908827
tears,0.10540013012361744,0.14508783344176968,0.06961613532856215,0.1203643461288224,0.16330513988288875,0.15744957709824334,0.07351984385165908,0.16525699414443723
prunella,0.11111111111111112,0.15555555555555556,0.022222222222222223,0.13333333333333333,0.15555555555555556,0.13333333333333333,0.08888888888888889,0.19999999999999998
palace,0.08167770419426049,0.16666666666666666,0.05629139072847682,0.11589403973509933,0.17991169977924942,0.09492273730684327,0.07615894039735098,0.22847682119205295
floor,0.11827956989247312,0.13548387096774192,0.08494623655913978,0.14623655913978495,0.13978494623655913,0.14516129032258066,0.07419354838709677,0.15591397849462363
lady,0.08004385964912279,0.1781798245614035,0.05701754385964912,0.10827850877192982,0.17735745614035084,0.10608552631578946,0.0956688596491228,0.19736842105263155
daffodilia,0.13432835820895522,0.14925373134328357,0.07462686567164178,0.07462686567164178,0.16417910447761194,0.13432835820895522,0.05970149253731343,0.20895522388059704
kite,0.0430622009569378,0.11483253588516747,0.39712918660287083,0.07655502392344499,0.0861244019138756,0.052631578947368425,0.0861244019138756,0.14354066985645933
went,0.10168708111855791,0.16685925583545183,0.06794545874740004,0.13427316847700485,0.13554425699098685,0.11139357522532935,0.07811416685925585,0.20418303674601343
moon,0.07715582450832073,0.20121028744326777,0.075642965204236,0.10438729198184568,0.16036308623298035,0.13010590015128592,0.09379727685325265,0.1573373676248109
lived,0.08026960784313726,0.16666666666666669,0.0661764705882353,0.09620098039215687,0.17156862745098037,0.11090686274509803,0.07659313725490197,0.2316176470588235
pink,0.03874269005847954,0.19371345029239767,0.06944444444444445,0.06432748538011696,0.23172514619883042,0.11038011695906433,0.07163742690058479,0.22002923976608185
cottage,0.06521739130434782,0.21014492753623187,0.13043478260869565,0.09420289855072465,0.13768115942028986,0.021739130434782608,0.043478260869565216,0.2971014492753623
top,0.0647748303516348,0.2745219000616903,0.059222702035780374,0.08636644046884638,0.08883405305367056,0.0919185687847008,0.04380012338062924,0.2905613818630475
hill,0.14238410596026488,0.13270504330106977,0.0639327559857361,0.21446765155374423,0.11309220580743759,0.10061130922058073,0.07080998471726947,0.1619969434538971
beautiful,0.05447374907567168,0.14345575548434805,0.04362829677101306,0.07271382795168845,0.3601183140251417,0.08232684249445403,0.07074192753265961,0.1725412866650234
wise,0.08151260504201681,0.16974789915966387,0.06638655462184874,0.11092436974789917,0.16638655462184873,0.07899159663865546,0.08907563025210084,0.23697478991596638
kind,0.0768787238131847,0.09936575052854123,0.04305208533538343,0.08053046319431098,0.25888910244089947,0.08533538343263503,0.05304631943109744,0.3029021718239477
dressed,0.07372400756143667,0.16446124763705103,0.05860113421550094,0.0775047258979206,0.20226843100189038,0.13988657844990549,0.08506616257088848,0.19848771266540643
green,0.05644564949470052,0.11683509982745872,0.0502834606852354,0.06753758935173775,0.2827212225782598,0.09120039438008382,0.05447374907567168,0.2805028346068524
great,0.09808824295462831,0.16606761473146844,0.0639162369120175,0.1286659373860499,0.15096108766994842,0.1062145126842736,0.07975204459030057,0.20633432307131322
eyes,0.09852887758808572,0.14747548129313473,0.0741009807482746,0.12150381402106793,0.16000726480203414,0.13993824918270978,0.08863058481656375,0.1698147475481293
sometimes,0.09108910891089109,0.16475247524752476,0.08039603960396038,0.11841584158415842,0.15920792079207918,0.12871287128712872,0.06495049504950495,0.19247524752475248
filled,0.1029311520109066,0.17791411042944785,0.06884798909338787,0.1336059986366735,0.15541922290388546,0.12610770279481937,0.06612133605998637,0.169052488070893
laughter,0.09099709583736688,0.18780251694094868,0.04743465634075508,0.1181026137463698,0.18102613746369797,0.09390125847047434,0.1548886737657309,0.12584704743465636
round,0.11591695501730104,0.1561418685121107,0.06314878892733564,0.14597750865051903,0.13602941176470587,0.11721453287197231,0.07461072664359862,0.19096020761245674
soft,0.08155767817781044,0.17487141807494488,0.0668626010286554,0.10580455547391623,0.17119764878765614,0.14768552534900808,0.062454077883908894,0.18956649522409993
looked,0.09387936132465996,0.153163808397398,0.06963335304553518,0.13172678888231815,0.16203429923122414,0.11221170904790065,0.09565345949142519,0.18169722057953872
though,0.10462203023758099,0.15127429805615553,0.06773218142548595,0.14168466522678186,0.13572354211663068,0.12319654427645788,0.07265658747300216,0.20311015118790499
done,0.10488888888888889,0.15555555555555556,0.07395555555555555,0.14026666666666665,0.12906666666666666,0.10933333333333334,0.07573333333333333,0.21120000000000003
nothing,0.09851492427584178,0.15718276724011174,0.07307748860461696,0.13939126599029555,0.14512571680635197,0.10792530510219084,0.07704749301573298,0.20173503896485812
smile,0.05226337448559671,0.0934156378600823,0.0411522633744856,0.06584362139917696,0.24609053497942388,0.06296296296296296,0.1905349794238683,0.24773662551440326
hundreds,0.08849557522123894,0.11061946902654866,0.061946902654867256,0.11504424778761062,0.1991150442477876,0.09292035398230088,0.10619469026548671,0.22566371681415928
years,0.08512321953425278,0.17804657472303867,0.06805335744969478,0.12186298892154647,0.13961112367171605,0.11146280804883563,0.06805335744969478,0.2277865702012209
charming,0.04788213627992634,0.1731123388581952,0.04419889502762431,0.07366482504604052,0.2596685082872928,0.09392265193370167,0.08103130755064457,0.2265193370165746
place,0.09536996012405848,0.16781125387682766,0.06346920691182986,0.13269827204253434,0.1394550287992911,0.11364643331856446,0.07188746123172353,0.21566238369517057
world,0.07561983471074381,0.16680440771349864,0.06418732782369146,0.11143250688705235,0.17575757575757578,0.1022038567493113,0.07603305785123966,0.22796143250688708
live,0.08626887131560028,0.17145938173975556,0.07009345794392523,0.12005751258087706,0.17145938173975556,0.102803738317757,0.06793673616103522,0.20992092020129402
white,0.06220355731225296,0.21531620553359682,0.04619565217391304,0.08853754940711463,0.21314229249011857,0.08557312252964427,0.046245059288537546,0.24278656126482212
little,0.0883767940165757,0.1644633110976349,0.06994137861330099,0.11663634525975339,0.17040630685263794,0.11744491611077419,0.07843137254901959,0.19429957550030322
make,0.09075107492452657,0.17573872472783827,0.0609276369957003,0.11764705882352941,0.14829384319824354,0.1005397493367487,0.07794346354404903,0.2281584484493642
queen,0.08247950819672131,0.1598360655737705,0.05942622950819672,0.1290983606557377,0.16956967213114754,0.09887295081967214,0.07889344262295082,0.2218237704918033
one,0.09789743258656682,0.1584780596982805,0.06824197817806185,0.13052273656573482,0.14341360535433748,0.11233778810768932,0.07801235285256203,0.21109604665676718
wymp,0.09941520467836258,0.21052631578947367,0.09941520467836258,0.08771929824561403,0.14619883040935672,0.06432748538011696,0.1345029239766082,0.15789473684210528
could,0.1086260777890734,0.154712150306864,0.06743476787529652,0.14044203471516248,0.13690274483226025,0.1172483903761437,0.07504047592153319,0.19959335818366655
said,0.09270453948109489,0.16554650245935496,0.06630871475237488,0.11665978297600722,0.15037735140615027,0.1059963203544475,0.08260428791349078,0.21980250065707957
long,0.07471481861923554,0.3423798453803319,0.0482240363302157,0.1141266151267773,0.11055846894090932,0.09688057522841541,0.05568470562793966,0.15743093474617503
might,0.10504819473942166,0.16231008005227904,0.06886129717366443,0.14768828622774055,0.12955399444535207,0.11207319065512171,0.07825518706093776,0.19620976964548276
think,0.09213127718465797,0.16725978647686832,0.06722024515618821,0.12350072492421245,0.1535521286410966,0.11269276393831554,0.0830367734282325,0.20060630025042836
wonderful,0.04204204204204204,0.10896610896610896,0.039468039468039465,0.06349206349206349,0.24796224796224794,0.06906906906906907,0.181038181038181,0.24796224796224794
sweet,0.03953989935298346,0.2046489336208962,0.032111190989695663,0.04840642223819794,0.23819793913251855,0.06422238197939133,0.15456506110711718,0.21830817157919957
sorts,0.07228915662650602,0.1686746987951807,0.09638554216867469,0.08433734939759036,0.18072289156626503,0.1566265060240964,0.060240963855421686,0.18072289156626503
people,0.09284644626195139,0.1634604308259417,0.06888607303306071,0.12487040663518027,0.14698767423107936,0.10206197442690933,0.0716507314825481,0.2292362631033291
day,0.09337660421891135,0.17893494615725036,0.05657176574716036,0.12450213895854846,0.15452131582829326,0.11579879038206226,0.08400944092048976,0.19228499778728428
ask,0.07158351409978309,0.17932031814895158,0.05350686912509039,0.10339840925524224,0.15473608098336952,0.10556760665220537,0.08170643528561099,0.25018076644974696
help,0.0855263157894737,0.17351973684210528,0.06551535087719298,0.12609649122807018,0.15021929824561406,0.10581140350877194,0.07483552631578948,0.21847587719298248
course,0.09148976141273717,0.16757467593462333,0.06424948337403719,0.12549314296449368,0.1418373097877137,0.10144655269584821,0.07871501033251926,0.2291940634980274
particular,0.08808290155440415,0.1800518134715026,0.05569948186528498,0.10362694300518135,0.14637305699481865,0.08678756476683938,0.08031088082901555,0.2590673575129534
time,0.08024318556991585,0.33723879695615416,0.052381527559689174,0.10303176712163305,0.11100374441357652,0.08644361235253854,0.0650239561943874,0.16463340983210534
keep,0.08993380506733623,0.1673133987674047,0.05866240584341474,0.12942250627710566,0.14174845925587765,0.1052271170965533,0.07441223464962336,0.23328007304268433
lying,0.2160262417994377,0.11246485473289597,0.2057169634489222,0.09934395501405811,0.0923149015932521,0.09840674789128398,0.04217432052483599,0.13355201499531397
bottom,0.08224299065420561,0.13271028037383178,0.07102803738317758,0.13271028037383178,0.08598130841121496,0.3009345794392524,0.05794392523364486,0.13644859813084112
moment,0.11149259125406577,0.14799421756414888,0.0681243223707987,0.15251174557282254,0.12396096855800506,0.12920130104806649,0.09432598482110588,0.1723888688109866
came,0.10123438205629985,0.16174920969441514,0.06638566912539515,0.13691103417130815,0.14029805810627727,0.11493301219328615,0.08587987355110642,0.19260876110191177
got,0.11619103086779266,0.1566686080372743,0.055620267909143845,0.14356435643564355,0.1316249271986022,0.11153174140943506,0.08415841584158415,0.20064065230052414
found,0.06386727352811626,0.10431654676258992,0.0491851416825723,0.08552341800029363,0.25715753927470264,0.07583321098223461,0.046175304654235784,0.3179415651152547
wanted,0.08341232227488153,0.16966824644549766,0.05687203791469195,0.1109004739336493,0.16777251184834124,0.09289099526066351,0.08056872037914692,0.23791469194312798
doubt,0.06689214580984593,0.08868846298384066,0.04021044720030064,0.2207816610296881,0.07290492296129275,0.19973694099962422,0.04735062006764375,0.263434798947764
trouble,0.1197387518142235,0.15166908563134976,0.07111756168359941,0.1509433962264151,0.125544267053701,0.11828737300435412,0.06894049346879534,0.19375907111756166
voice,0.11543654365436544,0.1494149414941494,0.06615661566156616,0.1332133213321332,0.1491899189918992,0.12173717371737175,0.08708370837083709,0.17776777677767777
full,0.12151756964860701,0.17975640487190253,0.061598768024639504,0.11871762564748704,0.1342573148537029,0.10611787764244714,0.08119837603247934,0.1968360632787344
see,0.08937276568085797,0.17833929151771205,0.06621709457263569,0.11772830679233019,0.15615859603509913,0.10797855053623659,0.07726681832954176,0.20693857653558662
however,0.11312438785504406,0.14903689193601044,0.06431603003591249,0.14087495919033627,0.12193927522037216,0.11230819458047664,0.07100881488736531,0.22739144629448252
sat,0.09403669724770641,0.16016819571865443,0.06957186544342507,0.12308868501529051,0.14870030581039753,0.1142966360856269,0.08753822629969418,0.20259938837920485
looking,0.08486519607843138,0.1642156862745098,0.0628063725490196,0.13204656862745096,0.15533088235294118,0.11182598039215685,0.08149509803921569,0.2074142156862745
saw,0.1009162129863232,0.1658478289735759,0.06891515071039703,0.14141548267162396,0.1428761120701102,0.12056831762050192,0.07874120302748638,0.1807196919399814
everything,0.09961315280464217,0.16634429400386846,0.07059961315280464,0.12911025145067698,0.1537717601547389,0.11895551257253385,0.06624758220502902,0.195357833655706
running,0.1170084439083233,0.1604342581423402,0.09529553679131485,0.13630880579010857,0.13148371531966227,0.10735826296743065,0.08805790108564536,0.16405307599517494
path,0.09857142857142856,0.16,0.09285714285714286,0.11142857142857143,0.1542857142857143,0.11285714285714286,0.07285714285714286,0.19714285714285712
reached,0.0961712390714501,0.172746457642448,0.06059692493216761,0.14651793789568887,0.13656918902622853,0.10702441965631594,0.07627374133252939,0.2041000904431715
stop,0.14285714285714285,0.1443148688046647,0.08746355685131195,0.17201166180758015,0.09620991253644315,0.1326530612244898,0.07142857142857142,0.15306122448979592
stood,0.1146562371346233,0.146562371346233,0.07554549197200494,0.138328530259366,0.13050638122684233,0.1274186908192672,0.08666117743927543,0.18032111980238782
front,0.11798561151079136,0.15203836930455633,0.056115107913669054,0.15491606714628295,0.12997601918465226,0.09976019184652278,0.07913669064748201,0.21007194244604316
come,0.08837664649341402,0.1799572801708793,0.06203275186899252,0.11756852972588111,0.14969740121039515,0.10564257742969027,0.08170167319330722,0.21502313990744037
along,0.09129624700558958,0.1770029278679798,0.06840564280010647,0.1341495874367847,0.13681128560021294,0.12190577588501467,0.07958477508650522,0.19084375831780678
lost,0.08466498458088029,0.13400616764788337,0.059714045416316225,0.10204653770675638,0.11354079058031959,0.2912811886739557,0.055508830950378465,0.15923745444350992
quite,0.08383125113163135,0.16440340394713018,0.06373347818214738,0.11968133260908927,0.16204961071881221,0.11062828173094333,0.08310700706137968,0.21256563461886654
important,0.06134969325153374,0.13974096796182683,0.038854805725971366,0.09134287661895024,0.10838445807770962,0.06952965235173825,0.04771642808452624,0.4430811179277437
difficult,0.08135942327497425,0.13903192584963955,0.05664263645726056,0.3202883625128733,0.11328527291452112,0.07415036045314108,0.06591143151390319,0.1493305870236869
going,0.10818363273453095,0.16506986027944112,0.06526946107784432,0.15209580838323356,0.12395209580838325,0.1159680638722555,0.07824351297405191,0.1912175648702595
call,0.08774978279756733,0.16637706342311034,0.06211989574283232,0.12250217202432667,0.158992180712424,0.10947002606429192,0.07558644656820157,0.21720243266724587
soon,0.09761549925484352,0.1721311475409836,0.06426974664679583,0.14530551415797316,0.1276080476900149,0.11754843517138598,0.07619225037257824,0.1993293591654247
enough,0.10247782196390334,0.16136433159987765,0.07005200367084737,0.13245640868767208,0.14010400734169473,0.10859590088712144,0.0783114102171918,0.20663811563169165
sure,0.09352014010507882,0.16987740805604204,0.07040280210157618,0.12959719789842383,0.14360770577933452,0.11768826619964974,0.07915936952714536,0.19614711033274956
smiled,0.09853249475890985,0.17819706498951782,0.08176100628930819,0.10272536687631029,0.1656184486373166,0.09853249475890985,0.09224318658280924,0.18238993710691825
knew,0.11093502377179082,0.15359218172213418,0.07527733755942947,0.14659270998415214,0.13048071843634443,0.11991547807712626,0.07593766508188061,0.1872688853671421
run,0.10040705563093623,0.16485753052917232,0.0773405698778833,0.17503392130257803,0.12075983717774763,0.1044776119402985,0.08819538670284939,0.1689280868385346
home,0.0768409818569904,0.185241652690959,0.056715962799207195,0.11526147278548558,0.1704528129288001,0.10946790669309345,0.07257203842049093,0.2134471718249733
want,0.09414225941422595,0.15481171548117156,0.06610878661087867,0.1297071129707113,0.14518828451882848,0.11338912133891214,0.08535564853556486,0.2112970711297071
find,0.08630567362779523,0.17667713916096842,0.06597671410090555,0.11439659951949734,0.14729255220846424,0.10977638144520423,0.08519682128996489,0.21437811864720013
boy,0.06875903365682429,0.12492256865579186,0.27648151971918233,0.09188519512698741,0.12533553582490192,0.09023332645054719,0.06339046045839355,0.15899236010737147
interrupted,0.1297709923664122,0.11259541984732824,0.06679389312977098,0.1450381679389313,0.08969465648854962,0.23854961832061067,0.07251908396946564,0.1450381679389313
let,0.0967427345426175,0.167544372927638,0.068656134191535,0.12248878486444315,0.1456992393212405,0.11234640140433001,0.07899356348741954,0.2075287692607763
anybody,0.12568306010928962,0.10382513661202185,0.07103825136612021,0.15846994535519124,0.14754098360655737,0.09836065573770492,0.1092896174863388,0.18579234972677597
asked,0.07641542202153526,0.16637721431052446,0.06009030913511635,0.11184439041333796,0.1642931573463008,0.09065647794373045,0.09795067731851335,0.2323723515109413
oh,0.09392575928008998,0.16422947131608548,0.06692913385826771,0.10798650168728907,0.16591676040494938,0.11979752530933632,0.08155230596175478,0.1996625421822272
answered,0.08969804618117229,0.15008880994671403,0.07149200710479574,0.119449378330373,0.16207815275310836,0.09680284191829486,0.09991119005328597,0.21047957371225579
boys,0.09147286821705426,0.16356589147286824,0.07286821705426356,0.10775193798449613,0.1558139534883721,0.09612403100775195,0.09069767441860466,0.22170542635658916
brave,0.10950080515297908,0.15056360708534622,0.05958132045088567,0.12962962962962965,0.14251207729468598,0.11755233494363929,0.06360708534621579,0.22705314009661834
fun,0.05537459283387622,0.2899022801302931,0.052117263843648204,0.07491856677524429,0.25732899022801303,0.06514657980456026,0.07491856677524429,0.13029315960912052
dreadfully,0.05357142857142856,0.05357142857142856,0.16666666666666666,0.21428571428571425,0.05357142857142856,0.2083333333333333,0.19047619047619047,0.05952380952380952
dull,0.07062146892655367,0.12617702448210924,0.06873822975517892,0.1064030131826742,0.13088512241054615,0.288135593220339,0.06214689265536724,0.14689265536723164
perhaps,0.10014306151645208,0.1692894611349547,0.06652360515021459,0.13400095374344304,0.14067715784453982,0.1235097758702909,0.08011444921316166,0.18574153552694325
fight,0.2344678552133982,0.1085899513776337,0.05024311183144247,0.26202052944354404,0.08211777417612103,0.0753646677471637,0.05564559697460833,0.13155051323608863
reason,0.0987300286767718,0.1667349446947972,0.05899221630479311,0.1442031954117165,0.13764850471118392,0.10528471937730437,0.07414993854977467,0.21425645227365833
play,0.08847836655323287,0.16674769081186194,0.049586776859504134,0.13028682547399126,0.1696645600388916,0.10597958191541079,0.08896451142440448,0.20029168692270297
thing,0.10082961072112318,0.15145713677940864,0.07530312699425655,0.13231227398425865,0.1465645607317592,0.11252924909593703,0.0908317379281004,0.19017230376515634
middle,0.1008729388942774,0.15227934044616875,0.0795344325897187,0.13385063045586806,0.14064015518913675,0.12900096993210475,0.07759456838021339,0.1862269641125121
enchanted,0.05000000000000001,0.11000000000000001,0.05000000000000001,0.12000000000000001,0.25000000000000006,0.09000000000000001,0.07000000000000002,0.26000000000000006
forest,0.08839779005524863,0.14048934490923443,0.07576953433307024,0.13022888713496447,0.164956590370955,0.13338595106550907,0.08602999210734018,0.18074191002367798
ever,0.09971802102025121,0.15560112791591899,0.07254550115355037,0.12278902845424249,0.15944629582158418,0.1163804152781338,0.07972314791079209,0.19379646244552676
wo,0.10512483574244415,0.16557161629434952,0.06701708278580815,0.12877792378449407,0.12614980289093297,0.12352168199737187,0.09461235216819973,0.18922470433639946
n't,0.10103414313854236,0.16291858174655288,0.06853250164149705,0.12393302692055155,0.14248194353250165,0.11071897570584374,0.08806631648063035,0.2023145108338805
get,0.10565453137103019,0.17986057319907045,0.059798605731990695,0.13818745158791632,0.1276529821843532,0.11541440743609603,0.09047250193648333,0.1829589465530596
certainly,0.10256410256410257,0.1619433198380567,0.07782276203328836,0.13180386864597393,0.13045434098065678,0.10481331533963115,0.0760233918128655,0.2145748987854251
next,0.10436200570729719,0.176110884631064,0.06359559722788423,0.1339176518548716,0.13187933143090091,0.12005707297187117,0.08132898491642886,0.188748471259682
happened,0.11044176706827309,0.15863453815261044,0.07329317269076305,0.13755020080321284,0.12048192771084336,0.11746987951807228,0.08835341365461846,0.1937751004016064
minute,0.10665712240515389,0.16750178954903364,0.07015032211882605,0.1309949892627058,0.13457408732999282,0.11811023622047243,0.08160343593414458,0.19040801717967074
tall,0.0636042402826855,0.17579505300353357,0.06978798586572438,0.08833922261484099,0.18197879858657243,0.11837455830388693,0.0812720848056537,0.22084805653710246
hands,0.1038370612838698,0.16257501363884344,0.06910347335879251,0.13602473176941265,0.13820694671758502,0.1260229132569558,0.07765048190580105,0.18657937806873978
back,0.11346353266505359,0.1659177324576564,0.07008295886622883,0.144054614586934,0.12426546837193225,0.12245074317317664,0.07924300034566194,0.18052194953335637
wild,0.09222082810539524,0.13048933500627352,0.06273525721455459,0.12045169385194479,0.1248431618569636,0.10037641154328732,0.22856545378502718,0.14031785863655374
birds,0.07470288624787777,0.17826825127334467,0.052631578947368425,0.1069609507640068,0.19864176570458403,0.0899830220713073,0.08743633276740238,0.21137521222410868
air,0.10711150131694469,0.14749780509218613,0.07052970441908106,0.1498390400936494,0.13842551946151596,0.13140181445712612,0.09657594381035996,0.15861867134913665
every,0.09676577986437142,0.16440619022778646,0.06581464093201182,0.12736915319074943,0.15327769083637627,0.10615545122587376,0.07607372630846809,0.2101373674143627
stopped,0.09015025041736227,0.1686143572621035,0.05509181969949917,0.11519198664440733,0.15358931552587646,0.11185308848080133,0.10851419031719532,0.19699499165275458
kit,0.07065217391304347,0.1684782608695652,0.07608695652173912,0.15217391304347824,0.17391304347826084,0.12499999999999999,0.08152173913043477,0.15217391304347824
coward,0.11189801699716713,0.08781869688385269,0.13597733711048157,0.22096317280453256,0.0764872521246459,0.16997167138810196,0.05524079320113314,0.141643059490085
called,0.09435856253764305,0.15619353543465167,0.07207388074683797,0.12146155390483837,0.13210198755270025,0.10499899618550493,0.06926320016061031,0.2495482834772134
show,0.08122646584185046,0.13824636901559978,0.0521785906401291,0.10462614308768155,0.13044647660032274,0.0849919311457773,0.05890263582571275,0.3493813878429263
without,0.1085140562248996,0.15550200803212852,0.06594377510040161,0.14795180722891568,0.12377510040160643,0.11815261044176707,0.06779116465863454,0.2123694779116466
shall,0.08887308922858159,0.1694513567958289,0.054390330607891925,0.12442232492001422,0.1432634198364735,0.0998933522929257,0.07643085673658016,0.243275269581704
something,0.09365679061443628,0.16106581825412608,0.06860210777490557,0.13501690196858224,0.142573076158282,0.12765957446808512,0.08570292304633129,0.18572280771525157
go,0.09184629803186505,0.17514058106841612,0.05962980318650422,0.12312558575445173,0.1408153701968135,0.11785379568884724,0.07884254920337395,0.21274601686972822
court,0.1911976911976912,0.21669071669071668,0.05531505531505531,0.20683020683020684,0.07744107744107745,0.06782106782106782,0.04304954304954305,0.14165464165464164
king,0.10276540895242559,0.15760487461917036,0.07499414108272791,0.13580970236700257,0.1463557534567612,0.10323412233419264,0.0706585423013827,0.208577454886337
always,0.08532522091844125,0.16934666087208458,0.06113284079385774,0.12472837896566709,0.16543531797769084,0.10517166449369839,0.07619875416485586,0.21266116181370417
war,0.1016624040920716,0.1300085251491901,0.05839727195225917,0.28942881500426254,0.0995311167945439,0.09569479965899404,0.05839727195225917,0.16687979539641942
much,0.09226973684210525,0.16636513157894733,0.06373355263157894,0.12393092105263155,0.15065789473684207,0.11217105263157894,0.0760690789473684,0.21480263157894733
right,0.13070924619383587,0.149275900482733,0.06139373684861987,0.12291125139249906,0.11511325659116227,0.12575813838346328,0.07228617403143953,0.22255229607624705
like,0.10703331570597567,0.15721840296139608,0.0683765203595981,0.13802221047065047,0.14732945531464833,0.11782125859333686,0.08164992067689053,0.182548915917504
laughed,0.09511343804537521,0.1631762652705061,0.07417102966841185,0.11169284467713786,0.19197207678883071,0.10034904013961604,0.09336823734729494,0.1701570680628272
another,0.11344045972118762,0.1499414706821326,0.07183143556454187,0.14451420666170053,0.1272746621262105,0.11950622539108227,0.07959987229967011,0.1938916675534745
heard,0.11474316210807206,0.16244162775183457,0.06737825216811208,0.13525683789192797,0.12825216811207474,0.11957971981320882,0.08905937291527685,0.183288859239493
brought,0.10704168352893564,0.16066369890732496,0.07041683528935654,0.13840550384459732,0.13233508700930796,0.11169566976932414,0.08215297450424928,0.19728854714690408
left,0.1151161314887676,0.15585734230232262,0.07031349155984261,0.14532301053433175,0.120573676862546,0.12311207005965222,0.07005965224013198,0.19964462495240512
although,0.0937405503477472,0.16087087995161778,0.06864227396431812,0.12276988206833987,0.14786815845176896,0.11158149380102812,0.07196855155730268,0.22255820985787725
many,0.09790159189580319,0.15622286541244573,0.06924746743849494,0.1268451519536903,0.14081041968162086,0.11808972503617947,0.0751085383502171,0.2157742402315485
took,0.10084692597239647,0.1687578419071518,0.06540150564617314,0.13158720200752824,0.13017565872020076,0.10539523212045168,0.08202634880803011,0.21580928481806774
royal,0.09759188846641319,0.155893536121673,0.07055344317701732,0.15673848753696665,0.12970004224757076,0.10054921841994086,0.06675116180819604,0.22222222222222224
morning,0.08764589297511562,0.19489099317330985,0.0521911473243779,0.11473243778903326,0.1603171107685532,0.10107905747632681,0.08676502972913455,0.20237833076414888
crown,0.0734341252699784,0.13174946004319654,0.06695464362850972,0.15334773218142547,0.15550755939524838,0.1187904967602592,0.06263498920086392,0.2375809935205184
felt,0.11705542478065482,0.15471859619088382,0.07725230044939012,0.14316285041729085,0.13310507168842287,0.13032313289107642,0.07896426278621871,0.1654183607960625
believe,0.10665294924554183,0.1498628257887517,0.07373113854595335,0.12997256515775035,0.14643347050754457,0.11179698216735252,0.0775034293552812,0.20404663923182442
life,0.09350573453137558,0.15727956753597783,0.06852217108627366,0.12594053619694645,0.15830228650741474,0.11746657900504054,0.07495069033530573,0.20403243480166558
remember,0.10112359550561799,0.17160367722165476,0.05822267620020429,0.12359550561797754,0.16036772216547499,0.11031664964249235,0.0745658835546476,0.20020429009193055
possibly,0.10287443267776097,0.151285930408472,0.07261724659606655,0.1573373676248109,0.14069591527987896,0.09531013615733737,0.07261724659606655,0.20726172465960666
ready,0.09798931025706287,0.32654619496054976,0.049121913973021125,0.12064138457622806,0.10027996945787733,0.07788241282769152,0.06439297531178416,0.1631458386357852
idea,0.10515463917525773,0.16426116838487972,0.06391752577319587,0.15189003436426116,0.13539518900343642,0.09690721649484535,0.09140893470790377,0.19106529209621992
nice,0.11309523809523808,0.13095238095238093,0.08333333333333333,0.11309523809523808,0.20238095238095238,0.11309523809523808,0.08333333333333333,0.1607142857142857
marry,0.03906249999999999,0.17578124999999997,0.03320312499999999,0.16406249999999997,0.19726562499999997,0.04199218749999999,0.14160156249999997,0.20703124999999997
added,0.09641097818437722,0.16045038705137227,0.05911330049261084,0.11893033075299085,0.15552427867698804,0.09781843771991555,0.08585503166783956,0.2258972554539057
good,0.04419191919191919,0.20896464646464646,0.03268799102132436,0.06060606060606061,0.20650953984287318,0.04826038159371492,0.16449214365881032,0.23428731762065094
rode,0.11371712864250177,0.17484008528784648,0.06254442075337598,0.13646055437100213,0.13077469793887705,0.08955223880597014,0.0767590618336887,0.21535181236673773
majesty,0.07359635811836115,0.10925644916540213,0.04628224582701062,0.1267071320182094,0.09787556904400607,0.07814871016691959,0.04704097116843703,0.421092564491654
sitting,0.08579465541490858,0.170182841068917,0.06329113924050633,0.12517580872011252,0.14767932489451477,0.1181434599156118,0.08720112517580872,0.20253164556962025
straight,0.1175684702738811,0.15965263861055445,0.06412825651302606,0.14829659318637278,0.1302605210420842,0.12024048096192386,0.07748830995323981,0.18236472945891785
tell,0.09094992140130248,0.1598922075005614,0.06557377049180328,0.11699977543229283,0.14933752526386707,0.11273298899618234,0.07702672355715248,0.2274870873568381
two,0.1037418207229528,0.16638078902229847,0.06695889714757639,0.13385426592973762,0.13423543612222857,0.11466869957435996,0.07737754907566229,0.20278254240518392
say,0.09628610729023385,0.1601850694010254,0.06790046267350255,0.11316743778917095,0.146554958109291,0.10916593722645992,0.08115543328748281,0.22558459422283356
really,0.095952023988006,0.13680659670164919,0.07158920539730135,0.12368815592203898,0.15292353823088456,0.11431784107946026,0.08770614692653672,0.21701649175412294
dear,0.06339598598279707,0.18413507486460656,0.05702453010512902,0.08792609111181904,0.20707231602421153,0.10162472124880535,0.07295316979929914,0.22586811086333225
cried,0.1081441922563418,0.15086782376502003,0.06586559857587895,0.11704494882064975,0.1628838451268358,0.1059190031152648,0.09612817089452605,0.19314641744548286
learned,0.08618233618233617,0.18233618233618232,0.05911680911680911,0.11538461538461539,0.1517094017094017,0.0997150997150997,0.06837606837606837,0.23717948717948717
've,0.0902028485110056,0.1903323262839879,0.05524384980578334,0.10185584807941302,0.15537332757876562,0.10142425550280534,0.09797151488994389,0.20759602934829519
jumped,0.05084745762711865,0.22033898305084748,0.03389830508474576,0.11864406779661019,0.2033898305084746,0.1016949152542373,0.06779661016949153,0.2033898305084746
held,0.11320754716981132,0.15212264150943397,0.06768867924528302,0.14504716981132076,0.12216981132075472,0.10330188679245284,0.07382075471698113,0.22264150943396227
