,anger,anticipation,disgust,fear,joy,sadness,surprise,trust
project,0.12453619375295151,0.16737502529852258,0.05201376239627606,0.050394656952034,0.10369021115833502,0.0769749713283411,0.019429265330904676,0.4055859137826351
gutenberg,0.09100025068939584,0.22261218350463777,0.056906492855352216,0.06091752318876912,0.07370268237653547,0.12183504637753824,0.019804462271245927,0.35322135873652544
breakfasts,0.028571428571428574,0.2285714285714286,0.0,0.028571428571428574,0.2571428571428572,0.05714285714285715,0.08571428571428572,0.31428571428571433
teas,0.01818181818181818,0.18181818181818182,0.01818181818181818,0.01818181818181818,0.3272727272727272,0.01818181818181818,0.054545454545454536,0.36363636363636365
use,0.1311572700296736,0.1782393669634026,0.0824925816023739,0.10761622156280912,0.15153313550939665,0.07457962413452028,0.05519287833827893,0.21918892185954503
anyone,0.10253583241455347,0.2039691289966924,0.06284454244762953,0.07828004410143329,0.1300992282249173,0.0804851157662624,0.04410143329658214,0.29768467475192945
may,0.10680668502273165,0.1664852404431069,0.07107639111224948,0.11173720945123904,0.13895114298520844,0.10258052122686816,0.06838701415124544,0.233975795607351
copy,0.18329221008107155,0.10398308071906945,0.0782516743038421,0.07402185407120197,0.048642932675361295,0.06873457878040183,0.032428621783574196,0.4106450475854776
give,0.08990118100747167,0.180645938780429,0.058929862617498184,0.10508556278621355,0.15003615328994938,0.10653169438418895,0.08255001205109665,0.22631959508315258
terms,0.12215376372890437,0.1293865523707474,0.04955799624966516,0.08384677203321725,0.12188588266809537,0.058398071256362184,0.049290115188856155,0.3854808465041522
license,0.1132623426911907,0.21393998063891578,0.06292352371732818,0.09341723136495643,0.12245885769603097,0.08906098741529526,0.038722168441432725,0.26621490803484993
social,0.08125247720967103,0.16210860087197781,0.05152596115735237,0.10741181133571147,0.14229092350376538,0.09552120491478401,0.0737217598097503,0.28616726119698777
english,0.07913181098801718,0.17861180194438164,0.05109654080940537,0.10603662672394303,0.1740899841736378,0.09043635541487677,0.07076644811214107,0.2498304318335971
book,0.06703296703296703,0.1945054945054945,0.06758241758241758,0.10604395604395604,0.15714285714285714,0.07802197802197802,0.07197802197802199,0.2576923076923077
public,0.053837118245888806,0.35121378230227096,0.034064212999216914,0.06949882537196554,0.10767423649177761,0.052270947533281126,0.056186374314800315,0.27525450274079877
domain,0.023853211009174317,0.3669724770642202,0.01651376146788991,0.06972477064220184,0.10458715596330276,0.025688073394495418,0.049541284403669734,0.34311926605504595
archive,0.1341381623071764,0.14084507042253522,0.03621730382293763,0.0006706908115358819,0.038900067069081154,0.19718309859154928,0.0026827632461435278,0.4493628437290409
eat,0.08668730650154799,0.1718266253869969,0.08359133126934984,0.1068111455108359,0.16873065015479874,0.10371517027863776,0.09287925696594426,0.18575851393188852
national,0.07636363636363637,0.1549090909090909,0.048,0.1330909090909091,0.14545454545454545,0.09890909090909092,0.07345454545454545,0.2698181818181818
food,0.06535947712418302,0.12596553773024363,0.05822935234699941,0.10338680926916222,0.23767082590612004,0.08734402852049912,0.054664289958407615,0.26737967914438504
's,0.07152486438100578,0.18202603453296376,0.054786838217055094,0.09676132135500361,0.18914400957691188,0.10014775190621529,0.07875068753168038,0.22685849249916418
women,0.0868469679153368,0.16378296657147656,0.0685368721652948,0.11137241726860406,0.1745338484797581,0.10952460944061816,0.08079959684192843,0.20460272131698304
many,0.09098955567357055,0.16224110462028676,0.061249778721897685,0.1258629845990441,0.15073464329969907,0.11037351743671447,0.07833244822092406,0.22021596742786334
high,0.07613469985358712,0.18657184689395523,0.05145367078017151,0.09558669734365195,0.16460991424388202,0.08680192428362267,0.08450115038694833,0.25434009621418113
given,0.08291608251552172,0.17764870819146805,0.05908271580212297,0.11355898257560584,0.15101141598237533,0.09813739234928902,0.07690767073903465,0.24073703184458242
entertaining,0.02702702702702703,0.24324324324324323,0.02702702702702703,0.0,0.32432432432432434,0.02702702702702703,0.08108108108108109,0.2702702702702703
full,0.1098568281938326,0.17924008810572686,0.06112334801762115,0.1119218061674009,0.14289647577092512,0.10999449339207049,0.07833149779735683,0.20663546255506607
well,0.09160242742332295,0.16516319501394128,0.06388387731671313,0.1257995735607676,0.148843693619813,0.10398556667213384,0.08159750697064129,0.2191241594226669
new,0.052484454332819896,0.20508871013748647,0.03964858234924982,0.07895487477893777,0.185407039762679,0.073135946146386,0.07906897141879171,0.2862114210736494
ideas,0.09008097165991902,0.1346153846153846,0.05263157894736842,0.10728744939271255,0.14170040485829957,0.08906882591093117,0.07085020242914979,0.3137651821862348
hold,0.11225212464589235,0.1586402266288952,0.0623229461756374,0.12712464589235128,0.12216713881019832,0.10871104815864023,0.0708215297450425,0.23796033994334279
good,0.045352070338919366,0.2084617118809649,0.03325317502066581,0.056023145712782746,0.20635755617344256,0.0485834523183287,0.1657398361764485,0.23622905237844743
country,0.08363183304781185,0.16959975081762965,0.05263977573586668,0.11882884285936768,0.16446036442921663,0.0926646939729014,0.07241862638218345,0.24575611275502254
plain,0.11654589371980677,0.13647342995169082,0.05917874396135266,0.10507246376811595,0.1177536231884058,0.08816425120772947,0.0676328502415459,0.3091787439613527
woman,0.08214063472308651,0.16677037958929683,0.06450943787595935,0.10941713337481852,0.17942335615017635,0.11242480813109315,0.07840696950840076,0.20690728064716865
room,0.09559307169480379,0.15807936855952642,0.07213330409997808,0.1267265950449463,0.14075860556895417,0.12650734488050866,0.08770006577504934,0.19250164437623327
another,0.09954806400390863,0.16428484182240136,0.06779039941370464,0.13839013069500428,0.14010015878832296,0.1118846952485648,0.08403566630023207,0.19396604372786125
course,0.09090909090909091,0.16919191919191923,0.058621933621933624,0.12445887445887448,0.14195526695526697,0.09866522366522366,0.08712121212121213,0.22907647907647907
large,0.048910523875753356,0.21974965229485396,0.037899860917941584,0.06675938803894298,0.22241539174779787,0.08391284191006027,0.05910987482614742,0.2612424663885025
must,0.10595535172320768,0.1661158696971741,0.06697241518850745,0.13225871720509882,0.1301004923450462,0.1108788021852027,0.0743913131449383,0.21332703851082488
kind,0.06805229634596044,0.10325175997318137,0.04140127388535032,0.06989607777405298,0.27321488434461955,0.0806235333556822,0.05481059336238686,0.30874958095876637
set,0.12285714285714286,0.15253968253968253,0.061587301587301586,0.11222222222222222,0.13698412698412699,0.10904761904761905,0.062380952380952384,0.24238095238095236
day,0.0869413893916191,0.18508979535013226,0.05687038841709592,0.11207016566894057,0.15954336628149798,0.11151329528052346,0.08680217179451483,0.2011694278156759
little,0.08791315776663583,0.1760697074429246,0.07554884875626734,0.11045124860049652,0.16424086063379253,0.11205763520420581,0.07997858151195054,0.1937399600837268
information,0.028307692307692308,0.18584615384615386,0.017846153846153845,0.08123076923076923,0.13723076923076924,0.06830769230769232,0.020307692307692308,0.46092307692307694
breakfast,0.04696673189823875,0.23874755381604698,0.03131115459882584,0.07045009784735813,0.20743639921722118,0.08806262230919766,0.08806262230919766,0.2289628180039139
works,0.10753332334880934,0.17822375318256703,0.06140482252508612,0.05376666167440467,0.1419799311067845,0.03534521491687884,0.036243822075782535,0.385502471169687
table,0.07084282460136675,0.20660592255125287,0.04533029612756265,0.09863325740318907,0.1674259681093394,0.08815489749430525,0.0927107061503417,0.23029612756264237
wedding,0.05676126878130217,0.21869782971619367,0.045075125208681135,0.07846410684474123,0.21869782971619367,0.07846410684474123,0.08013355592654424,0.22370617696160267
hostess,0.05381165919282511,0.17488789237668162,0.022421524663677132,0.07174887892376682,0.21973094170403587,0.07174887892376682,0.09417040358744394,0.2914798206278027
different,0.09847764034253091,0.1636536631779258,0.0675547098001903,0.12369172216936251,0.142721217887726,0.10323501427212178,0.08230256898192198,0.21836346336822074
attend,0.052083333333333336,0.16145833333333334,0.04166666666666667,0.09375,0.17708333333333334,0.08854166666666667,0.08333333333333334,0.3020833333333333
person,0.13619854721549637,0.16313559322033896,0.060230024213075065,0.10169491525423728,0.1410411622276029,0.10441888619854722,0.08504842615012106,0.20823244552058112
five,0.1006312662458225,0.18566654288897141,0.06721128852580766,0.12885258076494616,0.12291125139249907,0.10917192721871519,0.08243594504270331,0.2031191979205347
entertainment,0.03763440860215054,0.24731182795698925,0.005376344086021505,0.01075268817204301,0.24193548387096772,0.03763440860215054,0.17204301075268816,0.24731182795698925
find,0.089036312849162,0.17091480446927373,0.06337290502793295,0.1269203910614525,0.1471717877094972,0.11295391061452513,0.0850209497206704,0.20460893854748605
typical,0.14285714285714285,0.08035714285714285,0.10714285714285712,0.17857142857142858,0.15178571428571427,0.11607142857142856,0.05357142857142856,0.16964285714285712
menu,0.09836065573770492,0.2185792349726776,0.01092896174863388,0.032786885245901634,0.28415300546448086,0.016393442622950817,0.12021857923497267,0.2185792349726776
decorations,0.052173913043478265,0.16521739130434784,0.06956521739130435,0.060869565217391314,0.2,0.0782608695652174,0.052173913043478265,0.32173913043478264
two,0.09562293916079395,0.17281955130277366,0.06103316738863387,0.13021271093295406,0.1417210835973363,0.10551496734984162,0.08295079847417082,0.21012478179349584
silver,0.026607142857142857,0.22803571428571429,0.027321428571428573,0.032857142857142856,0.24571428571428572,0.05589285714285714,0.13267857142857142,0.25089285714285714
light,0.0882033793210355,0.16602077197333748,0.06324600837079522,0.12199658967601922,0.16927608122771662,0.12292667803441326,0.09579910091458688,0.1725313904820958
cake,0.06194690265486727,0.23893805309734517,0.013274336283185842,0.030973451327433635,0.26548672566371684,0.044247787610619475,0.13274336283185842,0.21238938053097348
tea,0.05131128848346637,0.20752565564424175,0.05701254275940707,0.06955530216647662,0.217787913340935,0.07183580387685291,0.09920182440136831,0.225769669327252
spring,0.06081601231716705,0.201693610469592,0.051193225558121634,0.096612779060816,0.20092378752886836,0.08352578906851424,0.09430331023864512,0.2109314857582756
autumn,0.03747870528109029,0.2231686541737649,0.03747870528109029,0.07666098807495741,0.21465076660988075,0.10732538330494037,0.07495741056218058,0.2282793867120954
april,0.05607476635514018,0.1822429906542056,0.06074766355140187,0.07009345794392523,0.1822429906542056,0.07476635514018691,0.09813084112149532,0.2757009345794392
musical,0.11634756995581738,0.17378497790868924,0.025036818851251842,0.058910162002945514,0.1796759941089838,0.13991163475699558,0.1251840942562592,0.18114874815905743
red,0.03332071185157137,0.242474441499432,0.027830367285119274,0.04709390382430897,0.25004733055660733,0.07620219613782658,0.06957591821279818,0.2534551306323362
rose,0.06855100714749837,0.19070825211176087,0.05425601039636127,0.09600389863547758,0.200454840805718,0.10185185185185185,0.0813840155945419,0.20679012345679013
chrysanthemum,0.03571428571428571,0.21428571428571425,0.0,0.03571428571428571,0.21428571428571425,0.14285714285714285,0.10714285714285712,0.25
lily,0.11949685534591196,0.15723270440251574,0.07547169811320754,0.08176100628930819,0.22012578616352202,0.10062893081761007,0.07547169811320754,0.169811320754717
tulip,0.05037783375314862,0.21158690176322417,0.04785894206549118,0.05037783375314862,0.2392947103274559,0.09319899244332493,0.08312342569269521,0.22418136020151133
grape,0.0913978494623656,0.20967741935483872,0.026881720430107527,0.08064516129032258,0.2258064516129032,0.04301075268817204,0.11827956989247311,0.2043010752688172
o'clock,0.06181818181818182,0.23090909090909092,0.02909090909090909,0.09272727272727273,0.17272727272727273,0.09636363636363637,0.1109090909090909,0.20545454545454545
afternoon,0.0767511177347243,0.18777943368107305,0.049180327868852465,0.12518628912071536,0.1587183308494784,0.1341281669150522,0.09165424739195233,0.17660208643815203
gypsy,0.03773584905660377,0.32075471698113206,0.0,0.018867924528301886,0.22641509433962262,0.018867924528301886,0.22641509433962262,0.1509433962264151
japanese,0.020923520923520924,0.24386724386724387,0.020202020202020204,0.03535353535353535,0.2619047619047619,0.07431457431457432,0.07215007215007216,0.2712842712842713
party,0.11770031688546856,0.1502942507922137,0.07469443186962427,0.12675418741511998,0.12222725215029429,0.12765957446808512,0.0774105930285197,0.20325939339067456
pretty,0.051944971537001894,0.24762808349146107,0.03178368121442125,0.061669829222011384,0.24454459203036052,0.05716318785578747,0.051233396584440226,0.2540322580645161
shades,0.0728476821192053,0.17218543046357615,0.059602649006622516,0.0728476821192053,0.2185430463576159,0.07947019867549669,0.06622516556291391,0.2582781456953642
bouquet,0.07894736842105263,0.1842105263157895,0.013157894736842105,0.0,0.35526315789473684,0.0,0.039473684210526314,0.32894736842105265
yellow,0.024266490183101695,0.261710419883815,0.023016398264578276,0.038899919111699384,0.26038679314655483,0.06971100816236488,0.056327671152290607,0.26568130009559526
flower,0.037037037037037035,0.21174004192872115,0.028651292802236196,0.05520614954577219,0.2564640111809923,0.08106219426974143,0.0880503144654088,0.24178895877009082
sandwiches,0.05714285714285714,0.24761904761904763,0.03809523809523809,0.047619047619047616,0.24761904761904763,0.0,0.13333333333333333,0.22857142857142856
serving,0.18309859154929575,0.12676056338028166,0.09859154929577464,0.18309859154929575,0.08450704225352111,0.11267605633802816,0.042253521126760556,0.16901408450704222
one,0.09493941858971615,0.16586034165346578,0.06364259108618402,0.12737080960739822,0.14815686946097528,0.10855418075951535,0.08239499935779425,0.20908078948495099
laws,0.0912526997840173,0.11987041036717067,0.05507559395248381,0.1258099352051836,0.10151187904967604,0.12041036717062638,0.056695464362850986,0.3293736501079914
upon,0.10416666666666669,0.15881642512077296,0.06733091787439614,0.13771890096618358,0.13152928743961353,0.11930102657004832,0.0763888888888889,0.20474788647342998
noonday,0.05882352941176471,0.17647058823529413,0.08823529411764706,0.1470588235294118,0.17647058823529413,0.05882352941176471,0.05882352941176471,0.23529411764705885
time,0.07609354174239671,0.33809927703057474,0.051011753301829645,0.10384102750514966,0.11442303808716023,0.08881618805282927,0.06728866270851004,0.16042651157154975
best,0.07132839110398718,0.18793828892005612,0.04748547385293529,0.09356842316169105,0.18593468242837108,0.08896012823081548,0.08134642356241234,0.24343818873973155
several,0.0758839888756456,0.18752483114819227,0.0500595947556615,0.12316249503377036,0.13945172824791416,0.09892729439809297,0.09098132697655939,0.23400874056416365
service,0.06468231253577561,0.17000572409845452,0.04464796794504866,0.1053234115626789,0.16027475672581568,0.11219232970807098,0.07212364052661706,0.27074985689753867
every,0.10350146537097026,0.16180780502853623,0.06347370044732378,0.12787289834952956,0.1476939688415857,0.10689495603887092,0.08136665124170911,0.20738855468147468
form,0.08705701078582435,0.17745249101181307,0.05161787365177196,0.10426296866974832,0.15228556753980482,0.09090909090909091,0.06702619414483821,0.2693888032871084
much,0.09290060851926978,0.16154158215010142,0.06498985801217039,0.12056795131845842,0.1565922920892495,0.10855983772819473,0.08519269776876268,0.2096551724137931
french,0.05747613997879109,0.21378579003181336,0.03541887592788971,0.0782608695652174,0.2220572640509014,0.07698833510074231,0.06786850477200425,0.2481442205726405
american,0.0467309753483387,0.20878885316184354,0.039013933547695605,0.06602357984994642,0.22893890675241158,0.07738478027867095,0.08231511254019293,0.2508038585209003
dinner,0.07569296375266525,0.20255863539445632,0.046908315565031986,0.09594882729211089,0.17377398720682302,0.09594882729211089,0.08742004264392325,0.2217484008528785
serve,0.0783625730994152,0.1637426900584795,0.04210526315789473,0.08771929824561403,0.13450292397660815,0.06432748538011696,0.07719298245614035,0.35204678362573094
meet,0.08280254777070063,0.19353258206761392,0.053895149436550716,0.1268985791278785,0.14453699167074965,0.10044096031357178,0.08868201861832435,0.20921117099461045
without,0.10236486486486486,0.16427364864864866,0.06393581081081082,0.13488175675675676,0.12972972972972974,0.11570945945945946,0.07339527027027028,0.21570945945945946
first,0.09377625541265429,0.18432107542170229,0.05816583726491307,0.12589672332450072,0.14489756349770566,0.10721902669165642,0.0769081626058295,0.20881535578103794
lay,0.10905502097211942,0.14951887490747592,0.07969405378731803,0.15173945225758698,0.11917098445595854,0.14754502837404393,0.07451270663705897,0.1687638786084382
way,0.09896109805111095,0.16713429893076515,0.07219231060893304,0.12838401455979373,0.13475392431940547,0.11139758853416243,0.07992720103131871,0.20724956396451047
save,0.07676508344030811,0.11245186136071889,0.05237483953786907,0.1142490372272144,0.23594351732991015,0.08883183568677792,0.045699614890885754,0.2736842105263158
cloth,0.053130929791271354,0.2106261859582543,0.03415559772296015,0.05123339658444023,0.2409867172675522,0.060721062618595834,0.08159392789373815,0.2675521821631879
white,0.02878637479755498,0.2514758894519617,0.02434564547306828,0.042578757640666626,0.2628911760096128,0.06749908573219789,0.054960555874823666,0.26746251502011387
linen,0.034482758620689655,0.2068965517241379,0.0,0.034482758620689655,0.24137931034482757,0.034482758620689655,0.0,0.44827586206896547
thick,0.09051094890510948,0.17664233576642333,0.07445255474452554,0.11970802919708028,0.14744525547445256,0.13138686131386862,0.07591240875912408,0.18394160583941604
small,0.07881115378193354,0.17882785106027718,0.05894139255301385,0.10669560861579562,0.17148104858907998,0.11487727500417431,0.07313407914509934,0.21723159125062613
fruit,0.09666080843585237,0.17662565905096658,0.08172231985940245,0.08435852372583479,0.17926186291739893,0.08172231985940245,0.10544815465729349,0.19420035149384884
flowers,0.0688427299703264,0.1922848664688427,0.05578635014836794,0.08249258160237387,0.2261127596439169,0.1002967359050445,0.08071216617210683,0.19347181008902073
part,0.10295905958654238,0.16538305634373734,0.06391028239427106,0.12660451290366168,0.14606134306174845,0.10930955276314012,0.07336846372111877,0.21240372922578032
decoration,0.048780487804878044,0.34146341463414637,0.0,0.0,0.2926829268292683,0.024390243902439022,0.024390243902439022,0.26829268292682923
used,0.10139165009940358,0.1587143803843605,0.05666003976143141,0.11033797216699802,0.13452617627567925,0.09973492379058979,0.06759443339960239,0.2710404241219351
fine,0.08176369863013698,0.18835616438356168,0.06164383561643835,0.09118150684931507,0.17594178082191783,0.10830479452054793,0.08647260273972603,0.20633561643835618
old,0.08584905660377358,0.1673854447439353,0.06657681940700809,0.11731805929919137,0.1589622641509434,0.1123989218328841,0.07594339622641509,0.21556603773584904
place,0.09376422394173874,0.16044606281292673,0.05939918070095585,0.13188438780154757,0.14542558033682293,0.11527082385070553,0.07305416477014111,0.22075557578516158
salt,0.05454545454545454,0.20279720279720279,0.06293706293706293,0.061538461538461535,0.22517482517482518,0.06713286713286713,0.0839160839160839,0.24195804195804194
pepper,0.0415335463258786,0.23003194888178913,0.02236421725239617,0.03514376996805112,0.2715654952076677,0.05431309904153355,0.09584664536741214,0.24920127795527158
salted,0.14583333333333334,0.16666666666666666,0.041666666666666664,0.06249999999999999,0.2916666666666667,0.041666666666666664,0.041666666666666664,0.20833333333333331
put,0.10522561084358836,0.1663991439272338,0.06456215444979489,0.13732833957553056,0.1317995362939183,0.11146780809702156,0.08614232209737827,0.19707508471553414
china,0.02448210922787194,0.23352165725047078,0.023540489642184557,0.029190207156308847,0.28342749529190203,0.06497175141242936,0.07344632768361581,0.26741996233521653
glass,0.10200000000000001,0.16,0.062,0.126,0.136,0.12,0.09,0.20400000000000001
dishes,0.06896551724137931,0.24137931034482757,0.034482758620689655,0.0,0.3793103448275862,0.0,0.017241379310344827,0.2586206896551724
hot,0.2640283520378027,0.13703484937979918,0.06261075014766687,0.11222681630242173,0.11990549320732427,0.09509746012994685,0.07560543414057885,0.13349084465445954
plates,0.0909090909090909,0.2954545454545454,0.04545454545454545,0.04545454545454545,0.2954545454545454,0.022727272727272724,0.07954545454545454,0.12499999999999999
salad,0.051685393258426963,0.2247191011235955,0.024719101123595506,0.0449438202247191,0.2674157303370786,0.0449438202247191,0.10561797752808988,0.23595505617977527
together,0.09546209186496957,0.17293857221914777,0.0653016048699502,0.1283895960154953,0.15522966242390704,0.10902047592695074,0.07636967349197564,0.19728832318760375
means,0.10122549019607843,0.1627450980392157,0.0536764705882353,0.1144607843137255,0.1252450980392157,0.08970588235294119,0.0696078431372549,0.2833333333333334
coffee,0.05615763546798029,0.20394088669950736,0.04433497536945813,0.06502463054187192,0.23842364532019703,0.0916256157635468,0.08472906403940886,0.21576354679802953
laid,0.08850512682137075,0.16459794927145172,0.07717215326497572,0.12682137075013494,0.14516999460334595,0.12466270912034541,0.06799784133837022,0.20507285483000542
chocolate,0.030534351145038167,0.2569974554707379,0.017811704834605598,0.030534351145038167,0.28498727735368956,0.035623409669211195,0.08396946564885496,0.2595419847328244
served,0.08775981524249422,0.21131639722863743,0.050808314087759814,0.09584295612009237,0.1836027713625866,0.08891454965357967,0.08891454965357967,0.1928406466512702
favorite,0.02508004268943436,0.21931696905016007,0.01974386339381003,0.034151547491995726,0.295624332977588,0.05869797225186766,0.06563500533617929,0.28175026680896476
made,0.09939354907958999,0.16481511297160953,0.06756829281382494,0.12880373530832395,0.1409864219395696,0.11259593194869319,0.08168303547469544,0.20415392046369346
eggs,0.1323529411764706,0.1911764705882353,0.05882352941176471,0.05882352941176471,0.1911764705882353,0.029411764705882356,0.08823529411764706,0.25000000000000006
cups,0.10526315789473682,0.17543859649122806,0.0,0.08771929824561403,0.24561403508771928,0.07017543859649122,0.07017543859649122,0.24561403508771928
wine,0.07361111111111111,0.16805555555555554,0.06527777777777777,0.10277777777777777,0.18888888888888888,0.10138888888888889,0.09861111111111111,0.20138888888888887
guest,0.06343283582089554,0.20149253731343286,0.052238805970149266,0.0746268656716418,0.16417910447761197,0.09328358208955224,0.05970149253731344,0.29104477611940305
following,0.08359538784067085,0.19496855345911948,0.05345911949685534,0.10298742138364779,0.13181341719077566,0.1061320754716981,0.07573375262054508,0.2513102725366876
clams,0.030303030303030304,0.1818181818181818,0.030303030303030304,0.06060606060606061,0.2727272727272727,0.15151515151515152,0.12121212121212122,0.15151515151515152
cold,0.12279929577464789,0.15184859154929578,0.08054577464788733,0.14612676056338028,0.1324823943661972,0.13952464788732394,0.06426056338028169,0.16241197183098594
soup,0.10784313725490197,0.20588235294117646,0.0392156862745098,0.10784313725490197,0.21568627450980393,0.029411764705882353,0.10784313725490197,0.18627450980392157
chicken,0.13855421686746988,0.16265060240963855,0.006024096385542168,0.18072289156626503,0.21686746987951805,0.04216867469879518,0.10240963855421686,0.1506024096385542
patties,0.16326530612244897,0.12244897959183672,0.02040816326530612,0.14285714285714285,0.22448979591836732,0.06122448979591836,0.08163265306122448,0.18367346938775508
lobster,0.13793103448275862,0.13793103448275862,0.13793103448275862,0.06896551724137931,0.2068965517241379,0.06896551724137931,0.06896551724137931,0.17241379310344826
green,0.029743933802974392,0.21290394722129036,0.02683663200268366,0.04249133400424913,0.2820082746282008,0.0723470871072347,0.05635692720563569,0.27731186402773117
peas,0.07228915662650602,0.1566265060240964,0.024096385542168672,0.048192771084337345,0.2650602409638554,0.060240963855421686,0.08433734939759036,0.2891566265060241
sherbet,0.046874999999999986,0.17187499999999997,0.062499999999999986,0.062499999999999986,0.26562499999999994,0.07812499999999999,0.07812499999999999,0.23437499999999994
broiled,0.125,0.15625,0.03125,0.15625,0.21875000000000003,0.0625,0.09375,0.15625
birds,0.08406186953597848,0.13113651647612642,0.08540685944855414,0.14862138533960995,0.1398789509078682,0.15400134498991258,0.0867518493611298,0.17014122394082043
orange,0.024191197901486446,0.2451180413873506,0.023025357038764207,0.04080443019527834,0.26318857475954527,0.063538327018362,0.0821917808219178,0.2579422908772952
jelly,0.0625,0.2375,0.0375,0.049999999999999996,0.3,0.0375,0.13749999999999998,0.13749999999999998
strawberries,0.08411214953271029,0.21495327102803743,0.028037383177570097,0.046728971962616835,0.25233644859813087,0.03738317757009346,0.08411214953271029,0.25233644859813087
cream,0.03682008368200837,0.2518828451882845,0.012552301255230125,0.03179916317991632,0.29288702928870297,0.04686192468619248,0.13221757322175734,0.19497907949790796
black,0.0530565167243368,0.19204152249134948,0.04411764705882353,0.06970876585928489,0.19593425605536333,0.17185697808535177,0.06307670126874279,0.2102076124567474
simple,0.07428987618353969,0.16970138383102695,0.03932993445010925,0.11216314639475601,0.1857246904588492,0.10342316096139839,0.08375819373634376,0.2316096139839767
would,0.10252200360670742,0.16518181573493393,0.06457082873523,0.1403116841170296,0.13439022420800475,0.11692191747638145,0.08088175921190753,0.19521976690980541
make,0.09039397963700753,0.17326250553342187,0.062151394422310755,0.12182381584772023,0.14316069057104916,0.10624169986719788,0.07817618415227977,0.22478972996901284
blue,0.04075970977379428,0.17498932991890737,0.041186513017498934,0.06359368331199317,0.2046521553563807,0.20507895860008535,0.07148954332052924,0.19825010670081092
oysters,0.14285714285714288,0.14285714285714288,0.07142857142857144,0.10000000000000002,0.17142857142857143,0.1285714285714286,0.1285714285714286,0.1142857142857143
dish,0.04240282685512367,0.2226148409893993,0.02473498233215548,0.038869257950530034,0.26855123674911663,0.060070671378091876,0.0812720848056537,0.2614840989399293
pound,0.18259023354564755,0.18259023354564755,0.046709129511677286,0.046709129511677286,0.1740976645435244,0.03821656050955414,0.14012738853503184,0.18895966029723993
water,0.10080816673755849,0.16773004395292784,0.07287679001843186,0.13072451439103927,0.14348504182617325,0.12122501063377288,0.08535375017722954,0.17779668226286685
fire,0.1124505928853755,0.12885375494071144,0.060276679841897225,0.2984189723320158,0.09960474308300395,0.10177865612648222,0.06640316205533596,0.13221343873517788
half,0.07307800619543792,0.20853280765981416,0.047451422134609976,0.10363277949873276,0.1838918614474796,0.09969022810475923,0.0654745142213461,0.21824838073782035
sugar,0.0199504878403961,0.25207514198339886,0.018202999854376,0.031163535750691716,0.2797437017620504,0.06159895150720839,0.0655307994757536,0.2717343818261249
add,0.09063893016344725,0.1887072808320951,0.052005943536404156,0.09955423476968796,0.16344725111441308,0.07280832095096582,0.09806835066864784,0.23476968796433878
grated,0.2608695652173913,0.08695652173913043,0.021739130434782608,0.10869565217391304,0.15217391304347827,0.06521739130434782,0.06521739130434782,0.23913043478260868
dust,0.08333333333333334,0.17575757575757575,0.0787878787878788,0.1196969696969697,0.15909090909090912,0.1272727272727273,0.08181818181818183,0.17424242424242423
even,0.10572148254767903,0.15444404462036707,0.06844188557034905,0.1381072328175603,0.13717164447643038,0.12781576106513137,0.07434328895286074,0.1939546599496222
teaspoonful,0.2692307692307693,0.11538461538461538,0.11538461538461538,0.038461538461538464,0.15384615384615385,0.0,0.07692307692307693,0.23076923076923075
cool,0.07084019769357495,0.2158154859967051,0.04777594728171334,0.06589785831960461,0.19769357495881382,0.09225700164744646,0.08566721581548599,0.22405271828665568
remove,0.21071428571428572,0.08928571428571429,0.025000000000000005,0.23928571428571432,0.04285714285714286,0.20714285714285713,0.04642857142857143,0.1392857142857143
cut,0.10971524288107204,0.1603852596314908,0.06867671691792294,0.13693467336683418,0.1474036850921273,0.12437185929648242,0.07202680067001675,0.1804857621440536
slices,0.14634146341463414,0.09756097560975609,0.14634146341463414,0.14634146341463414,0.14634146341463414,0.07317073170731707,0.09756097560975609,0.14634146341463414
thin,0.10785824345146378,0.14175654853620956,0.08474576271186442,0.14946070878274267,0.12018489984591679,0.1617873651771957,0.08166409861325116,0.15254237288135591
size,0.1383219954648526,0.13605442176870747,0.07709750566893424,0.13378684807256236,0.1383219954648526,0.1111111111111111,0.08163265306122448,0.1836734693877551
skewers,0.2553191489361702,0.02127659574468085,0.06382978723404255,0.19148936170212763,0.10638297872340426,0.1276595744680851,0.0851063829787234,0.14893617021276595
lemon,0.03890489913544669,0.22334293948126802,0.06628242074927954,0.04178674351585014,0.25360230547550433,0.05907780979827089,0.07348703170028818,0.2435158501440922
send,0.09548482605477424,0.17690599555884529,0.06513693560325684,0.13471502590673573,0.1324944485566247,0.1088082901554404,0.0710584752035529,0.21539600296076977
plate,0.06589147286821706,0.20155038759689922,0.023255813953488372,0.07751937984496124,0.2170542635658915,0.09302325581395349,0.09689922480620154,0.22480620155038758
success,0.061246040126715945,0.2729672650475185,0.043822597676874346,0.08447729672650477,0.23917634635691662,0.07022175290390709,0.04963041182682155,0.1784582893347413
filled,0.10322952710495964,0.15628604382929642,0.07208765859284891,0.12629757785467127,0.15513264129181084,0.12802768166089967,0.08996539792387544,0.16897347174163785
boiled,0.15384615384615385,0.13461538461538464,0.019230769230769232,0.15384615384615385,0.19230769230769232,0.07692307692307693,0.07692307692307693,0.19230769230769232
pieces,0.1358695652173913,0.14266304347826086,0.08152173913043477,0.18342391304347827,0.10054347826086955,0.13043478260869565,0.08016304347826086,0.1453804347826087
mushrooms,0.16037735849056603,0.16037735849056603,0.0,0.09433962264150944,0.25471698113207547,0.08490566037735849,0.10377358490566037,0.14150943396226415
liquor,0.20967741935483872,0.08064516129032259,0.008064516129032258,0.08870967741935484,0.25806451612903225,0.1532258064516129,0.08064516129032259,0.12096774193548386
saucepan,0.19607843137254902,0.0784313725490196,0.058823529411764705,0.1568627450980392,0.1764705882352941,0.11764705882352941,0.0392156862745098,0.1764705882352941
tablespoonful,0.21052631578947367,0.13157894736842105,0.05263157894736842,0.07894736842105263,0.1842105263157895,0.05263157894736842,0.05263157894736842,0.23684210526315788
butter,0.020277481323372468,0.22625400213447175,0.016008537886873,0.028815368196371403,0.2977588046958378,0.080042689434365,0.06296691568836713,0.2678762006403415
stir,0.166023166023166,0.14285714285714285,0.06949806949806948,0.15830115830115826,0.1274131274131274,0.1158301158301158,0.07335907335907335,0.1467181467181467
mushroom,0.04545454545454545,0.21212121212121213,0.007575757575757576,0.041666666666666664,0.29924242424242425,0.07196969696969696,0.05303030303030303,0.2689393939393939
enough,0.10064276048714478,0.1699932341001353,0.06935047361299052,0.1195872801082544,0.14276048714479023,0.10707036535859268,0.09252368064952637,0.19807171853856562
sauce,0.1,0.21428571428571425,0.0,0.0857142857142857,0.2857142857142857,0.04285714285714285,0.15714285714285714,0.11428571428571428
keep,0.10045662100456622,0.17465753424657535,0.06278538812785389,0.12300228310502283,0.1389840182648402,0.09788812785388129,0.07848173515981735,0.2237442922374429
fill,0.07889125799573561,0.16204690831556506,0.04477611940298508,0.10660980810234542,0.1279317697228145,0.10874200426439233,0.06609808102345416,0.3049040511727079
center,0.05234159779614325,0.15151515151515152,0.01652892561983471,0.049586776859504134,0.1652892561983471,0.05785123966942149,0.049586776859504134,0.4573002754820937
rum,0.054545454545454536,0.23636363636363636,0.0,0.0,0.2909090909090909,0.01818181818181818,0.1272727272727273,0.2727272727272727
lump,0.034482758620689655,0.24137931034482757,0.0,0.0,0.31034482758620685,0.034482758620689655,0.13793103448275862,0.24137931034482757
toast,0.09999999999999999,0.22499999999999998,0.024999999999999998,0.024999999999999998,0.325,0.024999999999999998,0.125,0.15
bread,0.06775067750677508,0.1924119241192412,0.0894308943089431,0.0948509485094851,0.18428184281842822,0.07859078590785909,0.0758807588075881,0.21680216802168026
cakes,0.06532663316582914,0.24623115577889443,0.02010050251256281,0.045226130653266326,0.2663316582914573,0.030150753768844216,0.11557788944723617,0.21105527638190952
etc,0.03529411764705882,0.17941176470588235,0.04411764705882353,0.06764705882352942,0.1970588235294118,0.06470588235294118,0.09705882352941177,0.3147058823529412
color,0.11692650334075724,0.14699331848552338,0.06792873051224944,0.13697104677060132,0.13474387527839643,0.17928730512249444,0.04899777282850779,0.16815144766146992
design,0.044117647058823525,0.16544117647058823,0.02573529411764706,0.06985294117647059,0.20220588235294118,0.08455882352941176,0.08088235294117646,0.3272058823529412
bowl,0.08433734939759037,0.18072289156626506,0.04819277108433735,0.10240963855421688,0.1566265060240964,0.12650602409638553,0.06626506024096386,0.23493975903614459
lilies,0.06172839506172839,0.24691358024691357,0.037037037037037035,0.06172839506172839,0.25925925925925924,0.037037037037037035,0.037037037037037035,0.25925925925925924
long,0.05236649648130261,0.3149924106526839,0.0359114116186008,0.07541051469573616,0.1799020284255554,0.08006761418518007,0.0572650752035325,0.20408444873740858
ribbon,0.16778523489932887,0.2516778523489933,0.013422818791946308,0.026845637583892617,0.2785234899328859,0.050335570469798654,0.040268456375838924,0.17114093959731544
guests,0.06092436974789916,0.1827731092436975,0.054621848739495805,0.05882352941176471,0.1911764705882353,0.07352941176470588,0.09453781512605043,0.2836134453781513
name,0.07526683842473315,0.1658078763341921,0.06348914243651085,0.10875966139124034,0.15881486934118513,0.09219727640780272,0.08170776591829224,0.2539565697460434
cards,0.062111801242236024,0.19254658385093165,0.05590062111801242,0.043478260869565216,0.18633540372670807,0.11180124223602483,0.07453416149068322,0.27329192546583847
decorated,0.043103448275862065,0.21551724137931033,0.025862068965517238,0.043103448275862065,0.2586206896551724,0.06896551724137931,0.10344827586206895,0.24137931034482757
paper,0.10969116080937166,0.18104366347177847,0.07774227902023428,0.12673056443024494,0.12140575079872203,0.09158679446219381,0.06602768903088392,0.22577209797657083
ferns,0.05952380952380953,0.1904761904761905,0.02380952380952381,0.07142857142857142,0.21428571428571427,0.03571428571428571,0.11904761904761905,0.2857142857142857
either,0.10989761092150173,0.16552901023890784,0.06825938566552901,0.14266211604095563,0.13174061433447098,0.11331058020477816,0.06928327645051195,0.19931740614334473
sweet,0.023643092105263157,0.23108552631578944,0.021107456140350877,0.033442982456140344,0.2613075657894737,0.05530427631578947,0.1263706140350877,0.24773848684210523
bride,0.03700361010830324,0.2454873646209386,0.022563176895306854,0.05054151624548736,0.2671480144404332,0.047833935018050534,0.0595667870036101,0.26985559566787
happy,0.041368743615934636,0.2545965270684372,0.026813074565883558,0.049284984678243104,0.2643003064351379,0.05005107252298264,0.05107252298263534,0.26251276813074564
life,0.08936626071267478,0.1648060442038791,0.06472710870545782,0.11874154262516913,0.15815290933694182,0.11705006765899864,0.08107803337843933,0.2060780333784393
come,0.08682683005482103,0.17494356659142213,0.06312479845211223,0.12375040309577556,0.1510802966784908,0.10706223798774589,0.08497258948726218,0.2082392776523702
true,0.048739259050570506,0.11804479504155517,0.031694604873925905,0.06789688688547683,0.2849697140442316,0.06310747992675025,0.05296520636709396,0.33258205381039585
nothing,0.10365693238621417,0.1553538542488819,0.06971849513285977,0.13193896343067613,0.14627729544856616,0.11760063141278611,0.07734806629834254,0.19810576164167326
oh,0.09987819732034103,0.14768574908647988,0.08678440925700365,0.10992691839220461,0.16382460414129107,0.12241169305724724,0.08556638246041412,0.18392204628501826
love,0.06617366775939619,0.13051764885263398,0.050621331097049624,0.08904475108637644,0.34199893268277803,0.09117938553022795,0.06320042692688875,0.1672638560646489
dainty,0.03571428571428571,0.26785714285714285,0.0,0.0,0.2857142857142857,0.017857142857142856,0.10714285714285712,0.2857142857142857
pink,0.05588822355289422,0.21157684630738524,0.03992015968063873,0.029940119760479042,0.2874251497005988,0.07984031936127746,0.05588822355289422,0.23952095808383234
scheme,0.04878048780487805,0.18292682926829268,0.05691056910569106,0.0934959349593496,0.18292682926829268,0.11788617886178861,0.07723577235772358,0.23983739837398374
cover,0.1095890410958904,0.12328767123287672,0.05707762557077626,0.13470319634703196,0.1095890410958904,0.09132420091324202,0.07305936073059362,0.30136986301369867
foundation,0.10905550146056477,0.16041869522882182,0.030671859785783837,0.02969814995131451,0.08154819863680624,0.13169425511197663,0.011684518013631937,0.4452288218111003
satin,0.13793103448275865,0.20689655172413793,0.0,0.03448275862068966,0.24137931034482762,0.06896551724137932,0.03448275862068966,0.2758620689655173
roses,0.03260869565217391,0.18840579710144928,0.018115942028985508,0.050724637681159424,0.3115942028985507,0.07971014492753623,0.07246376811594203,0.24637681159420288
basket,0.050847457627118633,0.21186440677966098,0.008474576271186439,0.025423728813559317,0.24576271186440674,0.0847457627118644,0.05932203389830508,0.31355932203389825
candles,0.06550218340611354,0.19213973799126638,0.02183406113537118,0.056768558951965066,0.2576419213973799,0.06986899563318777,0.07860262008733623,0.2576419213973799
heart,0.0927373137438783,0.1665103678232781,0.05887256434302387,0.11711993331249348,0.18255704907783682,0.12160050015629885,0.07679483171824529,0.1838074398249453
tiny,0.08862629246676514,0.17134416543574593,0.05908419497784343,0.10044313146233384,0.20236336779911376,0.09748892171344166,0.06942392909896603,0.21122599704579026
tied,0.10526315789473685,0.215311004784689,0.02392344497607656,0.05741626794258373,0.24401913875598089,0.09569377990430623,0.033492822966507185,0.22488038277511962
gauze,0.1090909090909091,0.27272727272727276,0.0,0.0,0.3272727272727273,0.0,0.05454545454545455,0.2363636363636364
cherries,0.054054054054054064,0.2,0.005405405405405406,0.027027027027027032,0.2648648648648649,0.07027027027027027,0.11351351351351352,0.2648648648648649
turkey,0.07042253521126761,0.26291079812206575,0.028169014084507043,0.061032863849765265,0.21126760563380284,0.061032863849765265,0.061032863849765265,0.24413145539906106
peppers,0.16666666666666669,0.14583333333333334,0.020833333333333336,0.04166666666666667,0.27083333333333337,0.0,0.10416666666666667,0.25
heart-shaped,0.10416666666666666,0.20833333333333331,0.0,0.0,0.2916666666666667,0.0,0.08333333333333333,0.31249999999999994
