,anger,anticipation,disgust,fear,joy,sadness,surprise,trust
project,0.11855273287143957,0.17782909930715934,0.05696689761354888,0.04387990762124711,0.10161662817551963,0.07390300230946882,0.01924557351809084,0.4080061585835258
gutenberg,0.07756232686980609,0.24376731301939059,0.07756232686980609,0.0443213296398892,0.07479224376731303,0.09141274238227146,0.019390581717451522,0.37119113573407203
ebook,0.05405405405405406,0.16216216216216214,0.18918918918918917,0.08108108108108107,0.08108108108108107,0.02702702702702703,0.0,0.4054054054054054
take,0.09647495361781075,0.18181818181818182,0.1354359925788497,0.13729128014842298,0.11131725417439702,0.08163265306122448,0.06307977736549164,0.1929499072356215
ride,0.0859375,0.18749999999999997,0.1015625,0.1953125,0.10937499999999999,0.03125,0.03125,0.25781249999999994
mark,0.10674157303370788,0.17977528089887646,0.07865168539325844,0.1460674157303371,0.11797752808988766,0.03932584269662922,0.03932584269662922,0.2921348314606742
e.,0.14084507042253522,0.15492957746478875,0.11267605633802819,0.2535211267605634,0.07042253521126761,0.028169014084507046,0.0,0.23943661971830987
laxer,0.11594202898550726,0.1884057971014493,0.11594202898550726,0.2463768115942029,0.08695652173913043,0.0,0.0,0.2463768115942029
use,0.08946608946608947,0.15584415584415587,0.16883116883116883,0.09523809523809523,0.13131313131313133,0.09956709956709958,0.05627705627705628,0.20346320346320346
anyone,0.13513513513513511,0.16216216216216214,0.05405405405405406,0.10810810810810811,0.08108108108108107,0.08108108108108107,0.05405405405405406,0.3243243243243243
cost,0.12582781456953643,0.17218543046357618,0.11258278145695365,0.07284768211920531,0.08609271523178809,0.09271523178807947,0.07284768211920531,0.26490066225165565
may,0.10514372163388806,0.17170953101361575,0.1558245083207262,0.0968229954614221,0.08623298033282906,0.11043872919818458,0.06883509833585477,0.2049924357034796
copy,0.2061855670103093,0.08247422680412372,0.10309278350515465,0.061855670103092786,0.025773195876288662,0.061855670103092786,0.02061855670103093,0.43814432989690727
give,0.1,0.15675675675675677,0.08108108108108109,0.1,0.11891891891891893,0.11621621621621621,0.08918918918918918,0.23783783783783785
away,0.10772833723653394,0.1569086651053864,0.09836065573770492,0.13817330210772832,0.1334894613583138,0.08665105386416862,0.07494145199063232,0.2037470725995316
terms,0.11985018726591762,0.11610486891385768,0.05992509363295881,0.07865168539325844,0.1310861423220974,0.04868913857677903,0.04119850187265918,0.40449438202247195
license,0.10666666666666667,0.21333333333333335,0.08,0.08,0.12666666666666665,0.08,0.02666666666666667,0.2866666666666667
included,0.023809523809523808,0.21428571428571427,0.09523809523809523,0.09523809523809523,0.16666666666666666,0.023809523809523808,0.07142857142857142,0.30952380952380953
copyright,0.09489051094890512,0.21897810218978103,0.10218978102189781,0.07299270072992702,0.05839416058394161,0.07299270072992702,0.014598540145985403,0.36496350364963503
coming,0.11811023622047245,0.28346456692913385,0.07086614173228346,0.15748031496062992,0.047244094488188976,0.05511811023622047,0.06299212598425198,0.20472440944881892
age,0.06498194945848375,0.2346570397111913,0.032490974729241874,0.1263537906137184,0.18772563176895304,0.06137184115523465,0.10830324909747291,0.18411552346570395
destructive,0.16666666666666669,0.14583333333333334,0.14583333333333334,0.27083333333333337,0.04166666666666667,0.020833333333333336,0.0,0.20833333333333334
cult,0.10655737704918034,0.13524590163934427,0.03688524590163935,0.26229508196721313,0.08606557377049182,0.020491803278688527,0.04098360655737705,0.3114754098360656
date,0.09523809523809523,0.23809523809523808,0.09523809523809523,0.19047619047619047,0.07142857142857142,0.023809523809523808,0.023809523809523808,0.2619047619047619
9,0.09923664122137406,0.11450381679389313,0.09923664122137406,0.11450381679389313,0.12213740458015268,0.12213740458015268,0.06870229007633588,0.2595419847328244
language,0.13333333333333333,0.11666666666666665,0.13333333333333333,0.19999999999999998,0.049999999999999996,0.08333333333333333,0.06666666666666667,0.21666666666666667
english,0.10112359550561797,0.24719101123595508,0.0449438202247191,0.10112359550561797,0.07865168539325842,0.0449438202247191,0.06741573033707865,0.3146067415730337
start,0.03932584269662921,0.4382022471910112,0.06741573033707865,0.07303370786516854,0.10112359550561797,0.056179775280898875,0.05056179775280899,0.17415730337078653
1993,0.1142857142857143,0.14285714285714285,0.1142857142857143,0.2285714285714286,0.1142857142857143,0.0,0.0,0.2857142857142857
one,0.0885229027277406,0.17653113741636642,0.09830159547092125,0.10087493566649511,0.13947503860010294,0.09264024704065876,0.07050952135872361,0.23314462171899122
flew,0.12698412698412698,0.20634920634920634,0.12698412698412698,0.23809523809523808,0.04761904761904761,0.015873015873015872,0.015873015873015872,0.22222222222222218
east,0.06818181818181818,0.17045454545454544,0.07954545454545453,0.1477272727272727,0.18181818181818182,0.06818181818181818,0.06818181818181818,0.21590909090909088
west,0.09883720930232558,0.1744186046511628,0.09883720930232558,0.13372093023255813,0.10465116279069768,0.14534883720930233,0.07558139534883722,0.1686046511627907
cuckoo,0.10638297872340426,0.14893617021276595,0.10638297872340426,0.2127659574468085,0.1276595744680851,0.0,0.0,0.2978723404255319
's,0.08309218685407194,0.15957007027697395,0.10293509714758163,0.1107895824720959,0.12773873501446878,0.09714758164530797,0.06614303431169904,0.25258371227780074
nest,0.10909090909090909,0.14545454545454548,0.09090909090909091,0.18181818181818182,0.10909090909090909,0.05454545454545454,0.03636363636363637,0.2727272727272727
ken,0.0625,0.18749999999999997,0.0625,0.0625,0.21874999999999997,0.0,0.09374999999999999,0.3125
kesey,0.0588235294117647,0.2156862745098039,0.0392156862745098,0.0588235294117647,0.2156862745098039,0.0196078431372549,0.1372549019607843,0.2549019607843137
side,0.11445783132530118,0.1506024096385542,0.0783132530120482,0.12048192771084336,0.12048192771084336,0.12048192771084336,0.07228915662650602,0.22289156626506024
n't,0.09733124018838304,0.15384615384615385,0.11930926216640501,0.13186813186813187,0.12872841444270014,0.12558869701726844,0.06907378335949765,0.17425431711145994
're,0.05660377358490566,0.18867924528301888,0.01886792452830189,0.07547169811320756,0.22641509433962265,0.03773584905660378,0.1320754716981132,0.2641509433962264
...,0.12549687677455992,0.17773992049971607,0.10846110164679161,0.1641113003975014,0.10618966496308915,0.12152186257808063,0.032935831913685404,0.16354344122657583
press,0.05555555555555555,0.2888888888888889,0.05555555555555555,0.13333333333333333,0.08888888888888889,0.05555555555555555,0.03333333333333333,0.2888888888888889
part,0.09251101321585903,0.1674008810572687,0.11013215859030835,0.1277533039647577,0.10572687224669602,0.08810572687224669,0.09691629955947136,0.21145374449339205
book,0.04600484261501211,0.18159806295399517,0.1016949152542373,0.07263922518159807,0.16949152542372883,0.0387409200968523,0.05811138014527845,0.33171912832929784
without,0.07982583454281567,0.18432510885341072,0.12626995645863567,0.11030478955007256,0.12191582002902757,0.09869375907111755,0.06240928882438316,0.216255442670537
written,0.17777777777777778,0.1111111111111111,0.05555555555555555,0.1111111111111111,0.14444444444444446,0.1111111111111111,0.1,0.18888888888888888
permission,0.12499999999999997,0.16666666666666666,0.041666666666666664,0.12499999999999997,0.16666666666666666,0.0,0.0,0.37499999999999994
unless,0.0821917808219178,0.19178082191780818,0.10273972602739725,0.1095890410958904,0.14383561643835616,0.0547945205479452,0.06164383561643835,0.2534246575342466
physical,0.13793103448275862,0.13793103448275862,0.034482758620689655,0.24137931034482754,0.13793103448275862,0.06896551724137931,0.0,0.24137931034482754
order,0.0792079207920792,0.1584158415841584,0.0396039603960396,0.059405940594059396,0.1782178217821782,0.0693069306930693,0.0792079207920792,0.3366336633663366
information,0.044444444444444446,0.2,0.07222222222222223,0.08333333333333333,0.13333333333333333,0.05,0.022222222222222223,0.39444444444444443
legal,0.1517857142857143,0.11607142857142859,0.053571428571428575,0.08928571428571429,0.053571428571428575,0.1517857142857143,0.01785714285714286,0.36607142857142855
road,0.12222222222222223,0.12222222222222223,0.1,0.13333333333333333,0.08888888888888889,0.12222222222222223,0.06666666666666667,0.24444444444444446
college,0.14285714285714288,0.17857142857142858,0.07142857142857144,0.17857142857142858,0.07142857142857144,0.0,0.07142857142857144,0.28571428571428575
made,0.09306930693069307,0.14455445544554454,0.18217821782178217,0.09702970297029703,0.12475247524752475,0.08514851485148514,0.07326732673267328,0.19999999999999998
gandhi,0.0634920634920635,0.17460317460317462,0.047619047619047616,0.0634920634920635,0.2222222222222222,0.03174603174603175,0.09523809523809523,0.30158730158730157
shirer,0.08695652173913045,0.13043478260869565,0.08695652173913045,0.1739130434782609,0.08695652173913045,0.13043478260869565,0.13043478260869565,0.1739130434782609
number,0.04838709677419354,0.17741935483870966,0.0846774193548387,0.08870967741935483,0.14919354838709675,0.12903225806451613,0.07258064516129031,0.24999999999999997
united,0.020304568527918784,0.2081218274111675,0.030456852791878174,0.07106598984771574,0.06598984771573604,0.045685279187817264,0.025380710659898477,0.5329949238578681
states,0.014705882352941176,0.19117647058823528,0.044117647058823525,0.0661764705882353,0.08088235294117647,0.0661764705882353,0.018382352941176468,0.5183823529411764
teacher,0.02459016393442623,0.0819672131147541,0.04098360655737705,0.06557377049180328,0.09836065573770492,0.05737704918032787,0.04918032786885246,0.5819672131147541
following,0.057971014492753624,0.23913043478260868,0.043478260869565216,0.05072463768115942,0.13043478260869565,0.057971014492753624,0.08695652173913043,0.3333333333333333
except,0.14193548387096774,0.10967741935483871,0.11612903225806452,0.09032258064516129,0.0967741935483871,0.14838709677419354,0.07741935483870968,0.21935483870967742
already,0.11340206185567012,0.14948453608247422,0.10824742268041239,0.11340206185567012,0.10824742268041239,0.1443298969072165,0.07216494845360825,0.1907216494845361
1,0.11073825503355705,0.13087248322147652,0.10738255033557048,0.11409395973154363,0.10402684563758391,0.1342281879194631,0.07382550335570472,0.2248322147651007
bicycle,0.07692307692307693,0.15384615384615385,0.05128205128205129,0.1794871794871795,0.23076923076923078,0.0,0.12820512820512822,0.1794871794871795
2,0.07733333333333334,0.10666666666666667,0.08,0.18666666666666668,0.088,0.22933333333333333,0.05866666666666667,0.17333333333333334
3,0.07281553398058252,0.1553398058252427,0.06796116504854369,0.12135922330097086,0.12135922330097086,0.1407766990291262,0.07766990291262135,0.24271844660194172
4,0.10064935064935066,0.11688311688311688,0.12337662337662336,0.13636363636363635,0.08766233766233766,0.17207792207792208,0.08116883116883117,0.1818181818181818
community,0.05128205128205128,0.1282051282051282,0.05128205128205128,0.20512820512820512,0.10256410256410256,0.23076923076923075,0.05128205128205128,0.17948717948717946
6,0.11428571428571428,0.1,0.1,0.17142857142857143,0.08571428571428572,0.16666666666666666,0.1,0.1619047619047619
7,0.10407239819004524,0.12217194570135746,0.11312217194570134,0.10407239819004524,0.09502262443438914,0.19004524886877827,0.09049773755656108,0.18099547511312217
money,0.15595238095238095,0.20238095238095238,0.02142857142857143,0.04047619047619048,0.18452380952380953,0.02142857142857143,0.16666666666666666,0.20714285714285713
leader,0.06818181818181818,0.10227272727272727,0.011363636363636364,0.15909090909090906,0.10227272727272727,0.03409090909090909,0.03409090909090909,0.4886363636363636
high,0.06364922206506365,0.1357850070721358,0.1937765205091938,0.09335219236209336,0.132956152758133,0.10042432814710044,0.06930693069306933,0.21074964639321078
'm,0.10666666666666667,0.12000000000000001,0.09333333333333332,0.12000000000000001,0.13333333333333333,0.16,0.08,0.18666666666666665
last,0.1353135313531353,0.15181518151815182,0.08910891089108912,0.13201320132013203,0.10231023102310233,0.11221122112211222,0.06600660066006601,0.21122112211221125
woof,0.058823529411764705,0.21568627450980396,0.0,0.07843137254901962,0.25490196078431376,0.03921568627450981,0.09803921568627452,0.25490196078431376
rama,0.08625730994152046,0.1695906432748538,0.049707602339181284,0.1330409356725146,0.141812865497076,0.0884502923976608,0.0884502923976608,0.24269005847953218
left,0.11986301369863013,0.14041095890410957,0.11986301369863013,0.1643835616438356,0.07534246575342465,0.11301369863013697,0.0547945205479452,0.21232876712328766
inner,0.10400000000000001,0.184,0.08800000000000001,0.136,0.12,0.096,0.08,0.192
circle,0.0784313725490196,0.1372549019607843,0.0588235294117647,0.1568627450980392,0.0784313725490196,0.0784313725490196,0.0980392156862745,0.3137254901960784
read,0.09523809523809523,0.21031746031746032,0.09920634920634921,0.07142857142857144,0.13095238095238096,0.09126984126984126,0.09523809523809523,0.20634920634920637
years,0.06934306569343066,0.17153284671532848,0.0894160583941606,0.11131386861313869,0.15328467153284672,0.09854014598540148,0.07481751824817517,0.23175182481751824
dr.,0.0425531914893617,0.2127659574468085,0.02127659574468085,0.0851063829787234,0.2127659574468085,0.02127659574468085,0.0425531914893617,0.36170212765957444
frederick,0.01886792452830189,0.169811320754717,0.0,0.1320754716981132,0.15094339622641512,0.05660377358490566,0.05660377358490566,0.4150943396226416
lenz,0.06741573033707865,0.16853932584269662,0.011235955056179775,0.1348314606741573,0.15730337078651685,0.0449438202247191,0.033707865168539325,0.38202247191011235
known,0.10628019323671498,0.16425120772946858,0.08212560386473429,0.14492753623188404,0.12077294685990336,0.06763285024154587,0.11111111111111109,0.20289855072463767
early,0.04054054054054054,0.21621621621621626,0.060810810810810814,0.0945945945945946,0.17567567567567569,0.0945945945945946,0.10135135135135136,0.21621621621621626
atmananda,0.09375,0.1729166666666667,0.053125,0.11770833333333335,0.140625,0.09583333333333333,0.06979166666666667,0.25625000000000003
confidence,0.0,0.1,0.0,0.24,0.27999999999999997,0.02,0.06,0.3
often,0.12595419847328243,0.17557251908396942,0.10305343511450381,0.11450381679389311,0.11832061068702289,0.08396946564885496,0.06870229007633587,0.2099236641221374
possessed,0.22352941176470587,0.08235294117647059,0.21176470588235294,0.22352941176470587,0.03529411764705882,0.11764705882352941,0.0,0.10588235294117647
negative,0.08387096774193549,0.0967741935483871,0.07741935483870968,0.14193548387096774,0.07096774193548387,0.3419354838709677,0.025806451612903226,0.16129032258064516
forces,0.14354066985645933,0.09569377990430622,0.07655502392344499,0.19617224880382775,0.07177033492822966,0.22966507177033493,0.028708133971291867,0.15789473684210525
real,0.059701492537313425,0.13432835820895522,0.059701492537313425,0.07462686567164178,0.08955223880597014,0.07462686567164178,0.1044776119402985,0.4029850746268656
world,0.10220440881763525,0.14829659318637273,0.0661322645290581,0.11422845691382764,0.15230460921843686,0.09418837675350701,0.08216432865731461,0.24048096192384766
mental,0.10784313725490198,0.12745098039215688,0.10784313725490198,0.17647058823529413,0.03921568627450981,0.18627450980392157,0.11764705882352941,0.13725490196078433
met,0.1234567901234568,0.14814814814814814,0.0617283950617284,0.11111111111111112,0.08641975308641975,0.1851851851851852,0.07407407407407407,0.20987654320987656
helped,0.06521739130434782,0.2608695652173913,0.04347826086956522,0.08695652173913045,0.2173913043478261,0.06521739130434782,0.13043478260869565,0.13043478260869565
time,0.0612691466083151,0.40043763676148797,0.08096280087527352,0.08096280087527352,0.10649161196207148,0.06929248723559446,0.06272793581327499,0.13785557986870897
thousands,0.11627906976744184,0.16279069767441856,0.09302325581395347,0.19767441860465113,0.08139534883720928,0.1395348837209302,0.03488372093023255,0.17441860465116277
miles,0.07317073170731708,0.19512195121951223,0.07317073170731708,0.09756097560975611,0.17073170731707318,0.12195121951219513,0.04878048780487806,0.21951219512195125
year,0.052980132450331126,0.2086092715231788,0.08940397350993377,0.0728476821192053,0.16225165562913907,0.09602649006622516,0.0728476821192053,0.24503311258278146
grew,0.1208791208791209,0.18681318681318682,0.1208791208791209,0.07692307692307693,0.1208791208791209,0.09890109890109891,0.04395604395604396,0.23076923076923078
believe,0.08571428571428572,0.1523809523809524,0.07142857142857142,0.0761904761904762,0.16666666666666666,0.09047619047619047,0.07142857142857142,0.2857142857142857
could,0.10261374636979671,0.15779283639883834,0.09390125847047434,0.1132623426911907,0.13068731848983545,0.09293320425943853,0.09002904162633109,0.2187802516940949
tried,0.11564625850340136,0.19727891156462585,0.047619047619047616,0.14965986394557826,0.12244897959183675,0.0816326530612245,0.0816326530612245,0.20408163265306123
life,0.0779896013864818,0.17850953206239167,0.08492201039861352,0.11265164644714037,0.1629116117850953,0.08145580589254765,0.07452339688041594,0.22703639514731366
explain,0.125,0.1375,0.05,0.125,0.0375,0.15,0.0875,0.2875
invited,0.02325581395348837,0.25581395348837205,0.04651162790697674,0.0697674418604651,0.25581395348837205,0.0697674418604651,0.0697674418604651,0.20930232558139533
move,0.07272727272727274,0.16363636363636364,0.03636363636363637,0.10909090909090909,0.14545454545454548,0.14545454545454548,0.12727272727272726,0.2
southern,0.1142857142857143,0.14285714285714285,0.05714285714285715,0.08571428571428572,0.19999999999999998,0.08571428571428572,0.08571428571428572,0.2285714285714286
california,0.047058823529411764,0.23529411764705882,0.03529411764705882,0.03529411764705882,0.19999999999999998,0.058823529411764705,0.12941176470588237,0.25882352941176473
spiritual,0.07241379310344828,0.1620689655172414,0.02413793103448276,0.09999999999999999,0.16896551724137931,0.0896551724137931,0.05862068965517241,0.3241379310344828
centre,0.084,0.168,0.055999999999999994,0.096,0.136,0.096,0.10400000000000001,0.26
1981,0.06451612903225806,0.20161290322580644,0.03225806451612903,0.10483870967741936,0.20967741935483872,0.04838709677419355,0.14516129032258066,0.1935483870967742
la,0.16666666666666666,0.07142857142857142,0.09523809523809523,0.19047619047619047,0.11904761904761904,0.16666666666666666,0.047619047619047616,0.14285714285714285
power,0.11363636363636363,0.1525974025974026,0.03896103896103896,0.10064935064935066,0.19155844155844157,0.07792207792207792,0.06818181818181818,0.2564935064935065
several,0.06354515050167224,0.22073578595317725,0.12374581939799333,0.1036789297658863,0.1137123745819398,0.10033444816053512,0.06354515050167224,0.21070234113712374
hundred,0.12962962962962962,0.12962962962962962,0.07407407407407407,0.16666666666666666,0.14814814814814814,0.1111111111111111,0.05555555555555555,0.18518518518518517
computer,0.11458333333333333,0.16666666666666666,0.07291666666666666,0.10416666666666666,0.12499999999999997,0.08333333333333333,0.05208333333333333,0.28125
roughly,0.08571428571428572,0.17142857142857143,0.08571428571428572,0.08571428571428572,0.08571428571428572,0.1142857142857143,0.08571428571428572,0.2857142857142857
ten,0.0898876404494382,0.11235955056179775,0.11235955056179775,0.10112359550561797,0.1797752808988764,0.07865168539325842,0.07865168539325842,0.24719101123595508
search,0.1111111111111111,0.16666666666666666,0.08888888888888889,0.1111111111111111,0.08888888888888889,0.08888888888888889,0.08888888888888889,0.25555555555555554
new,0.0783132530120482,0.19156626506024096,0.07590361445783132,0.10843373493975904,0.13734939759036144,0.06987951807228915,0.0783132530120482,0.2602409638554217
recalled,0.1038961038961039,0.11688311688311688,0.08441558441558442,0.17532467532467533,0.11688311688311688,0.08441558441558442,0.11688311688311688,0.2012987012987013
said,0.11086350974930362,0.14818941504178273,0.07855153203342619,0.12701949860724235,0.12367688022284122,0.116991643454039,0.09080779944289694,0.20389972144846796
bike,0.05263157894736842,0.15789473684210525,0.02631578947368421,0.05263157894736842,0.10526315789473684,0.02631578947368421,0.3157894736842105,0.2631578947368421
trip,0.09644670050761421,0.11675126903553298,0.08121827411167513,0.1218274111675127,0.050761421319796954,0.12690355329949238,0.3197969543147208,0.08629441624365482
announced,0.08,0.22000000000000003,0.06,0.06,0.13999999999999999,0.08,0.12,0.24
front,0.175,0.175,0.075,0.175,0.125,0.125,0.05,0.1
disciples,0.07692307692307691,0.20135746606334842,0.04298642533936651,0.11085972850678733,0.14479638009049772,0.08823529411764705,0.07239819004524886,0.2624434389140271
aura,0.04651162790697675,0.0930232558139535,0.0,0.1627906976744186,0.1627906976744186,0.0930232558139535,0.04651162790697675,0.3953488372093023
dark,0.08547008547008546,0.11965811965811964,0.025641025641025637,0.15384615384615383,0.09401709401709402,0.3162393162393162,0.06837606837606837,0.13675213675213674
also,0.09926470588235295,0.12990196078431374,0.1593137254901961,0.11519607843137256,0.10906862745098041,0.11274509803921569,0.06740196078431374,0.2071078431372549
entities,0.17777777777777778,0.06666666666666667,0.1111111111111111,0.24444444444444446,0.044444444444444446,0.24444444444444446,0.044444444444444446,0.06666666666666667
cause,0.10687022900763359,0.1603053435114504,0.03816793893129771,0.07633587786259542,0.08396946564885498,0.1297709923664122,0.0076335877862595426,0.39694656488549623
lifetimes,0.15873015873015872,0.14285714285714288,0.126984126984127,0.20634920634920637,0.0634920634920635,0.17460317460317462,0.015873015873015876,0.1111111111111111
evolution,0.10659898477157362,0.12690355329949238,0.11675126903553298,0.11675126903553298,0.10659898477157362,0.14213197969543148,0.07106598984771574,0.21319796954314724
soul,0.136,0.136,0.08,0.16,0.16,0.128,0.064,0.136
program,0.07894736842105263,0.2631578947368421,0.026315789473684213,0.13157894736842105,0.07894736842105263,0.07894736842105263,0.052631578947368425,0.2894736842105263
studying,0.054054054054054064,0.21621621621621626,0.054054054054054064,0.054054054054054064,0.13513513513513514,0.08108108108108109,0.08108108108108109,0.32432432432432434
fully,0.052631578947368425,0.08771929824561404,0.03508771929824562,0.08771929824561404,0.052631578947368425,0.052631578947368425,0.052631578947368425,0.5789473684210527
enlightened,0.08247422680412372,0.10309278350515465,0.04123711340206186,0.10309278350515465,0.10309278350515465,0.11340206185567012,0.061855670103092786,0.3917525773195876
meditating,0.06250000000000001,0.15625,0.03125000000000001,0.09375,0.15625,0.06250000000000001,0.12500000000000003,0.3125
regularly,0.058823529411764705,0.27450980392156865,0.019607843137254905,0.13725490196078433,0.13725490196078433,0.058823529411764705,0.09803921568627452,0.21568627450980396
nature,0.1336898395721925,0.0802139037433155,0.12299465240641709,0.1390374331550802,0.11764705882352941,0.09625668449197859,0.058823529411764705,0.2513368983957219
yet,0.09039548022598871,0.1327683615819209,0.096045197740113,0.1440677966101695,0.11864406779661017,0.12994350282485875,0.08757062146892657,0.20056497175141244
nearly,0.039473684210526314,0.2105263157894737,0.13157894736842105,0.07894736842105263,0.17105263157894737,0.07894736842105263,0.06578947368421052,0.2236842105263158
would,0.1008039579468151,0.150278293135436,0.09400123685837972,0.12554112554112556,0.11935683364254794,0.10513296227581942,0.08658008658008659,0.21830550401978974
rather,0.1487603305785124,0.11983471074380166,0.09090909090909093,0.14462809917355374,0.11983471074380166,0.12396694214876033,0.08264462809917356,0.16942148760330578
perfect,0.025641025641025644,0.2948717948717949,0.05128205128205129,0.038461538461538464,0.23076923076923078,0.025641025641025644,0.012820512820512822,0.32051282051282054
across,0.1,0.1625,0.1,0.15,0.1125,0.15,0.05,0.175
puppy,0.15384615384615385,0.1715976331360947,0.14792899408284024,0.1775147928994083,0.04733727810650888,0.15384615384615385,0.00591715976331361,0.14201183431952663
top,0.06802721088435375,0.2789115646258503,0.14965986394557826,0.04081632653061225,0.06802721088435375,0.0816326530612245,0.020408163265306124,0.2925170068027211
soon,0.08256880733944955,0.19724770642201833,0.08256880733944955,0.11009174311926605,0.14678899082568808,0.10091743119266056,0.09174311926605504,0.18807339449541283
large,0.055248618784530384,0.1602209944751381,0.24033149171270715,0.11325966850828727,0.12154696132596685,0.09116022099447513,0.05248618784530386,0.16574585635359115
began,0.09187279151943463,0.20848056537102475,0.1166077738515901,0.11307420494699646,0.10600706713780919,0.0812720848056537,0.09187279151943463,0.19081272084805653
journey,0.04,0.31,0.01,0.27,0.24,0.05,0.03,0.05
mind,0.10658307210031348,0.15673981191222572,0.08150470219435738,0.12225705329153605,0.14420062695924765,0.10658307210031348,0.06269592476489029,0.219435736677116
memories,0.17142857142857143,0.11428571428571428,0.11428571428571428,0.18095238095238095,0.10476190476190476,0.1523809523809524,0.0380952380952381,0.12380952380952381
difficult,0.0760233918128655,0.11111111111111112,0.0760233918128655,0.304093567251462,0.13450292397660818,0.08771929824561404,0.04678362573099416,0.16374269005847955
leave,0.06130268199233716,0.08812260536398467,0.0421455938697318,0.08045977011494253,0.0842911877394636,0.26436781609195403,0.22988505747126436,0.14942528735632182
past,0.11504424778761062,0.08849557522123894,0.11504424778761062,0.15044247787610618,0.10619469026548671,0.1415929203539823,0.08849557522123894,0.19469026548672566
father,0.08064516129032258,0.10483870967741936,0.03225806451612903,0.1129032258064516,0.08064516129032258,0.1129032258064516,0.03225806451612903,0.4435483870967742
room,0.13017751479289943,0.14497041420118345,0.08875739644970415,0.13313609467455623,0.13017751479289943,0.12130177514792899,0.062130177514792904,0.18934911242603553
went,0.12418300653594772,0.1394335511982571,0.10675381263616558,0.1328976034858388,0.11328976034858389,0.11328976034858389,0.06971677559912855,0.20043572984749455
black,0.08422939068100357,0.1129032258064516,0.08064516129032258,0.09139784946236558,0.08960573476702509,0.3548387096774193,0.050179211469534045,0.13620071684587812
suddenly,0.08585858585858587,0.09090909090909093,0.03535353535353536,0.11616161616161617,0.06565656565656566,0.08080808080808083,0.38383838383838387,0.14141414141414144
tall,0.07317073170731708,0.19512195121951223,0.09756097560975611,0.02439024390243903,0.19512195121951223,0.02439024390243903,0.19512195121951223,0.19512195121951223
man,0.11294117647058823,0.12823529411764706,0.1035294117647059,0.1388235294117647,0.12470588235294117,0.12705882352941178,0.09176470588235294,0.17294117647058824
child,0.07246376811594203,0.27536231884057966,0.057971014492753624,0.07246376811594203,0.2826086956521739,0.043478260869565216,0.057971014492753624,0.13768115942028983
sat,0.10429447852760736,0.1411042944785276,0.07361963190184048,0.1411042944785276,0.12883435582822086,0.13496932515337423,0.10429447852760736,0.17177914110429446
hours,0.07352941176470588,0.14705882352941177,0.05882352941176471,0.11764705882352942,0.16176470588235295,0.14705882352941177,0.05882352941176471,0.23529411764705885
light,0.09066666666666666,0.15733333333333335,0.06933333333333333,0.10933333333333332,0.15733333333333335,0.11733333333333335,0.06666666666666667,0.23199999999999998
taught,0.1592920353982301,0.10619469026548671,0.06194690265486725,0.1592920353982301,0.09734513274336283,0.06194690265486725,0.026548672566371678,0.3274336283185841
house,0.1152542372881356,0.16271186440677965,0.06440677966101695,0.12542372881355932,0.11864406779661017,0.12542372881355932,0.07796610169491525,0.21016949152542375
seemed,0.09437751004016065,0.15461847389558234,0.05823293172690763,0.13654618473895583,0.15261044176706828,0.09236947791164658,0.0783132530120482,0.23293172690763053
experience,0.11585365853658537,0.16463414634146345,0.08536585365853659,0.1402439024390244,0.12195121951219513,0.09146341463414635,0.07317073170731708,0.20731707317073172
viewed,0.08333333333333333,0.1388888888888889,0.05555555555555556,0.16666666666666666,0.16666666666666666,0.08333333333333333,0.08333333333333333,0.22222222222222224
face,0.10194174757281553,0.12378640776699028,0.07766990291262135,0.15048543689320387,0.12378640776699028,0.1407766990291262,0.10922330097087378,0.17233009708737862
many,0.06818181818181819,0.15259740259740262,0.12824675324675328,0.09415584415584416,0.15746753246753248,0.08928571428571429,0.06818181818181819,0.24188311688311692
york,0.06435643564356434,0.1683168316831683,0.04455445544554455,0.0891089108910891,0.16336633663366334,0.0495049504950495,0.08415841584158415,0.3366336633663366
perhaps,0.05576208178438662,0.16356877323420077,0.11524163568773235,0.10780669144981413,0.15613382899628253,0.10037174721189593,0.07063197026022305,0.2304832713754647
saw,0.10714285714285715,0.18750000000000003,0.08035714285714286,0.14285714285714288,0.13839285714285715,0.08928571428571429,0.0625,0.19196428571428573
different,0.05504587155963303,0.13761467889908258,0.11009174311926606,0.11926605504587158,0.11926605504587158,0.11009174311926606,0.07339449541284405,0.27522935779816515
mother,0.052631578947368425,0.1804511278195489,0.030075187969924817,0.04511278195488722,0.2105263157894737,0.1954887218045113,0.03759398496240602,0.2481203007518797
school,0.05084745762711865,0.1581920903954802,0.05084745762711865,0.09039548022598871,0.09039548022598871,0.06779661016949153,0.08474576271186442,0.4067796610169492
hair,0.07142857142857142,0.17857142857142858,0.05952380952380952,0.03571428571428571,0.17857142857142858,0.09523809523809523,0.13095238095238096,0.25
sometimes,0.1217391304347826,0.11304347826086956,0.10434782608695652,0.0608695652173913,0.19130434782608696,0.0782608695652174,0.0608695652173913,0.26956521739130435
kind,0.05078125,0.1015625,0.0859375,0.04296875,0.27734374999999994,0.078125,0.0390625,0.32421875
intense,0.1437125748502994,0.04790419161676647,0.16766467065868262,0.1437125748502994,0.14970059880239522,0.041916167664670656,0.125748502994012,0.17964071856287425
eyes,0.08050847457627118,0.15466101694915252,0.057203389830508475,0.11864406779661016,0.13983050847457626,0.17584745762711865,0.09322033898305085,0.18008474576271186
woman,0.11418685121107267,0.15916955017301038,0.06920415224913495,0.09688581314878893,0.16608996539792387,0.10380622837370243,0.11072664359861593,0.17993079584775087
put,0.12863070539419086,0.13692946058091285,0.12033195020746887,0.12863070539419086,0.12448132780082986,0.08713692946058091,0.07883817427385892,0.1950207468879668
hold,0.08247422680412372,0.16494845360824745,0.13402061855670105,0.051546391752577324,0.08247422680412372,0.13402061855670105,0.09278350515463918,0.2577319587628866
family,0.09375,0.1375,0.0375,0.1375,0.1125,0.1375,0.05625,0.2875
club,0.10638297872340426,0.1702127659574468,0.0425531914893617,0.10638297872340426,0.1276595744680851,0.0425531914893617,0.0851063829787234,0.3191489361702127
sensed,0.12727272727272726,0.14545454545454548,0.05454545454545454,0.10909090909090909,0.14545454545454548,0.18181818181818182,0.05454545454545454,0.18181818181818182
understand,0.10236220472440946,0.17322834645669294,0.08661417322834647,0.11811023622047245,0.10236220472440946,0.14173228346456693,0.05511811023622047,0.2204724409448819
better,0.07220216606498195,0.13718411552346568,0.19855595667870035,0.10108303249097471,0.1263537906137184,0.10830324909747291,0.06137184115523465,0.19494584837545126
found,0.06764168190127971,0.07495429616087751,0.05393053016453382,0.07312614259597806,0.2861060329067642,0.05301645338208409,0.0356489945155393,0.3555758683729433
work,0.1394101876675603,0.1689008042895442,0.06523681858802502,0.0741733690795353,0.10902591599642537,0.08132260947274352,0.049151027703306524,0.3127792672028597
home,0.0843989769820972,0.1381074168797954,0.1278772378516624,0.11764705882352942,0.13554987212276218,0.1329923273657289,0.0690537084398977,0.19437340153452687
freely,0.05333333333333334,0.12000000000000001,0.02666666666666667,0.05333333333333334,0.22666666666666666,0.08,0.05333333333333334,0.38666666666666666
gave,0.09230769230769231,0.14461538461538462,0.06153846153846154,0.12923076923076923,0.1323076923076923,0.09846153846153846,0.1323076923076923,0.20923076923076922
youth,0.12790697674418605,0.22093023255813954,0.011627906976744188,0.13953488372093023,0.22093023255813954,0.05813953488372093,0.15116279069767444,0.06976744186046512
missed,0.041666666666666664,0.10416666666666666,0.020833333333333332,0.062499999999999986,0.2708333333333333,0.08333333333333333,0.10416666666666666,0.31249999999999994
love,0.06904761904761905,0.13095238095238096,0.02857142857142857,0.0880952380952381,0.39285714285714285,0.07142857142857142,0.07857142857142857,0.14047619047619048
master,0.10714285714285714,0.12142857142857143,0.03571428571428571,0.07857142857142858,0.1357142857142857,0.10714285714285714,0.049999999999999996,0.36428571428571427
angry,0.3508771929824561,0.05263157894736842,0.2719298245614035,0.09649122807017545,0.05263157894736842,0.05263157894736842,0.008771929824561403,0.11403508771929824
partly,0.23529411764705885,0.05882352941176471,0.05882352941176471,0.08823529411764706,0.11764705882352942,0.14705882352941177,0.0,0.29411764705882354
brother,0.04419889502762431,0.12707182320441987,0.03314917127071823,0.06077348066298342,0.09944751381215469,0.049723756906077346,0.049723756906077346,0.5359116022099447
help,0.05341246290801187,0.18694362017804153,0.07121661721068248,0.08902077151335311,0.17804154302670622,0.07418397626112759,0.08308605341246289,0.26409495548961426
keep,0.0867579908675799,0.1506849315068493,0.08219178082191782,0.09589041095890412,0.14611872146118723,0.09132420091324202,0.1050228310502283,0.24200913242009134
clean,0.09259259259259259,0.05555555555555555,0.05555555555555555,0.09259259259259259,0.24074074074074073,0.07407407407407407,0.037037037037037035,0.3518518518518518
way,0.10167130919220056,0.12674094707520892,0.10863509749303621,0.12813370473537605,0.12674094707520892,0.09610027855153204,0.07520891364902507,0.23676880222841226
wanted,0.07920792079207921,0.1683168316831683,0.0594059405940594,0.10561056105610561,0.14521452145214522,0.10561056105610561,0.099009900990099,0.2376237623762376
despite,0.07692307692307693,0.1794871794871795,0.05128205128205129,0.11538461538461539,0.19230769230769232,0.12820512820512822,0.07692307692307693,0.1794871794871795
another,0.06521739130434782,0.17080745341614906,0.14285714285714282,0.10248447204968943,0.15217391304347827,0.09937888198757763,0.049689440993788817,0.21739130434782608
us,0.09000000000000001,0.155,0.095,0.125,0.125,0.105,0.05,0.255
together,0.14503816793893126,0.15267175572519082,0.08396946564885496,0.18320610687022898,0.08396946564885496,0.13740458015267173,0.053435114503816786,0.16030534351145037
felt,0.09919571045576409,0.15549597855227884,0.09383378016085792,0.13404825737265416,0.1447721179624665,0.12064343163538875,0.06970509383378017,0.18230563002680966
something,0.09876543209876544,0.12962962962962965,0.09876543209876544,0.12037037037037038,0.12037037037037038,0.1234567901234568,0.08333333333333334,0.22530864197530864
parents,0.09459459459459459,0.21621621621621623,0.05405405405405406,0.16216216216216214,0.13513513513513511,0.09459459459459459,0.06756756756756756,0.17567567567567569
human,0.05405405405405404,0.14414414414414414,0.14414414414414414,0.05405405405405404,0.1981981981981982,0.045045045045045036,0.05405405405405404,0.3063063063063063
someone,0.09999999999999999,0.11666666666666665,0.049999999999999996,0.13333333333333333,0.18333333333333335,0.11666666666666665,0.06666666666666667,0.2333333333333333
upset,0.34210526315789475,0.026315789473684213,0.10526315789473685,0.052631578947368425,0.026315789473684213,0.39473684210526316,0.0,0.052631578947368425
came,0.1267123287671233,0.1678082191780822,0.08561643835616438,0.11301369863013697,0.09246575342465753,0.09931506849315067,0.09931506849315067,0.21575342465753422
things,0.08974358974358976,0.15384615384615385,0.10256410256410256,0.12393162393162394,0.13247863247863248,0.10683760683760685,0.06837606837606838,0.22222222222222224
like,0.10684089162182937,0.11990776325903152,0.169869331283628,0.1291314373558801,0.12067640276710223,0.10530361260568794,0.06687163720215218,0.18139892390468873
making,0.0702247191011236,0.14325842696629215,0.2219101123595506,0.07865168539325844,0.1460674157303371,0.06741573033707866,0.0702247191011236,0.202247191011236
friends,0.07936507936507936,0.22222222222222218,0.0,0.12698412698412698,0.20634920634920634,0.015873015873015872,0.11111111111111109,0.23809523809523808
decided,0.09090909090909091,0.18181818181818182,0.06818181818181818,0.13636363636363635,0.07954545454545453,0.125,0.06818181818181818,0.25
needed,0.08661417322834647,0.17322834645669294,0.16535433070866143,0.08661417322834647,0.11811023622047245,0.09448818897637795,0.06299212598425198,0.21259842519685043
day,0.1042654028436019,0.1729857819905213,0.07819905213270141,0.09715639810426539,0.13033175355450236,0.10189573459715638,0.08530805687203791,0.22985781990521323
set,0.1417624521072797,0.14559386973180075,0.0421455938697318,0.09578544061302681,0.10344827586206896,0.09195402298850573,0.05747126436781609,0.3218390804597701
around,0.06840390879478828,0.1693811074918567,0.09771986970684039,0.09771986970684039,0.15309446254071662,0.07166123778501629,0.0781758957654723,0.26384364820846906
lot,0.1075268817204301,0.1935483870967742,0.11290322580645161,0.08064516129032258,0.16129032258064516,0.05376344086021505,0.06451612903225806,0.22580645161290322
spent,0.019230769230769232,0.23076923076923075,0.0,0.09615384615384615,0.1923076923076923,0.11538461538461538,0.05769230769230769,0.28846153846153844
white,0.03529411764705882,0.2647058823529412,0.029411764705882353,0.047058823529411764,0.24705882352941178,0.06470588235294118,0.052941176470588235,0.25882352941176473
boston,0.05714285714285715,0.19999999999999998,0.028571428571428574,0.028571428571428574,0.2285714285714286,0.08571428571428572,0.08571428571428572,0.2857142857142857
people,0.09263157894736843,0.16842105263157894,0.10526315789473684,0.11789473684210526,0.12842105263157894,0.11368421052631579,0.06736842105263158,0.20631578947368423
morning,0.09183673469387754,0.22448979591836735,0.1020408163265306,0.0510204081632653,0.173469387755102,0.1020408163265306,0.09183673469387754,0.16326530612244897
traveling,0.06896551724137931,0.17241379310344826,0.0,0.13793103448275862,0.17241379310344826,0.0,0.10344827586206895,0.3448275862068965
daily,0.07006369426751594,0.2929936305732484,0.03821656050955414,0.06369426751592357,0.1337579617834395,0.1337579617834395,0.06369426751592357,0.20382165605095542
realized,0.10967741935483871,0.16129032258064516,0.05161290322580645,0.17419354838709677,0.11612903225806452,0.08387096774193549,0.07741935483870968,0.22580645161290322
desire,0.051724137931034475,0.24137931034482754,0.06896551724137931,0.10344827586206895,0.13793103448275862,0.06896551724137931,0.10344827586206895,0.22413793103448273
however,0.0930232558139535,0.1308139534883721,0.12790697674418605,0.12790697674418605,0.0930232558139535,0.1308139534883721,0.06395348837209303,0.23255813953488372
avoid,0.04040404040404041,0.16161616161616163,0.10101010101010101,0.32323232323232326,0.09090909090909091,0.04040404040404041,0.0707070707070707,0.1717171717171717
drugs,0.07894736842105263,0.2105263157894737,0.026315789473684213,0.09210526315789473,0.18421052631578946,0.10526315789473685,0.07894736842105263,0.2236842105263158
turned,0.06880733944954129,0.1834862385321101,0.10550458715596331,0.10550458715596331,0.11926605504587158,0.11009174311926606,0.10091743119266057,0.2064220183486239
