,anger,anticipation,disgust,fear,joy,sadness,surprise,trust
project,0.12435233160621761,0.15975820379965458,0.044905008635578586,0.044905008635578586,0.11053540587219343,0.07426597582037997,0.018998272884283247,0.422279792746114
gutenberg,0.08275862068965517,0.2103448275862069,0.027586206896551724,0.041379310344827586,0.09655172413793103,0.11724137931034483,0.020689655172413793,0.40344827586206894
ebook,0.026490066225165563,0.1986754966887417,0.026490066225165563,0.052980132450331126,0.18543046357615894,0.06622516556291391,0.019867549668874173,0.423841059602649
hyborian,0.07407407407407407,0.09876543209876543,0.06172839506172839,0.1728395061728395,0.08641975308641975,0.19753086419753085,0.024691358024691357,0.2839506172839506
age,0.06743515850144093,0.18559077809798272,0.032853025936599424,0.12334293948126801,0.16368876080691644,0.08011527377521614,0.058789625360230545,0.2881844380403458
use,0.11357340720221606,0.16620498614958448,0.07202216066481995,0.10526315789473684,0.17174515235457063,0.06371191135734072,0.01662049861495845,0.29085872576177285
almost,0.11235955056179775,0.15730337078651685,0.08346709470304976,0.16693418940609953,0.1332263242375602,0.1332263242375602,0.0738362760834671,0.13964686998394862
may,0.06770660471291072,0.18785263856621306,0.04181878526385662,0.11616329239960173,0.1828742117490873,0.05907733156322602,0.06538333886491869,0.27912379688018585
copy,0.21578947368421053,0.08421052631578947,0.08421052631578947,0.06842105263157895,0.02631578947368421,0.07368421052631578,0.031578947368421054,0.41578947368421054
terms,0.1078167115902965,0.13746630727762804,0.03773584905660377,0.08086253369272237,0.14555256064690028,0.04851752021563342,0.04043126684636118,0.40161725067385445
license,0.1276595744680851,0.18439716312056736,0.07092198581560284,0.09219858156028368,0.1276595744680851,0.09219858156028368,0.03546099290780142,0.2695035460992908
distributed,0.034482758620689655,0.2413793103448276,0.034482758620689655,0.13793103448275862,0.10344827586206896,0.13793103448275862,0.0,0.3103448275862069
's,0.09796339262696571,0.17117813869554008,0.06754318123227636,0.12425882959525651,0.16524877545759217,0.1188450631606084,0.08919824697086878,0.165764372260892
first,0.05653950953678474,0.20367847411444143,0.04155313351498638,0.09128065395095368,0.18324250681198911,0.06130790190735695,0.05926430517711172,0.30313351498637603
copyright,0.0916030534351145,0.16030534351145037,0.07633587786259542,0.05343511450381679,0.12213740458015267,0.08396946564885496,0.030534351145038167,0.3816793893129771
history,0.08333333333333333,0.15878378378378377,0.04954954954954955,0.14414414414414414,0.14076576576576577,0.08558558558558559,0.057432432432432436,0.28040540540540543
years,0.09020044543429843,0.17706013363028952,0.05011135857461024,0.13919821826280623,0.15367483296213807,0.0801781737193764,0.07126948775055679,0.2383073496659243
found,0.06083086053412463,0.10979228486646884,0.04599406528189911,0.10089020771513353,0.23887240356083086,0.07863501483679525,0.04451038575667656,0.32047477744807124
real,0.09352517985611511,0.09352517985611511,0.06474820143884892,0.09352517985611511,0.15827338129496402,0.10071942446043165,0.05755395683453238,0.3381294964028777
kingdoms,0.18518518518518517,0.05555555555555555,0.07407407407407407,0.18518518518518517,0.09259259259259259,0.2222222222222222,0.05555555555555555,0.12962962962962962
set,0.10575635876840696,0.15261044176706828,0.058902275769745646,0.13253012048192772,0.1566265060240964,0.08969210174029452,0.03748326639892905,0.26639892904953144
except,0.09183673469387756,0.1326530612244898,0.04336734693877551,0.12755102040816327,0.1556122448979592,0.11479591836734694,0.03571428571428571,0.29846938775510207
latter,0.12110726643598616,0.1695501730103806,0.04498269896193772,0.1245674740484429,0.12802768166089964,0.11072664359861592,0.08650519031141868,0.21453287197231835
civilization,0.08300907911802853,0.1517509727626459,0.04928664072632944,0.1556420233463035,0.11543450064850844,0.09727626459143969,0.057068741893644616,0.2905317769130999
civilized,0.07103825136612021,0.12568306010928962,0.0546448087431694,0.12568306010928962,0.21311475409836064,0.03825136612021858,0.06557377049180328,0.30601092896174864
races,0.06855791962174941,0.16548463356973994,0.06382978723404255,0.09692671394799054,0.19148936170212766,0.08747044917257683,0.03546099290780142,0.2907801418439716
barbarians,0.18181818181818182,0.09090909090909091,0.09090909090909091,0.21212121212121213,0.07575757575757576,0.18181818181818182,0.015151515151515152,0.15151515151515152
picts,0.08928571428571429,0.08928571428571429,0.0625,0.1875,0.14285714285714285,0.11607142857142858,0.0625,0.25
far,0.07329317269076305,0.19176706827309237,0.04618473895582329,0.11546184738955824,0.1746987951807229,0.09136546184738956,0.06526104417670683,0.2419678714859438
western,0.1198501872659176,0.16853932584269662,0.056179775280898875,0.17228464419475656,0.1348314606741573,0.0749063670411985,0.056179775280898875,0.21722846441947566
atlanteans,0.1935483870967742,0.06451612903225806,0.0967741935483871,0.3225806451612903,0.0,0.1935483870967742,0.0,0.12903225806451613
continent,0.06955530216647662,0.1961231470923603,0.04561003420752566,0.11174458380843785,0.16875712656784492,0.07639680729760548,0.04446978335233751,0.28734321550741165
pictish,0.1791044776119403,0.08955223880597014,0.08955223880597014,0.1791044776119403,0.04477611940298507,0.16417910447761194,0.029850746268656716,0.22388059701492538
though,0.07692307692307693,0.17832167832167833,0.049533799533799536,0.1381118881118881,0.17424242424242425,0.09615384615384616,0.06293706293706294,0.22377622377622378
whole,0.078064012490242,0.1795472287275566,0.04371584699453552,0.11787665886026542,0.17720530835284934,0.07338017174082748,0.06167056986729118,0.2685402029664325
kingdom,0.06408345752608048,0.18777943368107303,0.044709388971684055,0.12816691505216096,0.19076005961251863,0.06259314456035768,0.037257824143070044,0.2846497764530551
east,0.07088122605363985,0.1685823754789272,0.0421455938697318,0.11302681992337164,0.16666666666666666,0.07279693486590039,0.04597701149425287,0.31992337164750956
whose,0.07918710581639804,0.18710581639803783,0.0378416257883672,0.12053258584442887,0.18149964961457604,0.0805886475122635,0.05536089698668535,0.2578836720392432
people,0.0885558583106267,0.16689373297002724,0.05858310626702997,0.14100817438692098,0.1566757493188011,0.07561307901907358,0.05040871934604905,0.2622615803814714
among,0.06974789915966387,0.1815126050420168,0.037815126050420166,0.12773109243697478,0.1773109243697479,0.07142857142857142,0.043697478991596636,0.2907563025210084
mountains,0.10344827586206896,0.10344827586206896,0.06896551724137931,0.13793103448275862,0.06896551724137931,0.20689655172413793,0.034482758620689655,0.27586206896551724
clans,0.11363636363636363,0.18181818181818182,0.045454545454545456,0.11363636363636363,0.13636363636363635,0.13636363636363635,0.045454545454545456,0.22727272727272727
tribes,0.16304347826086957,0.09782608695652174,0.17391304347826086,0.2391304347826087,0.05434782608695652,0.14130434782608695,0.0,0.13043478260869565
savages,0.11363636363636363,0.13636363636363635,0.06818181818181818,0.18181818181818182,0.11363636363636363,0.1590909090909091,0.0,0.22727272727272727
south,0.20689655172413793,0.10344827586206896,0.08620689655172414,0.25862068965517243,0.017241379310344827,0.20689655172413793,0.06896551724137931,0.05172413793103448
culture,0.10416666666666667,0.16666666666666666,0.08333333333333333,0.20833333333333334,0.0625,0.10416666666666667,0.041666666666666664,0.22916666666666666
race,0.09587727708533078,0.17353787152444872,0.05465004793863854,0.13231064237775647,0.15340364333652926,0.087248322147651,0.045062320230105465,0.2579098753595398
human,0.09675405742821473,0.15917602996254682,0.06367041198501873,0.14794007490636704,0.14731585518102372,0.0898876404494382,0.05368289637952559,0.24157303370786518
came,0.12345679012345678,0.18765432098765433,0.05925925925925926,0.1382716049382716,0.15308641975308643,0.08888888888888889,0.07407407407407407,0.17530864197530865
contact,0.03759398496240601,0.12030075187969924,0.03007518796992481,0.05263157894736842,0.18045112781954886,0.05263157894736842,0.045112781954887216,0.48120300751879697
armies,0.19047619047619047,0.023809523809523808,0.16666666666666666,0.2619047619047619,0.047619047619047616,0.07142857142857142,0.07142857142857142,0.16666666666666666
barbarian,0.10810810810810811,0.08108108108108109,0.10810810810810811,0.2702702702702703,0.05405405405405406,0.1891891891891892,0.08108108108108109,0.10810810810810811
mercenaries,0.11764705882352941,0.14705882352941177,0.058823529411764705,0.20588235294117646,0.14705882352941177,0.058823529411764705,0.08823529411764706,0.17647058823529413
wars,0.1357142857142857,0.10714285714285714,0.1,0.18571428571428572,0.07857142857142857,0.16428571428571428,0.08571428571428572,0.14285714285714285
world,0.08097359210944957,0.18310531339484568,0.041679923639834554,0.13315303849825008,0.15351574928412345,0.07636016544702513,0.05138402799872733,0.2798281896277442
new,0.08788159111933395,0.20351526364477335,0.04995374653098982,0.11655874190564293,0.14431082331174838,0.0666049953746531,0.04810360777058279,0.28307123034227566
great,0.07087447108603667,0.17842031029619182,0.04266572637517631,0.12588152327221439,0.17665726375176305,0.07757404795486601,0.04478138222849083,0.28314527503526093
inland,0.2,0.06666666666666667,0.1,0.16666666666666666,0.03333333333333333,0.2,0.06666666666666667,0.16666666666666666
forth,0.08104395604395605,0.19093406593406592,0.03159340659340659,0.10989010989010989,0.19230769230769232,0.05357142857142857,0.04395604395604396,0.2967032967032967
cities,0.08695652173913043,0.1565217391304348,0.06956521739130435,0.16521739130434782,0.12173913043478261,0.1391304347826087,0.043478260869565216,0.21739130434782608
destroyed,0.225,0.075,0.075,0.275,0.0,0.25,0.025,0.075
thousands,0.1875,0.1,0.0875,0.3,0.05,0.1875,0.0375,0.05
many,0.0740072202166065,0.17689530685920576,0.04332129963898917,0.11371841155234658,0.18953068592057762,0.0812274368231047,0.05054151624548736,0.27075812274368233
ancient,0.07171314741035857,0.16733067729083664,0.035856573705179286,0.13745019920318724,0.19721115537848605,0.07768924302788845,0.05976095617529881,0.25298804780876494
life,0.08433236874741629,0.1756924348904506,0.05374121537825548,0.121537825547747,0.1756924348904506,0.07069036792062836,0.05994212484497726,0.25837122778007443
sea,0.10855263157894737,0.17434210526315788,0.049342105263157895,0.15460526315789475,0.17105263157894737,0.09539473684210527,0.06578947368421052,0.18092105263157895
ruins,0.11764705882352941,0.058823529411764705,0.11764705882352941,0.23529411764705882,0.08823529411764706,0.17647058823529413,0.08823529411764706,0.11764705882352941
state,0.0944527736131934,0.15292353823088456,0.05997001499250375,0.14842578710644677,0.11244377811094453,0.0944527736131934,0.044977511244377814,0.29235382308845576
stone,0.3157894736842105,0.06578947368421052,0.06578947368421052,0.14473684210526316,0.07894736842105263,0.06578947368421052,0.039473684210526314,0.2236842105263158
artistic,0.15151515151515152,0.09090909090909091,0.09090909090909091,0.24242424242424243,0.06060606060606061,0.09090909090909091,0.09090909090909091,0.18181818181818182
back,0.09583333333333334,0.18611111111111112,0.05138888888888889,0.13194444444444445,0.15833333333333333,0.10694444444444444,0.07916666666666666,0.19027777777777777
barbaric,0.2222222222222222,0.027777777777777776,0.19444444444444445,0.3055555555555556,0.027777777777777776,0.05555555555555555,0.08333333333333333,0.08333333333333333
west,0.05821917808219178,0.1860730593607306,0.03881278538812785,0.091324200913242,0.19406392694063926,0.05593607305936073,0.04794520547945205,0.3276255707762557
one,0.06731998295696634,0.1829995739241585,0.04345973583297827,0.11802300809544099,0.1861951427354069,0.07328504473796335,0.057094162760971456,0.2716233489561142
north,0.07023411371237458,0.19063545150501673,0.03678929765886288,0.11705685618729098,0.17725752508361203,0.07023411371237458,0.04013377926421405,0.2976588628762542
much,0.08222811671087533,0.15251989389920426,0.058355437665782495,0.123342175066313,0.17374005305039789,0.10212201591511937,0.07294429708222812,0.23474801061007958
ferocious,0.14634146341463414,0.0975609756097561,0.14634146341463414,0.21951219512195122,0.12195121951219512,0.14634146341463414,0.024390243902439025,0.0975609756097561
completed,0.1111111111111111,0.1388888888888889,0.08333333333333333,0.19444444444444445,0.1111111111111111,0.16666666666666666,0.027777777777777776,0.16666666666666666
hills,0.21951219512195122,0.04878048780487805,0.07317073170731707,0.21951219512195122,0.07317073170731707,0.1951219512195122,0.04878048780487805,0.12195121951219512
without,0.0864,0.1648,0.064,0.1216,0.16,0.0976,0.0464,0.2592
come,0.06735266604303088,0.19550982226379796,0.037418147801683815,0.11973807296538821,0.17867165575304023,0.07764265668849392,0.06548175865294668,0.25818521983161835
upon,0.0744023636852001,0.177276390008058,0.047810905183991406,0.11120064464141821,0.17405318291700242,0.06419554123019071,0.05667472468439431,0.2943862476497448
stygia,0.2222222222222222,0.05555555555555555,0.08333333333333333,0.19444444444444445,0.0,0.3055555555555556,0.08333333333333333,0.05555555555555555
even,0.09222560975609756,0.16234756097560976,0.053353658536585365,0.10442073170731707,0.18140243902439024,0.08917682926829268,0.056402439024390245,0.2606707317073171
hyborians,0.125,0.08333333333333333,0.0625,0.22916666666666666,0.10416666666666667,0.16666666666666666,0.041666666666666664,0.1875
chief,0.06235011990407674,0.1774580335731415,0.03117505995203837,0.08633093525179857,0.1750599520383693,0.050359712230215826,0.045563549160671464,0.37170263788968827
days,0.1041879468845761,0.1807967313585291,0.05311542390194075,0.11031664964249234,0.1675178753830439,0.07967313585291114,0.07150153217568948,0.23289070480081717
centuries,0.12280701754385964,0.14035087719298245,0.07602339181286549,0.19298245614035087,0.14619883040935672,0.07602339181286549,0.07017543859649122,0.17543859649122806
tribe,0.14545454545454545,0.09090909090909091,0.09090909090909091,0.16363636363636364,0.03636363636363636,0.16363636363636364,0.03636363636363636,0.2727272727272727
warriors,0.14814814814814814,0.12962962962962962,0.07407407407407407,0.16666666666666666,0.14814814814814814,0.1111111111111111,0.05555555555555555,0.16666666666666666
conquest,0.2,0.1,0.05,0.25,0.125,0.075,0.05,0.15
conquered,0.13513513513513514,0.10810810810810811,0.16216216216216217,0.10810810810810811,0.05405405405405406,0.21621621621621623,0.02702702702702703,0.1891891891891892
long,0.08492822966507177,0.3145933014354067,0.05980861244019139,0.12440191387559808,0.10885167464114832,0.09569377990430622,0.05382775119617225,0.15789473684210525
borders,0.28125,0.03125,0.15625,0.1875,0.0,0.15625,0.09375,0.09375
shem,0.17857142857142858,0.03571428571428571,0.07142857142857142,0.25,0.03571428571428571,0.25,0.07142857142857142,0.10714285714285714
rude,0.24390243902439024,0.07317073170731707,0.12195121951219512,0.21951219512195122,0.024390243902439025,0.0975609756097561,0.0975609756097561,0.12195121951219512
hyperborea,0.325,0.0,0.15,0.275,0.0,0.1,0.025,0.125
naked,0.18181818181818182,0.06060606060606061,0.12121212121212122,0.21212121212121213,0.09090909090909091,0.15151515151515152,0.06060606060606061,0.12121212121212122
defeated,0.2222222222222222,0.07407407407407407,0.037037037037037035,0.2222222222222222,0.037037037037037035,0.3333333333333333,0.037037037037037035,0.037037037037037035
war,0.0883054892601432,0.10978520286396182,0.057279236276849645,0.2935560859188544,0.09307875894988067,0.09069212410501193,0.05250596658711217,0.21479713603818615
northern,0.24390243902439024,0.17073170731707318,0.04878048780487805,0.24390243902439024,0.0975609756097561,0.07317073170731707,0.024390243902439025,0.0975609756097561
lands,0.10810810810810811,0.14189189189189189,0.08108108108108109,0.14864864864864866,0.1554054054054054,0.07432432432432433,0.05405405405405406,0.23648648648648649
koth,0.12903225806451613,0.12903225806451613,0.03225806451612903,0.16129032258064516,0.12903225806451613,0.1935483870967742,0.0,0.22580645161290322
power,0.07311941083640189,0.18621778011572857,0.04050499736980537,0.1367701209889532,0.16622830089426618,0.06207259337190952,0.05996843766438716,0.2751183587585481
zingara,0.16666666666666666,0.1388888888888889,0.08333333333333333,0.16666666666666666,0.08333333333333333,0.1388888888888889,0.05555555555555555,0.16666666666666666
aquilonia,0.19148936170212766,0.1276595744680851,0.11702127659574468,0.23404255319148937,0.06382978723404255,0.14893617021276595,0.02127659574468085,0.09574468085106383
nemedia,0.1702127659574468,0.06382978723404255,0.10638297872340426,0.2553191489361702,0.0851063829787234,0.1276595744680851,0.0425531914893617,0.14893617021276595
right,0.1288888888888889,0.1688888888888889,0.05333333333333334,0.09111111111111111,0.14666666666666667,0.10444444444444445,0.05333333333333334,0.25333333333333335
cimmerians,0.18333333333333332,0.15,0.05,0.23333333333333334,0.08333333333333333,0.2,0.03333333333333333,0.06666666666666667
wilderness,0.09433962264150944,0.16981132075471697,0.0660377358490566,0.18867924528301888,0.08490566037735849,0.20754716981132076,0.0660377358490566,0.12264150943396226
hyrkanians,0.13924050632911392,0.06329113924050633,0.11392405063291139,0.25316455696202533,0.06329113924050633,0.16455696202531644,0.08860759493670886,0.11392405063291139
hyrkanian,0.36666666666666664,0.0,0.03333333333333333,0.26666666666666666,0.03333333333333333,0.23333333333333334,0.0,0.06666666666666667
zingarans,0.15151515151515152,0.06060606060606061,0.15151515151515152,0.2727272727272727,0.06060606060606061,0.15151515151515152,0.06060606060606061,0.09090909090909091
eyes,0.08272181454302868,0.16344229486324216,0.04803202134756504,0.14209472981987992,0.17678452301534356,0.1094062708472315,0.0780520346897932,0.19946631087391595
empire,0.13414634146341464,0.14634146341463414,0.07317073170731707,0.21951219512195122,0.0975609756097561,0.08536585365853659,0.06707317073170732,0.17682926829268292
bossonian,0.13333333333333333,0.08888888888888889,0.06666666666666667,0.26666666666666666,0.06666666666666667,0.2222222222222222,0.06666666666666667,0.08888888888888889
bossonians,0.15789473684210525,0.08771929824561403,0.15789473684210525,0.22807017543859648,0.07017543859649122,0.14035087719298245,0.07017543859649122,0.08771929824561403
savage,0.2857142857142857,0.14285714285714285,0.031746031746031744,0.2698412698412698,0.09523809523809523,0.031746031746031744,0.07936507936507936,0.06349206349206349
aquilonians,0.1836734693877551,0.10204081632653061,0.10204081632653061,0.16326530612244897,0.10204081632653061,0.16326530612244897,0.061224489795918366,0.12244897959183673
man,0.0851581508515815,0.15875912408759124,0.05596107055961071,0.1307785888077859,0.1867396593673966,0.09063260340632603,0.0681265206812652,0.22384428223844283
ways,0.07894736842105263,0.18947368421052632,0.05789473684210526,0.14210526315789473,0.15263157894736842,0.08947368421052632,0.05789473684210526,0.23157894736842105
arus,0.08888888888888889,0.15555555555555556,0.06666666666666667,0.17777777777777778,0.1111111111111111,0.1111111111111111,0.06666666666666667,0.2222222222222222
priest,0.025,0.1,0.075,0.075,0.125,0.125,0.05,0.425
work,0.12171628721541156,0.1830122591943958,0.03239929947460595,0.0647985989492119,0.14185639229422067,0.07705779334500876,0.053415061295971976,0.3257443082311734
gorm,0.09411764705882353,0.10588235294117647,0.058823529411764705,0.2,0.11764705882352941,0.07058823529411765,0.08235294117647059,0.27058823529411763
provided,0.13846153846153847,0.1076923076923077,0.09230769230769231,0.015384615384615385,0.16923076923076924,0.09230769230769231,0.03076923076923077,0.35384615384615387
works,0.10925925925925926,0.17592592592592593,0.05925925925925926,0.05925925925925926,0.1537037037037037,0.025925925925925925,0.03148148148148148,0.3851851851851852
glittering,0.14705882352941177,0.08823529411764706,0.11764705882352941,0.20588235294117646,0.11764705882352941,0.11764705882352941,0.058823529411764705,0.14705882352941177
pict,0.16666666666666666,0.047619047619047616,0.16666666666666666,0.23809523809523808,0.09523809523809523,0.14285714285714285,0.023809523809523808,0.11904761904761904
paid,0.17898832684824903,0.1867704280155642,0.019455252918287938,0.054474708171206226,0.14396887159533073,0.06614785992217899,0.08560311284046693,0.26459143968871596
information,0.0,0.2109375,0.0,0.0390625,0.1875,0.03125,0.0078125,0.5234375
cause,0.06477577615944806,0.1793790724415485,0.04407819087773093,0.11805289382905328,0.17401303181295516,0.06362591031046377,0.049444231506324265,0.30663089306247604
full,0.07962085308056872,0.19146919431279621,0.04170616113744076,0.11563981042654028,0.17535545023696683,0.07582938388625593,0.05687203791469194,0.26350710900473934
united,0.06790123456790123,0.1934156378600823,0.043209876543209874,0.10082304526748971,0.10905349794238683,0.06584362139917696,0.037037037037037035,0.38271604938271603
including,0.10606060606060606,0.18181818181818182,0.025252525252525252,0.030303030303030304,0.11616161616161616,0.10101010101010101,0.0,0.4393939393939394
associated,0.060263653483992465,0.2015065913370998,0.026365348399246705,0.08662900188323917,0.1751412429378531,0.05273069679849341,0.05273069679849341,0.3446327683615819
public,0.037383177570093455,0.40654205607476634,0.009345794392523364,0.06542056074766354,0.0794392523364486,0.028037383177570093,0.014018691588785047,0.3598130841121495
states,0.052763819095477386,0.19472361809045227,0.031407035175879394,0.13190954773869346,0.13190954773869346,0.06909547738693467,0.028894472361809045,0.3592964824120603
foundation,0.08301158301158301,0.17567567567567569,0.02895752895752896,0.052123552123552123,0.12162162162162163,0.09073359073359073,0.032818532818532815,0.41505791505791506
distributing,0.12269938650306748,0.17177914110429449,0.049079754601226995,0.024539877300613498,0.15337423312883436,0.0736196319018405,0.0,0.4049079754601227
gutenberg-tm,0.14084507042253522,0.15023474178403756,0.051643192488262914,0.046948356807511735,0.11267605633802817,0.06103286384976526,0.018779342723004695,0.41784037558685444
electronic,0.18181818181818182,0.1291866028708134,0.06698564593301436,0.03827751196172249,0.10526315789473684,0.07655502392344497,0.03827751196172249,0.36363636363636365
trademark,0.1891891891891892,0.10810810810810811,0.05405405405405406,0.02702702702702703,0.08108108108108109,0.16216216216216217,0.0,0.3783783783783784
copies,0.17073170731707318,0.1402439024390244,0.0975609756097561,0.07317073170731707,0.12804878048780488,0.0,0.0,0.3902439024390244
distribution,0.0898876404494382,0.20224719101123595,0.0,0.0449438202247191,0.10112359550561797,0.0,0.0,0.5617977528089888
agree,0.189873417721519,0.12658227848101267,0.06329113924050633,0.0759493670886076,0.056962025316455694,0.08860759493670886,0.03164556962025317,0.3670886075949367
agreement,0.11515151515151516,0.08181818181818182,0.03636363636363636,0.03636363636363636,0.06666666666666667,0.07575757575757576,0.015151515151515152,0.5727272727272728
must,0.06923558897243108,0.20864661654135339,0.039786967418546364,0.11152882205513784,0.15695488721804512,0.06422305764411028,0.05764411027568922,0.29197994987468673
fee,0.33783783783783783,0.12162162162162163,0.060810810810810814,0.0,0.12837837837837837,0.0,0.013513513513513514,0.33783783783783783
access,0.20930232558139536,0.13953488372093023,0.09302325581395349,0.06976744186046512,0.11627906976744186,0.046511627906976744,0.023255813953488372,0.3023255813953488
refund,0.25,0.13333333333333333,0.041666666666666664,0.016666666666666666,0.13333333333333333,0.10833333333333334,0.1,0.21666666666666667
paragraph,0.3120567375886525,0.06382978723404255,0.05673758865248227,0.028368794326241134,0.05673758865248227,0.1702127659574468,0.028368794326241134,0.28368794326241137
literary,0.14084507042253522,0.14788732394366197,0.028169014084507043,0.0,0.056338028169014086,0.16901408450704225,0.035211267605633804,0.4225352112676056
archive,0.14285714285714285,0.14285714285714285,0.02857142857142857,0.0,0.05714285714285714,0.17142857142857143,0.02857142857142857,0.42857142857142855
fees,0.12121212121212122,0.1414141414141414,0.04040404040404041,0.020202020202020204,0.06060606060606061,0.12121212121212122,0.020202020202020204,0.47474747474747475
provide,0.10648148148148148,0.1527777777777778,0.027777777777777776,0.027777777777777776,0.12037037037037036,0.004629629629629629,0.06481481481481481,0.49537037037037035
owner,0.22137404580152673,0.0916030534351145,0.061068702290076333,0.03816793893129771,0.030534351145038167,0.19083969465648856,0.0,0.366412213740458
donations,0.015151515151515152,0.22727272727272727,0.0,0.0,0.10606060606060606,0.09090909090909091,0.015151515151515152,0.5454545454545454
replacement,0.24324324324324326,0.08108108108108109,0.05405405405405406,0.0,0.10810810810810811,0.16216216216216217,0.08108108108108109,0.2702702702702703
limited,0.23346303501945526,0.08171206225680934,0.06614785992217899,0.03501945525291829,0.10894941634241245,0.22957198443579765,0.04669260700389105,0.19844357976653695
damages,0.18181818181818182,0.030303030303030304,0.12121212121212122,0.06060606060606061,0.0,0.3333333333333333,0.0,0.2727272727272727
moon,0.04,0.216,0.016,0.056,0.184,0.112,0.104,0.272
reach,0.06338028169014084,0.2112676056338028,0.007042253521126761,0.06338028169014084,0.16901408450704225,0.07746478873239436,0.11267605633802817,0.29577464788732394
margaret,0.09523809523809523,0.21428571428571427,0.047619047619047616,0.07142857142857142,0.11904761904761904,0.07142857142857142,0.11904761904761904,0.2619047619047619
pedler,0.09523809523809523,0.21428571428571427,0.047619047619047616,0.07142857142857142,0.11904761904761904,0.07142857142857142,0.11904761904761904,0.2619047619047619
anyone,0.09022556390977443,0.19172932330827067,0.06015037593984962,0.10902255639097744,0.16917293233082706,0.08646616541353383,0.06015037593984962,0.23308270676691728
cost,0.23529411764705882,0.08823529411764706,0.11764705882352941,0.14705882352941177,0.08823529411764706,0.08823529411764706,0.029411764705882353,0.20588235294117646
give,0.07238605898123325,0.2037533512064343,0.03485254691689008,0.064343163538874,0.21179624664879357,0.06702412868632708,0.058981233243967826,0.2868632707774799
away,0.07987866531850354,0.1789686552072801,0.055611729019211326,0.11122345803842265,0.18402426693629928,0.10111223458038422,0.08291203235591507,0.20626895854398383
release,0.05813953488372093,0.18604651162790697,0.05813953488372093,0.12790697674418605,0.13953488372093023,0.09302325581395349,0.08139534883720931,0.2558139534883721
date,0.0,0.2375,0.0,0.025,0.2125,0.05,0.075,0.4
english,0.05714285714285714,0.17142857142857143,0.05714285714285714,0.08571428571428572,0.22857142857142856,0.11428571428571428,0.02857142857142857,0.2571428571428571
start,0.043478260869565216,0.5652173913043478,0.021739130434782608,0.06521739130434782,0.08695652173913043,0.043478260869565216,0.06521739130434782,0.10869565217391304
house,0.06815642458100558,0.1553072625698324,0.04581005586592179,0.09385474860335195,0.14748603351955308,0.053631284916201116,0.042458100558659215,0.39329608938547483
splendid,0.06578947368421052,0.13157894736842105,0.05263157894736842,0.09210526315789473,0.21052631578947367,0.10526315789473684,0.15789473684210525,0.18421052631578946
fate,0.08053691275167785,0.28187919463087246,0.026845637583892617,0.12080536912751678,0.15436241610738255,0.10067114093959731,0.09395973154362416,0.14093959731543623
made,0.0625,0.18269230769230768,0.04326923076923077,0.1141826923076923,0.18329326923076922,0.0655048076923077,0.06129807692307692,0.28725961538461536
america,0.0640096618357488,0.1823671497584541,0.036231884057971016,0.11956521739130435,0.178743961352657,0.057971014492753624,0.05434782608695652,0.30676328502415456
chapter,0.08187134502923976,0.21052631578947367,0.05263157894736842,0.1111111111111111,0.18128654970760233,0.11695906432748537,0.08187134502923976,0.16374269005847952
shining,0.04814814814814815,0.27037037037037037,0.03333333333333333,0.07407407407407407,0.23703703703703705,0.040740740740740744,0.07037037037037037,0.22592592592592592
ship,0.09090909090909091,0.36363636363636365,0.03636363636363636,0.07272727272727272,0.16363636363636364,0.05454545454545454,0.07272727272727272,0.14545454545454545
good,0.029310344827586206,0.225,0.019827586206896553,0.03793103448275862,0.2293103448275862,0.03189655172413793,0.17844827586206896,0.2482758620689655
samaritan,0.09302325581395349,0.20930232558139536,0.046511627906976744,0.06976744186046512,0.16279069767441862,0.06976744186046512,0.16279069767441862,0.18604651162790697
question,0.1069182389937107,0.16666666666666666,0.040880503144654086,0.12578616352201258,0.1509433962264151,0.11320754716981132,0.07547169811320754,0.22012578616352202
forgotten,0.09917355371900827,0.1652892561983471,0.06611570247933884,0.21487603305785125,0.06611570247933884,0.19008264462809918,0.05785123966942149,0.14049586776859505
fan,0.1276595744680851,0.14893617021276595,0.06382978723404255,0.1276595744680851,0.10638297872340426,0.1702127659574468,0.0851063829787234,0.1702127659574468
side,0.1264705882352941,0.14411764705882352,0.029411764705882353,0.16176470588235295,0.14411764705882352,0.12058823529411765,0.07352941176470588,0.2
door,0.11851851851851852,0.1925925925925926,0.06296296296296296,0.16296296296296298,0.09259259259259259,0.15925925925925927,0.08148148148148149,0.12962962962962962
middle,0.1267605633802817,0.22535211267605634,0.07042253521126761,0.11267605633802817,0.11267605633802817,0.07042253521126761,0.1267605633802817,0.15492957746478872
ix,0.15789473684210525,0.18421052631578946,0.07894736842105263,0.10526315789473684,0.07894736842105263,0.13157894736842105,0.13157894736842105,0.13157894736842105
skirmish,0.15789473684210525,0.18421052631578946,0.07894736842105263,0.10526315789473684,0.07894736842105263,0.13157894736842105,0.13157894736842105,0.13157894736842105
death,0.11327649208282582,0.17904993909866018,0.09622411693057248,0.14981729598051158,0.09378806333739342,0.13398294762484775,0.09135200974421437,0.1425091352009744
going,0.0860655737704918,0.18442622950819673,0.04918032786885246,0.09016393442622951,0.19262295081967212,0.10655737704918032,0.11065573770491803,0.18032786885245902
tide,0.125,0.18181818181818182,0.07954545454545454,0.13636363636363635,0.14772727272727273,0.13068181818181818,0.07386363636363637,0.125
double,0.189873417721519,0.13924050632911392,0.06329113924050633,0.1518987341772152,0.11392405063291139,0.0759493670886076,0.06329113924050633,0.20253164556962025
barrier,0.24489795918367346,0.16326530612244897,0.061224489795918366,0.08163265306122448,0.12244897959183673,0.10204081632653061,0.061224489795918366,0.16326530612244897
lovers,0.10714285714285714,0.17857142857142858,0.07142857142857142,0.08928571428571429,0.17857142857142858,0.125,0.08928571428571429,0.16071428571428573
bridge,0.11494252873563218,0.1724137931034483,0.05747126436781609,0.1724137931034483,0.13793103448275862,0.12643678160919541,0.10344827586206896,0.11494252873563218
king,0.1,0.21666666666666667,0.06666666666666667,0.16666666666666666,0.125,0.075,0.058333333333333334,0.19166666666666668
arthur,0.12,0.18,0.1,0.14,0.08,0.12,0.06,0.2
castle,0.11627906976744186,0.1744186046511628,0.10465116279069768,0.1744186046511628,0.05813953488372093,0.1511627906976744,0.03488372093023256,0.18604651162790697
troth,0.1,0.175,0.075,0.125,0.15,0.125,0.1,0.15
keys,0.10256410256410256,0.19658119658119658,0.06837606837606838,0.15384615384615385,0.15384615384615385,0.08547008547008547,0.07692307692307693,0.1623931623931624
heaven,0.04182509505703422,0.1964512040557668,0.031685678073510776,0.12801013941698353,0.23193916349809887,0.044359949302915085,0.044359949302915085,0.2813688212927757
till,0.09328358208955224,0.21641791044776118,0.05970149253731343,0.1044776119402985,0.16044776119402984,0.09701492537313433,0.08955223880597014,0.1791044776119403
us,0.07829181494661921,0.18505338078291814,0.04448398576512456,0.11921708185053381,0.1708185053380783,0.09252669039145907,0.06583629893238434,0.24377224199288255
part,0.09462915601023018,0.1918158567774936,0.056265984654731455,0.12276214833759591,0.1445012787723785,0.09718670076726342,0.05754475703324808,0.23529411764705882
price,0.1044776119402985,0.19402985074626866,0.11940298507462686,0.05970149253731343,0.1791044776119403,0.1044776119402985,0.07462686567164178,0.16417910447761194
xx,0.11764705882352941,0.17647058823529413,0.11764705882352941,0.08823529411764706,0.08823529411764706,0.14705882352941177,0.08823529411764706,0.17647058823529413
lady,0.1130820399113082,0.17738359201773837,0.082039911308204,0.10864745011086474,0.12195121951219512,0.13968957871396895,0.08425720620842572,0.1729490022172949
gertrude,0.11392405063291139,0.1620253164556962,0.08860759493670886,0.11139240506329114,0.11645569620253164,0.14936708860759493,0.07848101265822785,0.17974683544303796
point,0.13043478260869565,0.19130434782608696,0.05217391304347826,0.11304347826086956,0.09565217391304348,0.09565217391304348,0.05217391304347826,0.26956521739130435
view,0.09606986899563319,0.18340611353711792,0.048034934497816595,0.1222707423580786,0.13973799126637554,0.08296943231441048,0.0611353711790393,0.2663755458515284
offering,0.09836065573770492,0.18032786885245902,0.08196721311475409,0.08196721311475409,0.11475409836065574,0.09836065573770492,0.09836065573770492,0.2459016393442623
honour,0.13636363636363635,0.16666666666666666,0.030303030303030304,0.10606060606060606,0.16666666666666666,0.09090909090909091,0.07575757575757576,0.22727272727272727
flight,0.12,0.17,0.04,0.12,0.17,0.12,0.07,0.19
unexpected,0.020618556701030927,0.24742268041237114,0.010309278350515464,0.17525773195876287,0.18556701030927836,0.05154639175257732,0.2268041237113402,0.08247422680412371
meeting,0.04216867469879518,0.20481927710843373,0.018072289156626505,0.1144578313253012,0.24096385542168675,0.06626506024096386,0.09036144578313253,0.22289156626506024
width,0.058823529411764705,0.29411764705882354,0.029411764705882353,0.08823529411764706,0.20588235294117646,0.11764705882352941,0.08823529411764706,0.11764705882352941
dark,0.05223880597014925,0.1865671641791045,0.014925373134328358,0.09701492537313433,0.17164179104477612,0.17164179104477612,0.08955223880597014,0.21641791044776118
angel,0.045454545454545456,0.18181818181818182,0.022727272727272728,0.045454545454545456,0.20454545454545456,0.11363636363636363,0.20454545454545456,0.18181818181818182
thin,0.05970149253731343,0.22388059701492538,0.04477611940298507,0.13432835820895522,0.19402985074626866,0.08955223880597014,0.07462686567164178,0.1791044776119403
forget,0.0594059405940594,0.24752475247524752,0.04950495049504951,0.12871287128712872,0.18811881188118812,0.06930693069306931,0.0297029702970297,0.22772277227722773
towards,0.07520143240823635,0.19068934646374217,0.04207699194270367,0.13070725156669652,0.17905102954341987,0.07967770814682185,0.05371530886302596,0.24888093106535364
unknown,0.0625,0.3333333333333333,0.041666666666666664,0.20833333333333334,0.16666666666666666,0.0625,0.0,0.125
green,0.05333333333333334,0.12666666666666668,0.08,0.08,0.28,0.06666666666666667,0.05333333333333334,0.26
car,0.08241758241758242,0.21428571428571427,0.04395604395604396,0.08791208791208792,0.2032967032967033,0.06593406593406594,0.0989010989010989,0.2032967032967033
keeping,0.07534246575342465,0.1780821917808219,0.0410958904109589,0.08904109589041095,0.1917808219178082,0.0684931506849315,0.0547945205479452,0.3013698630136986
faith,0.05669014084507042,0.21214788732394366,0.031161971830985916,0.09014084507042254,0.20334507042253522,0.049647887323943665,0.04647887323943662,0.310387323943662
white,0.045234248788368334,0.23747980613893377,0.024232633279483037,0.06946688206785137,0.24394184168012925,0.0791599353796446,0.029079159935379646,0.27140549273021003
flame,0.0705521472392638,0.19938650306748465,0.05214723926380368,0.1165644171779141,0.17791411042944785,0.08895705521472393,0.06748466257668712,0.22699386503067484
gates,0.13513513513513514,0.2972972972972973,0.02702702702702703,0.13513513513513514,0.16216216216216217,0.10810810810810811,0.02702702702702703,0.10810810810810811
roger,0.08927173061863743,0.17776037588097102,0.056382145653876274,0.12764291307752546,0.15974941268598278,0.12372748629600626,0.09240407204385279,0.173061863743148
refusal,0.027777777777777776,0.3055555555555556,0.027777777777777776,0.05555555555555555,0.2222222222222222,0.08333333333333333,0.05555555555555555,0.2222222222222222
empty,0.04430379746835443,0.22784810126582278,0.0189873417721519,0.08227848101265822,0.26582278481012656,0.056962025316455694,0.056962025316455694,0.2468354430379747
hands,0.06289308176100629,0.2037735849056604,0.04654088050314465,0.1421383647798742,0.1710691823899371,0.0729559748427673,0.04905660377358491,0.25157232704402516
sky,0.09090909090909091,0.22077922077922077,0.025974025974025976,0.09090909090909091,0.19480519480519481,0.14285714285714285,0.09090909090909091,0.14285714285714285
high,0.0800711743772242,0.18149466192170818,0.046263345195729534,0.10142348754448399,0.19572953736654805,0.06761565836298933,0.051601423487544484,0.27580071174377224
heads,0.0975609756097561,0.2682926829268293,0.024390243902439025,0.0975609756097561,0.1951219512195122,0.0975609756097561,0.07317073170731707,0.14634146341463414
like,0.09265944645006016,0.18411552346570398,0.061371841155234655,0.13598074608904934,0.15764139590854392,0.11432009626955475,0.09025270758122744,0.16365824308062576
seen,0.07142857142857142,0.23015873015873015,0.04365079365079365,0.12301587301587301,0.17857142857142858,0.05952380952380952,0.06746031746031746,0.2261904761904762
hearts,0.07538461538461538,0.17692307692307693,0.03538461538461538,0.10307692307692308,0.19230769230769232,0.07384615384615385,0.07384615384615385,0.2692307692307692
break,0.06134969325153374,0.1656441717791411,0.03680981595092025,0.08588957055214724,0.15337423312883436,0.09202453987730061,0.2392638036809816,0.1656441717791411
cry,0.09821428571428571,0.13839285714285715,0.044642857142857144,0.15178571428571427,0.13392857142857142,0.2544642857142857,0.0625,0.11607142857142858
sometimes,0.08620689655172414,0.13793103448275862,0.05172413793103448,0.1336206896551724,0.1939655172413793,0.1336206896551724,0.0603448275862069,0.2025862068965517
god,0.03765490943755958,0.19939625039720368,0.025579917381633302,0.15856371147124246,0.20829361296472831,0.04242135367016206,0.035112805846838256,0.2929774388306324
throne,0.03632478632478633,0.19444444444444445,0.03205128205128205,0.1047008547008547,0.22435897435897437,0.04487179487179487,0.03418803418803419,0.32905982905982906
looks,0.02666666666666667,0.22666666666666666,0.02666666666666667,0.06666666666666667,0.29333333333333333,0.02666666666666667,0.02666666666666667,0.30666666666666664
lays,0.0,0.25806451612903225,0.0,0.08064516129032258,0.3225806451612903,0.0,0.016129032258064516,0.3225806451612903
tremulous,0.0449438202247191,0.2247191011235955,0.011235955056179775,0.12359550561797752,0.25842696629213485,0.0449438202247191,0.056179775280898875,0.23595505617977527
star,0.0,0.2621359223300971,0.0,0.06796116504854369,0.30097087378640774,0.019417475728155338,0.019417475728155338,0.3300970873786408
love,0.05805350028457598,0.1508252703471827,0.040409789413773475,0.09618668184405237,0.321570859419465,0.07455890722822994,0.05179282868525897,0.20660216277746157
note,0.18248175182481752,0.1386861313868613,0.08759124087591241,0.19708029197080293,0.10218978102189781,0.145985401459854,0.072992700729927,0.072992700729927
musical,0.10810810810810811,0.1891891891891892,0.0,0.0,0.24324324324324326,0.13513513513513514,0.10810810810810811,0.21621621621621623
setting,0.20930232558139536,0.09302325581395349,0.11627906976744186,0.16279069767441862,0.11627906976744186,0.18604651162790697,0.046511627906976744,0.06976744186046512
