,anger,anticipation,disgust,fear,joy,sadness,surprise,trust
project,0.12730142030510258,0.17727511835875856,0.047869542346133616,0.05049973698053656,0.09942135718043135,0.07680168332456602,0.022619673855865337,0.398211467648606
gutenberg,0.08924485125858124,0.2608695652173913,0.048054919908466824,0.048054919908466824,0.05720823798627003,0.11212814645308926,0.02059496567505721,0.3638443935926774
mars,0.056801195814648736,0.21449925261584454,0.05007473841554559,0.09641255605381166,0.12331838565022422,0.08445440956651719,0.09715994020926758,0.2772795216741405
moon,0.06388526727509779,0.20860495436766624,0.06258148631029986,0.08996088657105607,0.11994784876140809,0.08604954367666233,0.10430247718383312,0.2646675358539765
mark,0.0628140703517588,0.2345058626465662,0.05192629815745394,0.07537688442211056,0.17420435510887775,0.0829145728643216,0.07788944723618092,0.24036850921273034
use,0.1227390180878553,0.19896640826873385,0.07751937984496124,0.10594315245478035,0.13178294573643412,0.07622739018087855,0.052971576227390176,0.23385012919896642
almost,0.0995475113122172,0.15837104072398192,0.0904977375565611,0.11990950226244344,0.1402714932126697,0.11312217194570137,0.07692307692307693,0.20135746606334842
may,0.08562992125984252,0.17765748031496062,0.07234251968503937,0.09793307086614172,0.11466535433070867,0.10285433070866142,0.0733267716535433,0.2755905511811024
copy,0.17571059431524544,0.1317829457364341,0.07493540051679587,0.06459948320413436,0.05167958656330749,0.06976744186046512,0.033591731266149866,0.39793281653746765
give,0.07115628970775095,0.21982210927573062,0.05844980940279542,0.08386277001270648,0.14739517153748413,0.09021601016518424,0.08894536213468869,0.24015247776365947
away,0.07054871220604704,0.1926091825307951,0.07390817469204927,0.11310190369540873,0.14781634938409854,0.10414333706606943,0.09182530795072788,0.20604703247480402
terms,0.12224108658743635,0.13582342954159593,0.050933786078098474,0.07640067911714772,0.11544991511035653,0.07300509337860782,0.05432937181663837,0.37181663837011886
license,0.1179245283018868,0.22641509433962262,0.056603773584905655,0.08490566037735849,0.1179245283018868,0.08962264150943396,0.0330188679245283,0.27358490566037735
astronomical,0.05263157894736842,0.18421052631578946,0.039473684210526314,0.09210526315789473,0.13157894736842105,0.02631578947368421,0.06578947368421052,0.40789473684210525
story,0.05714285714285714,0.23238095238095235,0.04761904761904762,0.0838095238095238,0.1580952380952381,0.11047619047619049,0.08,0.23047619047619047
author,0.04713804713804714,0.1616161616161616,0.03367003367003367,0.08754208754208755,0.10774410774410774,0.08417508417508418,0.050505050505050504,0.42760942760942755
date,0.06912442396313363,0.22119815668202764,0.07603686635944701,0.08525345622119815,0.12903225806451613,0.11059907834101382,0.08755760368663595,0.22119815668202764
december,0.14285714285714285,0.10714285714285714,0.0642857142857143,0.15714285714285714,0.05,0.13571428571428573,0.05,0.2928571428571428
language,0.06698564593301436,0.19138755980861244,0.04784688995215311,0.0861244019138756,0.13875598086124402,0.06220095693779904,0.10047846889952153,0.3062200956937799
english,0.07964601769911506,0.17035398230088497,0.05309734513274336,0.13053097345132744,0.1261061946902655,0.084070796460177,0.059734513274336286,0.29646017699115046
start,0.047826086956521734,0.526086956521739,0.03478260869565217,0.047826086956521734,0.07826086956521738,0.06521739130434781,0.047826086956521734,0.15217391304347824
produced,0.008771929824561403,0.2280701754385965,0.008771929824561403,0.10526315789473684,0.14912280701754385,0.06140350877192983,0.07894736842105264,0.35964912280701755
distributed,0.028301886792452827,0.27358490566037735,0.037735849056603765,0.07547169811320753,0.14150943396226415,0.037735849056603765,0.04716981132075471,0.3584905660377358
https,0.0,0.26829268292682923,0.0,0.024390243902439022,0.18292682926829265,0.0,0.06097560975609756,0.46341463414634143
's,0.07733294930875576,0.1859158986175115,0.06336405529953917,0.09965437788018433,0.14516129032258066,0.08870967741935484,0.07560483870967742,0.26425691244239635
note,0.06722689075630252,0.2184873949579832,0.050420168067226885,0.07563025210084034,0.18487394957983194,0.07563025210084034,0.06722689075630252,0.2605042016806723
original,0.058139534883720936,0.18604651162790697,0.08139534883720931,0.08139534883720931,0.11627906976744187,0.1046511627906977,0.06976744186046512,0.3023255813953489
within,0.12177121771217712,0.17527675276752766,0.025830258302583026,0.08856088560885608,0.15498154981549814,0.0959409594095941,0.0996309963099631,0.2380073800738007
maps,0.0,0.20454545454545456,0.045454545454545456,0.2272727272727273,0.06818181818181818,0.045454545454545456,0.045454545454545456,0.36363636363636365
plates,0.0,0.20588235294117646,0.0,0.08823529411764705,0.20588235294117646,0.08823529411764705,0.08823529411764705,0.32352941176470584
drawn,0.04424778761061946,0.15929203539823006,0.04424778761061946,0.16814159292035397,0.16814159292035397,0.09734513274336282,0.09734513274336282,0.22123893805309733
m.,0.03870967741935484,0.2903225806451613,0.01935483870967742,0.1096774193548387,0.1096774193548387,0.1032258064516129,0.0967741935483871,0.23225806451612904
view,0.07860262008733625,0.1812227074235808,0.05895196506550218,0.10480349344978165,0.1572052401746725,0.1091703056768559,0.08951965065502182,0.2205240174672489
canals,0.07235621521335807,0.15584415584415584,0.0575139146567718,0.17810760667903525,0.07421150278293136,0.137291280148423,0.061224489795918366,0.2634508348794063
splendid,0.045016077170418015,0.1189710610932476,0.041800643086816726,0.05466237942122187,0.2893890675241158,0.05787781350482316,0.24115755627009647,0.15112540192926047
country,0.08387096774193549,0.16612903225806452,0.06290322580645161,0.12258064516129033,0.11612903225806452,0.1274193548387097,0.07903225806451614,0.24193548387096772
around,0.07653910149750415,0.19800332778702162,0.053244592346089845,0.11314475873544091,0.16971713810316139,0.07986688851913477,0.10648918469217969,0.20299500831946754
us,0.07572280862781093,0.2097292335933915,0.06011932078935292,0.11106011932078935,0.14180816888480957,0.09912804038549794,0.08536025699862324,0.21707205139972463
across,0.0771513353115727,0.20474777448071216,0.05044510385756676,0.09198813056379822,0.15133531157270028,0.08605341246290801,0.10089020771513352,0.2373887240356083
line,0.06358381502890173,0.21387283236994217,0.028901734104046242,0.1329479768786127,0.1329479768786127,0.10404624277456648,0.10404624277456648,0.21965317919075145
anxious,0.03296703296703297,0.32967032967032966,0.054945054945054944,0.23076923076923078,0.0879120879120879,0.07692307692307693,0.054945054945054944,0.13186813186813187
see,0.0770053475935829,0.19786096256684493,0.06684491978609626,0.10802139037433156,0.14171122994652408,0.09518716577540108,0.10000000000000002,0.2133689839572193
extending,0.013157894736842106,0.3026315789473684,0.026315789473684213,0.09210526315789475,0.14473684210526316,0.06578947368421054,0.09210526315789475,0.26315789473684215
far,0.06446776611694154,0.20089955022488756,0.052473763118440785,0.095952023988006,0.15592203898050977,0.09295352323838083,0.09445277361319342,0.2428785607196402
eye,0.05263157894736842,0.23026315789473684,0.046052631578947366,0.09868421052631578,0.19078947368421054,0.07894736842105263,0.09210526315789473,0.21052631578947367
could,0.07495961227786753,0.1851373182552504,0.06235864297253635,0.10468497576736671,0.15121163166397417,0.10403877221324717,0.08271405492730209,0.23489499192245558
reach,0.05999999999999999,0.35,0.05999999999999999,0.09,0.09,0.039999999999999994,0.07999999999999999,0.22999999999999998
astronomy,0.030303030303030304,0.22222222222222224,0.0404040404040404,0.05050505050505051,0.22222222222222224,0.0101010101010101,0.09090909090909093,0.33333333333333337
chief,0.06129032258064516,0.16774193548387095,0.06774193548387096,0.10322580645161289,0.14516129032258063,0.06129032258064516,0.06774193548387096,0.32580645161290317
human,0.09328358208955224,0.13805970149253732,0.06716417910447763,0.13805970149253732,0.13059701492537315,0.17164179104477612,0.04477611940298507,0.2164179104477612
sir,0.03787878787878787,0.14646464646464646,0.045454545454545456,0.07323232323232323,0.12121212121212119,0.0404040404040404,0.06313131313131314,0.4722222222222222
illustrations,0.039999999999999994,0.18,0.0,0.11999999999999998,0.09999999999999999,0.13999999999999999,0.07999999999999999,0.33999999999999997
london,0.07812499999999999,0.171875,0.03645833333333333,0.08854166666666666,0.17708333333333331,0.08333333333333333,0.09895833333333333,0.265625
seeley,0.019999999999999997,0.13999999999999999,0.0,0.07999999999999999,0.16999999999999998,0.11999999999999998,0.11999999999999998,0.35
co.,0.05681818181818182,0.20454545454545456,0.0,0.09090909090909091,0.14772727272727273,0.11363636363636365,0.11363636363636365,0.2727272727272727
limited,0.27301587301587305,0.050793650793650794,0.06984126984126984,0.015873015873015872,0.08571428571428572,0.2698412698412698,0.04126984126984127,0.19365079365079363
38,0.09202453987730061,0.17177914110429449,0.03680981595092025,0.10429447852760736,0.12883435582822086,0.10429447852760736,0.13496932515337423,0.22699386503067484
great,0.06320299946438136,0.19978575254418854,0.06106052490626673,0.09694697375468667,0.16014997321906801,0.07927155865024102,0.08355650776647026,0.2560257096946974
russell,0.03448275862068965,0.15517241379310345,0.0,0.10344827586206895,0.15517241379310345,0.1379310344827586,0.12068965517241378,0.29310344827586204
street,0.06866952789699571,0.1759656652360515,0.03862660944206009,0.0944206008583691,0.16738197424892703,0.13733905579399142,0.08583690987124463,0.23175965665236054
professor,0.031630170316301706,0.17153284671532845,0.058394160583941604,0.06569343065693431,0.12165450121654502,0.04866180048661801,0.06690997566909976,0.43552311435523117
lowell,0.051383399209486175,0.18181818181818182,0.023715415019762848,0.09881422924901187,0.09881422924901187,0.047430830039525695,0.047430830039525695,0.4505928853754941
observatory,0.08510638297872342,0.2340425531914894,0.021276595744680854,0.12765957446808512,0.04255319148936171,0.10638297872340427,0.08510638297872342,0.29787234042553196
flagstaff,0.06818181818181818,0.2272727272727273,0.022727272727272728,0.09090909090909091,0.11363636363636365,0.11363636363636365,0.09090909090909091,0.2727272727272727
whose,0.10256410256410255,0.16153846153846152,0.058974358974358966,0.08717948717948716,0.14871794871794872,0.09487179487179485,0.09487179487179485,0.2512820512820512
careful,0.05769230769230769,0.20192307692307693,0.05769230769230769,0.08653846153846154,0.11538461538461538,0.05769230769230769,0.07692307692307691,0.34615384615384615
many,0.07297464440321584,0.17501546072974644,0.05256648113790971,0.1150278293135436,0.14409400123685837,0.08658008658008658,0.0816326530612245,0.27210884353741494
years,0.07466852756454989,0.21563154221912073,0.06071179344033496,0.09490579204466154,0.1584089323098395,0.0956036287508723,0.0718771807397069,0.22819260293091417
world,0.06893295561850803,0.19735599622285177,0.042492917847025496,0.11331444759206799,0.15769593956562797,0.09537299338999057,0.08687440982058546,0.23796033994334279
much,0.08507223113964688,0.18780096308186198,0.07062600321027288,0.1043338683788122,0.14499732477260568,0.08667736757624397,0.08560727661851257,0.23488496522204388
knowledge,0.03389830508474576,0.1977401129943503,0.022598870056497175,0.04519774011299435,0.1864406779661017,0.056497175141242945,0.10734463276836159,0.35028248587570626
planet,0.06607929515418504,0.22173274596182088,0.052863436123348026,0.1380323054331865,0.10425844346549193,0.10279001468428782,0.08516886930983848,0.2290748898678414
little,0.07252162341982701,0.19560878243512975,0.07451763140385895,0.09048569527611443,0.15169660678642713,0.09514304723885561,0.07784431137724551,0.24218230206254157
book,0.07799671592775041,0.1962233169129721,0.05172413793103448,0.090311986863711,0.174055829228243,0.09441707717569786,0.06814449917898194,0.2471264367816092
one,0.0734629294755877,0.1986889692585895,0.05198915009041591,0.10646473779385172,0.14828209764918623,0.0899638336347197,0.09109403254972875,0.24005424954792046
infinite,0.0606060606060606,0.19696969696969696,0.0606060606060606,0.07575757575757576,0.21212121212121213,0.1212121212121212,0.07575757575757576,0.19696969696969696
pleasure,0.08133971291866028,0.14832535885167464,0.0430622009569378,0.11483253588516745,0.1866028708133971,0.10526315789473684,0.07177033492822966,0.24880382775119617
works,0.10957178841309824,0.17632241813602015,0.05919395465994962,0.05163727959697732,0.13602015113350127,0.02896725440806045,0.030226700251889168,0.4080604534005038
subject,0.09012875536480687,0.15450643776824036,0.055793991416309016,0.1330472103004292,0.1330472103004292,0.09012875536480687,0.060085836909871244,0.2832618025751073
course,0.07038512616201859,0.21115537848605576,0.04249667994687914,0.09694555112881806,0.15405046480743692,0.07702523240371846,0.09694555112881806,0.250996015936255
experience,0.07692307692307691,0.17159763313609466,0.07692307692307691,0.11242603550295857,0.13017751479289938,0.0710059171597633,0.10650887573964496,0.2544378698224852
past,0.07142857142857142,0.17701863354037267,0.06832298136645963,0.12732919254658384,0.13043478260869565,0.08695652173913043,0.09627329192546584,0.24223602484472048
interest,0.05955334987593052,0.22332506203473948,0.03225806451612903,0.07444168734491315,0.18610421836228286,0.06947890818858561,0.10173697270471464,0.2531017369727047
even,0.11295418641390206,0.1595576619273302,0.0703001579778831,0.11848341232227488,0.11532385466034757,0.1255924170616114,0.06951026856240128,0.22827804107424962
persons,0.09782608695652174,0.14130434782608695,0.07065217391304347,0.10326086956521739,0.12499999999999999,0.05978260869565217,0.08695652173913042,0.31521739130434784
subjects,0.03529411764705882,0.17647058823529413,0.03529411764705882,0.08235294117647059,0.15294117647058825,0.023529411764705882,0.07058823529411765,0.42352941176470593
dealt,0.07407407407407408,0.11111111111111112,0.03703703703703704,0.1851851851851852,0.07407407407407408,0.14814814814814817,0.11111111111111112,0.2592592592592593
plain,0.10365853658536585,0.15853658536585366,0.06097560975609757,0.07317073170731707,0.10365853658536585,0.06097560975609757,0.07317073170731707,0.36585365853658536
really,0.07142857142857142,0.19480519480519481,0.09090909090909091,0.11038961038961038,0.11038961038961038,0.09956709956709957,0.08658008658008658,0.23593073593073594
understand,0.09821428571428571,0.16964285714285715,0.05357142857142857,0.08035714285714286,0.12053571428571429,0.09821428571428571,0.10267857142857142,0.2767857142857143
clearly,0.0625,0.1125,0.0625,0.15,0.125,0.075,0.09999999999999999,0.3125
desire,0.07608695652173914,0.16304347826086957,0.06521739130434782,0.09782608695652174,0.11956521739130435,0.07608695652173914,0.07608695652173914,0.32608695652173914
information,0.022364217252396165,0.2012779552715655,0.028753993610223644,0.054313099041533544,0.134185303514377,0.054313099041533544,0.051118210862619806,0.45367412140575075
upon,0.076158940397351,0.17880794701986757,0.05587748344370861,0.10140728476821192,0.14610927152317882,0.09064569536423842,0.08443708609271523,0.2665562913907285
observed,0.0335195530726257,0.19553072625698323,0.08379888268156424,0.15083798882681562,0.10614525139664804,0.13966480446927373,0.04469273743016759,0.24581005586592178
particular,0.06862745098039216,0.13725490196078433,0.06862745098039216,0.09803921568627451,0.17647058823529413,0.06862745098039216,0.10784313725490197,0.27450980392156865
taken,0.07383966244725737,0.19409282700421937,0.04852320675105484,0.1371308016877637,0.12236286919831223,0.10337552742616032,0.08438818565400844,0.2362869198312236
also,0.07005253940455342,0.19089316987740806,0.05516637478108582,0.11908931698774079,0.14886164623467601,0.08669001751313485,0.07443082311733801,0.254816112084063
ordinary,0.08219178082191782,0.10958904109589042,0.05479452054794521,0.15068493150684933,0.16438356164383564,0.05479452054794521,0.05479452054794521,0.32876712328767127
usually,0.05755395683453237,0.19424460431654675,0.050359712230215826,0.09352517985611511,0.1510791366906475,0.12949640287769784,0.12949640287769784,0.19424460431654675
find,0.07468354430379746,0.21645569620253163,0.06455696202531645,0.10379746835443036,0.14050632911392405,0.09493670886075949,0.09746835443037974,0.20759493670886073
difficult,0.09467455621301775,0.13609467455621302,0.053254437869822494,0.2958579881656805,0.07692307692307693,0.07692307692307693,0.0591715976331361,0.20710059171597633
whilst,0.06068601583113457,0.18997361477572564,0.0554089709762533,0.09762532981530343,0.17941952506596306,0.09762532981530343,0.0633245382585752,0.2559366754617415
regards,0.0736842105263158,0.11578947368421053,0.09473684210526316,0.1473684210526316,0.08421052631578947,0.11578947368421053,0.06315789473684211,0.3052631578947369
contain,0.11267605633802817,0.12676056338028172,0.09859154929577466,0.08450704225352113,0.09859154929577466,0.11267605633802817,0.04225352112676056,0.323943661971831
generally,0.05223880597014925,0.17164179104477612,0.05970149253731343,0.13432835820895525,0.13432835820895525,0.12686567164179105,0.08955223880597014,0.23134328358208958
sometimes,0.10294117647058824,0.1911764705882353,0.07352941176470588,0.10294117647058824,0.1397058823529412,0.11764705882352941,0.09558823529411765,0.17647058823529413
scientific,0.041825095057034224,0.17490494296577946,0.02661596958174905,0.07224334600760457,0.1102661596958175,0.041825095057034224,0.06844106463878327,0.4638783269961977
readers,0.10869565217391305,0.2173913043478261,0.043478260869565216,0.043478260869565216,0.06521739130434782,0.08695652173913043,0.15217391304347827,0.28260869565217395
already,0.099609375,0.20898437500000003,0.07031250000000001,0.091796875,0.142578125,0.07421875000000001,0.05664062500000001,0.25585937500000006
provided,0.12582781456953643,0.16556291390728478,0.06953642384105961,0.06953642384105961,0.17218543046357618,0.06622516556291391,0.05960264900662253,0.271523178807947
occurred,0.08988764044943819,0.13483146067415727,0.11235955056179775,0.15730337078651685,0.11235955056179775,0.13483146067415727,0.08988764044943819,0.16853932584269662
would,0.08782798833819243,0.18713556851311955,0.06432215743440234,0.11752915451895043,0.12973760932944606,0.10568513119533528,0.08053935860058309,0.22722303206997085
numerous,0.060240963855421686,0.18674698795180722,0.05421686746987952,0.14457831325301204,0.1144578313253012,0.09638554216867469,0.05421686746987952,0.2891566265060241
instead,0.07516339869281045,0.1830065359477124,0.06862745098039215,0.12418300653594772,0.13398692810457516,0.11437908496732026,0.0915032679738562,0.2091503267973856
usual,0.037037037037037035,0.1904761904761905,0.031746031746031744,0.06349206349206349,0.1322751322751323,0.052910052910052914,0.08994708994708994,0.40211640211640215
lines,0.04418262150220913,0.15758468335787923,0.023564064801178203,0.374079528718704,0.07511045655375552,0.07363770250368189,0.04565537555228277,0.20618556701030927
narrative,0.0,0.34210526315789475,0.0,0.05263157894736842,0.10526315789473684,0.05263157894736842,0.10526315789473684,0.34210526315789475
events,0.07604562737642587,0.19011406844106465,0.04942965779467681,0.09125475285171103,0.12927756653992395,0.07604562737642587,0.12167300380228137,0.2661596958174905
might,0.07853982300884955,0.17146017699115043,0.06526548672566372,0.12057522123893806,0.1438053097345133,0.08960176991150443,0.07632743362831859,0.25442477876106195
supposed,0.043010752688172046,0.25806451612903225,0.043010752688172046,0.15053763440860216,0.11827956989247312,0.10752688172043012,0.09677419354838711,0.1827956989247312
occur,0.18421052631578946,0.18421052631578946,0.02631578947368421,0.21052631578947367,0.02631578947368421,0.10526315789473684,0.02631578947368421,0.2368421052631579
actual,0.11904761904761905,0.19047619047619047,0.03571428571428571,0.16666666666666666,0.023809523809523808,0.13095238095238096,0.07142857142857142,0.2619047619047619
voyage,0.008695652173913044,0.48695652173913045,0.017391304347826087,0.017391304347826087,0.1391304347826087,0.017391304347826087,0.09565217391304348,0.2173913043478261
describing,0.02222222222222222,0.2,0.0,0.15555555555555556,0.17777777777777776,0.1111111111111111,0.1111111111111111,0.2222222222222222
seen,0.05776173285198556,0.18953068592057762,0.05415162454873646,0.14711191335740073,0.13267148014440433,0.09747292418772564,0.0776173285198556,0.24368231046931407
short,0.08144796380090498,0.24434389140271492,0.054298642533936646,0.08144796380090498,0.1583710407239819,0.06334841628959276,0.07239819004524886,0.24434389140271492
visit,0.05202312138728324,0.23410404624277456,0.04046242774566474,0.0838150289017341,0.17052023121387283,0.08959537572254335,0.10693641618497109,0.22254335260115607
carrying,0.0392156862745098,0.23529411764705882,0.058823529411764705,0.0392156862745098,0.19607843137254902,0.0784313725490196,0.0392156862745098,0.3137254901960784
means,0.09741550695825049,0.17296222664015903,0.039761431411530816,0.1172962226640159,0.13518886679920475,0.061630218687872766,0.05566600397614314,0.32007952286282304
natural,0.050156739811912224,0.18808777429467086,0.05329153605015674,0.109717868338558,0.1755485893416928,0.07523510971786834,0.059561128526645774,0.2884012539184953
recent,0.0,0.1346153846153846,0.07692307692307691,0.11538461538461538,0.1346153846153846,0.09615384615384616,0.07692307692307691,0.36538461538461536
respecting,0.0547945205479452,0.136986301369863,0.0410958904109589,0.12328767123287672,0.12328767123287672,0.0684931506849315,0.0821917808219178,0.3698630136986301
together,0.09736842105263158,0.16578947368421054,0.06842105263157895,0.1394736842105263,0.14210526315789473,0.10263157894736842,0.06578947368421054,0.21842105263157896
interesting,0.022222222222222223,0.1851851851851852,0.022222222222222223,0.10370370370370371,0.17777777777777778,0.05185185185185186,0.11851851851851852,0.31851851851851853
form,0.08242950108459869,0.18004338394793926,0.05422993492407809,0.11279826464208242,0.12581344902386118,0.08242950108459869,0.06941431670281994,0.29284164859002165
clear,0.07692307692307693,0.1971153846153846,0.05288461538461539,0.12019230769230771,0.14423076923076925,0.06250000000000001,0.07692307692307693,0.2692307692307693
every,0.07857142857142857,0.19553571428571428,0.06071428571428571,0.09732142857142857,0.14821428571428572,0.10714285714285714,0.07767857142857143,0.23482142857142857
endeavour,0.015384615384615385,0.20000000000000004,0.0,0.07692307692307693,0.23076923076923078,0.03076923076923077,0.046153846153846156,0.4000000000000001
made,0.06626905235255136,0.19880715705765406,0.062292909211398274,0.1080185553346587,0.14446653412856195,0.0934393638170974,0.07488402915838303,0.25182239893969516
shall,0.064,0.2184,0.054400000000000004,0.096,0.14320000000000002,0.07840000000000001,0.08960000000000001,0.256
thoroughly,0.042105263157894736,0.22105263157894736,0.021052631578947368,0.08421052631578947,0.1473684210526316,0.1368421052631579,0.08421052631578947,0.26315789473684215
accurate,0.0,0.11428571428571428,0.0,0.11428571428571428,0.11428571428571428,0.05714285714285714,0.0,0.6
respect,0.06077348066298342,0.2044198895027624,0.03867403314917127,0.08287292817679558,0.18232044198895028,0.0994475138121547,0.03314917127071823,0.2983425414364641
apart,0.08888888888888888,0.13333333333333333,0.04444444444444444,0.08888888888888888,0.13333333333333333,0.02222222222222222,0.08888888888888888,0.4
studies,0.06666666666666667,0.09999999999999999,0.09999999999999999,0.13333333333333333,0.09999999999999999,0.16666666666666669,0.06666666666666667,0.26666666666666666
work,0.11246730601569312,0.20095902353966874,0.05623365300784656,0.07541412380122059,0.12205754141238014,0.08413251961639061,0.06625980819529208,0.2824760244115083
facts,0.05660377358490566,0.18867924528301885,0.012578616352201257,0.09433962264150943,0.10062893081761005,0.0440251572327044,0.05031446540880503,0.4528301886792453
carefully,0.026086956521739132,0.20869565217391306,0.06956521739130435,0.13043478260869565,0.12173913043478261,0.10434782608695653,0.04347826086956522,0.2956521739130435
c.,0.05090909090909091,0.17090909090909093,0.05818181818181818,0.10181818181818182,0.15272727272727274,0.06909090909090909,0.09818181818181819,0.29818181818181816
well,0.06576521204671175,0.18684695759065767,0.05716041794714199,0.0958819913952059,0.1585740626920713,0.08297480024585126,0.09219422249539029,0.2606023355869699
practical,0.03846153846153846,0.19230769230769232,0.01923076923076923,0.01923076923076923,0.21153846153846154,0.03846153846153846,0.05769230769230769,0.4230769230769231
observers,0.03571428571428571,0.1369047619047619,0.047619047619047616,0.20833333333333334,0.08928571428571429,0.08333333333333333,0.07738095238095238,0.32142857142857145
studied,0.0,0.10714285714285714,0.07142857142857142,0.25,0.07142857142857142,0.10714285714285714,0.0,0.39285714285714285
expressed,0.02150537634408602,0.18279569892473116,0.053763440860215055,0.07526881720430108,0.23655913978494622,0.04301075268817204,0.12903225806451613,0.25806451612903225
entirely,0.10273972602739725,0.16095890410958905,0.06506849315068493,0.1506849315068493,0.13356164383561642,0.11986301369863013,0.0684931506849315,0.1986301369863014
mentioned,0.07109004739336493,0.20853080568720378,0.06635071090047394,0.12322274881516589,0.13270142180094788,0.0995260663507109,0.07109004739336493,0.22748815165876776
way,0.07238605898123324,0.21268990169794458,0.06702412868632707,0.08668453976764968,0.14745308310991959,0.08936550491510277,0.0902591599642538,0.23413762287756926
however,0.08997429305912596,0.19665809768637532,0.04498714652956298,0.11439588688946015,0.12210796915167095,0.09254498714652958,0.07583547557840617,0.2634961439588689
expect,0.03436426116838488,0.281786941580756,0.030927835051546396,0.06529209621993128,0.03780068728522337,0.06872852233676977,0.2302405498281787,0.2508591065292096
accept,0.07246376811594203,0.14492753623188406,0.05797101449275362,0.12318840579710143,0.11594202898550723,0.13043478260869565,0.05797101449275362,0.2971014492753623
views,0.03703703703703703,0.20370370370370366,0.055555555555555546,0.07407407407407406,0.12962962962962962,0.055555555555555546,0.16666666666666666,0.27777777777777773
matters,0.06859205776173286,0.19494584837545129,0.04332129963898917,0.07942238267148015,0.1588447653429603,0.07581227436823106,0.10469314079422384,0.2743682310469314
room,0.08430232558139535,0.17441860465116277,0.0813953488372093,0.10755813953488372,0.1627906976744186,0.11337209302325581,0.09593023255813952,0.18023255813953487
opinion,0.08571428571428572,0.2,0.051428571428571435,0.14285714285714288,0.08,0.10285714285714287,0.06857142857142856,0.26857142857142857
cases,0.08695652173913043,0.15652173913043477,0.05217391304347825,0.19130434782608693,0.1043478260869565,0.08695652173913043,0.043478260869565216,0.27826086956521734
fact,0.06734006734006734,0.1414141414141414,0.05892255892255892,0.10774410774410774,0.09932659932659932,0.09259259259259259,0.05218855218855219,0.38047138047138046
according,0.0617283950617284,0.14814814814814814,0.04938271604938271,0.13580246913580246,0.11728395061728396,0.08641975308641975,0.07407407407407407,0.3271604938271605
present,0.029641185647425895,0.23088923556942273,0.023400936037441495,0.05772230889235568,0.19188767550702027,0.05772230889235568,0.15210608424336972,0.2566302652106084
attempt,0.08333333333333333,0.24999999999999997,0.07291666666666666,0.12499999999999999,0.10416666666666666,0.05208333333333333,0.10416666666666666,0.20833333333333331
physical,0.030303030303030307,0.19696969696969702,0.09090909090909093,0.060606060606060615,0.18181818181818185,0.015151515151515154,0.1363636363636364,0.28787878787878796
social,0.06134969325153375,0.2208588957055215,0.024539877300613498,0.06748466257668712,0.15950920245398775,0.07975460122699388,0.09815950920245399,0.2883435582822086
conditions,0.08179419525065965,0.16886543535620052,0.05804749340369394,0.12137203166226913,0.1345646437994723,0.10026385224274408,0.08179419525065965,0.2532981530343008
merely,0.08695652173913045,0.1884057971014493,0.07971014492753624,0.11594202898550726,0.10869565217391305,0.12318840579710146,0.07971014492753624,0.2173913043478261
instance,0.10344827586206898,0.20689655172413796,0.06896551724137931,0.1724137931034483,0.06896551724137931,0.034482758620689655,0.034482758620689655,0.31034482758620696
possibility,0.0990990990990991,0.2522522522522523,0.06306306306306307,0.10810810810810811,0.0990990990990991,0.12612612612612614,0.04504504504504505,0.20720720720720723
space,0.053254437869822494,0.2958579881656805,0.02958579881656805,0.09467455621301775,0.1183431952662722,0.10650887573964499,0.10059171597633136,0.20118343195266272
must,0.09920391916717698,0.18248622167789344,0.06919779546846296,0.13043478260869565,0.10716472749540723,0.09859154929577466,0.0771586037966932,0.2357624004898959
ideas,0.06569343065693432,0.18248175182481755,0.021897810218978103,0.09489051094890512,0.15328467153284672,0.06569343065693432,0.08759124087591241,0.3284671532846716
mainly,0.11904761904761905,0.2380952380952381,0.11904761904761905,0.11904761904761905,0.047619047619047616,0.07142857142857142,0.047619047619047616,0.2380952380952381
known,0.10084033613445378,0.17086834733893555,0.08403361344537814,0.12044817927170869,0.11204481792717087,0.1092436974789916,0.04201680672268907,0.2605042016806723
study,0.041509433962264156,0.22641509433962265,0.026415094339622643,0.0679245283018868,0.11698113207547171,0.09056603773584906,0.1320754716981132,0.29811320754716986
various,0.06896551724137931,0.16379310344827588,0.060344827586206906,0.13362068965517243,0.12068965517241381,0.07758620689655174,0.07327586206896552,0.30172413793103453
theories,0.09999999999999999,0.09999999999999999,0.039999999999999994,0.13999999999999999,0.07999999999999999,0.13999999999999999,0.039999999999999994,0.36
convinced,0.049999999999999996,0.19999999999999998,0.049999999999999996,0.049999999999999996,0.09999999999999999,0.049999999999999996,0.08333333333333334,0.4166666666666667
weight,0.04895104895104895,0.1258741258741259,0.11188811188811189,0.11888111888111888,0.1258741258741259,0.17482517482517484,0.11188811188811189,0.18181818181818185
evidence,0.09629629629629631,0.16296296296296298,0.05185185185185186,0.13333333333333336,0.044444444444444446,0.08888888888888889,0.08148148148148149,0.34074074074074073
conceptions,0.05714285714285714,0.11428571428571428,0.02857142857142857,0.11428571428571428,0.11428571428571428,0.08571428571428572,0.08571428571428572,0.4
reasonable,0.1,0.2,0.05,0.06250000000000001,0.11250000000000002,0.1,0.05,0.32500000000000007
fit,0.0,0.1875,0.03125,0.125,0.09375,0.0625,0.0625,0.4375
theory,0.06837606837606837,0.2564102564102564,0.034188034188034185,0.1282051282051282,0.017094017094017092,0.05128205128205127,0.059829059829059825,0.3846153846153846
fully,0.04848484848484848,0.15757575757575756,0.02424242424242424,0.06666666666666667,0.12727272727272726,0.07272727272727272,0.06666666666666667,0.43636363636363634
writer,0.054545454545454536,0.21818181818181814,0.01818181818181818,0.10909090909090907,0.1545454545454545,0.09999999999999999,0.09090909090909091,0.2545454545454545
distant,0.06206896551724138,0.21379310344827587,0.08275862068965516,0.11724137931034481,0.11724137931034481,0.13793103448275862,0.06206896551724138,0.20689655172413793
imagination,0.11940298507462686,0.11940298507462686,0.1044776119402985,0.1044776119402985,0.1492537313432836,0.11940298507462686,0.1044776119402985,0.1791044776119403
fall,0.07763975155279504,0.16770186335403728,0.049689440993788817,0.07763975155279504,0.10869565217391304,0.2857142857142857,0.059006211180124224,0.17391304347826086
reality,0.05405405405405405,0.1891891891891892,0.08108108108108107,0.13513513513513514,0.08108108108108107,0.08108108108108107,0.1081081081081081,0.2702702702702703
somewhat,0.05333333333333334,0.2666666666666667,0.06666666666666668,0.08,0.16,0.10666666666666667,0.08,0.18666666666666668
say,0.08975265017667845,0.18798586572438167,0.06360424028268552,0.1010600706713781,0.1491166077738516,0.09611307420494701,0.08127208480565372,0.23109540636042408
intelligent,0.06870229007633588,0.1679389312977099,0.05343511450381679,0.09923664122137404,0.13740458015267176,0.09160305343511449,0.07633587786259542,0.3053435114503817
inhabitants,0.09420289855072464,0.15217391304347824,0.07246376811594203,0.12318840579710143,0.10144927536231883,0.05797101449275362,0.05797101449275362,0.34057971014492755
possess,0.0,0.24705882352941178,0.05882352941176471,0.03529411764705882,0.24705882352941178,0.023529411764705882,0.047058823529411764,0.34117647058823536
bodies,0.046153846153846156,0.23076923076923078,0.06153846153846154,0.06153846153846154,0.16923076923076924,0.06153846153846154,0.15384615384615385,0.2153846153846154
resembling,0.07317073170731707,0.21951219512195125,0.024390243902439025,0.07317073170731707,0.24390243902439027,0.04878048780487805,0.024390243902439025,0.2926829268292683
forms,0.08695652173913043,0.18478260869565216,0.07608695652173914,0.14130434782608697,0.13043478260869565,0.08695652173913043,0.043478260869565216,0.25
appear,0.04166666666666667,0.20416666666666666,0.037500000000000006,0.13333333333333333,0.14583333333333334,0.09166666666666667,0.10833333333333334,0.2375
strange,0.031914893617021274,0.15957446808510636,0.0851063829787234,0.06382978723404255,0.1702127659574468,0.0425531914893617,0.11702127659574468,0.3297872340425532
thought,0.056144067796610166,0.375,0.04766949152542373,0.06991525423728813,0.11864406779661017,0.07733050847457627,0.06779661016949153,0.1875
martians,0.0445859872611465,0.17197452229299365,0.03184713375796178,0.07006369426751592,0.19426751592356686,0.07961783439490447,0.08598726114649682,0.32165605095541405
features,0.015384615384615385,0.18461538461538463,0.046153846153846156,0.07692307692307693,0.2153846153846154,0.1076923076923077,0.046153846153846156,0.3076923076923077
powers,0.1076233183856502,0.15246636771300445,0.05829596412556053,0.1748878923766816,0.13004484304932734,0.07623318385650223,0.04035874439461883,0.2600896860986547
amongst,0.0855614973262032,0.19251336898395724,0.0427807486631016,0.1443850267379679,0.16042780748663102,0.06951871657754011,0.08021390374331551,0.2245989304812834
modern,0.01515151515151515,0.15151515151515152,0.0,0.0909090909090909,0.19696969696969696,0.1212121212121212,0.1212121212121212,0.30303030303030304
science,0.01020408163265306,0.21428571428571427,0.02040816326530612,0.02040816326530612,0.20408163265306123,0.030612244897959183,0.07142857142857142,0.42857142857142855
future,0.08682634730538923,0.19760479041916168,0.059880239520958084,0.11976047904191617,0.12574850299401197,0.09580838323353293,0.05389221556886228,0.26047904191616766
greatly,0.09523809523809523,0.14285714285714288,0.14285714285714288,0.12698412698412698,0.09523809523809523,0.07936507936507936,0.07936507936507936,0.23809523809523808
kindness,0.07547169811320754,0.169811320754717,0.05660377358490566,0.10377358490566038,0.18867924528301888,0.10377358490566038,0.0660377358490566,0.23584905660377362
ready,0.049095607235142114,0.37209302325581395,0.049095607235142114,0.06976744186046512,0.1111111111111111,0.09302325581395349,0.08527131782945736,0.17054263565891473
connected,0.047058823529411764,0.18823529411764706,0.03529411764705882,0.16470588235294117,0.12941176470588237,0.08235294117647059,0.09411764705882353,0.25882352941176473
thanks,0.017857142857142856,0.26785714285714285,0.017857142857142856,0.08928571428571429,0.16071428571428573,0.08928571428571429,0.125,0.23214285714285715
due,0.07228915662650602,0.1325301204819277,0.07228915662650602,0.2289156626506024,0.08433734939759036,0.10843373493975904,0.048192771084337345,0.25301204819277107
good,0.03670212765957447,0.2273936170212766,0.036170212765957444,0.04893617021276596,0.20558510638297875,0.04122340425531915,0.17021276595744683,0.23377659574468085
enough,0.08695652173913042,0.18840579710144928,0.07246376811594202,0.11594202898550723,0.14492753623188404,0.09275362318840578,0.07101449275362318,0.22753623188405792
read,0.0951048951048951,0.1958041958041958,0.08111888111888113,0.06293706293706294,0.14685314685314685,0.09090909090909093,0.0951048951048951,0.23216783216783218
make,0.07764876632801161,0.20827285921625543,0.056603773584905655,0.10449927431059507,0.1516690856313498,0.09071117561683599,0.0899854862119013,0.22060957910014514
regard,0.043689320388349516,0.20388349514563106,0.03398058252427184,0.1116504854368932,0.17475728155339806,0.07766990291262135,0.08252427184466019,0.27184466019417475
truly,0.11392405063291142,0.1518987341772152,0.08860759493670887,0.17721518987341775,0.10126582278481013,0.0759493670886076,0.0759493670886076,0.21518987341772153
love,0.05048543689320389,0.1533980582524272,0.03689320388349515,0.04660194174757282,0.4116504854368932,0.06019417475728156,0.05631067961165049,0.18446601941747573
public,0.04713375796178344,0.3286624203821656,0.034394904458598725,0.07515923566878982,0.11719745222929936,0.06496815286624204,0.07388535031847135,0.2585987261146497
hope,0.03006535947712418,0.24967320261437906,0.02091503267973856,0.05359477124183006,0.21568627450980393,0.05098039215686274,0.14640522875816991,0.23267973856209148
leisure,0.02777777777777778,0.2777777777777778,0.02777777777777778,0.02777777777777778,0.25000000000000006,0.0,0.11111111111111112,0.2777777777777778
hour,0.06751054852320676,0.24050632911392406,0.046413502109704644,0.07594936708860761,0.16455696202531647,0.09282700421940929,0.08438818565400845,0.2278481012658228
tend,0.07894736842105263,0.21052631578947367,0.05263157894736842,0.10526315789473684,0.18421052631578946,0.02631578947368421,0.05263157894736842,0.28947368421052627
time,0.05909901873327386,0.36931311329170385,0.0483942908117752,0.07537912578055307,0.1219892952720785,0.07738626226583407,0.0715878679750223,0.17685102586975915
provide,0.1090909090909091,0.11363636363636366,0.03863636363636364,0.09090909090909093,0.09090909090909093,0.034090909090909095,0.059090909090909104,0.4636363636363637
food,0.059322033898305086,0.10169491525423728,0.02542372881355932,0.06779661016949153,0.2457627118644068,0.1271186440677966,0.059322033898305086,0.3135593220338983
added,0.05841924398625428,0.21305841924398625,0.06529209621993126,0.09965635738831614,0.14776632302405499,0.08934707903780068,0.0790378006872852,0.24742268041237112
aid,0.07407407407407407,0.14814814814814814,0.06666666666666667,0.11111111111111109,0.16296296296296295,0.06666666666666667,0.07407407407407407,0.2962962962962963
several,0.06785714285714287,0.20892857142857144,0.05,0.10178571428571428,0.12678571428571428,0.10535714285714286,0.07142857142857142,0.26785714285714285
sun,0.02724014336917563,0.24444444444444446,0.022222222222222223,0.04014336917562724,0.21362007168458783,0.049462365591397855,0.17849462365591398,0.22437275985663083
planets,0.02962962962962963,0.21481481481481485,0.03703703703703704,0.044444444444444446,0.13333333333333336,0.02962962962962963,0.11851851851851852,0.3925925925925926
poynders,0.03571428571428571,0.2142857142857143,0.047619047619047616,0.07142857142857142,0.15476190476190477,0.09523809523809523,0.09523809523809523,0.2857142857142857
long,0.05848261327713383,0.3788198103266597,0.043730242360379354,0.09009483667017915,0.10748155953635406,0.07428872497365649,0.06533192834562698,0.18177028451001057
decided,0.06338028169014086,0.19014084507042256,0.035211267605633804,0.07746478873239437,0.13380281690140847,0.11267605633802817,0.11267605633802817,0.2746478873239437
approach,0.041666666666666664,0.18055555555555555,0.027777777777777773,0.055555555555555546,0.18055555555555555,0.08333333333333333,0.16666666666666666,0.2638888888888889
magnificent,0.024000000000000004,0.24000000000000005,0.016,0.032,0.23200000000000007,0.032,0.18400000000000002,0.24000000000000005
