,anger,anticipation,disgust,fear,joy,sadness,surprise,trust
project,0.12744900020197938,0.16595973877331174,0.05419780515720729,0.05413047869117348,0.09903723153571668,0.07883929172557731,0.020130613344105566,0.4002558405709284
gutenberg,0.10221793635486981,0.21118611378977817,0.06436837029893924,0.07232401157184185,0.06075216972034715,0.12487945998071358,0.02314368370298939,0.3411282545805207
return,0.10477759472817133,0.15354200988467875,0.07874794069192752,0.14859967051070838,0.12388797364085666,0.11004942339373969,0.07182866556836903,0.2085667215815486
tarzan,0.12938451356717406,0.14228987425545997,0.06915949702183984,0.1770350761085374,0.11151555261416281,0.12508272667107875,0.07908669755129054,0.16644606221045666
use,0.12147221414023857,0.17020657550189114,0.08888565609543206,0.10561536223450682,0.1400931044515566,0.08073901658423042,0.05688100087285423,0.23610707011929005
almost,0.0959040959040959,0.1541315827030113,0.07506778935350364,0.13158270301127445,0.13243898958184672,0.1290138432995576,0.08049093763379478,0.20137005851291567
may,0.0987705071191001,0.16136626929257444,0.07821667476363092,0.12167868754437759,0.12836802571097575,0.11252288949512312,0.06633282260174146,0.23274412347247653
copy,0.1786058464503694,0.10825570189527786,0.08480565371024734,0.08127208480565369,0.04882749759074847,0.07709604882749758,0.034693221972373914,0.3864439447478316
give,0.08881894074175449,0.18407006979608595,0.061311071575201874,0.11126317230053376,0.13521280963459698,0.11126317230053376,0.07910223073764884,0.22895853291364449
away,0.10101867572156197,0.16832403589619208,0.07652195003638126,0.13376182391462524,0.12236235750666989,0.1283046325491147,0.07870482658258549,0.19100169779286924
terms,0.11958483754512635,0.14034296028880866,0.047382671480144405,0.09363718411552348,0.11529783393501805,0.06949458483754513,0.053700361010830325,0.3605595667870036
license,0.11500888099467142,0.2060390763765542,0.06616341030195383,0.10257548845470695,0.11589698046181174,0.0963587921847247,0.039964476021314393,0.2579928952042629
title,0.07516580692704496,0.12675018422991893,0.05600589535740604,0.11348563006632277,0.0899042004421518,0.07885040530582167,0.03758290346352248,0.4222549742078114
last,0.08965102286401926,0.17649418371440034,0.06738868832731648,0.1282591255515443,0.12896109105495387,0.12575210589651023,0.07902125952667469,0.20447252306458083
language,0.09157064887810794,0.17950272892662217,0.07155852031534261,0.1134020618556701,0.12249848392965432,0.09884778653729531,0.06306852637962401,0.2595512431776834
english,0.09354293880732753,0.15057814733012861,0.08522801091334285,0.12420423541639601,0.12251526568793036,0.14512147589970117,0.06314148369494609,0.21566844225022738
start,0.06534653465346535,0.3623762376237624,0.06435643564356436,0.07722772277227723,0.09455445544554456,0.0801980198019802,0.07920792079207921,0.17673267326732672
chapter,0.10580793559516963,0.16695418823078398,0.09066513321832471,0.12574276404063636,0.12075905692926969,0.13130151428023767,0.06267970097757332,0.1960897067280046
affair,0.08636363636363635,0.18181818181818182,0.07727272727272727,0.17727272727272728,0.11363636363636363,0.11818181818181818,0.07272727272727272,0.1727272727272727
liner,0.18604651162790695,0.1627906976744186,0.11627906976744186,0.18604651162790695,0.0697674418604651,0.1627906976744186,0.0697674418604651,0.04651162790697674
bonds,0.14035087719298245,0.14912280701754385,0.06140350877192982,0.21052631578947364,0.12280701754385964,0.07017543859649122,0.06140350877192982,0.18421052631578944
hate,0.21208791208791206,0.058241758241758236,0.19120879120879117,0.19560439560439558,0.07362637362637361,0.1769230769230769,0.019780219780219776,0.07252747252747252
happened,0.09627329192546584,0.17080745341614906,0.055900621118012424,0.14596273291925466,0.12318840579710144,0.11697722567287784,0.09730848861283643,0.19358178053830227
rue,0.11885245901639344,0.05327868852459017,0.10245901639344263,0.18032786885245902,0.03278688524590164,0.36885245901639346,0.03278688524590164,0.11065573770491804
maule,0.12962962962962962,0.08333333333333333,0.09259259259259259,0.19444444444444442,0.05555555555555555,0.23148148148148145,0.046296296296296294,0.16666666666666666
countess,0.13414634146341461,0.1097560975609756,0.07926829268292683,0.2073170731707317,0.12804878048780485,0.14024390243902438,0.0548780487804878,0.14634146341463414
explains,0.16666666666666666,0.12037037037037036,0.09259259259259259,0.17592592592592593,0.08333333333333333,0.1574074074074074,0.046296296296296294,0.1574074074074074
plot,0.07120743034055728,0.1764705882352941,0.04024767801857585,0.16408668730650156,0.14551083591331268,0.08978328173374613,0.10526315789473685,0.20743034055727555
duel,0.2240325865580448,0.1670061099796334,0.05906313645621181,0.24439918533604887,0.048879837067209775,0.11812627291242361,0.05295315682281059,0.0855397148676171
dancing,0.1185031185031185,0.12681912681912683,0.09355509355509356,0.14345114345114346,0.14760914760914762,0.1185031185031185,0.05821205821205822,0.19334719334719339
girl,0.06486486486486487,0.17897897897897896,0.06106106106106105,0.09769769769769769,0.18498498498498497,0.1067067067067067,0.10130130130130129,0.2044044044044044
sidi,0.1746031746031746,0.14285714285714285,0.11111111111111112,0.15873015873015875,0.06349206349206349,0.15873015873015875,0.09523809523809523,0.09523809523809523
aissa,0.1746031746031746,0.14285714285714285,0.11111111111111112,0.15873015873015875,0.06349206349206349,0.15873015873015875,0.09523809523809523,0.09523809523809523
fight,0.25374925014997,0.09178164367126573,0.055188962207558485,0.2723455308938212,0.0695860827834433,0.08638272345530892,0.055188962207558485,0.11577684463107377
desert,0.12547660311958406,0.11403812824956672,0.13899480069324088,0.141421143847487,0.09566724436741766,0.21039861351819758,0.05823223570190641,0.11577123050259965
numa,0.16049382716049385,0.08950617283950617,0.09876543209876544,0.2962962962962963,0.07407407407407407,0.09876543209876544,0.06790123456790124,0.11419753086419754
el,0.11564625850340139,0.19727891156462588,0.08843537414965988,0.14285714285714288,0.1122448979591837,0.06802721088435376,0.07142857142857144,0.20408163265306126
adrea,0.16822429906542058,0.12149532710280377,0.09345794392523367,0.24299065420560753,0.09345794392523367,0.12149532710280377,0.06542056074766357,0.09345794392523367
valley,0.0844463593278759,0.15036622145626885,0.1064196467040069,0.1003877638948729,0.13399396811719086,0.2012063765618268,0.07367514002585092,0.14950452391210686
shadow,0.10263522884882108,0.16088765603328709,0.08183079056865464,0.13592233009708737,0.1289875173370319,0.13730929264909847,0.07073509015256588,0.18169209431345354
john,0.07592008412197687,0.11829652996845427,0.2800210304942166,0.10704521556256573,0.10094637223974763,0.08864353312302839,0.049947423764458466,0.17917981072555206
caldwell,0.09219858156028368,0.17021276595744678,0.11347517730496454,0.17730496453900707,0.09219858156028368,0.14184397163120566,0.07801418439716311,0.1347517730496454
london,0.08242424242424243,0.1705050505050505,0.06303030303030303,0.1103030303030303,0.1191919191919192,0.09414141414141415,0.06383838383838385,0.29656565656565653
pass,0.0954516335682255,0.15374759769378604,0.06790518898142217,0.14798206278026907,0.13452914798206278,0.12043561819346572,0.07687379884689302,0.20307495195387573
wreck,0.17307692307692304,0.08461538461538459,0.12307692307692306,0.21538461538461537,0.05384615384615384,0.18461538461538457,0.10384615384615384,0.06153846153846153
lady,0.08371913580246913,0.16435185185185183,0.06905864197530864,0.1103395061728395,0.1577932098765432,0.10609567901234568,0.08989197530864197,0.21874999999999997
alice,0.12389380530973454,0.11504424778761063,0.13274336283185842,0.18584070796460178,0.09734513274336284,0.1504424778761062,0.06194690265486727,0.13274336283185842
back,0.10696543705739352,0.1638304618962055,0.07197970616213932,0.1353979494767995,0.1275763661346581,0.12725927491808478,0.08783426699080438,0.17915653736391504
primitive,0.11218568665377175,0.15570599613152805,0.07156673114119923,0.14216634429400388,0.1044487427466151,0.09864603481624759,0.06576402321083173,0.24951644100580272
ape,0.1641025641025641,0.09230769230769231,0.10769230769230768,0.23589743589743592,0.09743589743589744,0.11794871794871796,0.05641025641025641,0.12820512820512822
savage,0.17844784972812652,0.11369253583786455,0.06648541769649036,0.2305981216015818,0.09985170538803757,0.08897676717745923,0.053880375679683644,0.1680672268907563
ivory,0.1611111111111111,0.12777777777777777,0.11111111111111112,0.2111111111111111,0.07777777777777778,0.14444444444444446,0.08333333333333333,0.08333333333333333
raiders,0.1623931623931624,0.11965811965811968,0.07692307692307693,0.22222222222222224,0.09401709401709403,0.12820512820512822,0.05128205128205128,0.1452991452991453
white,0.07869694060687006,0.1601694561542635,0.10277974873742643,0.09585124587837554,0.14487249050461204,0.19998747860929084,0.05630452022204599,0.16133811928711547
chief,0.07905460472697637,0.14751426242868787,0.05623471882640586,0.1462917685411573,0.14140179299103506,0.08964955175224125,0.06356968215158924,0.2762836185819071
waziri,0.13293051359516617,0.1782477341389728,0.04833836858006042,0.18429003021148035,0.11782477341389729,0.11178247734138973,0.0634441087613293,0.16314199395770393
lottery,0.1456953642384106,0.2052980132450331,0.09933774834437085,0.1456953642384106,0.059602649006622516,0.1390728476821192,0.10596026490066225,0.09933774834437085
death,0.14020068767104063,0.15086660585222092,0.12153533085397517,0.17318082941547963,0.05915374359694057,0.15360325591186585,0.11030804855799595,0.09115149814048137
city,0.08093255620316403,0.17352206494587843,0.06794338051623647,0.12522897585345544,0.1462114904246461,0.10224812656119898,0.07477102414654455,0.2291423813488759
gold,0.0688836104513064,0.18824228028503562,0.04453681710213777,0.08729216152019002,0.19477434679334915,0.08254156769596199,0.07600950118764846,0.2577197149643705
la,0.13300927971718957,0.13521873619089705,0.07998232434821034,0.17498895271763146,0.09500662836942113,0.1391957578435705,0.053468846663720725,0.18912947414935927
castaways,0.17073170731707318,0.14634146341463414,0.09756097560975609,0.17073170731707318,0.09756097560975609,0.14634146341463414,0.048780487804878044,0.12195121951219512
treasure,0.058631921824104226,0.22964169381107488,0.043973941368078175,0.08143322475570032,0.21824104234527686,0.08469055374592833,0.05537459283387622,0.22801302931596087
vaults,0.1320754716981132,0.16981132075471697,0.07547169811320754,0.1509433962264151,0.1320754716981132,0.1509433962264151,0.056603773584905655,0.1320754716981132
opar,0.1188118811881188,0.1485148514851485,0.09900990099009901,0.19306930693069307,0.09405940594059406,0.1485148514851485,0.0594059405940594,0.13861386138613863
fifty,0.09664429530201342,0.18657718120805367,0.06174496644295302,0.11409395973154361,0.15436241610738252,0.09664429530201342,0.087248322147651,0.20268456375838925
frightful,0.1932515337423313,0.06748466257668712,0.14110429447852763,0.29754601226993865,0.015337423312883437,0.22392638036809817,0.046012269938650305,0.015337423312883437
men,0.09964047252182846,0.1567154596815614,0.06914483821263483,0.1376476630713919,0.14066512583461738,0.10554699537750387,0.07697740112994352,0.21366204417051876
came,0.09887032924592064,0.16858163560876704,0.07058028386598436,0.13585014965723666,0.13179492130925946,0.12078787293617843,0.0816838852949696,0.19185092208168392
forest,0.11576971214017522,0.14893617021276595,0.09011264080100125,0.1251564455569462,0.13892365456821026,0.10513141426783479,0.07259073842302878,0.20337922403003755
primeval,0.11046511627906977,0.1686046511627907,0.08139534883720931,0.13953488372093023,0.13372093023255816,0.09883720930232559,0.06395348837209303,0.20348837209302326
passing,0.08767576509511994,0.18610421836228289,0.06451612903225806,0.1273779983457403,0.1339950372208437,0.11745244003308519,0.09594706368899916,0.1869313482216708
ape-man,0.14143920595533496,0.11910669975186103,0.08312655086848635,0.20347394540942926,0.08312655086848635,0.14392059553349873,0.08188585607940446,0.14392059553349873
de,0.11713314997573208,0.1291053227633069,0.0770101925254813,0.16744863290729653,0.10030739362562692,0.1378417731758615,0.062287655719139294,0.2088658793075554
coude,0.10909090909090907,0.1318181818181818,0.045454545454545456,0.15909090909090906,0.11818181818181818,0.10454545454545454,0.08636363636363635,0.24545454545454545
beneath,0.10638297872340426,0.16863672182821118,0.08825847123719464,0.13475177304964536,0.13632781717888098,0.11505122143420014,0.08353033884948778,0.16706067769897556
count,0.08648648648648648,0.11216216216216215,0.04594594594594595,0.1135135135135135,0.10810810810810811,0.09594594594594594,0.06756756756756756,0.37027027027027026
turning,0.09335443037974682,0.17088607594936708,0.06487341772151899,0.12025316455696203,0.14873417721518986,0.12183544303797468,0.08227848101265822,0.19778481012658228
toward,0.09615832363213038,0.16251455180442376,0.0731082654249127,0.14318975552968569,0.13573923166472643,0.10407450523864958,0.08824214202561118,0.1969732246798603
young,0.053434046719820945,0.2312910896628899,0.047419219471254714,0.06511400195831585,0.23101133025597984,0.061337249965030066,0.18303259197090502,0.1273604699958036
wife,0.08958388550225284,0.16167505963424328,0.07368142062019611,0.11794328120858733,0.15981977206467002,0.11476278823217598,0.07845216008481314,0.2040816326530612
magnificent,0.06204379562043795,0.16423357664233576,0.07956204379562044,0.08102189781021898,0.16715328467153284,0.1591240875912409,0.1072992700729927,0.17956204379562044
bent,0.11452991452991453,0.15384615384615383,0.07521367521367521,0.14529914529914528,0.14700854700854699,0.14188034188034185,0.07521367521367521,0.14700854700854699
eyes,0.0899452804377565,0.1488828089375285,0.07409940720474237,0.12471500227998175,0.15902872777017782,0.14979480164158687,0.09108527131782947,0.16244870041039672
various,0.08353365384615384,0.15835336538461536,0.05709134615384615,0.13912259615384615,0.13461538461538464,0.11087740384615384,0.0625,0.25390624999999994
object,0.08719052744886976,0.16541083602439902,0.05992106207391461,0.1392177969142447,0.16325798349479728,0.09400789379260856,0.06171510584858271,0.22927879440258342
admiration,0.0733652312599681,0.12759170653907498,0.05582137161084529,0.10526315789473685,0.2488038277511962,0.08293460925039874,0.06379585326953749,0.24242424242424243
oh,0.08344370860927153,0.14768211920529803,0.09867549668874172,0.13311258278145693,0.15165562913907285,0.13245033112582782,0.06423841059602649,0.18874172185430466
nothing,0.09596215576955566,0.1593174522723433,0.06791687785098834,0.1353269133299544,0.13346849129920596,0.11741848285183308,0.08548741341442812,0.20510221321169117
dear,0.05406866720735334,0.20086509867531763,0.049202487158691535,0.10894836442281698,0.19356582860232494,0.0867802108678021,0.06353068396864017,0.24303865909705324
replied,0.07976366322008864,0.16395864106351554,0.0568685376661743,0.11152141802067947,0.1565731166912851,0.103397341211226,0.10118168389955688,0.22673559822747416
slight,0.11737089201877934,0.11502347417840376,0.08920187793427231,0.14788732394366197,0.09859154929577466,0.17840375586854462,0.061032863849765265,0.19248826291079812
already,0.11314911862791806,0.17127203430204863,0.06288708909004288,0.1291090995712244,0.1319676036207718,0.11195807527393999,0.06241067174845165,0.21724630776560266
call,0.10275927687916271,0.17316841103710753,0.06216301934665398,0.1379638439581351,0.12496035521725342,0.09292737075800826,0.08848715509039011,0.21757056771328895
new,0.09141361256544503,0.1724083769633508,0.07429319371727748,0.12607329842931936,0.12921465968586388,0.11895287958115183,0.07643979057591622,0.2112041884816754
fair,0.07908927501497903,0.17136009586578788,0.06111443978430197,0.1054523666866387,0.1731575793888556,0.09826243259436787,0.07669263031755542,0.23487118034751345
chair,0.0896358543417367,0.15826330532212884,0.0700280112044818,0.1330532212885154,0.14565826330532214,0.11904761904761905,0.08543417366946779,0.19887955182072828
caused,0.12535612535612534,0.13390313390313388,0.08831908831908832,0.15764482431149096,0.10256410256410256,0.14624881291547956,0.0664767331433998,0.17948717948717946
let,0.09716342082980525,0.17125317527519054,0.06985605419136326,0.12341236240474177,0.1297629127857748,0.11960203217612195,0.0808636748518205,0.20808636748518208
fall,0.0796147672552167,0.13226324237560194,0.06613162118780097,0.10722311396468699,0.10016051364365972,0.30786516853932583,0.060995184590690206,0.14574638844301765
upon,0.10282195543348248,0.15775483985292163,0.07167855402471979,0.13476276968059187,0.12559252203960483,0.1114162938023302,0.07734904531962965,0.21862401984671953
husband,0.07960834397616007,0.15666240953597274,0.08514261387824605,0.1336739037888463,0.1587909748829289,0.1264367816091954,0.058748403575989774,0.20093656875266067
buried,0.06613756613756615,0.10185185185185186,0.06746031746031747,0.2367724867724868,0.09523809523809523,0.24867724867724866,0.03703703703703704,0.14682539682539686
without,0.10491407898703647,0.15526077781127526,0.07288212239975882,0.13543864938197164,0.12481157672595718,0.1169731685257763,0.06572203798613205,0.22399758818209223
three,0.09378897480668495,0.1777251184834123,0.06859565976552756,0.11998004489897728,0.13120478922424544,0.11810925417809927,0.076702419555999,0.21389373908705409
days,0.11421251348435815,0.17920711974110032,0.059600862998921256,0.12176375404530744,0.13902373247033442,0.11650485436893206,0.08198489751887811,0.1877022653721683
suddenly,0.08336123200535656,0.1128222296618681,0.05557415467023769,0.12520924004017409,0.10244392366923334,0.11717442249748912,0.28356210244392366,0.11985269501171744
realized,0.12352941176470589,0.15294117647058825,0.07647058823529412,0.15529411764705883,0.12823529411764706,0.13176470588235295,0.07647058823529412,0.15529411764705883
recently,0.0767590618336887,0.13859275053304906,0.05330490405117271,0.13646055437100216,0.15991471215351813,0.10874200426439233,0.0746268656716418,0.2515991471215352
horrid,0.1596638655462185,0.05042016806722689,0.19327731092436976,0.19327731092436976,0.08403361344537816,0.17647058823529413,0.033613445378151266,0.10924369747899161
presently,0.10125142207053471,0.1626848691695108,0.06370875995449375,0.15244596131968147,0.1342434584755404,0.13651877133105803,0.07053469852104666,0.17861205915813427
put,0.10273972602739725,0.16693214399490283,0.07295316979929914,0.12981841350748646,0.12456196240841032,0.11484549219496655,0.07757247531060847,0.21057661675692896
olga,0.11428571428571428,0.12380952380952381,0.09523809523809523,0.1714285714285714,0.1714285714285714,0.11428571428571428,0.06666666666666667,0.14285714285714285
said,0.09008277876968025,0.15663041714007467,0.08299518476437809,0.11919060758534872,0.14007466320402534,0.1090190986311746,0.08478060920846184,0.21722664069685657
think,0.0900498367417082,0.15879017013232516,0.07148994672624162,0.12321704760268087,0.14641691012201408,0.11101563842584637,0.08540986423784155,0.21361058601134217
shall,0.08227114716106605,0.17743337195828507,0.057792584009269996,0.12050984936268831,0.13629779837775205,0.10124565469293165,0.07633256083429896,0.24811703360370801
hunt,0.14855072463768113,0.12681159420289853,0.10144927536231885,0.2028985507246377,0.09057971014492752,0.11956521739130434,0.05797101449275362,0.15217391304347824
others,0.08835904628330996,0.1618162692847125,0.062412342215988785,0.11570827489481066,0.14796633941093967,0.10764375876577839,0.07187938288920055,0.24421458625525946
equally,0.07818930041152262,0.1673525377229081,0.05212620027434842,0.11248285322359396,0.1522633744855967,0.12208504801097393,0.07133058984910837,0.24417009602194786
see,0.09890678091298567,0.16472152459742948,0.0719456345102674,0.13968089821243906,0.1328113458413355,0.11072536563746492,0.06950805141084355,0.21170039887723446
find,0.08625132636046688,0.17235106866757616,0.06669698347733818,0.12445050780657876,0.13248446263453084,0.10974685463089283,0.07776261937244201,0.23025617705017432
enough,0.08838215712383488,0.17559920106524635,0.07140479360852196,0.1091877496671105,0.1481358189081225,0.10203062583222369,0.0823901464713715,0.22286950732356856
game,0.10661764705882353,0.16176470588235295,0.0784313725490196,0.11642156862745097,0.13970588235294115,0.10661764705882353,0.10416666666666666,0.18627450980392157
cards,0.06542056074766356,0.21495327102803738,0.06542056074766356,0.12149532710280374,0.102803738317757,0.09345794392523364,0.07476635514018691,0.26168224299065423
woman,0.09337395277989337,0.16907844630616906,0.07098248286367098,0.12155369383092154,0.16648895658796647,0.10708301599390707,0.08926123381568926,0.18217821782178217
smiling,0.0490367775831874,0.138353765323993,0.04553415061295972,0.07355516637478109,0.3660245183887916,0.0840630472854641,0.08581436077057793,0.1576182136602452
go,0.08596610169491525,0.18020338983050846,0.06494915254237288,0.12203389830508475,0.13776271186440678,0.1134915254237288,0.08271186440677966,0.2128813559322034
play,0.09360189573459717,0.16390205371248026,0.06635071090047392,0.12085308056872038,0.15955766192733017,0.11334913112164298,0.08056872037914692,0.20181674565560823
old,0.09245949567547813,0.16140821050067,0.07382141551955171,0.12072115970276526,0.14423194055305152,0.11188938969423803,0.07552686076257766,0.21994152759166766
gone,0.09463011641006384,0.16898235073225687,0.07285016898235074,0.13443484791588434,0.13781449493052947,0.11791212917761923,0.08036049568156216,0.19301539616973337
figure,0.07847996695580338,0.161090458488228,0.07311028500619579,0.12102437009500207,0.15737298636926889,0.10780669144981411,0.09252375051631558,0.20859149111937214
tall,0.07465007776049767,0.16951788491446348,0.07153965785381027,0.06531881804043546,0.18351477449455678,0.11353032659409021,0.09020217729393468,0.23172628304821152
man,0.09827130364043116,0.15220663005897905,0.07496440919259711,0.1345942647956071,0.13858043522473054,0.1114500711816148,0.08187919463087248,0.2080536912751678
far,0.0805651958353991,0.1627416955875062,0.06259295984134854,0.1337382250867625,0.14142290530490828,0.1197322756569162,0.07709469509172037,0.22211204759543876
twenty,0.09806537691794528,0.17611741160773847,0.06871247498332221,0.10473649099399598,0.14609739826551033,0.10473649099399598,0.08539026017344896,0.21614409606404267
faithful,0.08860759493670887,0.11211573236889694,0.04701627486437614,0.13200723327305608,0.14828209764918626,0.0867992766726944,0.050632911392405076,0.33453887884267636
love,0.07457087643514834,0.13163578492667954,0.05194952824826646,0.10287598044787997,0.3170398999658975,0.10310333068091396,0.0671819938615437,0.15164260543367056
one,0.09395214469635119,0.1588477883145973,0.06726119449852415,0.1294772760576943,0.13646925830559567,0.11624693839100671,0.07860746509242394,0.21913793464380665
fate,0.09783989834815755,0.26365946632782716,0.0775095298602287,0.14040660736975855,0.09212198221092756,0.12198221092757304,0.07306226175349427,0.13341804320203302
russian,0.10348162475822051,0.15473887814313347,0.07543520309477757,0.13152804642166346,0.11411992263056092,0.12475822050290136,0.058027079303675046,0.2379110251450677
father,0.06493713194333917,0.14483526977558492,0.05284099952252109,0.09294922807575999,0.13528569154862327,0.09629158045519656,0.055387553716377526,0.3574725449625975
selected,0.09444444444444444,0.1388888888888889,0.05277777777777778,0.1527777777777778,0.13333333333333333,0.13333333333333333,0.07777777777777778,0.21666666666666667
however,0.09270783468964416,0.16355513004627412,0.06318812829104835,0.11887665549704803,0.1302058401148875,0.10100526567735758,0.06957076751236636,0.2608903781713739
surprised,0.07637231503579951,0.13365155131264916,0.07875894988066826,0.08591885441527446,0.1097852028639618,0.07875894988066826,0.27684964200477324,0.15990453460620524
tiny,0.07936507936507937,0.13888888888888887,0.07936507936507937,0.15476190476190477,0.14285714285714285,0.13492063492063494,0.07936507936507937,0.19047619047619047
sight,0.10753880266075388,0.15465631929046564,0.06485587583148558,0.13470066518847007,0.1369179600886918,0.12583148558758314,0.08647450110864746,0.18902439024390247
splendid,0.04530011325028313,0.12117780294450736,0.03397508493771234,0.06455266138165344,0.2955832389580974,0.06568516421291053,0.22763306908267267,0.14609286523216308
stranger,0.08071025020177562,0.13720742534301855,0.06133979015334947,0.28652138821630346,0.129136400322841,0.0847457627118644,0.06618240516545601,0.15415657788539144
must,0.10171526586620927,0.17341337907375645,0.06432246998284735,0.12875929102344197,0.12492853058890797,0.10606060606060608,0.07392795883361922,0.2268724985706118
thoughts,0.1061130334486736,0.15570934256055363,0.08765859284890427,0.13610149942329872,0.14302191464821223,0.13379469434832755,0.06459054209919263,0.17301038062283738
way,0.09301751788798421,0.17139567398634756,0.06842667982564356,0.12459906242289662,0.1318364997121474,0.1085615593387614,0.0830660416152644,0.21909696521095484
might,0.09296901032989004,0.16744418527157615,0.06806064645118294,0.14320226591136287,0.1300399866711096,0.11521159613462179,0.07914028657114294,0.20393202265911362
good,0.0437592519045384,0.20612340686716976,0.03870455283965773,0.055348954760443374,0.20406542224789692,0.04827237606961043,0.16391666967541613,0.2398093656352674
look,0.08841523583974739,0.17229129662522202,0.06828498125123347,0.12492599171107163,0.14426682455101636,0.12808367870534834,0.08663903690546673,0.18709295441089402
glance,0.10251798561151079,0.16366906474820145,0.059352517985611516,0.131294964028777,0.1474820143884892,0.12410071942446044,0.09532374100719426,0.1762589928057554
rose,0.0973161237451342,0.14177422659291128,0.09547223929522639,0.1280475312435976,0.1309157959434542,0.18029092399098545,0.07969678344601516,0.14648637574267567
leave,0.05156002115282919,0.11792702273929138,0.041776837652035964,0.082760444209413,0.08646218931782126,0.26097303014278156,0.2244843997884717,0.1340560549973559
deck,0.1453900709219858,0.17730496453900707,0.07092198581560283,0.15425531914893614,0.09574468085106383,0.11702127659574467,0.0975177304964539,0.14184397163120566
steward,0.08296943231441048,0.10480349344978165,0.05240174672489083,0.16593886462882096,0.056768558951965066,0.11790393013100438,0.06550218340611354,0.3537117903930131
gentleman,0.08867427568042142,0.1202809482001756,0.06145741878841088,0.10359964881474977,0.10711150131694468,0.09043020193151888,0.058823529411764705,0.36962247585601404
asked,0.0830532885261642,0.15074411905904947,0.07969275084013443,0.11761881901104178,0.13442150744119058,0.11041766682669227,0.09697551608257322,0.22707633221315415
monsieur,0.10120240480961923,0.1282565130260521,0.08416833667334668,0.1472945891783567,0.11923847695390781,0.13527054108216433,0.07915831663326653,0.20541082164328656
africa,0.09099099099099099,0.14594594594594595,0.06936936936936937,0.14144144144144144,0.15585585585585585,0.10180180180180179,0.07657657657657657,0.218018018018018
rather,0.09007832898172323,0.16090078328981722,0.07196475195822455,0.11357702349869452,0.1475195822454308,0.11259791122715405,0.07800261096605744,0.22535900783289817
large,0.08958475153165418,0.1582028590878148,0.08209666439754935,0.10918992511912864,0.14132062627637848,0.13396868618107555,0.07583390061266168,0.20980258679373723
thought,0.07655547226386807,0.32533733133433285,0.05622188905547226,0.10457271364317841,0.11384932533733134,0.0893928035982009,0.06493628185907047,0.16913418290854573
interest,0.08357600465928947,0.17152009318578917,0.06348281887012232,0.10920209668025627,0.15259172976121144,0.09755387303436228,0.08910891089108912,0.23296447291788006
still,0.09189443920829407,0.16333647502356266,0.06748350612629596,0.129688972667295,0.14297832233741753,0.11969839773798303,0.08077285579641848,0.20414703110273327
walked,0.09336099585062241,0.14834024896265557,0.06950207468879668,0.10684647302904564,0.1566390041493776,0.13278008298755187,0.06535269709543567,0.2271784232365145
slowly,0.10596026490066225,0.1626195732155997,0.07358351729212656,0.14716703458425312,0.12141280353200883,0.11626195732155997,0.08682855040470934,0.1861662987490802
two,0.08761614782928238,0.1663079426741561,0.0665651740248832,0.12693579715470626,0.13481022625859623,0.11302430573783401,0.07428211454669537,0.23045829177384639
would,0.09410720230828985,0.16735101542559092,0.06700144268116745,0.1316169126623016,0.13200532682277213,0.11605260237487514,0.07937520807901452,0.2124902896459882
even,0.1054285901381704,0.15218387793857638,0.07203195599502324,0.12860978324929606,0.12900268482745073,0.12749656211119112,0.07347259511492371,0.21177395062536836
guilty,0.25578703703703703,0.07175925925925926,0.07175925925925926,0.13888888888888887,0.061342592592592594,0.22916666666666666,0.0474537037037037,0.12384259259259259
shot,0.18144116122343185,0.07724209434940384,0.0383618455158113,0.20736132711249353,0.05702436495593573,0.1793675479523069,0.16174183514774496,0.09745982374287196
direction,0.10393258426966294,0.15168539325842698,0.05805243445692884,0.15636704119850187,0.11142322097378277,0.10486891385767791,0.07584269662921349,0.23782771535580524
seen,0.08493904836806922,0.16496264254817147,0.06901297679905623,0.12268973653165553,0.14648053480141565,0.11600471883602045,0.08395595753047581,0.21195438458513566
paris,0.11186650185414092,0.15883807169344868,0.05995055624227441,0.16934487021013597,0.11928306551297899,0.12793572311495674,0.06118665018541409,0.1915945611866502
dark,0.07314218841427736,0.12521942656524285,0.0623171445289643,0.09742539496781744,0.1179052077238151,0.31538911644236395,0.07050906963136337,0.13809245172615564
accompanied,0.09337349397590361,0.15963855421686746,0.06325301204819277,0.1325301204819277,0.14457831325301204,0.1114457831325301,0.09337349397590361,0.20180722891566263
greater,0.08994126284875184,0.1721732745961821,0.06130690161527165,0.12334801762114536,0.13986784140969163,0.10279001468428779,0.08113069016152716,0.22944199706314242
force,0.2439551798702575,0.09671712207587968,0.04599960684096716,0.27521132298014545,0.07332415962256732,0.07057204639276586,0.04835856103793984,0.1458620011794771
entered,0.09845559845559847,0.1550836550836551,0.07014157014157014,0.15958815958815958,0.12290862290862291,0.1196911196911197,0.058558558558558564,0.2155727155727156
sought,0.12099125364431487,0.1457725947521866,0.08017492711370264,0.14723032069970846,0.12099125364431487,0.1166180758017493,0.06705539358600585,0.20116618075801748
little,0.0857659160411454,0.1631452136039292,0.07121675470299324,0.11611528125289593,0.1513298118802706,0.12950606987304236,0.08335650078769344,0.19956445185802985
felt,0.10957124296232135,0.14140320485058466,0.07838891294932872,0.151580770896492,0.12970983109571244,0.14010394110004332,0.08488523170203552,0.16435686444348202
conversation,0.08533653846153845,0.1706730769230769,0.06490384615384616,0.10216346153846154,0.16105769230769232,0.11298076923076922,0.08173076923076923,0.22115384615384615
mind,0.10480847595762019,0.1576202118989405,0.07171964140179299,0.1452322738386308,0.12127139364303177,0.11621841890790545,0.07660961695191523,0.20651996740016296
past,0.09636711281070746,0.17667304015296367,0.06921606118546846,0.1158699808795411,0.1384321223709369,0.12390057361376675,0.08298279158699809,0.1965583173996176
weeks,0.08945686900958467,0.21086261980830673,0.06070287539936103,0.1293929712460064,0.12460063897763579,0.1086261980830671,0.08466453674121406,0.19169329073482427
life,0.09173819742489271,0.16228540772532188,0.06746244635193134,0.13483547925608014,0.13733905579399142,0.11234799713876968,0.08033798283261803,0.21365343347639487
time,0.07544591750064625,0.3344288932383027,0.05476568558661693,0.10225636101776284,0.10975294508659846,0.08870342331696147,0.06451493777465932,0.17013183647845193
wondered,0.0763888888888889,0.1736111111111111,0.08333333333333333,0.14930555555555555,0.14583333333333334,0.12152777777777778,0.09027777777777779,0.15972222222222224
acted,0.11428571428571428,0.1619047619047619,0.06666666666666667,0.15238095238095237,0.11428571428571428,0.09999999999999999,0.05714285714285714,0.2333333333333333
owed,0.1096774193548387,0.17419354838709675,0.051612903225806445,0.07741935483870967,0.15483870967741933,0.04516129032258064,0.09032258064516129,0.2967741935483871
true,0.055854095424198016,0.10731151278293438,0.039244422732454,0.08435108288552354,0.2644520436411008,0.06936980947728383,0.0485262986484286,0.33089073440807687
clayton,0.11111111111111112,0.11549707602339182,0.0986842105263158,0.18055555555555558,0.11403508771929825,0.11403508771929825,0.06944444444444445,0.1966374269005848
ah,0.09873949579831932,0.15756302521008403,0.06302521008403361,0.11764705882352942,0.19537815126050423,0.1323529411764706,0.06092436974789916,0.17436974789915966
question,0.09779005524861878,0.16077348066298341,0.06104972375690607,0.13895027624309392,0.10994475138121546,0.10911602209944751,0.07486187845303867,0.24751381215469614
william,0.09018181818181818,0.13745454545454544,0.072,0.14327272727272727,0.1330909090909091,0.10763636363636364,0.06109090909090909,0.25527272727272726
cecil,0.045801526717557245,0.16793893129770993,0.07633587786259542,0.12213740458015267,0.2213740458015267,0.09923664122137404,0.061068702290076333,0.20610687022900764
lord,0.07010115266996,0.11573747353563865,0.19665960950364617,0.10303458009880027,0.09550693954363677,0.0764525993883792,0.047282992237120666,0.29522465302281814
greystoke,0.04225352112676056,0.09154929577464789,0.18309859154929578,0.1267605633802817,0.09859154929577466,0.09859154929577466,0.04929577464788733,0.3098591549295775
birth,0.055808185200496074,0.1976023150062009,0.05250103348491112,0.18272013228606862,0.17982637453493178,0.06862339809838776,0.0479536998759818,0.2149648615130219
loved,0.10738831615120274,0.12457044673539518,0.08676975945017182,0.1451890034364261,0.15893470790378006,0.14003436426116836,0.06185567010309278,0.17525773195876287
strange,0.09901800327332243,0.15302782324058922,0.07896890343698855,0.1456628477905074,0.1395253682487725,0.12029459901800328,0.09942716857610476,0.16407528641571195
given,0.0830624774286746,0.17840375586854462,0.06356085229324666,0.11556518598772121,0.14012278801011196,0.10581437342000724,0.07240881184543156,0.2410617551462622
instead,0.10880262438490979,0.17714598141060692,0.0732640787315473,0.13395297977036633,0.11427009294696555,0.10661563696008748,0.07053034445051941,0.21541826134499728
made,0.09932442885874891,0.16435459749368264,0.06884637202826054,0.13145273580527048,0.1333608375019339,0.11402196895466969,0.0730235676344696,0.21561549172296426
thing,0.09541178729122671,0.15569207141485888,0.0717988097523517,0.13035131503167594,0.15223651372624303,0.10443463236705702,0.08082165482818199,0.20925321558840468
difficult,0.07745779543197617,0.11618669314796425,0.052631578947368425,0.2944389275074478,0.11320754716981131,0.10526315789473685,0.055610724925521354,0.18520357497517378
bear,0.17880341880341882,0.12239316239316239,0.07008547008547009,0.2047863247863248,0.10153846153846155,0.11213675213675213,0.05128205128205128,0.158974358974359
yet,0.08724766125061546,0.1707533234859675,0.06282619399310685,0.12693254554406697,0.14258985721319548,0.10999507631708519,0.07631708517971443,0.22333825701624815
knew,0.10192429689152041,0.1636709663776697,0.07422288010150137,0.13766123916261366,0.12560795094100233,0.12053288221611334,0.07866356523577923,0.19771621907379996
could,0.10098679365702784,0.1615199567970936,0.06382247533015857,0.1363346261475772,0.13510727085276647,0.11561686877117189,0.07850164465609505,0.20811036378810938
done,0.09653297076818491,0.16270111035576706,0.07591207795150692,0.1287106276909132,0.13437570813505553,0.10922275096306369,0.07817811012916384,0.21436664400634492
less,0.08896848137535816,0.15959885386819486,0.06404011461318052,0.11561604584527221,0.13767908309455587,0.11189111747851002,0.07822349570200574,0.24398280802292266
night,0.09423801830910071,0.16514090827499553,0.06120983665410161,0.13695925327589303,0.13911326512295819,0.1380362591994256,0.09136600251301383,0.17393645665051158
within,0.12718505123568413,0.16666666666666669,0.05138637733574443,0.12597950572634117,0.127335744424352,0.10864978902953587,0.08921036769138035,0.20358649789029537
happiness,0.06792675723567632,0.2474896633195511,0.046072061429415244,0.08328411104548139,0.2604843473124631,0.07914943886591849,0.06320141760189014,0.15239220318960425
first,0.09106173392287457,0.18145183858510106,0.06442043991716573,0.1252028880058208,0.13538926512565067,0.10785246543907763,0.07947612917669447,0.21514523982761516
brief,0.10362694300518134,0.13298791018998274,0.07253886010362694,0.16407599309153711,0.11744386873920554,0.13471502590673576,0.07426597582037997,0.20034542314335058
experience,0.08775981524249422,0.15704387990762125,0.07436489607390301,0.12886836027713627,0.12655889145496538,0.11593533487297922,0.0748267898383372,0.23464203233256353
civilization,0.07741347905282331,0.12750455373406192,0.05282331511839708,0.11566484517304189,0.1256830601092896,0.09107468123861566,0.06830601092896174,0.34153005464480873
civilized,0.10342511752854265,0.10342511752854265,0.05305574210879785,0.14439220953660173,0.21087978509066488,0.06850235057085292,0.04969778374748153,0.26662189388851576
taught,0.09497206703910614,0.12476722532588455,0.074487895716946,0.13221601489757914,0.12476722532588455,0.09869646182495345,0.05772811918063315,0.29236499068901306
money,0.161495487752471,0.19217877094972066,0.022002578427159435,0.04314568113450795,0.17120756338633436,0.04142672969488612,0.1514396218306833,0.21710356682423723
position,0.07667731629392971,0.16693290734824281,0.0555111821086262,0.12060702875399361,0.14097444089456868,0.09824281150159744,0.07228434504792333,0.26876996805111825
jane,0.1,0.132,0.086,0.19,0.122,0.136,0.086,0.148
porter,0.10169491525423728,0.12146892655367231,0.08192090395480225,0.1694915254237288,0.11299435028248588,0.1384180790960452,0.07344632768361582,0.2005649717514124
born,0.07296767874632712,0.20323212536728696,0.07247796278158668,0.12634671890303623,0.14887365328109695,0.10871694417238002,0.056807051909892256,0.21057786483839372
taken,0.10122514561156859,0.16308495681863827,0.058043783892347864,0.14701747338823057,0.12211287407109862,0.10925888732677246,0.07772645109459732,0.22153042779674634
future,0.08272506082725059,0.18074383037886685,0.056308654848800835,0.1181786583246437,0.14077163712200205,0.09732360097323599,0.07055961070559609,0.2533889468196037
doubtless,0.07830687830687831,0.14973544973544975,0.055026455026455035,0.10846560846560846,0.12275132275132275,0.07671957671957673,0.06613756613756615,0.3428571428571429
plunged,0.25,0.075,0.049999999999999996,0.325,0.024999999999999998,0.17500000000000002,0.049999999999999996,0.049999999999999996
misery,0.17527173913043478,0.07880434782608695,0.1576086956521739,0.2105978260869565,0.05570652173913043,0.20652173913043476,0.033967391304347824,0.08152173913043478
estates,0.08641975308641976,0.12345679012345678,0.08641975308641976,0.16049382716049382,0.09259259259259259,0.13580246913580246,0.04938271604938271,0.26543209876543206
never,0.09812382739212008,0.16894934333958728,0.0700750469043152,0.12467166979362101,0.14418386491557222,0.11322701688555348,0.07373358348968105,0.20703564727954973
occurred,0.12264150943396226,0.1721698113207547,0.0660377358490566,0.16037735849056603,0.11084905660377357,0.12971698113207547,0.08962264150943396,0.14858490566037735
loyalty,0.06547619047619048,0.10714285714285714,0.029761904761904764,0.08333333333333334,0.1488095238095238,0.06547619047619048,0.05952380952380953,0.44047619047619047
bound,0.12592047128129602,0.15463917525773196,0.04933726067746687,0.11855670103092784,0.1325478645066274,0.11119293078055964,0.06774668630338734,0.24005891016200293
promise,0.07351460221550855,0.10674723061430011,0.038267875125881166,0.07653575025176233,0.2547834843907351,0.08559919436052367,0.0594159113796576,0.30513595166163143
