,anger,anticipation,disgust,fear,joy,sadness,surprise,trust
project,0.12437655860349128,0.16645885286783044,0.05517456359102244,0.05392768079800499,0.10006234413965089,0.0763715710723192,0.01683291770573566,0.4067955112219452
gutenberg,0.09002169197396964,0.21149674620390457,0.0650759219088937,0.07266811279826464,0.06724511930585685,0.10954446854663775,0.009761388286334058,0.37418655097613884
ebook,0.09426987060998152,0.1534195933456562,0.07393715341959334,0.11090573012938999,0.06469500924214416,0.10351201478743068,0.014787430683918667,0.3844731977818854
challenge,0.2542372881355932,0.0847457627118644,0.03389830508474576,0.2542372881355932,0.13559322033898305,0.0,0.0,0.23728813559322035
north,0.13907284768211922,0.1291390728476821,0.08278145695364239,0.1688741721854305,0.11920529801324505,0.09271523178807947,0.03642384105960265,0.23178807947019867
james,0.033461723639865194,0.08257101588830044,0.3837265286470872,0.024313914299470392,0.11290322580645161,0.03177660086663457,0.043572460279248916,0.28767453057294173
hendryx,0.2647058823529412,0.05882352941176471,0.0,0.2647058823529412,0.14705882352941177,0.0,0.0,0.2647058823529412
use,0.14202898550724638,0.18647342995169083,0.07729468599033816,0.12753623188405797,0.12753623188405797,0.06570048309178744,0.035748792270531404,0.23768115942028983
anyone,0.10576923076923077,0.21875,0.04326923076923077,0.1201923076923077,0.11298076923076922,0.08413461538461538,0.04326923076923077,0.27163461538461536
almost,0.103,0.159,0.07200000000000001,0.164,0.11,0.12400000000000001,0.068,0.2
may,0.10911966262519768,0.18661043753294676,0.04551045510455105,0.13653136531365315,0.10490247759620454,0.07854507116499736,0.05078193639079248,0.28799859427165697
copy,0.18722139673105498,0.10846953937592867,0.07280832095096582,0.08469539375928677,0.0475482912332838,0.06835066864784546,0.03417533432392273,0.3967310549777117
give,0.10340557275541797,0.18575851393188855,0.04458204334365325,0.134984520123839,0.10588235294117647,0.09411764705882353,0.06811145510835914,0.2631578947368421
away,0.0983125458547322,0.17021276595744678,0.061628760088041086,0.14306676449009537,0.1305942773294204,0.10638297872340424,0.08070432868672046,0.20909757887013938
terms,0.12574404761904762,0.15104166666666666,0.028273809523809524,0.1294642857142857,0.08705357142857142,0.061755952380952384,0.041666666666666664,0.375
license,0.11855670103092783,0.2139175257731959,0.05154639175257732,0.10567010309278349,0.11597938144329896,0.09020618556701031,0.02577319587628866,0.27835051546391754
date,0.07692307692307693,0.25443786982248523,0.014792899408284023,0.13313609467455623,0.08284023668639054,0.08579881656804733,0.03550295857988166,0.3165680473372781
start,0.0703883495145631,0.45873786407767,0.026699029126213594,0.09951456310679611,0.07524271844660195,0.0412621359223301,0.06310679611650485,0.1650485436893204
garden,0.07336956521739131,0.13043478260869565,0.05706521739130435,0.08152173913043478,0.3423913043478261,0.06793478260869566,0.051630434782608696,0.1956521739130435
city,0.09236453201970445,0.16871921182266011,0.06034482758620689,0.14408866995073893,0.14162561576354682,0.10714285714285715,0.0665024630541872,0.21921182266009856
new,0.07606263982102908,0.20626398210290825,0.03355704697986577,0.13154362416107382,0.13736017897091723,0.09172259507829977,0.06487695749440715,0.25861297539149886
doubleday,0.23076923076923078,0.07692307692307694,0.0,0.23076923076923078,0.15384615384615388,0.0,0.0,0.30769230769230776
page,0.047619047619047616,0.11904761904761904,0.005952380952380952,0.26785714285714285,0.07142857142857142,0.22023809523809523,0.07738095238095238,0.19047619047619047
company,0.12376237623762378,0.17821782178217824,0.04455445544554456,0.13366336633663367,0.1485148514851485,0.07425742574257425,0.06930693069306931,0.22772277227722773
1922,0.23076923076923078,0.07692307692307694,0.0,0.23076923076923078,0.15384615384615388,0.0,0.0,0.30769230769230776
copyright,0.09056603773584905,0.18867924528301888,0.07547169811320754,0.07547169811320754,0.0679245283018868,0.07924528301886793,0.007547169811320756,0.41509433962264153
including,0.12195121951219512,0.17235772357723578,0.029268292682926828,0.08292682926829269,0.08130081300813008,0.1252032520325203,0.009756097560975608,0.37723577235772354
united,0.054968287526427066,0.1744186046511628,0.016913319238900635,0.13847780126849893,0.05919661733615222,0.06236786469344609,0.019027484143763214,0.4746300211416491
states,0.09058988764044942,0.1899578651685393,0.020716292134831456,0.15905898876404492,0.07689606741573034,0.06004213483146067,0.03967696629213483,0.36306179775280895
country,0.11079136690647481,0.16258992805755396,0.061870503597122296,0.14820143884892084,0.11510791366906474,0.1079136690647482,0.05467625899280575,0.23884892086330933
life,0.08500957854406131,0.1693007662835249,0.0603448275862069,0.12715517241379312,0.16834291187739464,0.10033524904214561,0.08093869731800767,0.2085727969348659
first,0.09892970783916691,0.19091698004049756,0.04772924501012439,0.13942724905987852,0.1107897020538039,0.10037604859704947,0.060167775527914386,0.25166329187156494
oskar,0.10769230769230768,0.10769230769230768,0.12307692307692308,0.1846153846153846,0.12307692307692308,0.16923076923076924,0.07692307692307691,0.10769230769230768
hedin,0.14963503649635035,0.1240875912408759,0.1094890510948905,0.14963503649635035,0.11313868613138686,0.12773722627737225,0.072992700729927,0.15328467153284672
head,0.10620689655172415,0.15724137931034482,0.08275862068965517,0.15586206896551727,0.11448275862068967,0.10344827586206898,0.07586206896551724,0.20413793103448277
fur,0.06097560975609755,0.19512195121951217,0.048780487804878044,0.13414634146341461,0.15853658536585366,0.14634146341463414,0.08536585365853658,0.17073170731707316
old,0.0793103448275862,0.17844827586206896,0.0767241379310345,0.11077586206896552,0.1668103448275862,0.09181034482758621,0.0706896551724138,0.22543103448275864
john,0.03256098805756864,0.08451566806165152,0.38828212718179034,0.02112891701541288,0.1113606205981423,0.03460242931509646,0.04256405021945493,0.2849851995508829
mcnabb,0.10481586402266288,0.16997167138810196,0.16430594900849857,0.09915014164305948,0.10764872521246459,0.09915014164305948,0.09348441926345609,0.16147308781869688
's,0.10189573459715638,0.16161137440758291,0.06729857819905213,0.13894154818325433,0.13230647709320695,0.10995260663507109,0.07203791469194312,0.215955766192733
big,0.10185185185185185,0.21296296296296297,0.0625,0.14814814814814814,0.1111111111111111,0.10648148148148148,0.08564814814814815,0.1712962962962963
store,0.053097345132743355,0.4424778761061947,0.06194690265486725,0.053097345132743355,0.07079646017699115,0.07079646017699115,0.07079646017699115,0.17699115044247785
looked,0.09548611111111112,0.16319444444444445,0.07465277777777779,0.13454861111111113,0.12413194444444445,0.11545138888888891,0.09114583333333333,0.2013888888888889
russian,0.08928571428571429,0.19642857142857142,0.08928571428571429,0.125,0.125,0.16071428571428573,0.03571428571428572,0.17857142857142858
sable,0.06896551724137931,0.18390804597701152,0.08045977011494254,0.08045977011494254,0.12643678160919541,0.16091954022988508,0.06896551724137931,0.2298850574712644
coat,0.09333333333333332,0.16666666666666669,0.09333333333333332,0.12666666666666668,0.10333333333333333,0.13666666666666666,0.06333333333333334,0.21666666666666667
upon,0.11242192921582234,0.17510987739995373,0.051584547767753876,0.1397177885727504,0.10386305806153134,0.09507286606523249,0.06037473976405274,0.26185519315290307
table,0.10914454277286136,0.13569321533923304,0.07374631268436578,0.1327433628318584,0.0943952802359882,0.10029498525073745,0.07964601769911504,0.2743362831858407
eyes,0.1022539857064321,0.12864211105002749,0.08246289169873557,0.14348543155579987,0.1319406267179769,0.1583287520615723,0.08466190214403518,0.16822429906542055
keep,0.09090909090909091,0.1733615221987315,0.052854122621564484,0.10993657505285413,0.13953488372093023,0.11205073995771671,0.06553911205073996,0.2558139534883721
black,0.06807131280388978,0.10372771474878444,0.14424635332252836,0.08589951377633712,0.10372771474878444,0.28687196110210694,0.04213938411669368,0.16531604538087522
terrace,0.047619047619047616,0.3571428571428571,0.047619047619047616,0.09523809523809523,0.09523809523809523,0.09523809523809523,0.09523809523809523,0.16666666666666666
got,0.10628571428571429,0.19314285714285714,0.04342857142857143,0.11657142857142858,0.12685714285714286,0.0822857142857143,0.11885714285714286,0.21257142857142858
thousand,0.1,0.18695652173913047,0.04782608695652175,0.1,0.16086956521739132,0.07826086956521741,0.10434782608695653,0.22173913043478266
dollars,0.09271523178807947,0.20529801324503313,0.026490066225165566,0.07947019867549669,0.17218543046357618,0.039735099337748346,0.13245033112582782,0.25165562913907286
orcutt,0.06808510638297872,0.23829787234042554,0.059574468085106386,0.09361702127659574,0.11914893617021277,0.12340425531914893,0.0851063829787234,0.21276595744680854
one,0.1036196788172317,0.17193474381850626,0.05595207749171552,0.13548304868722916,0.12273770073923018,0.0975019118021922,0.06907978587815447,0.24369105276574052
n't,0.11254184908575843,0.16842647437548286,0.06876126706155035,0.14730878186968838,0.10739119237702806,0.11073911923770281,0.09399948493432912,0.19083183105845994
paid,0.2366412213740458,0.18511450381679387,0.019083969465648852,0.045801526717557245,0.12595419847328243,0.06297709923664122,0.10305343511450381,0.2213740458015267
half,0.08840864440078586,0.18074656188605107,0.0550098231827112,0.10216110019646366,0.13752455795677798,0.12180746561886052,0.08840864440078586,0.22593320235756387
ever,0.11011638316920323,0.1548791405550582,0.05640107430617727,0.14861235452103852,0.12981199641897942,0.11101163831692035,0.07788719785138766,0.21128021486123547
tell,0.10911602209944753,0.16436464088397792,0.07458563535911603,0.1270718232044199,0.12430939226519337,0.106353591160221,0.08287292817679558,0.21132596685082874
ye,0.07876712328767123,0.17465753424657535,0.07191780821917808,0.10616438356164383,0.1643835616438356,0.11301369863013698,0.06506849315068493,0.22602739726027396
back,0.12419825072886298,0.1673469387755102,0.06355685131195335,0.14285714285714288,0.11078717201166181,0.1183673469387755,0.07696793002915452,0.1959183673469388
love,0.05534351145038168,0.13883587786259544,0.041507633587786266,0.09351145038167939,0.34637404580152675,0.08301526717557253,0.06297709923664123,0.1784351145038168
another,0.12586445366528354,0.14522821576763484,0.04633471645919778,0.17081604426002764,0.10719225449515905,0.12655601659751037,0.058782849239280774,0.21922544951590592
street,0.08713692946058091,0.17219917012448133,0.04771784232365145,0.13900414937759337,0.1037344398340249,0.13485477178423236,0.09751037344398339,0.21784232365145226
years,0.06991869918699185,0.18590785907859078,0.06287262872628725,0.13062330623306231,0.1333333333333333,0.09972899728997288,0.09539295392953928,0.2222222222222222
've,0.12292051756007394,0.18299445471349352,0.07393715341959334,0.13031423290203326,0.10720887245841033,0.10813308687615526,0.0822550831792976,0.1922365988909427
either,0.15754560530679934,0.17081260364842454,0.03482587064676617,0.18407960199004975,0.08043117744610281,0.0845771144278607,0.05140961857379768,0.236318407960199
us,0.08630952380952382,0.17361111111111113,0.056547619047619055,0.1388888888888889,0.15128968253968256,0.09375000000000001,0.08878968253968256,0.21081349206349206
would,0.10778509996649167,0.17547190885736622,0.05283145314419747,0.1584943594325924,0.1057746006925053,0.10298224058974643,0.07114933541829553,0.22551100189880482
hundred,0.08762886597938144,0.1958762886597938,0.04639175257731959,0.06185567010309278,0.16494845360824742,0.05670103092783505,0.1288659793814433,0.2577319587628866
pay,0.09048723897911831,0.23201856148491878,0.04408352668213457,0.06264501160092807,0.23201856148491878,0.03480278422273781,0.03248259860788863,0.27146171693735494
come,0.11023622047244093,0.1758530183727034,0.04566929133858268,0.1538057742782152,0.12178477690288712,0.09816272965879265,0.06666666666666667,0.22782152230971128
business,0.1036717062634989,0.183585313174946,0.07775377969762419,0.14686825053995678,0.08855291576673865,0.08423326133909287,0.08855291576673865,0.22678185745140386
way,0.1148936170212766,0.16711798839458414,0.06576402321083172,0.14545454545454545,0.11063829787234042,0.10019342359767892,0.07040618955512573,0.225531914893617
money,0.17665289256198347,0.18336776859504134,0.02066115702479339,0.04080578512396694,0.17355371900826447,0.03305785123966942,0.16322314049586775,0.20867768595041322
hands,0.1050632911392405,0.15949367088607594,0.06582278481012657,0.13797468354430376,0.130379746835443,0.11518987341772151,0.08481012658227848,0.20126582278481012
bank,0.07794117647058824,0.15294117647058825,0.03823529411764706,0.07941176470588235,0.09411764705882353,0.07352941176470588,0.08088235294117647,0.40294117647058825
could,0.11305872042068361,0.16827344434706398,0.054776511831726556,0.15184049079754602,0.10385626643295356,0.11240140227870289,0.07208588957055216,0.22370727432077125
know,0.09395973154362418,0.15715883668903805,0.07102908277404922,0.11968680089485459,0.14038031319910516,0.10346756152125279,0.08668903803131993,0.22762863534675618
hudson,0.09302325581395349,0.23255813953488372,0.023255813953488372,0.1627906976744186,0.18604651162790697,0.023255813953488372,0.06976744186046512,0.20930232558139536
bay,0.11538461538461539,0.2884615384615385,0.03846153846153847,0.13461538461538464,0.15384615384615388,0.019230769230769235,0.057692307692307696,0.19230769230769232
an',0.13548387096774195,0.1870967741935484,0.07096774193548387,0.12258064516129033,0.10322580645161292,0.11612903225806454,0.10322580645161292,0.16129032258064518
'd,0.09155766944114148,0.18787158145065394,0.05469678953626634,0.1331747919143876,0.13912009512485135,0.11414982164090366,0.10582639714625446,0.173602853745541
left,0.12413793103448276,0.1625615763546798,0.060098522167487685,0.14187192118226602,0.11133004926108374,0.12216748768472906,0.07389162561576354,0.20394088669950736
around,0.0876068376068376,0.19658119658119658,0.06623931623931624,0.11538461538461538,0.11752136752136752,0.10683760683760685,0.06196581196581196,0.24786324786324784
pine,0.06666666666666667,0.12222222222222222,0.05555555555555555,0.05555555555555555,0.17777777777777778,0.18888888888888888,0.1,0.23333333333333334
river,0.1118421052631579,0.1513157894736842,0.10526315789473685,0.09210526315789473,0.16447368421052633,0.10526315789473685,0.09868421052631578,0.17105263157894737
see,0.10399636693914623,0.17166212534059946,0.06630336058128974,0.15622161671207993,0.1226158038147139,0.11489554950045414,0.0681198910081744,0.19618528610354224
'em,0.1503267973856209,0.1503267973856209,0.0915032679738562,0.1111111111111111,0.0980392156862745,0.1045751633986928,0.1241830065359477,0.16993464052287582
time,0.07497425334706488,0.38764160659114316,0.042018537590113286,0.11019567456230689,0.08609680741503604,0.07826982492276004,0.05643666323377961,0.16436663233779608
two,0.09072821329088739,0.17270194986072424,0.05292479108635098,0.1408674890569041,0.12057302029446877,0.09749303621169918,0.07043374452845205,0.25427775567051336
end,0.09929078014184396,0.16666666666666666,0.06524822695035461,0.1375886524822695,0.12127659574468085,0.10141843971631205,0.06382978723404255,0.24468085106382978
stood,0.11088295687885011,0.1540041067761807,0.07186858316221766,0.14989733059548255,0.1190965092402464,0.11088295687885011,0.08213552361396304,0.20123203285420943
days,0.12059064807219032,0.18867924528301888,0.045118949958982774,0.10746513535684987,0.14848236259228875,0.0992616899097621,0.08367514356029533,0.20672682526661199
turned,0.103515625,0.146484375,0.08203125,0.130859375,0.099609375,0.15234375,0.08203125,0.203125
many,0.08815088150881509,0.16892168921689216,0.06232062320623206,0.12874128741287413,0.13530135301353013,0.0971709717097171,0.06642066420664205,0.25297252972529727
good,0.053712777987184324,0.20373162457595176,0.04315868827742179,0.06860158311345647,0.1916698077647946,0.05239351677346401,0.16170373162457596,0.22502826988315117
brought,0.12334217506631301,0.15915119363395225,0.05702917771883289,0.16578249336870027,0.1206896551724138,0.08488063660477453,0.07957559681697612,0.20954907161803712
later,0.10044313146233382,0.1565731166912851,0.06499261447562776,0.155096011816839,0.11669128508124077,0.12850812407680945,0.0709010339734121,0.20679468242245197
put,0.11715867158671586,0.1688191881918819,0.06365313653136531,0.13745387453874539,0.11346863468634687,0.1107011070110701,0.07472324723247233,0.2140221402214022
found,0.06263982102908278,0.09574944071588366,0.04787472035794183,0.09798657718120805,0.24966442953020132,0.06845637583892616,0.03803131991051454,0.3395973154362416
night,0.09254807692307694,0.16105769230769232,0.06370192307692309,0.14903846153846156,0.12980769230769232,0.14302884615384617,0.08653846153846155,0.17427884615384617
cash,0.17142857142857146,0.20476190476190478,0.01904761904761905,0.1619047619047619,0.18571428571428572,0.014285714285714285,0.01904761904761905,0.22380952380952382
take,0.12073357106469691,0.18237391747325524,0.050942435048395324,0.14977075904228224,0.10646968925114621,0.08965868568517577,0.061130922058074376,0.23892002037697402
went,0.11594202898550722,0.1618357487922705,0.07125603864734298,0.1509661835748792,0.11352657004830916,0.12077294685990338,0.06884057971014491,0.1968599033816425
knew,0.10320284697508897,0.16963226571767495,0.060498220640569395,0.14116251482799524,0.13641755634638197,0.10083036773428232,0.07473309608540925,0.21352313167259784
glad,0.07009345794392523,0.36448598130841126,0.05140186915887851,0.042056074766355145,0.31308411214953275,0.03271028037383178,0.02336448598130841,0.10280373831775702
right,0.13304721030042918,0.157725321888412,0.0536480686695279,0.13733905579399142,0.09603004291845493,0.10568669527896996,0.06276824034334763,0.25375536480686695
lay,0.09574468085106383,0.1595744680851064,0.07234042553191489,0.13404255319148936,0.10212765957446808,0.1148936170212766,0.06382978723404255,0.2574468085106383
damn,0.29545454545454547,0.09090909090909091,0.36363636363636365,0.022727272727272728,0.09090909090909091,0.022727272727272728,0.022727272727272728,0.09090909090909091
kind,0.08254716981132075,0.10613207547169812,0.041666666666666664,0.10220125786163521,0.24842767295597482,0.07389937106918239,0.04716981132075471,0.29795597484276726
saw,0.09633027522935779,0.17775229357798164,0.05848623853211009,0.13646788990825687,0.1238532110091743,0.1135321100917431,0.08256880733944953,0.2110091743119266
red,0.08333333333333333,0.16666666666666666,0.07971014492753624,0.09782608695652174,0.19927536231884058,0.12681159420289856,0.07246376811594203,0.17391304347826086
man,0.0862671324912658,0.1599032518140285,0.06611126041386724,0.14230045686643375,0.14068798710024188,0.1083042192958882,0.069470572426767,0.22695511959150766
well,0.10208711433756805,0.15789473684210525,0.0603448275862069,0.13611615245009073,0.12613430127041741,0.10526315789473684,0.0821234119782214,0.23003629764065336
told,0.10075187969924812,0.17142857142857143,0.07518796992481204,0.1518796992481203,0.11879699248120301,0.1142857142857143,0.06315789473684211,0.20451127819548873
thought,0.0654158215010142,0.3788032454361055,0.04107505070993915,0.09837728194726168,0.10141987829614607,0.06795131845841786,0.07251521298174443,0.17444219066937122
never,0.08974358974358973,0.15888278388278387,0.05494505494505494,0.13965201465201463,0.14743589743589744,0.11263736263736263,0.06318681318681318,0.23351648351648352
sat,0.08130081300813007,0.2235772357723577,0.05284552845528455,0.13008130081300812,0.1056910569105691,0.1178861788617886,0.06504065040650406,0.2235772357723577
face,0.1160092807424594,0.1423047177107502,0.07269914926527456,0.14849187935034802,0.12451662799690644,0.13534416086620263,0.08352668213457078,0.177107501933488
even,0.10960622021570103,0.16629044394281414,0.06897416603962879,0.1540005016302985,0.10684725357411588,0.10584399297717584,0.06746927514421872,0.22096814647604718
voice,0.09544787077826725,0.1527165932452276,0.06167400881057269,0.12334801762114538,0.1277533039647577,0.12334801762114538,0.10572687224669604,0.20998531571218795
're,0.12568306010928962,0.15191256830601094,0.09180327868852459,0.1540983606557377,0.10382513661202186,0.1169398907103825,0.07868852459016394,0.17704918032786884
little,0.09042316258351894,0.1648106904231626,0.07216035634743875,0.11893095768374166,0.16124721603563474,0.11670378619153675,0.07884187082405346,0.19688195991091315
'll,0.09652076318742986,0.19640852974186307,0.04938271604938271,0.1111111111111111,0.10774410774410774,0.07519640852974187,0.11672278338945007,0.24691358024691357
hold,0.1134020618556701,0.18814432989690721,0.06958762886597938,0.13402061855670103,0.09020618556701031,0.09278350515463918,0.04639175257731959,0.2654639175257732
day,0.08349900596421471,0.19218025182239892,0.05765407554671968,0.1265738899933731,0.14844267726971502,0.10669317428760769,0.08946322067594434,0.19549370444002648
papers,0.09090909090909091,0.2109090909090909,0.04363636363636363,0.09818181818181819,0.11272727272727273,0.08363636363636363,0.08363636363636363,0.27636363636363637
wild,0.08191126279863481,0.11262798634812288,0.06825938566552901,0.11945392491467578,0.10580204778156999,0.09556313993174062,0.242320819112628,0.174061433447099
scheme,0.08597285067873302,0.22624434389140272,0.045248868778280535,0.14479638009049772,0.11312217194570136,0.0588235294117647,0.049773755656108594,0.2760180995475113
going,0.1148105625717566,0.18599311136624566,0.04822043628013777,0.16991963260619977,0.0975889781859931,0.1148105625717566,0.07577497129735936,0.1928817451205511
fellow,0.041666666666666664,0.1488095238095238,0.07738095238095238,0.09523809523809523,0.125,0.06547619047619048,0.08333333333333333,0.3630952380952381
passed,0.10714285714285714,0.1456043956043956,0.06593406593406592,0.14835164835164835,0.10989010989010987,0.10164835164835165,0.11538461538461538,0.20604395604395603
times,0.09447236180904522,0.15577889447236182,0.05527638190954774,0.13668341708542714,0.13969849246231156,0.08442211055276383,0.0814070351758794,0.2522613065326633
mr.,0.080849478390462,0.18032786885245902,0.05625931445603576,0.12704918032786885,0.15014903129657226,0.10767511177347243,0.0849478390461997,0.21274217585692995
think,0.09347826086956522,0.163768115942029,0.06666666666666667,0.13478260869565217,0.12826086956521737,0.11739130434782609,0.08405797101449275,0.21159420289855074
took,0.10976837865055386,0.18026183282980865,0.07653575025176233,0.13293051359516614,0.10574018126888216,0.09164149043303121,0.09969788519637461,0.20342396777442093
caught,0.1037037037037037,0.14814814814814814,0.08888888888888888,0.16296296296296295,0.1037037037037037,0.11111111111111109,0.1259259259259259,0.15555555555555556
door,0.09953917050691244,0.1880184331797235,0.05069124423963133,0.1336405529953917,0.09400921658986175,0.12258064516129033,0.09861751152073732,0.2129032258064516
thing,0.1067366579177603,0.15835520559930008,0.0699912510936133,0.13560804899387577,0.13123359580052493,0.10411198600174978,0.07436570428696414,0.21959755030621173
grin,0.020618556701030927,0.2268041237113402,0.020618556701030927,0.020618556701030927,0.2268041237113402,0.020618556701030927,0.2268041237113402,0.23711340206185566
make,0.10999254287844891,0.18419090231170768,0.04623415361670396,0.13683818046234156,0.11446681580909769,0.08762117822520507,0.06785980611483967,0.25279642058165547
enough,0.10012062726176114,0.17249698431845595,0.060313630880579006,0.13510253317249696,0.13510253317249696,0.10012062726176114,0.0844390832328106,0.2123039806996381
without,0.0995530272247054,0.16984965461194634,0.05851279967492889,0.15318976026005687,0.11702559934985778,0.11458756603006907,0.06095083299471759,0.22633075985371798
office,0.06952662721893492,0.1775147928994083,0.04142011834319527,0.1198224852071006,0.1079881656804734,0.09911242603550297,0.07100591715976332,0.31360946745562135
course,0.08263395739186573,0.1936733376371853,0.047772756617172375,0.14396384764364106,0.12265978050355068,0.08779857972885732,0.0697224015493867,0.25177533892834086
sight,0.13100436681222705,0.1834061135371179,0.06113537117903929,0.1353711790393013,0.14410480349344976,0.08296943231441048,0.10043668122270741,0.1615720524017467
god,0.041992519551173065,0.20112206732403945,0.030941856511390683,0.18650119007140428,0.20554233253995238,0.04760285617137028,0.03791227473648419,0.24838490309418562
go,0.10904733373277413,0.18154583582983824,0.052127022168963456,0.14439784301977232,0.09586578789694428,0.12222887956860397,0.07249850209706411,0.22228879568603954
every,0.08425811755034936,0.1812577065351418,0.05589806822852445,0.15125359638306615,0.13481298808055897,0.08631319358816275,0.06946157007809288,0.23674475955610358
since,0.08535178777393311,0.19953863898500576,0.04728950403690888,0.15916955017301038,0.12456747404844291,0.07497116493656286,0.07151095732410612,0.23760092272202998
minutes,0.08571428571428573,0.20952380952380953,0.0380952380952381,0.1523809523809524,0.08571428571428573,0.13333333333333333,0.06666666666666667,0.22857142857142856
'm,0.10056390977443609,0.16541353383458648,0.06954887218045114,0.156015037593985,0.10808270676691731,0.11090225563909775,0.08176691729323309,0.20770676691729323
much,0.08713692946058091,0.1717842323651452,0.057676348547717846,0.13319502074688797,0.1286307053941909,0.1103734439834025,0.08340248962655601,0.22780082987551867
word,0.06305309734513274,0.1261061946902655,0.04203539823008849,0.10730088495575221,0.10730088495575221,0.06084070796460177,0.050884955752212385,0.4424778761061947
look,0.09411764705882353,0.17124183006535945,0.06535947712418301,0.15163398692810456,0.12287581699346405,0.12287581699346405,0.08496732026143791,0.1869281045751634
let,0.10856134157105031,0.18270079435127978,0.06001765225066196,0.1209179170344219,0.14386584289496912,0.09796999117387467,0.08208296557811122,0.20388349514563106
still,0.09602649006622516,0.16698202459791864,0.06338694418164617,0.14191106906338694,0.1291390728476821,0.1054872280037843,0.07048249763481551,0.22658467360454115
ca,0.1272727272727273,0.15151515151515152,0.07272727272727272,0.1696969696969697,0.08787878787878788,0.11818181818181818,0.0787878787878788,0.19393939393939394
father,0.044962531223980015,0.1507077435470441,0.040799333888426305,0.08659450457951708,0.16402997502081598,0.0791007493755204,0.06910907577019151,0.3646960865945046
far,0.10271703114645461,0.17362491716368453,0.04837640821736249,0.1504307488402916,0.10603048376408217,0.12060967528164347,0.06295559973492379,0.23525513585155733
place,0.09679529103989536,0.18835840418574232,0.052975801177240024,0.16415958142576847,0.11772400261608894,0.09614126880313931,0.060824068018312624,0.22302158273381295
within,0.12953657174762703,0.21328866554997208,0.02568397543271915,0.1306532663316583,0.09547738693467336,0.07928531546621999,0.06867671691792294,0.2573981016192071
spent,0.12195121951219512,0.21951219512195125,0.03048780487804878,0.0975609756097561,0.0975609756097561,0.14634146341463414,0.07317073170731707,0.21341463414634146
jean,0.041758241758241756,0.09230769230769231,0.34065934065934067,0.03443223443223443,0.1282051282051282,0.04322344322344322,0.054945054945054944,0.2644688644688645
blood,0.0958904109589041,0.1187214611872146,0.08904109589041095,0.15296803652968036,0.11643835616438357,0.11643835616438357,0.0639269406392694,0.2465753424657534
daughter,0.056716417910447764,0.12537313432835823,0.06268656716417911,0.09253731343283583,0.3522388059701492,0.08656716417910448,0.05970149253731343,0.16417910447761194
wentworth,0.07741935483870968,0.11935483870967743,0.2564516129032258,0.07419354838709678,0.10483870967741936,0.054838709677419356,0.06935483870967743,0.2435483870967742
girl,0.07001321003963012,0.17833553500660504,0.06869220607661825,0.09511228533685602,0.17437252311756937,0.10964332892998681,0.0977542932628798,0.2060766182298547
show,0.08312958435207825,0.1271393643031785,0.045232273838630814,0.11002444987775062,0.08312958435207825,0.08190709046454768,0.047677261613691936,0.42176039119804404
wo,0.0932475884244373,0.14469453376205788,0.05144694533762058,0.1414790996784566,0.11575562700964631,0.12861736334405144,0.1189710610932476,0.2057877813504823
party,0.19337016574585636,0.2099447513812155,0.030386740331491715,0.14088397790055252,0.05386740331491713,0.07872928176795581,0.026243093922651936,0.26657458563535913
must,0.10527770102238186,0.17546283503730312,0.0547112462006079,0.15335728101685547,0.1102514506769826,0.09008013263332412,0.06300082895827576,0.24785852445426915
dad,0.0975609756097561,0.04878048780487805,0.14634146341463414,0.14634146341463414,0.17073170731707318,0.17073170731707318,0.0975609756097561,0.12195121951219512
smile,0.054964539007092195,0.06737588652482268,0.04432624113475177,0.07092198581560283,0.24999999999999997,0.05141843971631205,0.20212765957446804,0.25886524822695034
information,0.03731343283582089,0.17412935323383083,0.01990049751243781,0.09203980099502487,0.12686567164179105,0.06218905472636816,0.02487562189054726,0.4626865671641791
came,0.08394160583941607,0.18321167883211678,0.058394160583941604,0.11897810218978103,0.14233576642335766,0.08832116788321168,0.09927007299270073,0.22554744525547443
maybe,0.15410958904109587,0.17465753424657535,0.08561643835616439,0.14726027397260275,0.11301369863013698,0.09246575342465753,0.10616438356164383,0.1267123287671233
engineer,0.1864406779661017,0.11864406779661017,0.11864406779661017,0.1864406779661017,0.0847457627118644,0.0847457627118644,0.03389830508474576,0.1864406779661017
work,0.11776447105788422,0.19760479041916165,0.039349871685201016,0.08525805531793555,0.1254633589962931,0.07927003136583974,0.05389221556886227,0.3013972055888223
nettle,0.24000000000000002,0.08000000000000002,0.2,0.12000000000000001,0.08000000000000002,0.12000000000000001,0.060000000000000005,0.1
get,0.10886252616887647,0.18911374738311235,0.04884856943475226,0.13119330076762037,0.10956036287508723,0.10746685275645498,0.1060711793440335,0.1988834612700628
job,0.1176470588235294,0.17194570135746604,0.0678733031674208,0.12217194570135745,0.11312217194570136,0.09502262443438914,0.07239819004524886,0.23981900452488686
made,0.10713133268796386,0.17199096482736365,0.05840593739916101,0.15940626008389802,0.10325911584382058,0.10035495321071312,0.06776379477250725,0.2316876411745724
set,0.12851063829787235,0.15659574468085108,0.04510638297872341,0.12680851063829787,0.1072340425531915,0.1046808510638298,0.04255319148936171,0.2885106382978723
whose,0.08306709265175719,0.14802981895633655,0.04898828541001065,0.14909478168264112,0.12886048988285412,0.08626198083067092,0.07454739084132056,0.28115015974440893
like,0.09646581691772886,0.1593279258400927,0.06894553881807648,0.14426419466975668,0.13644264194669758,0.10776361529548088,0.08719582850521437,0.19959443800695248
men,0.09521880064829821,0.1539708265802269,0.06482982171799027,0.1487034035656402,0.1499189627228525,0.09643435980551053,0.07982171799027553,0.21110210696920584
ten,0.07272727272727272,0.2090909090909091,0.06363636363636364,0.09393939393939396,0.11212121212121214,0.0787878787878788,0.05151515151515152,0.3181818181818182
shall,0.1211173184357542,0.21452513966480447,0.02435754189944134,0.14435754189944133,0.0846927374301676,0.06480446927374302,0.044469273743016756,0.3016759776536313
want,0.11416781292984869,0.18019257221458046,0.06602475928473177,0.1499312242090784,0.11829436038514443,0.10729023383768913,0.1031636863823934,0.1609353507565337
marten,0.046511627906976744,0.1627906976744186,0.09302325581395349,0.046511627906976744,0.1627906976744186,0.23255813953488372,0.06976744186046512,0.18604651162790697
ground,0.11363636363636363,0.13068181818181818,0.05113636363636364,0.1278409090909091,0.05965909090909091,0.11079545454545454,0.045454545454545456,0.36079545454545453
least,0.10386965376782077,0.1720977596741344,0.049898167006109974,0.16293279022403256,0.10488798370672096,0.09470468431771893,0.06924643584521384,0.24236252545824846
contract,0.07499999999999998,0.09999999999999999,0.024999999999999998,0.0,0.19999999999999998,0.09999999999999999,0.07499999999999998,0.42499999999999993
though,0.10199999999999998,0.16399999999999998,0.057999999999999996,0.15066666666666667,0.13199999999999998,0.10266666666666666,0.07266666666666666,0.21799999999999997
mill,0.034090909090909095,0.25,0.26136363636363635,0.034090909090909095,0.0909090909090909,0.03787878787878788,0.04545454545454545,0.24621212121212122
options,0.09090909090909091,0.20202020202020202,0.050505050505050504,0.0303030303030303,0.13131313131313133,0.1515151515151515,0.13131313131313133,0.21212121212121213
road,0.06844106463878327,0.22053231939163495,0.05703422053231939,0.11406844106463877,0.11787072243346008,0.10266159695817491,0.09885931558935361,0.22053231939163495
gods,0.05624355005159958,0.18163054695562436,0.05727554179566564,0.11351909184726522,0.19298245614035087,0.06191950464396284,0.08668730650154799,0.24974200206398348
lake,0.11363636363636363,0.18939393939393942,0.06818181818181819,0.12121212121212122,0.12121212121212122,0.10606060606060606,0.0984848484848485,0.1818181818181818
three,0.08293153326904533,0.2140790742526519,0.04628736740597878,0.1205400192864031,0.10028929604628738,0.09257473481195756,0.06943105110896819,0.2738669238187078
better,0.09207161125319693,0.17902813299232734,0.07544757033248081,0.170076726342711,0.1329923273657289,0.12148337595907928,0.06010230179028132,0.16879795396419436
last,0.10170603674540682,0.1889763779527559,0.05314960629921259,0.1279527559055118,0.1227034120734908,0.09186351706036744,0.07545931758530183,0.23818897637795272
long,0.06948228882833787,0.39918256130790186,0.04450499545867393,0.10581289736603089,0.09173478655767484,0.07856494096276112,0.048138056312443236,0.16257947320617622
paper,0.09342560553633218,0.2041522491349481,0.05190311418685121,0.09688581314878893,0.11418685121107267,0.06920415224913494,0.08304498269896193,0.28719723183391005
across,0.08536585365853658,0.18292682926829265,0.07012195121951219,0.149390243902439,0.10975609756097561,0.10975609756097561,0.07012195121951219,0.2225609756097561
done,0.07539118065433854,0.17354196301564723,0.06543385490753911,0.1251778093883357,0.14509246088193456,0.08108108108108107,0.0910384068278805,0.24324324324324323
expire,0.06666666666666668,0.06666666666666668,0.1,0.1,0.1,0.3666666666666667,0.06666666666666668,0.13333333333333336
slip,0.08196721311475409,0.14754098360655737,0.06557377049180328,0.03278688524590164,0.13114754098360656,0.03278688524590164,0.32786885245901637,0.180327868852459
find,0.0713577799801784,0.1843409316154609,0.04757185332011893,0.10505450941526265,0.15064420218037664,0.0981169474727453,0.09415262636273539,0.2487611496531219
need,0.11305518169582773,0.16689098250336473,0.04441453566621804,0.15612382234185732,0.12113055181695827,0.08748317631224764,0.07671601615074024,0.234185733512786
moment,0.0905349794238683,0.1783264746227709,0.04252400548696845,0.14128943758573387,0.12208504801097393,0.10013717421124828,0.07956104252400548,0.2455418381344307
said,0.10812379110251451,0.16479690522243715,0.07427466150870406,0.14100580270793037,0.10928433268858802,0.10212765957446808,0.07408123791102515,0.2263056092843327
read,0.1033254156769596,0.15914489311163893,0.14964370546318287,0.09263657957244653,0.11757719714964368,0.08907363420427551,0.05938242280285035,0.22921615201900233
suddenly,0.09420289855072463,0.09661835748792269,0.06521739130434782,0.10628019323671496,0.08212560386473429,0.09420289855072463,0.323671497584541,0.13768115942028983
agreed,0.12994350282485878,0.14689265536723164,0.03389830508474577,0.1544256120527307,0.06214689265536724,0.04143126177024482,0.04143126177024482,0.3898305084745763
representative,0.07741935483870967,0.23870967741935484,0.012903225806451613,0.12903225806451613,0.06451612903225806,0.05806451612903226,0.05806451612903226,0.36129032258064514
demand,0.2333333333333333,0.13333333333333333,0.06666666666666667,0.10833333333333332,0.09999999999999998,0.041666666666666664,0.06666666666666667,0.24999999999999997
agreement,0.10931174089068826,0.12608444187391554,0.030653556969346442,0.11336032388663966,0.06188548293811451,0.06419895893580105,0.02313475997686524,0.47137073452862926
tender,0.07058823529411765,0.09411764705882354,0.04705882352941177,0.07058823529411765,0.2823529411764706,0.07058823529411765,0.07058823529411765,0.2941176470588236
percent,0.1142857142857143,0.17142857142857143,0.028571428571428574,0.08571428571428572,0.2285714285714286,0.028571428571428574,0.028571428571428574,0.3142857142857143
noon,0.05785123966942149,0.14049586776859505,0.14049586776859505,0.03305785123966942,0.12396694214876032,0.10743801652892562,0.0743801652892562,0.32231404958677684
july,0.07006369426751592,0.17834394904458598,0.09554140127388534,0.050955414012738856,0.20382165605095542,0.09554140127388534,0.044585987261146494,0.2611464968152866
payment,0.10810810810810813,0.16216216216216217,0.027027027027027032,0.054054054054054064,0.1891891891891892,0.027027027027027032,0.08108108108108109,0.3513513513513514
trading,0.15,0.16666666666666666,0.09999999999999998,0.11666666666666665,0.11666666666666665,0.18333333333333332,0.03333333333333333,0.13333333333333333
post,0.10975609756097562,0.23170731707317074,0.06097560975609756,0.07317073170731707,0.1585365853658537,0.04878048780487805,0.07317073170731707,0.24390243902439024
stepped,0.1145374449339207,0.13215859030837004,0.07048458149779736,0.14977973568281938,0.11894273127753303,0.09691629955947137,0.1013215859030837,0.2158590308370044
trail,0.1029023746701847,0.1503957783641161,0.06332453825857519,0.16094986807387865,0.07387862796833773,0.13720316622691295,0.07915567282321899,0.23218997361477572
notice,0.12605042016806722,0.21568627450980393,0.06162464985994398,0.12044817927170869,0.08123249299719888,0.13165266106442577,0.05882352941176471,0.20448179271708686
drew,0.10666666666666667,0.18666666666666665,0.02666666666666667,0.14,0.12666666666666668,0.060000000000000005,0.12666666666666668,0.22666666666666666
expenses,0.125,0.16071428571428573,0.03571428571428572,0.03571428571428572,0.07142857142857144,0.125,0.01785714285714286,0.42857142857142855
site,0.06382978723404255,0.3723404255319149,0.010638297872340427,0.04255319148936171,0.07446808510638298,0.05319148936170213,0.07446808510638298,0.30851063829787234
close,0.09049773755656108,0.22850678733031676,0.04524886877828054,0.1085972850678733,0.13122171945701358,0.07239819004524888,0.07918552036199095,0.24434389140271495
deal,0.047142857142857146,0.21285714285714286,0.02142857142857143,0.08,0.18142857142857144,0.047142857142857146,0.1657142857142857,0.2442857142857143
hour,0.07865168539325842,0.22752808988764042,0.0449438202247191,0.1292134831460674,0.1404494382022472,0.1292134831460674,0.0702247191011236,0.1797752808988764
held,0.1095679012345679,0.1574074074074074,0.04938271604938272,0.17746913580246915,0.11265432098765434,0.08179012345679013,0.06327160493827161,0.2484567901234568
late,0.05555555555555556,0.17283950617283952,0.05555555555555556,0.08024691358024692,0.09876543209876544,0.36419753086419754,0.04938271604938272,0.1234567901234568
following,0.09593023255813954,0.21996124031007752,0.04166666666666667,0.12693798449612403,0.08914728682170543,0.07945736434108527,0.05329457364341086,0.2936046511627907
sent,0.12167300380228138,0.18250950570342206,0.07224334600760457,0.10266159695817492,0.12927756653992398,0.09885931558935362,0.09125475285171103,0.20152091254752855
state,0.1419939577039275,0.14748695413347981,0.029936830541060146,0.20736061521560012,0.06701455644053832,0.08376819555067289,0.04476792090085142,0.2776709695138698
brain,0.13761467889908255,0.16513761467889906,0.08256880733944953,0.18348623853211007,0.10091743119266054,0.10091743119266054,0.09174311926605504,0.13761467889908255
hand,0.13208685162846806,0.15681544028950545,0.06574185765983112,0.16103739445114598,0.1158021712907117,0.09348612786489748,0.0796139927623643,0.195416164053076
