,anger,anticipation,disgust,fear,joy,sadness,surprise,trust
old,0.09818027930596698,0.16800677105374523,0.07786711807024967,0.12991959373677528,0.14388489208633093,0.0973338975878121,0.10283537875581887,0.18197206940330088
man,0.10985533453887886,0.15167269439421338,0.07753164556962025,0.15054249547920434,0.12590415913200725,0.11776672694394215,0.09516274864376131,0.17156419529837252
mountain,0.030508474576271188,0.3898305084745763,0.01694915254237288,0.03898305084745762,0.18305084745762712,0.04406779661016949,0.03389830508474576,0.2627118644067797
use,0.14682539682539683,0.19312169312169314,0.08862433862433863,0.10582010582010583,0.1388888888888889,0.0701058201058201,0.05026455026455027,0.20634920634920637
anyone,0.11935483870967742,0.17419354838709677,0.06451612903225806,0.0967741935483871,0.11612903225806452,0.10967741935483871,0.06451612903225806,0.25483870967741934
almost,0.10661268556005399,0.17341430499325236,0.07017543859649124,0.1396761133603239,0.13022941970310392,0.12348178137651823,0.10661268556005399,0.14979757085020243
may,0.13776223776223775,0.15594405594405594,0.0979020979020979,0.1055944055944056,0.11188811188811189,0.11608391608391609,0.06433566433566433,0.2104895104895105
copy,0.18491921005385997,0.11310592459605026,0.0807899461400359,0.07360861759425492,0.04129263913824057,0.06463195691202872,0.026929982046678635,0.414721723518851
give,0.0975206611570248,0.18264462809917356,0.05537190082644628,0.12148760330578512,0.11983471074380166,0.10909090909090909,0.10165289256198348,0.21239669421487603
away,0.101930848675348,0.15761113605747645,0.07364167040862146,0.13740458015267176,0.13336326897171083,0.1086663673102829,0.11180960933991917,0.17557251908396948
terms,0.12364760432766615,0.1391035548686244,0.04327666151468315,0.080370942812983,0.11746522411128284,0.0401854714064915,0.04791344667697063,0.40803709428129825
project,0.12317880794701988,0.16688741721854305,0.050331125827814564,0.05364238410596026,0.10331125827814569,0.07086092715231787,0.018543046357615892,0.41324503311258276
gutenberg,0.08333333333333333,0.22380952380952382,0.0488095238095238,0.07261904761904761,0.07380952380952381,0.1,0.01904761904761905,0.37857142857142856
license,0.10229645093945722,0.21920668058455114,0.05845511482254697,0.09394572025052192,0.13778705636743216,0.07306889352818371,0.03966597077244259,0.2755741127348643
http,0.013698630136986302,0.273972602739726,0.0,0.04794520547945205,0.13013698630136986,0.0,0.006849315068493151,0.5273972602739726
english,0.060344827586206885,0.3017241379310344,0.025862068965517238,0.060344827586206885,0.14655172413793102,0.060344827586206885,0.043103448275862065,0.3017241379310344
set,0.1319371727748691,0.15287958115183245,0.058638743455497376,0.10366492146596859,0.1256544502617801,0.10575916230366492,0.06910994764397906,0.2523560209424084
start,0.07399103139013452,0.4237668161434977,0.03587443946188341,0.09641255605381165,0.08071748878923767,0.07623318385650224,0.05605381165919282,0.1569506726457399
illustration,0.1565217391304348,0.11304347826086956,0.09565217391304348,0.1565217391304348,0.06956521739130435,0.09565217391304348,0.0782608695652174,0.23478260869565218
cried,0.07860262008733623,0.1353711790393013,0.048034934497816595,0.11353711790393012,0.148471615720524,0.10917030567685589,0.20524017467248906,0.1615720524017467
hands,0.09716599190283401,0.13866396761133604,0.06477732793522267,0.14473684210526316,0.1396761133603239,0.14271255060728744,0.12044534412955467,0.15182186234817815
see,0.11355633802816903,0.15757042253521125,0.0779049295774648,0.136443661971831,0.12852112676056338,0.1289612676056338,0.10607394366197184,0.15096830985915494
first,0.11676082862523542,0.17890772128060264,0.0645009416195857,0.1492467043314501,0.11393596986817327,0.12052730696798496,0.09981167608286252,0.15630885122410548
great,0.09753160746538228,0.16556291390728475,0.04756170981336544,0.14328717639975916,0.15231788079470196,0.1167971101745936,0.0909090909090909,0.18603251053582176
contents,0.13414634146341467,0.10975609756097562,0.07317073170731708,0.20731707317073172,0.07317073170731708,0.13414634146341467,0.09756097560975611,0.17073170731707318
chapter,0.096,0.14959999999999998,0.072,0.1792,0.09759999999999999,0.11120000000000001,0.1024,0.192
night,0.10900473933649288,0.16291469194312796,0.06990521327014218,0.12855450236966823,0.13151658767772512,0.1409952606635071,0.0995260663507109,0.15758293838862558
war,0.10406091370558375,0.11675126903553298,0.03807106598984772,0.44416243654822335,0.050761421319796954,0.08629441624365482,0.03553299492385787,0.12436548223350255
mystery,0.05454545454545454,0.2727272727272727,0.02727272727272727,0.16363636363636364,0.08181818181818182,0.045454545454545456,0.21818181818181817,0.13636363636363635
eye,0.11499272197962157,0.12954876273653568,0.06695778748180496,0.1877729257641922,0.09315866084425038,0.11935953420669579,0.09898107714701602,0.18922852983988359
iron,0.10276679841897234,0.11067193675889327,0.05533596837944663,0.11857707509881422,0.07509881422924901,0.11857707509881422,0.05928853754940711,0.35968379446640314
shutter,0.14473684210526316,0.18421052631578946,0.039473684210526314,0.15789473684210525,0.052631578947368425,0.10526315789473685,0.052631578947368425,0.2631578947368421
law,0.0846153846153846,0.09230769230769231,0.0641025641025641,0.11794871794871795,0.05128205128205128,0.08974358974358974,0.04358974358974359,0.45641025641025645
monster,0.1111111111111111,0.09259259259259259,0.05555555555555555,0.34259259259259256,0.046296296296296294,0.16666666666666666,0.07407407407407407,0.1111111111111111
wall,0.12748344370860926,0.1390728476821192,0.06456953642384106,0.17880794701986755,0.1009933774834437,0.12748344370860926,0.08774834437086092,0.17384105960264898
dry,0.0909090909090909,0.1515151515151515,0.030303030303030304,0.24242424242424243,0.030303030303030304,0.1515151515151515,0.06060606060606061,0.24242424242424243
bone,0.09836065573770492,0.13114754098360656,0.06557377049180328,0.19672131147540983,0.11475409836065574,0.0819672131147541,0.09836065573770492,0.21311475409836067
head,0.10932944606413995,0.14431486880466474,0.0706997084548105,0.14431486880466474,0.12463556851311955,0.13411078717201166,0.10349854227405249,0.16909620991253646
cook,0.07975460122699386,0.16564417177914112,0.05521472392638037,0.12269938650306748,0.15337423312883436,0.08588957055214723,0.1165644171779141,0.22085889570552147
hole,0.1487603305785124,0.15702479338842976,0.024793388429752067,0.2066115702479339,0.06611570247933884,0.12396694214876033,0.06611570247933884,0.2066115702479339
fight,0.29113924050632906,0.07594936708860758,0.056962025316455694,0.29430379746835444,0.04746835443037974,0.06645569620253164,0.05063291139240506,0.11708860759493671
pagoda,0.1276595744680851,0.0851063829787234,0.02127659574468085,0.2127659574468085,0.1276595744680851,0.1702127659574468,0.02127659574468085,0.23404255319148937
bursting,0.0909090909090909,0.0909090909090909,0.06060606060606061,0.2727272727272727,0.0909090909090909,0.0909090909090909,0.0909090909090909,0.2121212121212121
doom,0.09374999999999999,0.15625,0.03125,0.3125,0.125,0.0625,0.0625,0.15625
eyes,0.09909629167965099,0.11966344655655968,0.076347771891555,0.13306325958242446,0.14054222499220942,0.1533187909005921,0.1243377999376753,0.15363041445933312
back,0.11316785864535128,0.16533445519562473,0.0715187210769878,0.13967185527976442,0.12284392090870846,0.12789230122002523,0.10222970130416492,0.15734118636937316
said,0.10510805500982319,0.15946299934512118,0.08284217419777343,0.1299934512115259,0.12737393582187295,0.11493123772102162,0.10838244924688933,0.1719056974459725
tried,0.11005692599620492,0.14800759013282733,0.07590132827324478,0.14231499051233396,0.12523719165085387,0.13282732447817835,0.11195445920303605,0.15370018975332067
uttered,0.136986301369863,0.13013698630136986,0.05479452054794521,0.136986301369863,0.08904109589041097,0.17808219178082194,0.13013698630136986,0.14383561643835618
faint,0.07870370370370369,0.17129629629629628,0.06481481481481481,0.13425925925925924,0.14814814814814814,0.17129629629629628,0.09722222222222222,0.13425925925925924
cry,0.10721649484536083,0.10515463917525772,0.05567010309278351,0.1402061855670103,0.07010309278350516,0.32783505154639175,0.1134020618556701,0.08041237113402061
fell,0.1156289707750953,0.09783989834815758,0.057179161372299885,0.13595933926302414,0.07623888182973318,0.34688691232528596,0.07115628970775095,0.09911054637865313
forward,0.13034188034188035,0.1452991452991453,0.07264957264957266,0.20726495726495725,0.07264957264957266,0.1517094017094017,0.0876068376068376,0.13247863247863248
chinaman,0.0787878787878788,0.15151515151515152,0.04242424242424242,0.15151515151515152,0.13333333333333333,0.1272727272727273,0.13939393939393938,0.17575757575757575
hill,0.16216216216216214,0.13513513513513511,0.10810810810810811,0.24324324324324323,0.02702702702702703,0.16216216216216214,0.02702702702702703,0.13513513513513511
elephant,0.14285714285714285,0.17142857142857143,0.07142857142857142,0.17142857142857143,0.09999999999999999,0.1142857142857143,0.14285714285714285,0.08571428571428572
close,0.1296875,0.1375,0.084375,0.1609375,0.0859375,0.1421875,0.0953125,0.1640625
behind,0.13011542497376705,0.13431269674711438,0.09338929695697795,0.1804826862539349,0.10178384050367259,0.14900314795383,0.06820566631689401,0.142707240293809
forrester,0.11096938775510203,0.1568877551020408,0.0625,0.16964285714285715,0.10076530612244898,0.12755102040816327,0.10459183673469385,0.16709183673469385
threw,0.1262135922330097,0.14563106796116504,0.04854368932038835,0.16504854368932037,0.14563106796116504,0.14563106796116504,0.10679611650485438,0.11650485436893203
rifle,0.2967032967032967,0.06593406593406594,0.05860805860805861,0.315018315018315,0.03296703296703297,0.08424908424908424,0.06593406593406594,0.08058608058608059
effect,0.135,0.125,0.06999999999999999,0.205,0.11000000000000001,0.09,0.1,0.16499999999999998
led,0.1174496644295302,0.17785234899328858,0.06040268456375839,0.13087248322147652,0.12751677852348992,0.12416107382550336,0.09395973154362415,0.16778523489932887
nagas,0.05263157894736842,0.17543859649122806,0.017543859649122806,0.14035087719298245,0.14035087719298245,0.10526315789473684,0.17543859649122806,0.1929824561403509
pointed,0.0707070707070707,0.1717171717171717,0.010101010101010102,0.09090909090909091,0.18181818181818182,0.10101010101010101,0.18181818181818182,0.1919191919191919
wild,0.1007751937984496,0.10335917312661498,0.05943152454780361,0.11369509043927649,0.11369509043927649,0.08785529715762273,0.29198966408268734,0.12919896640826872
excitement,0.04028436018957346,0.25118483412322273,0.02843601895734597,0.061611374407582936,0.23696682464454974,0.05213270142180095,0.21090047393364927,0.11848341232227487
moment,0.11438679245283019,0.1403301886792453,0.06957547169811322,0.1768867924528302,0.10023584905660378,0.14858490566037735,0.0955188679245283,0.1544811320754717
dark,0.08829787234042553,0.11063829787234043,0.06489361702127659,0.10957446808510639,0.09893617021276596,0.34787234042553195,0.07127659574468086,0.10851063829787233
face,0.11386696730552423,0.13303269447576097,0.08342728297632468,0.1518226230740323,0.1307779030439684,0.14017286734310408,0.10672679443818112,0.14017286734310408
peering,0.19999999999999998,0.14285714285714285,0.028571428571428574,0.1142857142857143,0.05714285714285715,0.14285714285714285,0.05714285714285715,0.2571428571428572
upon,0.11385135135135135,0.14628378378378376,0.06689189189189189,0.13614864864864865,0.12804054054054054,0.12094594594594593,0.10641891891891891,0.18141891891891893
top,0.08548707753479125,0.2882703777335984,0.04771371769383698,0.09542743538767395,0.04771371769383698,0.09542743538767395,0.039761431411530816,0.30019880715705766
yards,0.17777777777777778,0.1111111111111111,0.12222222222222223,0.13333333333333333,0.07777777777777778,0.1111111111111111,0.06666666666666667,0.2
came,0.11087420042643924,0.14285714285714285,0.07505330490405118,0.15394456289978678,0.12878464818763327,0.12068230277185502,0.10319829424307037,0.16460554371002134
hamid,0.12875536480686695,0.16738197424892703,0.055793991416309016,0.15450643776824033,0.1072961373390558,0.07296137339055793,0.08583690987124463,0.22746781115879827
gul,0.14893617021276595,0.1702127659574468,0.06382978723404255,0.11702127659574468,0.09574468085106383,0.11702127659574468,0.07446808510638298,0.2127659574468085
ground,0.08806262230919765,0.1095890410958904,0.052837573385518595,0.1232876712328767,0.08023483365949119,0.09393346379647749,0.07045009784735812,0.3816046966731898
lips,0.11328125,0.12890625,0.0546875,0.099609375,0.1796875,0.11523437500000001,0.16210937500000003,0.146484375
moved,0.14864864864864866,0.13963963963963966,0.0900900900900901,0.16216216216216217,0.10810810810810811,0.11261261261261261,0.08558558558558559,0.15315315315315314
started,0.12393162393162394,0.1623931623931624,0.07264957264957266,0.10683760683760685,0.11111111111111112,0.14102564102564102,0.0811965811965812,0.20085470085470086
heard,0.12528132033008252,0.14403600900225055,0.08177044261065265,0.15003750937734434,0.10577644411102774,0.1215303825956489,0.13203300825206302,0.13953488372093023
words,0.3143631436314363,0.11201445347786812,0.05420054200542006,0.12195121951219513,0.08672086720867209,0.10840108401084012,0.08310749774164408,0.11924119241192413
sahib,0.13986013986013987,0.1258741258741259,0.06293706293706294,0.16783216783216784,0.11888111888111888,0.11888111888111888,0.09090909090909093,0.17482517482517484
figure,0.09322033898305085,0.1497175141242938,0.03954802259887005,0.13559322033898305,0.1497175141242938,0.12146892655367232,0.11016949152542373,0.20056497175141244
merely,0.10416666666666667,0.1875,0.020833333333333336,0.1875,0.08333333333333334,0.10416666666666667,0.10416666666666667,0.20833333333333334
raised,0.11742424242424243,0.16287878787878787,0.06818181818181819,0.13257575757575757,0.14393939393939395,0.08712121212121211,0.11363636363636365,0.17424242424242423
arm,0.10925925925925926,0.1259259259259259,0.06666666666666667,0.15555555555555556,0.12962962962962962,0.13148148148148148,0.11851851851851852,0.16296296296296298
stairway,0.0625,0.15625,0.0,0.125,0.18749999999999997,0.0625,0.15625,0.25
shaft,0.19047619047619047,0.11904761904761904,0.0,0.19047619047619047,0.11904761904761904,0.09523809523809523,0.11904761904761904,0.16666666666666666
pale,0.08730158730158731,0.1111111111111111,0.07142857142857144,0.1349206349206349,0.1349206349206349,0.15873015873015872,0.17063492063492064,0.13095238095238096
green,0.056680161943319825,0.09919028340080971,0.0242914979757085,0.10323886639676111,0.28340080971659914,0.08704453441295545,0.07692307692307691,0.2692307692307692
light,0.1070154577883472,0.13436385255648037,0.07847800237812128,0.1426872770511296,0.15457788347205706,0.13198573127229488,0.09750297265160521,0.15338882282996433
blinding,0.1923076923076923,0.1346153846153846,0.0,0.1923076923076923,0.1346153846153846,0.07692307692307693,0.09615384615384615,0.17307692307692307
brilliance,0.1794871794871795,0.12820512820512822,0.0,0.1794871794871795,0.12820512820512822,0.10256410256410257,0.12820512820512822,0.15384615384615385
shot,0.19796954314720813,0.0685279187817259,0.030456852791878174,0.23604060913705585,0.050761421319796954,0.17258883248730963,0.17258883248730963,0.07106598984771574
roof,0.12883435582822086,0.1165644171779141,0.08588957055214723,0.1411042944785276,0.07975460122699386,0.17791411042944785,0.10429447852760736,0.16564417177914112
met,0.09018567639257294,0.17241379310344826,0.055702917771883284,0.14058355437665782,0.11671087533156499,0.11671087533156499,0.09814323607427056,0.20954907161803712
entrance,0.10091743119266054,0.16513761467889906,0.03669724770642201,0.16513761467889906,0.09174311926605502,0.10091743119266054,0.09174311926605502,0.24770642201834858
cave,0.08196721311475409,0.1721311475409836,0.07377049180327869,0.15573770491803277,0.12295081967213113,0.07377049180327869,0.0983606557377049,0.22131147540983606
shook,0.136,0.16,0.048,0.16,0.136,0.08800000000000001,0.16,0.11199999999999999
floor,0.12692307692307692,0.13653846153846153,0.05961538461538462,0.15576923076923077,0.10384615384615385,0.17115384615384616,0.08076923076923077,0.16538461538461538
mackenzie,0.10217391304347827,0.16956521739130434,0.05434782608695652,0.16956521739130434,0.10652173913043479,0.11304347826086956,0.09782608695652174,0.18695652173913044
lifting,0.20588235294117643,0.11764705882352941,0.029411764705882353,0.23529411764705882,0.058823529411764705,0.11764705882352941,0.058823529411764705,0.1764705882352941
saw,0.12,0.14356164383561643,0.07835616438356165,0.16219178082191782,0.11945205479452055,0.12493150684931507,0.08712328767123288,0.1643835616438356
beneath,0.12612612612612614,0.14114114114114115,0.07807807807807808,0.1621621621621622,0.12612612612612614,0.15315315315315314,0.07807807807807808,0.13513513513513514
shelter,0.19736842105263158,0.07894736842105263,0.06578947368421052,0.17105263157894737,0.06578947368421052,0.11842105263157895,0.09210526315789473,0.2105263157894737
embankment,0.11864406779661016,0.11864406779661016,0.03389830508474576,0.23728813559322032,0.05084745762711864,0.15254237288135591,0.11864406779661016,0.1694915254237288
priest,0.08361204013377926,0.12374581939799331,0.06688963210702341,0.13712374581939799,0.06688963210702341,0.06688963210702341,0.06688963210702341,0.38795986622073575
towards,0.12000000000000001,0.13714285714285715,0.06571428571428571,0.18,0.10857142857142857,0.11714285714285713,0.11142857142857143,0.16
ladder,0.0847457627118644,0.20338983050847456,0.0,0.15254237288135591,0.15254237288135591,0.06779661016949153,0.0847457627118644,0.2542372881355932
rested,0.12903225806451613,0.12903225806451613,0.0,0.12903225806451613,0.0967741935483871,0.12903225806451613,0.06451612903225806,0.3225806451612903
rush,0.16666666666666666,0.14285714285714285,0.023809523809523808,0.17857142857142858,0.13095238095238096,0.09523809523809523,0.10714285714285714,0.15476190476190477
hot,0.31136363636363634,0.1340909090909091,0.056818181818181816,0.10909090909090909,0.09772727272727272,0.08409090909090909,0.08636363636363636,0.12045454545454545
blood,0.15030674846625772,0.10429447852760738,0.11656441717791413,0.16257668711656445,0.07975460122699388,0.13803680981595096,0.10736196319018407,0.14110429447852763
made,0.10978520286396182,0.16785998408910105,0.073587907716786,0.147175815433572,0.12649164677804295,0.11813842482100238,0.0883054892601432,0.16865552903739062
dizzy,0.16666666666666666,0.1388888888888889,0.0,0.1388888888888889,0.16666666666666666,0.05555555555555556,0.08333333333333333,0.25
whisper,0.10144927536231885,0.15217391304347827,0.021739130434782608,0.13043478260869568,0.1811594202898551,0.10144927536231885,0.13768115942028986,0.17391304347826086
voice,0.1205927439959121,0.13387838528359733,0.06387327542156361,0.12825753704649975,0.13949923352069493,0.11701584057230453,0.12979049565661727,0.16709248850281042
sprang,0.1929824561403509,0.15789473684210525,0.06140350877192982,0.17543859649122806,0.08771929824561403,0.05263157894736842,0.15789473684210525,0.11403508771929824
spear,0.24590163934426232,0.26229508196721313,0.0,0.26229508196721313,0.03278688524590164,0.03278688524590164,0.03278688524590164,0.13114754098360656
meet,0.12149532710280372,0.1838006230529595,0.05919003115264797,0.1308411214953271,0.11214953271028037,0.12461059190031153,0.09034267912772585,0.17757009345794392
expected,0.10928961748633881,0.30601092896174864,0.049180327868852465,0.10382513661202188,0.1202185792349727,0.07103825136612023,0.09836065573770493,0.14207650273224046
attack,0.2847457627118644,0.11186440677966102,0.030508474576271188,0.3152542372881356,0.0576271186440678,0.07457627118644068,0.06779661016949153,0.0576271186440678
stood,0.11438679245283019,0.1403301886792453,0.07311320754716981,0.1615566037735849,0.1025943396226415,0.13561320754716982,0.09669811320754716,0.17570754716981132
doorway,0.15555555555555556,0.08888888888888889,0.0,0.15555555555555556,0.1111111111111111,0.08888888888888889,0.15555555555555556,0.24444444444444446
full,0.13493530499075784,0.17190388170055454,0.066543438077634,0.11829944547134935,0.12476894639556377,0.10351201478743068,0.09057301293900186,0.18946395563770793
view,0.1208053691275168,0.16778523489932887,0.10067114093959732,0.1342281879194631,0.12751677852348994,0.10067114093959732,0.09395973154362416,0.15436241610738255
priests,0.16666666666666666,0.12365591397849461,0.04301075268817204,0.1881720430107527,0.12365591397849461,0.11827956989247312,0.08064516129032258,0.15591397849462363
good,0.04018428461735347,0.21602252367545433,0.030458152034809317,0.05579728692091119,0.1983619145124136,0.04939851548502688,0.17865369848988993,0.2311236242641413
jackson,0.1038961038961039,0.1883116883116883,0.05844155844155844,0.12987012987012986,0.11688311688311688,0.11038961038961038,0.09740259740259741,0.19480519480519481
looking,0.08382352941176471,0.15588235294117647,0.07794117647058824,0.15294117647058825,0.1264705882352941,0.125,0.10441176470588234,0.1735294117647059
say,0.08776167471819646,0.17954911433172302,0.07407407407407407,0.1215780998389694,0.13285024154589373,0.11030595813204508,0.0966183574879227,0.1972624798711755
went,0.09421182266009852,0.1625615763546798,0.06958128078817734,0.13916256157635468,0.1317733990147783,0.12992610837438423,0.10098522167487683,0.17179802955665024
done,0.10754716981132076,0.16037735849056603,0.09245283018867925,0.1490566037735849,0.11320754716981132,0.12264150943396226,0.09622641509433962,0.15849056603773587
yet,0.11632270168855534,0.14446529080675422,0.08536585365853658,0.15947467166979362,0.11913696060037522,0.1219512195121951,0.08818011257035648,0.1651031894934334
found,0.06088992974238876,0.09601873536299765,0.04074941451990632,0.0810304449648712,0.27494145199063236,0.07494145199063232,0.05573770491803279,0.3156908665105387
party,0.0948905109489051,0.1630170316301703,0.058394160583941604,0.1094890510948905,0.1411192214111922,0.1386861313868613,0.0851581508515815,0.20924574209245742
asked,0.10734463276836158,0.1581920903954802,0.08192090395480225,0.1271186440677966,0.13559322033898305,0.11440677966101695,0.09887005649717515,0.1765536723163842
always,0.08816521048451151,0.1517077045274027,0.06115965051628276,0.12231930103256553,0.1620333598093725,0.1254964257347101,0.09293089753772835,0.19618745035742652
it’s,0.08253358925143954,0.16314779270633398,0.06142034548944338,0.11132437619961612,0.1727447216890595,0.11132437619961612,0.11516314779270632,0.182341650671785
sometimes,0.08114558472553698,0.1646778042959427,0.054892601431980895,0.1241050119331742,0.19570405727923623,0.08114558472553698,0.10739856801909306,0.19093078758949877
better,0.10128388017118403,0.17546362339514981,0.07275320970042796,0.12838801711840228,0.12125534950071327,0.11412268188302425,0.11840228245363768,0.1683309557774608
kind,0.07152317880794702,0.07549668874172186,0.038410596026490065,0.0728476821192053,0.28079470198675494,0.09403973509933775,0.045033112582781455,0.3218543046357616
wait,0.05921052631578947,0.4473684210526315,0.02631578947368421,0.09539473684210525,0.09539473684210525,0.08552631578947369,0.07565789473684209,0.11513157894736842
got,0.10551790900290417,0.17618586640851888,0.05614714424007745,0.12971926427879962,0.13262342691190707,0.10648596321393998,0.11907066795740562,0.17424975798644723
country,0.07725321888412018,0.1587982832618026,0.06437768240343349,0.1587982832618026,0.11587982832618028,0.10300429184549358,0.07296137339055794,0.24892703862660948
told,0.09188168659534299,0.15859030837004406,0.0774071743234739,0.12649465072372565,0.1353052234109503,0.11264946507237257,0.10320956576463185,0.1944619257394588
ready,0.06623931623931624,0.3782051282051282,0.049145299145299144,0.10256410256410256,0.11111111111111112,0.08547008547008547,0.06623931623931624,0.14102564102564102
across,0.10276243093922653,0.15027624309392265,0.07734806629834254,0.1447513812154696,0.11933701657458565,0.1292817679558011,0.1005524861878453,0.17569060773480663
look,0.10277777777777777,0.14351851851851852,0.07777777777777778,0.14722222222222223,0.14722222222222223,0.10925925925925926,0.11203703703703703,0.16018518518518518
one,0.10003684598378777,0.15770081061164334,0.06963890935887988,0.14056742815033163,0.1331982313927782,0.11588061901252764,0.091930729550479,0.1910464259395726
can’t,0.10256410256410256,0.14529914529914528,0.07407407407407407,0.12250712250712249,0.14529914529914528,0.11680911680911679,0.1623931623931624,0.13105413105413105
that’s,0.09352517985611511,0.14388489208633093,0.07194244604316546,0.12230215827338128,0.1510791366906475,0.12949640287769784,0.11510791366906475,0.1726618705035971
fact,0.08196721311475409,0.14426229508196722,0.05737704918032787,0.1098360655737705,0.1098360655737705,0.08196721311475409,0.08852459016393444,0.3262295081967213
well,0.09679203539823009,0.16758849557522124,0.07356194690265487,0.12942477876106193,0.13329646017699115,0.1084070796460177,0.09623893805309733,0.19469026548672566
took,0.09506057781919851,0.1407269338303821,0.0782851817334576,0.1276794035414725,0.13327120223671948,0.13140726933830382,0.10997204100652377,0.18359739049394222
three,0.08695652173913042,0.19450800915331806,0.060640732265446216,0.11098398169336383,0.13958810068649885,0.11899313501144164,0.09382151029748283,0.19450800915331806
years,0.07134502923976607,0.19649122807017544,0.05730994152046784,0.10526315789473684,0.1567251461988304,0.11578947368421053,0.09239766081871345,0.2046783625730994
i’ve,0.0931899641577061,0.2007168458781362,0.043010752688172046,0.12544802867383514,0.13620071684587814,0.12544802867383514,0.10752688172043011,0.16845878136200718
next,0.0889967637540453,0.1941747572815534,0.05825242718446602,0.13268608414239483,0.11812297734627832,0.12297734627831715,0.08737864077669903,0.19741100323624594
course,0.07447774750227067,0.1616712079927339,0.04632152588555858,0.14259763851044505,0.13896457765667578,0.09900090826521345,0.11534968210717529,0.22161671207992734
impossible,0.09933774834437087,0.08609271523178809,0.046357615894039736,0.17218543046357618,0.09933774834437087,0.2980132450331126,0.05298013245033113,0.14569536423841062
young,0.041862652869238015,0.23894637817497652,0.032925682031984954,0.06444026340545626,0.24270931326434625,0.06349952963311384,0.20790216368767644,0.10771401693320791
taking,0.1205673758865248,0.19148936170212766,0.07801418439716312,0.14893617021276595,0.08510638297872339,0.13475177304964536,0.09219858156028368,0.14893617021276595
tent,0.09566326530612244,0.1441326530612245,0.0663265306122449,0.14030612244897958,0.13137755102040816,0.125,0.125,0.1721938775510204
near,0.1045958795562599,0.16957210776545167,0.06973058637083995,0.12361331220285263,0.14263074484944535,0.1030110935023772,0.09825673534072901,0.1885895404120444
stream,0.08280254777070065,0.10191082802547771,0.07643312101910828,0.1910828025477707,0.08917197452229299,0.15286624203821655,0.12738853503184713,0.17834394904458598
twenty,0.10612244897959185,0.19183673469387755,0.07346938775510205,0.13877551020408163,0.11428571428571428,0.1346938775510204,0.08979591836734695,0.1510204081632653
miles,0.08268733850129201,0.186046511627907,0.0723514211886305,0.1343669250645995,0.13695090439276486,0.13178294573643412,0.08010335917312662,0.1757105943152455
struck,0.13793103448275862,0.0896551724137931,0.11724137931034483,0.21379310344827587,0.07586206896551725,0.1586206896551724,0.11034482758620691,0.09655172413793103
last,0.0953757225433526,0.16546242774566472,0.06575144508670519,0.1430635838150289,0.11921965317919074,0.12210982658959536,0.10765895953757225,0.1813583815028902
case,0.09196891191709844,0.08937823834196891,0.05829015544041451,0.25518134715025903,0.07901554404145077,0.2344559585492228,0.054404145077720206,0.13730569948186527
engaged,0.07142857142857144,0.2380952380952381,0.047619047619047616,0.11904761904761905,0.2142857142857143,0.05555555555555555,0.03174603174603175,0.2222222222222222
many,0.09558232931726908,0.15903614457831325,0.05622489959839357,0.1397590361445783,0.1357429718875502,0.11244979919678715,0.10200803212851405,0.19919678714859437
could,0.11228275727396993,0.15192345245069322,0.06951767232962312,0.14879906268306972,0.13044327279828158,0.11775043936731105,0.09138840070298769,0.17789494239406364
form,0.10600706713780919,0.15901060070671377,0.05653710247349823,0.09540636042402827,0.09540636042402827,0.10600706713780919,0.07420494699646643,0.3074204946996466
life,0.09056603773584905,0.15622641509433963,0.07018867924528302,0.12377358490566037,0.14037735849056604,0.10867924528301887,0.09962264150943395,0.21056603773584903
become,0.0960591133004926,0.16502463054187191,0.08374384236453201,0.12561576354679801,0.1502463054187192,0.09359605911330049,0.10098522167487683,0.18472906403940886
another,0.10461828463713478,0.14797360980207352,0.07917059377945336,0.13195098963242224,0.1291234684260132,0.12723845428840716,0.10933081998114987,0.17059377945334592
knowledge,0.0819277108433735,0.17108433734939757,0.05060240963855422,0.15421686746987953,0.14216867469879518,0.07710843373493977,0.0963855421686747,0.22650602409638554
leave,0.0765217391304348,0.10086956521739131,0.05391304347826087,0.08695652173913043,0.06608695652173913,0.2747826086956522,0.2539130434782609,0.08695652173913043
go,0.09240687679083093,0.1626074498567335,0.057306590257879646,0.12750716332378223,0.14040114613180515,0.12535816618911172,0.09885386819484239,0.1955587392550143
others,0.08847736625514403,0.14609053497942387,0.06790123456790123,0.13991769547325103,0.14609053497942387,0.10699588477366255,0.09053497942386832,0.2139917695473251
make,0.0861889927310488,0.1708203530633437,0.05711318795430944,0.11838006230529594,0.1407061266874351,0.11734164070612668,0.09865005192107995,0.2107995846313603
days,0.12089201877934275,0.2030516431924883,0.039906103286384983,0.07981220657276997,0.15492957746478875,0.09037558685446011,0.1255868544600939,0.1854460093896714
village,0.09473684210526316,0.1649122807017544,0.056140350877192984,0.12631578947368421,0.15087719298245614,0.11228070175438597,0.07017543859649122,0.22456140350877193
scene,0.09677419354838711,0.13620071684587814,0.057347670250896064,0.15412186379928317,0.15053763440860216,0.15770609318996417,0.1003584229390681,0.14695340501792115
journey,0.041935483870967745,0.2709677419354839,0.05161290322580645,0.1935483870967742,0.2129032258064516,0.06129032258064516,0.07419354838709677,0.0935483870967742
foot,0.0994475138121547,0.13812154696132597,0.06629834254143648,0.14917127071823208,0.16022099447513813,0.0994475138121547,0.1270718232044199,0.16022099447513813
carry,0.0627177700348432,0.17770034843205573,0.0627177700348432,0.14285714285714285,0.14285714285714285,0.1254355400696864,0.0627177700348432,0.22299651567944254
forrester’s,0.16901408450704225,0.16901408450704225,0.028169014084507046,0.15492957746478875,0.09859154929577464,0.11267605633802819,0.09859154929577464,0.16901408450704225
shikari,0.14285714285714285,0.20634920634920634,0.031746031746031744,0.19047619047619044,0.11111111111111109,0.04761904761904761,0.07936507936507936,0.19047619047619044
sher,0.10606060606060606,0.21212121212121213,0.045454545454545456,0.15909090909090912,0.11363636363636365,0.07575757575757576,0.10606060606060606,0.18181818181818182
jang,0.1138211382113821,0.2113821138211382,0.048780487804878044,0.17073170731707316,0.1056910569105691,0.07317073170731707,0.09756097560975609,0.17886178861788618
whose,0.0628366247755835,0.1687612208258528,0.05565529622980252,0.12387791741472173,0.1687612208258528,0.11669658886894076,0.08617594254937164,0.21723518850987433
jungle,0.08823529411764706,0.10294117647058823,0.07352941176470588,0.338235294117647,0.08823529411764706,0.11764705882352942,0.07352941176470588,0.11764705882352942
moments,0.14485981308411217,0.1308411214953271,0.08411214953271029,0.22429906542056074,0.07476635514018692,0.14953271028037385,0.08411214953271029,0.10747663551401869
white,0.04926108374384237,0.24933687002652521,0.037135278514588865,0.06631299734748011,0.22167487684729065,0.07578628268283441,0.05305039787798409,0.24744221295945434
skin,0.11199999999999999,0.152,0.07200000000000001,0.128,0.16,0.11199999999999999,0.11199999999999999,0.152
already,0.09438775510204081,0.17474489795918366,0.07015306122448979,0.14540816326530612,0.1415816326530612,0.11479591836734693,0.08418367346938774,0.17474489795918366
lay,0.09247027741083223,0.15984147952443856,0.06472919418758256,0.16512549537648613,0.11096433289299867,0.14927344782034346,0.08850726552179657,0.1690885072655218
passed,0.10300429184549356,0.15879828326180256,0.0786838340486409,0.1402002861230329,0.12589413447782546,0.1273247496423462,0.10729613733905578,0.15879828326180256
round,0.08955223880597014,0.18656716417910446,0.041044776119402986,0.15671641791044777,0.13059701492537312,0.11567164179104478,0.11567164179104478,0.16417910447761194
long,0.08033240997229917,0.3554939981532779,0.05032317636195753,0.10710987996306556,0.09741458910433981,0.09741458910433981,0.07848568790397045,0.13342566943674977
sort,0.0946843853820598,0.1478405315614618,0.07973421926910298,0.15780730897009965,0.12292358803986711,0.14285714285714285,0.08970099667774087,0.1644518272425249
spoke,0.10306406685236767,0.15320334261838436,0.04456824512534818,0.1309192200557103,0.14763231197771584,0.13927576601671307,0.07520891364902506,0.20612813370473534
master,0.0881057268722467,0.14537444933920704,0.06167400881057269,0.14096916299559473,0.11894273127753305,0.11894273127753305,0.09691629955947138,0.2290748898678414
like,0.1119215291750503,0.14713279678068408,0.07746478873239436,0.14109657947686116,0.1327967806841046,0.12349094567404426,0.10638832997987926,0.15970824949698187
servant,0.05882352941176471,0.08823529411764706,0.08823529411764706,0.05882352941176471,0.029411764705882356,0.08823529411764706,0.0,0.5882352941176471
man’s,0.10215053763440861,0.15591397849462366,0.06451612903225806,0.10215053763440861,0.14516129032258068,0.12365591397849462,0.11827956989247314,0.18817204301075272
explained,0.07142857142857142,0.24285714285714285,0.04285714285714286,0.09999999999999999,0.1285714285714286,0.09999999999999999,0.08571428571428572,0.2285714285714286
beast,0.22324159021406725,0.1039755351681957,0.08256880733944955,0.2691131498470948,0.055045871559633024,0.1039755351681957,0.0672782874617737,0.09480122324159021
dropped,0.12658227848101267,0.12236286919831224,0.05907172995780591,0.13502109704641352,0.12236286919831224,0.13502109704641352,0.11814345991561181,0.18143459915611815
know,0.11337369290038526,0.15520088057237205,0.07649972482113375,0.14309301045679693,0.12107870115575124,0.11997798569069897,0.089157952669235,0.18161805173362686
sound,0.10696920583468394,0.1539708265802269,0.08752025931928688,0.1685575364667747,0.1085899513776337,0.1426256077795786,0.12479740680713128,0.10696920583468394
falling,0.1,0.12000000000000001,0.056666666666666664,0.11,0.09666666666666666,0.3,0.09000000000000001,0.12666666666666665
tell,0.09202453987730062,0.16652059596844873,0.057843996494303246,0.13584574934268187,0.13847502191060473,0.10078878177037687,0.09991235758106924,0.20858895705521474
don’t,0.07938144329896907,0.16185567010309276,0.057731958762886594,0.1268041237113402,0.16185567010309276,0.11443298969072165,0.13505154639175257,0.16288659793814433
never,0.09086106708927627,0.16323296354992076,0.06286318013734812,0.13417855256207079,0.13946117274167985,0.1172741679873217,0.10618066561014264,0.18594823032223984
enough,0.10171428571428572,0.15771428571428572,0.07428571428571429,0.14514285714285713,0.13257142857142856,0.10628571428571429,0.09485714285714286,0.18742857142857142
condition,0.1111111111111111,0.15555555555555556,0.1037037037037037,0.17037037037037037,0.08888888888888889,0.13333333333333333,0.08148148148148149,0.15555555555555556
door,0.10135135135135136,0.16216216216216217,0.05067567567567568,0.15765765765765766,0.11036036036036037,0.125,0.12274774774774776,0.17004504504504506
pole,0.10526315789473684,0.15789473684210525,0.02631578947368421,0.13157894736842105,0.02631578947368421,0.2631578947368421,0.10526315789473684,0.18421052631578944
men,0.12652767792954708,0.1585190510424155,0.07332854061826023,0.15995686556434216,0.11790079079798703,0.1171818835370237,0.09237958303378863,0.15420560747663548
soon,0.08469539375928678,0.18573551263001487,0.04754829123328381,0.13670133729569092,0.1263001485884101,0.12481426448737,0.10549777117384844,0.1887072808320951
camp,0.0994236311239193,0.18731988472622477,0.07060518731988473,0.1340057636887608,0.12680115273775217,0.11095100864553313,0.09654178674351585,0.1743515850144092
open,0.1183431952662722,0.14201183431952663,0.06706114398422092,0.15384615384615385,0.14003944773175542,0.12426035502958581,0.09664694280078898,0.15779092702169625
small,0.08043875685557587,0.14716636197440586,0.06672760511882998,0.12340036563071298,0.15356489945155394,0.13619744058500913,0.11608775137111516,0.17641681901279707
clear,0.11926605504587158,0.09174311926605505,0.0779816513761468,0.14220183486238536,0.11009174311926606,0.1467889908256881,0.16513761467889912,0.1467889908256881
rays,0.16339869281045752,0.13071895424836602,0.06535947712418301,0.1895424836601307,0.0784313725490196,0.14379084967320263,0.09803921568627451,0.13071895424836602
surface,0.06818181818181819,0.06818181818181819,0.06818181818181819,0.20454545454545459,0.09090909090909093,0.06818181818181819,0.09090909090909093,0.34090909090909094
distance,0.11340206185567009,0.16494845360824742,0.06529209621993126,0.16838487972508592,0.10309278350515463,0.1512027491408935,0.07560137457044674,0.15807560137457044
air,0.12078651685393257,0.1601123595505618,0.08146067415730336,0.14325842696629212,0.11657303370786518,0.14185393258426965,0.09831460674157302,0.13764044943820225
ever,0.09642857142857143,0.15178571428571427,0.08214285714285714,0.1357142857142857,0.13303571428571428,0.12053571428571429,0.11071428571428572,0.16964285714285715
past,0.08009153318077802,0.17391304347826084,0.05263157894736841,0.12585812356979403,0.13272311212814644,0.13043478260869565,0.13729977116704806,0.16704805491990846
side,0.10126582278481013,0.17088607594936708,0.0670886075949367,0.1341772151898734,0.1341772151898734,0.11139240506329115,0.110126582278481,0.17088607594936708
space,0.11206896551724137,0.18103448275862066,0.043103448275862065,0.16379310344827583,0.13793103448275862,0.08620689655172413,0.08620689655172413,0.1896551724137931
fire,0.11256117455138663,0.12561174551386625,0.05057096247960849,0.34094616639477976,0.08319738988580751,0.11419249592169659,0.06525285481239805,0.10766721044045677
would,0.10548392108124903,0.1589249650458288,0.06882087929159546,0.15395370514214693,0.118999533944384,0.1245922013360261,0.0916576044741339,0.1775671896846357
courage,0.09356725146198833,0.1754385964912281,0.05263157894736843,0.16959064327485382,0.14035087719298248,0.06432748538011697,0.11111111111111112,0.1929824561403509
silence,0.14341846758349702,0.12770137524557956,0.056974459724950875,0.20235756385068762,0.09233791748526522,0.16502946954813358,0.09823182711198428,0.11394891944990175
work,0.13595505617977527,0.19026217228464418,0.04194756554307116,0.07265917602996254,0.11573033707865168,0.08651685393258428,0.06292134831460675,0.2940074906367041
half,0.09971509971509972,0.16809116809116809,0.07692307692307693,0.1282051282051282,0.13675213675213674,0.1282051282051282,0.08404558404558404,0.17806267806267806
time,0.07383059418457648,0.3686472819216182,0.05132743362831858,0.10872313527180784,0.0968394437420986,0.08647281921618205,0.07762326169405816,0.13653603034134007
turned,0.12479061976549413,0.15326633165829145,0.07202680067001674,0.14321608040201006,0.11641541038525963,0.11892797319932998,0.10887772194304857,0.1624790619765494
feet,0.12,0.13257142857142856,0.06742857142857143,0.15314285714285714,0.096,0.15314285714285714,0.09714285714285714,0.18057142857142858
suddenly,0.10253998118532456,0.1147695202257761,0.06302916274694262,0.1213546566321731,0.09595484477892756,0.11853245531514581,0.2869238005644403,0.09689557855127
