,anger,anticipation,disgust,fear,joy,sadness,surprise,trust
gutenberg,0.08455467869222098,0.23111612175873736,0.07328072153325818,0.062006764374295385,0.062006764374295385,0.12063134160090193,0.004509582863585119,0.3618940248027058
's,0.09512467058585039,0.16247719440502736,0.06740320291911615,0.13293127914048247,0.14093857693087372,0.10515913237380904,0.07439691871072371,0.22156902493411718
abbotsford,0.07017543859649121,0.21052631578947367,0.08187134502923976,0.06432748538011696,0.16374269005847952,0.05263157894736842,0.05263157894736842,0.30409356725146197
newstead,0.09183673469387754,0.18112244897959182,0.086734693877551,0.07908163265306122,0.16326530612244897,0.08418367346938775,0.07397959183673468,0.2397959183673469
abbey,0.08498023715415019,0.16304347826086957,0.10968379446640317,0.11067193675889328,0.15217391304347827,0.08102766798418971,0.06126482213438735,0.23715415019762845
ebook,0.055555555555555566,0.2166666666666667,0.13888888888888892,0.10555555555555558,0.07777777777777779,0.06111111111111112,0.01666666666666667,0.32777777777777783
use,0.12354521038495969,0.17457475380483434,0.08504923903312443,0.0975828111011638,0.15756490599820946,0.06714413607878245,0.044762757385854966,0.24977618621307068
almost,0.09893048128342247,0.15775401069518716,0.07677616501145913,0.1550802139037433,0.1145912910618793,0.12796027501909854,0.07715813598166539,0.19174942704354467
may,0.09388548362984005,0.1698310659291374,0.07101210943339813,0.12288832411421739,0.14725669008820455,0.09538047540738527,0.07519808641052475,0.2245477649872926
copy,0.1818181818181818,0.11710323574730354,0.09244992295839753,0.0724191063174114,0.04314329738058552,0.06471494607087827,0.02773497688751926,0.40061633281972264
give,0.09899749373433585,0.16583124477861322,0.06307435254803676,0.12489557226399332,0.12447786131996659,0.1060985797827903,0.07226399331662489,0.2443609022556391
away,0.10341643582640812,0.1698984302862419,0.07479224376731301,0.14542936288088643,0.11726685133887349,0.11449676823638043,0.08679593721144967,0.18790397045244692
terms,0.10680628272251311,0.1424083769633508,0.052356020942408384,0.08481675392670157,0.12879581151832462,0.05445026178010472,0.050261780104712044,0.38010471204188484
project,0.12049616066154756,0.17129356172474897,0.05699940933254578,0.05256940342587124,0.10159480212640284,0.0759007678676905,0.014766686355581808,0.4063792085056114
license,0.10752688172043011,0.221505376344086,0.07311827956989247,0.09462365591397849,0.11612903225806452,0.0903225806451613,0.03225806451612903,0.2645161290322581
online,0.0588235294117647,0.2647058823529412,0.08823529411764706,0.12745098039215685,0.06862745098039215,0.04901960784313725,0.0,0.34313725490196073
date,0.04743083003952569,0.28063241106719367,0.07905138339920949,0.043478260869565216,0.13043478260869565,0.06719367588932806,0.05138339920948617,0.30039525691699603
first,0.09359477124183006,0.19294117647058823,0.062483660130718946,0.1403921568627451,0.12679738562091503,0.10143790849673202,0.0703267973856209,0.2120261437908497
language,0.08031496062992127,0.18425196850393702,0.06141732283464567,0.08661417322834646,0.16377952755905512,0.07874015748031497,0.07086614173228346,0.2740157480314961
english,0.08726415094339622,0.169811320754717,0.06132075471698113,0.11674528301886793,0.1509433962264151,0.0849056603773585,0.0625,0.2665094339622642
start,0.07777777777777778,0.29444444444444445,0.10555555555555556,0.08888888888888889,0.09444444444444444,0.08333333333333333,0.05555555555555555,0.2
charles,0.0642570281124498,0.20080321285140565,0.06024096385542168,0.10441767068273093,0.16867469879518074,0.10441767068273093,0.07630522088353414,0.22088353413654618
distributed,0.061371841155234655,0.2671480144404332,0.06498194945848375,0.11552346570397111,0.10108303249097472,0.06498194945848375,0.01083032490974729,0.31407942238267145
arrival,0.0661764705882353,0.35539215686274506,0.04901960784313725,0.0980392156862745,0.12745098039215685,0.07352941176470587,0.053921568627450976,0.17647058823529413
garden,0.058704453441295545,0.15384615384615385,0.05668016194331984,0.10121457489878544,0.3036437246963563,0.0931174089068826,0.06275303643724697,0.17004048582995954
plough,0.05813953488372093,0.17441860465116277,0.09302325581395349,0.06976744186046512,0.13953488372093023,0.023255813953488372,0.1511627906976744,0.29069767441860467
old,0.09277261200338123,0.16060862214708369,0.07311918850380389,0.11644125105663568,0.15595942519019443,0.09868977176669484,0.0745984784446323,0.22781065088757396
servants,0.0970873786407767,0.18446601941747573,0.07766990291262137,0.12135922330097089,0.1504854368932039,0.07766990291262137,0.09223300970873786,0.19902912621359223
superstitions,0.12000000000000001,0.16000000000000003,0.12000000000000001,0.12000000000000001,0.12000000000000001,0.16000000000000003,0.060000000000000005,0.14
annesley,0.059113300492610835,0.20689655172413796,0.07881773399014778,0.08374384236453203,0.19704433497536947,0.0935960591133005,0.044334975369458136,0.23645320197044334
hall,0.09699769053117785,0.15935334872979215,0.07159353348729794,0.12702078521939955,0.15935334872979215,0.12933025404157045,0.053117782909930716,0.20323325635103928
lake,0.09655172413793103,0.16551724137931034,0.11724137931034483,0.0896551724137931,0.14482758620689656,0.06896551724137931,0.07586206896551724,0.24137931034482757
robin,0.22666666666666668,0.1,0.17333333333333337,0.19333333333333336,0.11333333333333334,0.026666666666666672,0.026666666666666672,0.14
hood,0.22560975609756098,0.10975609756097561,0.17682926829268292,0.18902439024390244,0.10975609756097561,0.024390243902439022,0.024390243902439022,0.14024390243902438
sherwood,0.15083798882681565,0.1452513966480447,0.12849162011173185,0.1564245810055866,0.1340782122905028,0.0670391061452514,0.05027932960893855,0.16759776536312848
forest,0.09937888198757763,0.1391304347826087,0.08447204968944098,0.146583850931677,0.14037267080745341,0.12298136645962732,0.07826086956521738,0.1888198757763975
rook,0.25,0.13636363636363635,0.20454545454545456,0.06818181818181818,0.11363636363636363,0.0,0.022727272727272728,0.20454545454545456
cell,0.2063492063492064,0.15873015873015875,0.15873015873015875,0.0634920634920635,0.15873015873015875,0.015873015873015876,0.04761904761904762,0.1904761904761905
little,0.08523592085235919,0.17569036747118938,0.06370950206566645,0.12198303979125896,0.14698847575559904,0.10937160252228745,0.08088714938030006,0.2161339421613394
white,0.0525830258302583,0.246309963099631,0.02952029520295203,0.06088560885608856,0.235239852398524,0.07011070110701106,0.04151291512915129,0.26383763837638374
lady,0.06366366366366366,0.19219219219219216,0.05285285285285285,0.09489489489489489,0.18678678678678678,0.08588588588588587,0.09609609609609608,0.22762762762762762
giving,0.10552763819095477,0.16750418760469013,0.06197654941373534,0.1306532663316583,0.1323283082077052,0.09882747068676716,0.08207705192629815,0.22110552763819094
account,0.08044554455445545,0.12871287128712872,0.04826732673267327,0.12376237623762378,0.11757425742574258,0.09282178217821782,0.07301980198019802,0.3353960396039604
visit,0.06820365033621519,0.20749279538904902,0.06820365033621519,0.10182516810758888,0.15081652257444766,0.08549471661863595,0.06724303554274737,0.2507204610951009
made,0.09403916505272218,0.17925543361308371,0.06219066064127394,0.13234344738540993,0.1441790402410157,0.10522918011620398,0.074456638691629,0.2083064342586615
many,0.10002525890376358,0.15610002525890376,0.0666835059358424,0.13791361454912857,0.14195503915130087,0.10836069714574388,0.07678706744127306,0.21217479161404396
years,0.062143966856551,0.22164681512169856,0.04919730709476955,0.10512687726566544,0.17452097358881408,0.08026929052304506,0.07301916105644743,0.2340756084930088
since,0.09540329575021683,0.20208152645273203,0.06244579358196011,0.1396357328707719,0.13876843018213356,0.09366869037294016,0.07545533391153512,0.19254119687771035
hope,0.05072463768115942,0.1977225672877847,0.03726708074534162,0.07608695652173914,0.19461697722567287,0.07971014492753624,0.13975155279503107,0.22412008281573503
however,0.08640822045773003,0.17748715553479685,0.057916861279775814,0.13031293787949558,0.1275105091078935,0.10882765063054649,0.07006071929005138,0.24147594581971044
expect,0.07692307692307693,0.23076923076923078,0.04453441295546559,0.07692307692307693,0.06882591093117409,0.052631578947368425,0.16194331983805668,0.2874493927125506
much,0.0908431988402996,0.17153901908673594,0.06426673109446727,0.1294998791978739,0.14085527905291134,0.10727228799226868,0.07707175646291375,0.2186518482725296
taken,0.10085695451549112,0.17139090309822022,0.06526038233355308,0.13645352669742916,0.12195121951219513,0.09822017139090311,0.0777851021753461,0.22808174027686226
time,0.08201645553088677,0.3080841060467546,0.05406817291367375,0.10957293979365285,0.11688650907666187,0.09050541987723651,0.06869531147969178,0.17017108528144181
scanty,0.19999999999999996,0.16666666666666666,0.09999999999999998,0.09999999999999998,0.09999999999999998,0.06666666666666667,0.06666666666666667,0.19999999999999996
vague,0.140625,0.125,0.0625,0.125,0.109375,0.125,0.078125,0.23437499999999997
memory,0.09737827715355805,0.14981273408239698,0.08239700374531835,0.12172284644194756,0.14794007490636704,0.11235955056179774,0.08426966292134831,0.2041198501872659
fear,0.19499568593615188,0.11647972389991373,0.06557377049180328,0.2571182053494392,0.08283002588438308,0.10181190681622088,0.05090595340811044,0.13028472821397757
shall,0.0919712402636309,0.16267225883762731,0.062013181545835815,0.12192929898142599,0.15698022768124623,0.09706411024565606,0.08118633912522467,0.2261833433193529
details,0.1,0.17500000000000002,0.05,0.075,0.17500000000000002,0.1,0.15,0.17500000000000002
late,0.08333333333333334,0.14700374531835206,0.04681647940074907,0.11329588014981273,0.11797752808988764,0.22097378277153557,0.07303370786516854,0.19756554307116106
evening,0.0641925777331996,0.1945837512537613,0.05817452357071213,0.10230692076228687,0.16850551654964896,0.11735205616850551,0.08224674022066197,0.21263791374122368
arrived,0.07736720554272518,0.19976905311778292,0.05427251732101617,0.12933025404157045,0.12933025404157045,0.10046189376443419,0.06812933025404157,0.24133949191685913
ancient,0.12151067323481118,0.11330049261083744,0.09359605911330049,0.15270935960591134,0.13464696223316913,0.12315270935960593,0.062397372742200335,0.1986863711001642
border,0.09701492537313433,0.18283582089552236,0.06716417910447761,0.11567164179104479,0.15671641791044777,0.08582089552238806,0.09328358208955224,0.20149253731343283
put,0.09394107837687603,0.17176209005002777,0.06725958866036687,0.14730405780989436,0.11006114508060032,0.10950528071150639,0.08060033351862145,0.2195664257921067
night,0.09169485155956408,0.1709883502442691,0.06614054866591507,0.14242765877489666,0.13340849304772642,0.11912814731304021,0.07854190154077414,0.19767004885381437
come,0.0983736612455375,0.15827052756842525,0.06783022610075368,0.11662038873462913,0.13923046410154702,0.10670368901229671,0.07774692582308608,0.23522411741372473
edinburgh,0.14285714285714285,0.08571428571428572,0.08571428571428572,0.14285714285714285,0.14285714285714285,0.14285714285714285,0.05714285714285715,0.2
partly,0.07114624505928853,0.17786561264822132,0.08695652173913042,0.150197628458498,0.14229249011857706,0.09881422924901186,0.10276679841897232,0.16996047430830039
melrose,0.05333333333333334,0.14666666666666667,0.039999999999999994,0.10666666666666667,0.19999999999999998,0.07999999999999999,0.07999999999999999,0.29333333333333333
vicinity,0.07352941176470588,0.20588235294117646,0.05882352941176471,0.1323529411764706,0.13970588235294118,0.05882352941176471,0.08823529411764705,0.2426470588235294
sight,0.0798611111111111,0.17592592592592593,0.06481481481481481,0.12847222222222224,0.14699074074074073,0.13078703703703703,0.08217592592592592,0.1909722222222222
mighty,0.16207951070336393,0.09327217125382264,0.04740061162079511,0.1712538226299694,0.1712538226299694,0.07186544342507645,0.05657492354740062,0.22629969418960247
letter,0.06492146596858639,0.3193717277486911,0.052356020942408384,0.09424083769633508,0.09424083769633508,0.06596858638743457,0.06596858638743457,0.24293193717277486
introduction,0.0,0.22058823529411764,0.11764705882352942,0.08823529411764705,0.16176470588235295,0.044117647058823525,0.11764705882352942,0.25
thomas,0.1111111111111111,0.16666666666666666,0.1,0.1,0.14444444444444446,0.05555555555555555,0.1,0.2222222222222222
poet,0.06905370843989769,0.16879795396419436,0.06649616368286446,0.09974424552429667,0.1867007672634271,0.08951406649616367,0.08695652173913043,0.23273657289002558
think,0.09037433155080214,0.15668449197860962,0.07219251336898395,0.12032085561497326,0.14652406417112301,0.10160427807486631,0.0839572192513369,0.22834224598930483
interest,0.07476635514018692,0.1897196261682243,0.05046728971962617,0.1205607476635514,0.14766355140186915,0.09813084112149532,0.09158878504672897,0.22710280373831776
would,0.10320641282565128,0.1639946559786239,0.06835894010242707,0.13604987753284345,0.13048318859942104,0.11600979737252282,0.07570696949454464,0.2061901580939657
following,0.08533653846153845,0.2139423076923077,0.06009615384615385,0.10697115384615385,0.125,0.10336538461538461,0.055288461538461536,0.25
morning,0.08063600227143668,0.19704713231118684,0.04599659284497444,0.13287904599659284,0.13912549687677456,0.09880749574105621,0.08858603066439523,0.2169222032935832
early,0.07721639656816014,0.20019065776930406,0.06196377502383221,0.10676835081029551,0.17731172545281218,0.08770257387988559,0.07530981887511914,0.21353670162059102
breakfast,0.059233449477351915,0.20557491289198607,0.04878048780487805,0.11149825783972127,0.16724738675958187,0.07665505226480837,0.08013937282229965,0.25087108013937287
set,0.117619926199262,0.17804428044280443,0.05904059040590406,0.12776752767527677,0.121309963099631,0.1033210332103321,0.06780442804428044,0.22509225092250923
way,0.10590943975441289,0.1577129700690714,0.07175748273215657,0.1496546431312356,0.12931696085955488,0.11128165771297006,0.07214121258633921,0.2022256331542594
gate,0.10218978102189782,0.09124087591240877,0.04744525547445256,0.135036496350365,0.07664233576642338,0.11678832116788322,0.04744525547445256,0.3832116788321168
house,0.08466312056737589,0.17375886524822692,0.06560283687943262,0.1196808510638298,0.13874113475177305,0.1023936170212766,0.07402482269503546,0.24113475177304963
written,0.11194029850746268,0.1865671641791045,0.07649253731343283,0.0708955223880597,0.14925373134328357,0.08582089552238806,0.0876865671641791,0.23134328358208958
ruins,0.07727272727272727,0.1590909090909091,0.05,0.09090909090909091,0.18636363636363634,0.12272727272727273,0.09545454545454546,0.21818181818181817
know,0.09791983764586505,0.14510400811770674,0.076103500761035,0.12278031456113647,0.14053779807204464,0.10553018772196855,0.08117706747843734,0.2308472856418062
whether,0.09456740442655934,0.16398390342052313,0.058350100603621724,0.14889336016096577,0.1227364185110664,0.1146881287726358,0.079476861167002,0.21730382293762573
mr.,0.0679219905850706,0.18224613315400134,0.05985205110961668,0.10625420309347679,0.1418964357767317,0.09011432414256892,0.06859448554135844,0.28312037659717554
scott,0.07389749702026222,0.1501787842669845,0.05721096543504171,0.08939213349225268,0.18831942789034561,0.100119189511323,0.06674612634088199,0.27413587604290823
yet,0.0868673050615595,0.18057455540355677,0.06258549931600547,0.12790697674418605,0.15082079343365254,0.10841313269493844,0.07968536251709987,0.20314637482900136
receive,0.11616161616161616,0.18518518518518517,0.04208754208754209,0.1228956228956229,0.14646464646464646,0.08922558922558922,0.08754208754208755,0.21043771043771042
course,0.09107142857142855,0.1821428571428571,0.057142857142857134,0.1226190476190476,0.1339285714285714,0.09999999999999999,0.09166666666666666,0.22142857142857142
mansion,0.08108108108108109,0.16216216216216217,0.0694980694980695,0.09652509652509653,0.17374517374517373,0.08108108108108109,0.08494208494208494,0.25096525096525096
stood,0.09559748427672955,0.16477987421383644,0.07295597484276728,0.11886792452830189,0.13522012578616352,0.12264150943396225,0.08616352201257861,0.20377358490566036
short,0.09112426035502959,0.19940828402366864,0.055029585798816574,0.13964497041420118,0.12721893491124261,0.12189349112426036,0.07633136094674556,0.1893491124260355
distance,0.10606060606060606,0.17424242424242423,0.0625,0.1590909090909091,0.11742424242424243,0.11647727272727272,0.061553030303030304,0.20265151515151514
side,0.11791666666666666,0.14833333333333334,0.07333333333333333,0.15375,0.11041666666666666,0.12375,0.08083333333333333,0.19166666666666668
hill,0.0776196636481242,0.18369987063389392,0.06597671410090557,0.13454075032341528,0.14489003880983184,0.11254851228978009,0.09702457956015526,0.18369987063389392
tweed,0.046153846153846156,0.16923076923076924,0.09230769230769231,0.06153846153846155,0.21538461538461542,0.1384615384615385,0.06153846153846155,0.21538461538461542
cottage,0.0823529411764706,0.1843137254901961,0.05098039215686275,0.17647058823529413,0.1254901960784314,0.1647058823529412,0.027450980392156866,0.18823529411764706
something,0.1025248661055853,0.16067329762815608,0.07804131599081866,0.13618974751338944,0.12165263963274674,0.11706197398622799,0.08492731446059679,0.19892884468247896
rural,0.06666666666666668,0.22500000000000003,0.07500000000000001,0.07500000000000001,0.2,0.058333333333333334,0.1,0.2
picturesque,0.06299212598425197,0.13385826771653545,0.023622047244094488,0.08661417322834646,0.3464566929133858,0.11023622047244094,0.07086614173228348,0.16535433070866143
appearance,0.09880239520958084,0.17365269461077845,0.0748502994011976,0.13173652694610777,0.1467065868263473,0.09481037924151697,0.07884231536926148,0.20059880239520958
whole,0.09564509564509564,0.17338217338217338,0.06471306471306472,0.1343101343101343,0.14367114367114367,0.09645909645909646,0.07733007733007732,0.21448921448921446
front,0.1326164874551971,0.16666666666666666,0.06272401433691756,0.15232974910394265,0.09677419354838708,0.1164874551971326,0.06451612903225806,0.20788530465949817
overrun,0.11538461538461536,0.1923076923076923,0.05769230769230768,0.15384615384615385,0.11538461538461536,0.17307692307692307,0.05769230769230768,0.1346153846153846
immediately,0.10382059800664452,0.2882059800664452,0.061461794019933555,0.12956810631229235,0.08637873754152825,0.08305647840531562,0.06395348837209303,0.1835548172757475
portal,0.1450381679389313,0.11450381679389311,0.09160305343511449,0.17557251908396945,0.1297709923664122,0.1450381679389313,0.061068702290076333,0.13740458015267176
great,0.08923959827833573,0.16585365853658537,0.06944045911047346,0.1351506456241033,0.1406025824964132,0.10760401721664277,0.08579626972740316,0.20631276901004303
beneath,0.08575031525851197,0.15889029003783103,0.07187894073139975,0.14627994955863807,0.13114754098360656,0.13619167717528374,0.1008827238335435,0.16897856242118536
look,0.09216589861751151,0.1658986175115207,0.06835637480798772,0.12365591397849461,0.13901689708141318,0.10675883256528418,0.09216589861751151,0.21198156682027647
hunting,0.1978021978021978,0.25274725274725274,0.04945054945054945,0.21978021978021975,0.06593406593406592,0.0824175824175824,0.05494505494505494,0.07692307692307691
huge,0.10227272727272728,0.1553030303030303,0.07007575757575758,0.16666666666666666,0.11363636363636363,0.14204545454545456,0.06439393939393939,0.18560606060606058
baronial,0.06521739130434782,0.15217391304347827,0.10869565217391304,0.08695652173913045,0.15217391304347827,0.10869565217391304,0.06521739130434782,0.2608695652173913
pile,0.07894736842105264,0.21052631578947367,0.06140350877192983,0.07017543859649124,0.1842105263157895,0.10526315789473684,0.07894736842105264,0.21052631578947367
manner,0.10858835143139191,0.16683119447186573,0.06811451135241856,0.140177690029615,0.12043435340572557,0.10167818361303059,0.0700888450148075,0.2240868706811451
gave,0.11010830324909747,0.16305655836341756,0.06859205776173286,0.13477737665463296,0.1341756919374248,0.09867629362214199,0.07460890493381468,0.21600481347773764
birth,0.04642857142857143,0.20357142857142857,0.039285714285714285,0.1392857142857143,0.2178571428571429,0.05357142857142857,0.0642857142857143,0.23571428571428574
existence,0.09879518072289155,0.17108433734939754,0.06506024096385542,0.1253012048192771,0.15662650602409636,0.10602409638554215,0.07228915662650601,0.2048192771084337
part,0.08993399339933993,0.18151815181518152,0.06188118811881188,0.13366336633663364,0.12995049504950495,0.10891089108910891,0.07136963696369636,0.22277227722772278
walls,0.11351351351351353,0.17567567567567569,0.07297297297297298,0.14054054054054055,0.13243243243243244,0.13243243243243244,0.07027027027027027,0.16216216216216217
surrounded,0.10727969348659004,0.13026819923371646,0.07662835249042145,0.13026819923371646,0.1685823754789272,0.11494252873563218,0.05363984674329502,0.21839080459770116
already,0.10526315789473685,0.16734143049932526,0.06410256410256411,0.1437246963562753,0.13022941970310392,0.11605937921727397,0.07152496626180838,0.2017543859649123
stone,0.24703557312252963,0.10869565217391304,0.07114624505928854,0.12845849802371542,0.10869565217391304,0.1225296442687747,0.05731225296442687,0.15612648221343872
quiet,0.0839506172839506,0.15432098765432098,0.053086419753086415,0.11481481481481481,0.13950617283950617,0.20864197530864195,0.07160493827160493,0.17407407407407408
castle,0.13114754098360656,0.11475409836065573,0.06557377049180328,0.14754098360655737,0.14754098360655737,0.11475409836065573,0.04918032786885245,0.22950819672131145
black,0.07701711491442544,0.13202933985330073,0.06479217603911981,0.10880195599022006,0.12102689486552567,0.3092909535452323,0.051344743276283626,0.13569682151589244
greyhound,0.12195121951219512,0.0975609756097561,0.0975609756097561,0.14634146341463414,0.14634146341463414,0.14634146341463414,0.024390243902439025,0.21951219512195125
one,0.09636689475399153,0.16544477028347995,0.07054415118931248,0.138970348647768,0.1324535679374389,0.11665037471489084,0.07502443792766374,0.20454545454545456
began,0.09192825112107623,0.1569506726457399,0.08445440956651719,0.13826606875934228,0.13079222720478326,0.11136023916292974,0.08744394618834081,0.19880418535127056
brought,0.09166206515737163,0.17725013804527887,0.05742683600220873,0.13307564881281062,0.13583655438983988,0.10436223081170626,0.08779679734953065,0.21258972943125345
dogs,0.11528150134048258,0.15013404825737267,0.0777479892761394,0.1581769436997319,0.128686327077748,0.10455764075067024,0.08847184986595175,0.1769436997319035
hound,0.2,0.07142857142857142,0.08571428571428572,0.2285714285714286,0.1142857142857143,0.08571428571428572,0.014285714285714287,0.2
low,0.11707317073170731,0.1573170731707317,0.09268292682926829,0.12560975609756098,0.12682926829268293,0.12195121951219513,0.08414634146341463,0.174390243902439
degree,0.09065155807365438,0.17563739376770537,0.06373937677053823,0.12464589235127478,0.15155807365439092,0.08923512747875353,0.07790368271954673,0.22662889518413595
seen,0.08891752577319588,0.1722508591065292,0.06056701030927836,0.13058419243986255,0.14561855670103094,0.10094501718213059,0.08462199312714777,0.21649484536082475
true,0.07646048109965636,0.10996563573883163,0.05412371134020619,0.09020618556701031,0.24312714776632302,0.09450171821305843,0.04639175257731959,0.28522336769759454
high,0.10309278350515463,0.15463917525773196,0.059278350515463915,0.1357388316151203,0.1400343642611684,0.09450171821305843,0.07903780068728522,0.23367697594501718
pure,0.08878504672897197,0.17289719626168226,0.060747663551401876,0.08878504672897197,0.20560747663551404,0.08878504672897197,0.07009345794392523,0.22429906542056074
blood,0.16080402010050251,0.11180904522613067,0.09296482412060303,0.17462311557788945,0.10050251256281408,0.13693467336683418,0.08417085427135679,0.13819095477386936
lord,0.05561385099685205,0.12486883525708291,0.19045120671563487,0.07764952780692551,0.11490031479538303,0.06558237145855195,0.056663168940188885,0.31427072402938094
knew,0.10737033666969972,0.16014558689717925,0.0718835304822566,0.13284804367606917,0.13739763421292084,0.11101000909918109,0.06824385805277525,0.2111010009099181
read,0.12367491166077738,0.16607773851590105,0.08657243816254416,0.09363957597173145,0.12367491166077738,0.12367491166077738,0.06183745583038869,0.22084805653710246
heard,0.10387513455328311,0.15608180839612487,0.06458557588805167,0.14208826695371368,0.12486544671689989,0.12002152852529602,0.08234660925726588,0.20613562970936491
tall,0.09535452322738384,0.1809290953545232,0.05134474327628361,0.12713936430317846,0.13447432762836184,0.11246943765281171,0.08557457212713934,0.21271393643031783
large,0.10119047619047619,0.16921768707482993,0.06292517006802721,0.1326530612244898,0.13435374149659865,0.108843537414966,0.08333333333333333,0.20748299319727892
simple,0.07881773399014778,0.18226600985221678,0.04679802955665025,0.11822660098522167,0.1748768472906404,0.09605911330049262,0.07635467980295567,0.22660098522167488
rustic,0.07200000000000001,0.16,0.07200000000000001,0.128,0.152,0.10400000000000001,0.112,0.2
green,0.0642570281124498,0.14190093708166,0.038821954484605084,0.08299866131191433,0.2463186077643909,0.08835341365461848,0.06693440428380189,0.2704149933065596
evidently,0.11020408163265306,0.1346938775510204,0.11020408163265306,0.1346938775510204,0.14285714285714285,0.10204081632653061,0.04897959183673469,0.2163265306122449
came,0.09682804674457429,0.17028380634390652,0.0651085141903172,0.14148580968280466,0.12771285475792987,0.11435726210350584,0.08889816360601002,0.1953255425709516
walk,0.09259259259259259,0.17283950617283952,0.07098765432098765,0.11419753086419754,0.15123456790123457,0.09259259259259259,0.0771604938271605,0.22839506172839508
along,0.09323432343234324,0.16006600660066006,0.04785478547854785,0.15429042904290427,0.12871287128712872,0.14026402640264027,0.08415841584158416,0.1914191419141914
grave,0.09242618741976895,0.09242618741976895,0.06033376123234917,0.21566110397946087,0.10269576379974327,0.20410783055198975,0.057766367137355584,0.17458279845956354
took,0.10908193484698914,0.1539980256663376,0.07601184600197433,0.13672260612043435,0.11253701875616978,0.1140177690029615,0.07996051332675222,0.21767028627838106
seemed,0.09448123620309049,0.15099337748344369,0.0728476821192053,0.1346578366445916,0.1390728476821192,0.12141280353200881,0.09492273730684327,0.19161147902869755
consider,0.09876543209876544,0.13580246913580246,0.14814814814814814,0.09876543209876544,0.1234567901234568,0.09876543209876544,0.09876543209876544,0.19753086419753088
dignity,0.04504504504504505,0.15315315315315317,0.05405405405405406,0.12612612612612614,0.14414414414414417,0.07207207207207209,0.07207207207207209,0.33333333333333337
called,0.09746109746109746,0.18018018018018017,0.07780507780507781,0.12694512694512694,0.12448812448812449,0.09254709254709255,0.07452907452907453,0.22604422604422603
hearty,0.04680851063829787,0.2170212765957447,0.05106382978723404,0.06808510638297872,0.19999999999999998,0.05106382978723404,0.09361702127659574,0.2723404255319149
door,0.0941798941798942,0.15873015873015875,0.07724867724867726,0.1470899470899471,0.11005291005291006,0.12804232804232804,0.06666666666666667,0.21798941798941798
hand,0.10886377156454492,0.16329565734681736,0.07019631171921475,0.1430696014277216,0.12224866151100537,0.11273051754907792,0.07971445568114217,0.19988102320047593
said,0.09449866903283052,0.15173025732031942,0.06713989943803608,0.12170955338657201,0.13206152026027804,0.10248447204968944,0.07852706299911269,0.25184856551316176
afterward,0.05555555555555555,0.2222222222222222,0.05555555555555555,0.09722222222222221,0.19444444444444442,0.08333333333333333,0.06944444444444443,0.2222222222222222
see,0.10272693313410534,0.15689204333208814,0.06910720956294358,0.14008218154650728,0.13373178931639895,0.11617482256257004,0.08554351886440044,0.19574150168098617
man,0.10558188520273828,0.14823591363875724,0.07727751448130596,0.13375460768825698,0.13678251711427067,0.10571353343865193,0.0756977356503423,0.21695629278567669
ride,0.08495145631067962,0.18446601941747573,0.0412621359223301,0.13106796116504854,0.14320388349514562,0.08495145631067962,0.09466019417475728,0.2354368932038835
air,0.10460251046025104,0.15564853556485356,0.05774058577405857,0.14058577405857742,0.15397489539748954,0.12468619246861924,0.09288702928870293,0.16987447698744768
scotch,0.11702127659574467,0.14893617021276592,0.11702127659574467,0.08510638297872339,0.19148936170212763,0.11702127659574467,0.08510638297872339,0.1382978723404255
hills,0.07655502392344497,0.15550239234449761,0.0861244019138756,0.15789473684210525,0.14114832535885166,0.13157894736842105,0.09090909090909091,0.16028708133971292
enough,0.0951086956521739,0.16644021739130435,0.07133152173913043,0.1345108695652174,0.1345108695652174,0.12228260869565218,0.08220108695652174,0.19361413043478262
found,0.06881009615384615,0.1141826923076923,0.047475961538461536,0.10006009615384615,0.22776442307692304,0.07932692307692307,0.05108173076923077,0.3112980769230769
seated,0.07739307535641547,0.17311608961303462,0.05906313645621181,0.10794297352342158,0.17311608961303462,0.09572301425661914,0.08146639511201628,0.2321792260692464
present,0.061370947785201684,0.19500123731749566,0.04058401385795595,0.09279881217520417,0.168027715911903,0.07374412274189557,0.135609997525365,0.23286315268497895
family,0.08939580764488286,0.17324290998766956,0.06781750924784218,0.1152897657213317,0.14364981504315663,0.11159062885326758,0.06720098643649815,0.23181257706535144
mrs.,0.06168831168831169,0.19805194805194806,0.05844155844155845,0.09090909090909091,0.1461038961038961,0.07467532467532467,0.08116883116883118,0.288961038961039
daughter,0.07261247040252565,0.15548539857932123,0.055248618784530384,0.10023677979479084,0.2770323599052881,0.08602999210734016,0.06629834254143646,0.18705603788476716
sophia,0.13043478260869565,0.18260869565217394,0.04347826086956522,0.08695652173913045,0.18260869565217394,0.06956521739130436,0.0956521739130435,0.20869565217391306
fine,0.08886509635974305,0.17558886509635974,0.05353319057815847,0.12312633832976447,0.14668094218415417,0.10706638115631693,0.07815845824411136,0.22698072805139188
miss,0.05070422535211268,0.2028169014084507,0.05633802816901408,0.08732394366197184,0.19154929577464788,0.07042253521126761,0.07605633802816901,0.2647887323943662
two,0.09020254357041922,0.18181818181818182,0.06335374470089496,0.13848327837965144,0.1311822892133773,0.10480452190296749,0.07324540744229864,0.21691003297220915
three,0.09223790322580645,0.17641129032258063,0.07157258064516128,0.1350806451612903,0.13659274193548387,0.10433467741935483,0.08518145161290322,0.19858870967741934
walter,0.09090909090909091,0.14772727272727273,0.06818181818181818,0.11363636363636363,0.1590909090909091,0.06818181818181818,0.14772727272727273,0.20454545454545456
boy,0.0746268656716418,0.1492537313432836,0.21584385763490244,0.095292766934558,0.12169919632606202,0.0849598163030999,0.07577497129735937,0.18254879448909303
age,0.0933806146572104,0.16666666666666669,0.06973995271867613,0.11229314420803783,0.1690307328605201,0.08156028368794326,0.08865248226950355,0.21867612293144206
soon,0.09048136083966703,0.17408613825551936,0.06623235613463627,0.1407889974665219,0.13137893593919653,0.11617806731813247,0.07926167209554832,0.20159247195077812
felt,0.11130434782608696,0.15565217391304348,0.07304347826086957,0.14347826086956522,0.13217391304347825,0.1373913043478261,0.07826086956521738,0.16869565217391305
quite,0.09161490683229813,0.16925465838509315,0.05745341614906832,0.11490683229813664,0.14751552795031056,0.11956521739130435,0.08385093167701864,0.21583850931677018
home,0.06794425087108014,0.21254355400696867,0.06358885017421603,0.11149825783972127,0.14982578397212545,0.10191637630662022,0.0740418118466899,0.21864111498257838
heart,0.10472279260780287,0.148186173853525,0.0732375085557837,0.13107460643394936,0.1563997262149213,0.12662559890485967,0.08624229979466119,0.17351129363449694
thought,0.08716785482825663,0.2858068697342839,0.06416072585871678,0.11665586519766688,0.11406351263771872,0.08943616331821126,0.06740116655865197,0.1753078418664938
make,0.0882440035534498,0.17145395321291085,0.06455433816997334,0.11992893100384958,0.14006514657980457,0.10245780278353568,0.07639917086171158,0.2368966538347646
mere,0.10393700787401573,0.14015748031496064,0.07716535433070865,0.152755905511811,0.12125984251968502,0.11811023622047243,0.07401574803149605,0.21259842519685038
let,0.11796407185628743,0.1562874251497006,0.08023952095808383,0.1341317365269461,0.12095808383233533,0.09880239520958084,0.08742514970059881,0.20419161676646708
must,0.10138844042621895,0.17307071359380047,0.06813044882144012,0.13690668388763322,0.12399095899257347,0.1126896997093962,0.07168227316758155,0.21214078140135617
neighborhood,0.09306260575296108,0.29441624365482233,0.06768189509306259,0.13367174280879862,0.10321489001692047,0.07614213197969542,0.04737732656514382,0.18443316412859556
like,0.11479185119574843,0.14898139946855624,0.0807794508414526,0.14720992028343666,0.1279007971656333,0.1252435783879539,0.07883082373782106,0.17626217891939766
several,0.1111111111111111,0.1705653021442495,0.05847953216374268,0.15107212475633527,0.11500974658869394,0.11793372319688109,0.07504873294346978,0.20077972709551656
days,0.11657083115525353,0.18714061683220073,0.06272869837950862,0.1228437009932044,0.1338212232096184,0.1097752221641401,0.08154730789336122,0.18557239937271303
world,0.08456082924168032,0.16366612111292964,0.06655755591925805,0.12493180578286961,0.16693944353518822,0.10965630114566285,0.06819421713038734,0.215493726132024
able,0.06968641114982578,0.15679442508710803,0.05226480836236934,0.12369337979094076,0.1480836236933798,0.10452961672473868,0.08710801393728224,0.25783972125435545
household,0.07250755287009064,0.17824773413897282,0.0664652567975831,0.08761329305135952,0.1570996978851964,0.10876132930513598,0.0906344410876133,0.23867069486404838
affairs,0.08433734939759038,0.16867469879518077,0.02811244979919679,0.12449799196787151,0.14859437751004018,0.07630522088353414,0.08433734939759038,0.28514056224899603
charge,0.11882716049382716,0.1558641975308642,0.05709876543209877,0.1419753086419753,0.12037037037037038,0.08796296296296297,0.04320987654320988,0.2746913580246914
son,0.10584677419354838,0.13911290322580644,0.09274193548387095,0.12399193548387095,0.13205645161290322,0.11290322580645161,0.07258064516129033,0.22076612903225806
learned,0.06666666666666667,0.2,0.035897435897435895,0.1076923076923077,0.1794871794871795,0.08205128205128205,0.08717948717948718,0.24102564102564103
things,0.08586296617519515,0.16738941890719863,0.06418039895923677,0.10841283607979185,0.15004336513443192,0.09019947961838683,0.0797918473547268,0.2541196877710321
ruin,0.06167400881057269,0.11013215859030838,0.05286343612334801,0.2246696035242291,0.1013215859030837,0.2158590308370044,0.07048458149779736,0.16299559471365638
friend,0.06496272630457935,0.11608093716719914,0.04046858359957402,0.08732694355697551,0.24014909478168264,0.06123535676251332,0.06496272630457935,0.3248136315228967
johnny,0.05555555555555555,0.13333333333333333,0.05555555555555555,0.12222222222222222,0.13333333333333333,0.15555555555555556,0.07777777777777778,0.26666666666666666
bower,0.05970149253731344,0.1044776119402985,0.05970149253731344,0.11940298507462688,0.16417910447761194,0.13432835820895522,0.07462686567164178,0.2835820895522388
tell,0.08326394671107411,0.14987510407993337,0.07743547044129892,0.1240632805995004,0.11407160699417153,0.10491257285595337,0.093255620316403,0.25312239800166525
truth,0.08131241084165479,0.12410841654778888,0.054208273894436526,0.09843081312410842,0.10271041369472185,0.09129814550641942,0.07845934379457918,0.36947218259629105
good,0.050578551831086734,0.20231420732434693,0.03769533579864011,0.06370034593820828,0.196230466420136,0.05212930931647382,0.14815698437313612,0.24919479899797212
deal,0.044444444444444446,0.2,0.041666666666666664,0.06111111111111111,0.19583333333333333,0.05555555555555555,0.1625,0.2388888888888889
upon,0.10380596445732591,0.1587216840820685,0.06711921287468538,0.14606055983525285,0.1226451071619251,0.12218747616505223,0.07695827930745176,0.20250171611623827
believe,0.08626560726447219,0.16799091940976163,0.06129398410896708,0.11804767309875142,0.1441543700340522,0.0851305334846765,0.0771850170261067,0.2599318955732122
unless,0.10769230769230768,0.20307692307692307,0.04615384615384615,0.14769230769230768,0.12,0.09846153846153846,0.06461538461538462,0.21230769230769228
back,0.10463917525773195,0.1670103092783505,0.0690721649484536,0.1324742268041237,0.12319587628865979,0.11597938144329896,0.08556701030927835,0.20206185567010307
take,0.09565831274267562,0.16166607836216026,0.062477938581009536,0.12636780797740912,0.1196611366043064,0.11824920578891636,0.0857747970349453,0.23014472290857751
ramble,0.03333333333333333,0.13333333333333333,0.03333333333333333,0.03333333333333333,0.26666666666666666,0.19999999999999996,0.0,0.3
next,0.07223476297968397,0.19977426636568849,0.05417607223476297,0.1252821670428894,0.1433408577878104,0.11512415349887134,0.09029345372460496,0.19977426636568849
day,0.08480565371024736,0.19135634683337865,0.05708072845882033,0.1220440337048111,0.15384615384615385,0.09812449035063878,0.08263114976895897,0.21011144332699103
well,0.09402350587646911,0.16854213553388347,0.06376594148537135,0.13728432108027006,0.14253563390847712,0.09977494373593399,0.07551887971992997,0.2185546386596649
worth,0.0821917808219178,0.16780821917808217,0.0684931506849315,0.14726027397260275,0.136986301369863,0.0958904109589041,0.07191780821917808,0.22945205479452052
seeing,0.08940397350993379,0.17218543046357618,0.06456953642384106,0.13079470198675497,0.12748344370860928,0.10761589403973511,0.10596026490066227,0.20198675496688745
word,0.08202247191011236,0.12921348314606743,0.046629213483146074,0.10730337078651686,0.11292134831460675,0.0904494382022472,0.06910112359550562,0.36235955056179775
got,0.10117878192534382,0.16601178781925346,0.068762278978389,0.1414538310412574,0.11198428290766209,0.12475442043222006,0.08546168958742634,0.200392927308448
romance,0.022556390977443608,0.16165413533834588,0.022556390977443608,0.14285714285714288,0.18421052631578946,0.14285714285714288,0.13533834586466167,0.18796992481203012
suddenly,0.10223048327137547,0.13847583643122677,0.05018587360594796,0.15148698884758366,0.0762081784386617,0.11988847583643122,0.23327137546468402,0.12825278810408922
opened,0.10230179028132992,0.15601023017902813,0.08439897698209718,0.12020460358056265,0.1329923273657289,0.12020460358056265,0.09207161125319693,0.1918158567774936
oft,0.044642857142857144,0.1875,0.0625,0.10714285714285714,0.22321428571428573,0.044642857142857144,0.11607142857142858,0.21428571428571427
companion,0.05413105413105414,0.11965811965811968,0.038461538461538464,0.11111111111111112,0.22792022792022792,0.0925925925925926,0.05982905982905984,0.29629629629629634
anecdote,0.12121212121212122,0.15151515151515152,0.0909090909090909,0.0909090909090909,0.1818181818181818,0.0909090909090909,0.06060606060606061,0.21212121212121213
father,0.06945054945054945,0.15802197802197798,0.05120879120879121,0.09648351648351647,0.1292307692307692,0.08879120879120878,0.06285714285714285,0.34395604395604396
quaint,0.09909909909909911,0.15315315315315317,0.07207207207207209,0.09909909909909911,0.20720720720720723,0.09909909909909911,0.04504504504504505,0.22522522522522526
remarks,0.13114754098360656,0.13114754098360656,0.09836065573770492,0.11475409836065574,0.1639344262295082,0.13114754098360656,0.0819672131147541,0.1475409836065574
derived,0.07692307692307694,0.1730769230769231,0.07692307692307694,0.10576923076923078,0.1634615384615385,0.07692307692307694,0.06730769230769232,0.25961538461538464
scottish,0.10091743119266056,0.1559633027522936,0.06422018348623854,0.13761467889908258,0.2018348623853211,0.09174311926605505,0.027522935779816515,0.22018348623853212
