,anger,anticipation,disgust,fear,joy,sadness,surprise,trust
project,0.11842105263157894,0.16940789473684212,0.047697368421052634,0.047697368421052634,0.09868421052631579,0.08717105263157894,0.01644736842105263,0.4144736842105263
gutenberg,0.07547169811320754,0.23270440251572327,0.03773584905660377,0.050314465408805034,0.0440251572327044,0.16981132075471697,0.0,0.389937106918239
use,0.17770034843205576,0.11846689895470383,0.08710801393728224,0.1672473867595819,0.10104529616724739,0.11846689895470383,0.04529616724738676,0.18466898954703834
anyone,0.10666666666666667,0.2,0.05333333333333334,0.10666666666666667,0.10666666666666667,0.08,0.013333333333333334,0.3333333333333333
may,0.15302491103202848,0.1423487544483986,0.09252669039145907,0.1387900355871886,0.08896797153024912,0.11743772241992882,0.03202846975088968,0.23487544483985764
copy,0.21153846153846154,0.08653846153846154,0.09615384615384616,0.057692307692307696,0.028846153846153848,0.07692307692307693,0.019230769230769232,0.4230769230769231
away,0.11764705882352941,0.16176470588235295,0.07352941176470588,0.1715686274509804,0.08823529411764706,0.18137254901960784,0.04411764705882353,0.16176470588235295
terms,0.1270718232044199,0.10497237569060773,0.049723756906077346,0.09392265193370165,0.1270718232044199,0.08287292817679558,0.04419889502762431,0.3701657458563536
license,0.1111111111111111,0.2222222222222222,0.05555555555555555,0.08333333333333333,0.1388888888888889,0.08333333333333333,0.027777777777777776,0.2777777777777778
's,0.12779783393501806,0.13429602888086642,0.06570397111913358,0.16462093862815885,0.10830324909747292,0.12707581227436823,0.051263537906137184,0.22093862815884477
copyright,0.08888888888888889,0.17777777777777778,0.08888888888888889,0.044444444444444446,0.044444444444444446,0.08888888888888889,0.022222222222222223,0.4444444444444444
ship,0.08571428571428572,0.4114285714285714,0.02857142857142857,0.09714285714285714,0.06285714285714286,0.13142857142857142,0.05142857142857143,0.13142857142857142
could,0.12049433573635428,0.15756951596292482,0.05252317198764161,0.14727085478887744,0.12461380020597322,0.12564366632337795,0.042224510813594233,0.22966014418125644
n't,0.07142857142857142,0.2571428571428571,0.04285714285714286,0.18095238095238095,0.06190476190476191,0.16666666666666666,0.09047619047619047,0.12857142857142856
new,0.10832497492477432,0.16549648946840523,0.06018054162487462,0.1283851554663992,0.119358074222668,0.15546639919759278,0.055165496489468405,0.20762286860581744
planet,0.038461538461538464,0.21153846153846154,0.038461538461538464,0.09615384615384616,0.15384615384615385,0.1346153846153846,0.15384615384615385,0.17307692307692307
back,0.11842105263157894,0.13157894736842105,0.05263157894736842,0.15789473684210525,0.13815789473684212,0.125,0.08552631578947369,0.19078947368421054
old,0.08403361344537816,0.15126050420168066,0.03361344537815126,0.15966386554621848,0.11764705882352941,0.1092436974789916,0.08403361344537816,0.2605042016806723
every,0.06829268292682927,0.3073170731707317,0.04878048780487805,0.08292682926829269,0.14634146341463414,0.12682926829268293,0.06341463414634146,0.15609756097560976
without,0.1167192429022082,0.14195583596214512,0.0694006309148265,0.1640378548895899,0.138801261829653,0.10725552050473186,0.03785488958990536,0.22397476340694006
long,0.08292682926829269,0.36097560975609755,0.024390243902439025,0.1073170731707317,0.11219512195121951,0.0975609756097561,0.04390243902439024,0.17073170731707318
small,0.12080536912751678,0.174496644295302,0.0738255033557047,0.174496644295302,0.10067114093959731,0.1476510067114094,0.026845637583892617,0.18120805369127516
man,0.12526096033402923,0.1544885177453027,0.06263048016701461,0.1440501043841336,0.12317327766179541,0.1649269311064718,0.05219206680584551,0.1732776617954071
...,0.09821428571428571,0.1875,0.05357142857142857,0.09821428571428571,0.125,0.0625,0.125,0.25
said,0.1064891846921797,0.15640599001663893,0.06156405990016639,0.15973377703826955,0.11647254575707154,0.13477537437603992,0.056572379367720464,0.2079866888519135
ives,0.09,0.12,0.07,0.16,0.09,0.26,0.05,0.16
turned,0.10526315789473684,0.10526315789473684,0.09473684210526316,0.12631578947368421,0.07368421052631578,0.17894736842105263,0.11578947368421053,0.2
johnny,0.018867924528301886,0.16037735849056603,0.02830188679245283,0.1320754716981132,0.1792452830188679,0.11320754716981132,0.1320754716981132,0.2358490566037736
hoskins,0.07368421052631578,0.17894736842105263,0.010526315789473684,0.18947368421052632,0.09473684210526316,0.18947368421052632,0.06315789473684211,0.2
head,0.1891891891891892,0.05405405405405406,0.02702702702702703,0.13513513513513514,0.08108108108108109,0.16216216216216217,0.16216216216216217,0.1891891891891892
good,0.055793991416309016,0.20600858369098712,0.034334763948497854,0.07725321888412018,0.21030042918454936,0.04721030042918455,0.15021459227467812,0.21888412017167383
captain,0.06666666666666667,0.12222222222222222,0.044444444444444446,0.16666666666666666,0.12222222222222222,0.16666666666666666,0.1,0.2111111111111111
anderson,0.06349206349206349,0.20634920634920634,0.015873015873015872,0.1111111111111111,0.20634920634920634,0.12698412698412698,0.015873015873015872,0.25396825396825395
way,0.07973421926910298,0.2026578073089701,0.05647840531561462,0.12292358803986711,0.1362126245847176,0.11627906976744186,0.04983388704318937,0.23588039867109634
even,0.14928909952606634,0.13744075829383887,0.07109004739336493,0.14928909952606634,0.0971563981042654,0.14454976303317535,0.04976303317535545,0.2014218009478673
paresi,0.12056737588652482,0.12056737588652482,0.07092198581560284,0.1347517730496454,0.04964539007092199,0.2127659574468085,0.10638297872340426,0.18439716312056736
doctor,0.023809523809523808,0.047619047619047616,0.023809523809523808,0.047619047619047616,0.07142857142857142,0.11904761904761904,0.047619047619047616,0.6190476190476191
bulkhead,0.14285714285714285,0.11428571428571428,0.0,0.2,0.0,0.3142857142857143,0.05714285714285714,0.17142857142857143
one,0.13053613053613053,0.13636363636363635,0.05244755244755245,0.18181818181818182,0.11421911421911422,0.1282051282051282,0.055944055944055944,0.20046620046620048
like,0.11550151975683891,0.17933130699088146,0.06990881458966565,0.16109422492401215,0.12158054711246201,0.13069908814589665,0.0486322188449848,0.17325227963525835
thing,0.056338028169014086,0.2676056338028169,0.056338028169014086,0.09859154929577464,0.09859154929577464,0.16901408450704225,0.1267605633802817,0.1267605633802817
'm,0.07692307692307693,0.15384615384615385,0.15384615384615385,0.20512820512820512,0.05128205128205128,0.15384615384615385,0.05128205128205128,0.15384615384615385
'll,0.08333333333333333,0.3055555555555556,0.027777777777777776,0.16666666666666666,0.1111111111111111,0.027777777777777776,0.16666666666666666,0.1111111111111111
get,0.08737864077669903,0.24271844660194175,0.08737864077669903,0.18446601941747573,0.07766990291262135,0.14563106796116504,0.05825242718446602,0.11650485436893204
ca,0.10810810810810811,0.21621621621621623,0.08108108108108109,0.21621621621621623,0.0,0.1891891891891892,0.08108108108108109,0.10810810810810811
control,0.1044776119402985,0.15920398009950248,0.05472636815920398,0.1791044776119403,0.11940298507462686,0.13432835820895522,0.03482587064676617,0.21393034825870647
hand,0.1375,0.13125,0.06875,0.1625,0.09375,0.175,0.05625,0.175
went,0.13076923076923078,0.13846153846153847,0.03076923076923077,0.16153846153846155,0.14615384615384616,0.12307692307692308,0.015384615384615385,0.25384615384615383
part,0.11724137931034483,0.1206896551724138,0.05862068965517241,0.1413793103448276,0.15172413793103448,0.11724137931034483,0.03103448275862069,0.2620689655172414
know,0.09210526315789473,0.09210526315789473,0.06578947368421052,0.14473684210526316,0.11842105263157894,0.17105263157894737,0.07894736842105263,0.23684210526315788
time,0.07820646506777894,0.397288842544317,0.03858185610010428,0.10948905109489052,0.08446298227320125,0.12721584984358708,0.05213764337851929,0.11261730969760167
right,0.15319148936170213,0.14468085106382977,0.05106382978723404,0.11063829787234042,0.11914893617021277,0.1276595744680851,0.05531914893617021,0.23829787234042554
things,0.0673076923076923,0.21153846153846154,0.057692307692307696,0.09615384615384616,0.125,0.125,0.07692307692307693,0.2403846153846154
us,0.12631578947368421,0.16842105263157894,0.03684210526315789,0.15263157894736842,0.11578947368421053,0.1368421052631579,0.07368421052631578,0.18947368421052632
remember,0.06976744186046512,0.4186046511627907,0.023255813953488372,0.09302325581395349,0.09302325581395349,0.11627906976744186,0.09302325581395349,0.09302325581395349
're,0.1346153846153846,0.17307692307692307,0.09615384615384616,0.23076923076923078,0.09615384615384616,0.057692307692307696,0.07692307692307693,0.1346153846153846
something,0.11538461538461539,0.25,0.057692307692307696,0.14423076923076922,0.1346153846153846,0.11538461538461539,0.057692307692307696,0.125
costs,0.12,0.12,0.08,0.12,0.04,0.12,0.04,0.36
information,0.045454545454545456,0.16666666666666666,0.0,0.10606060606060606,0.12121212121212122,0.07575757575757576,0.0,0.48484848484848486
work,0.1335559265442404,0.18697829716193656,0.035058430717863104,0.07178631051752922,0.12520868113522537,0.09015025041736227,0.045075125208681135,0.3121869782971619
made,0.13953488372093023,0.13953488372093023,0.05708245243128964,0.17970401691331925,0.09090909090909091,0.14587737843551796,0.03382663847780127,0.2135306553911205
still,0.14803625377643503,0.12084592145015106,0.06948640483383686,0.1510574018126888,0.10574018126888217,0.16012084592145015,0.04229607250755287,0.20241691842900303
port,0.1111111111111111,0.2222222222222222,0.027777777777777776,0.1111111111111111,0.16666666666666666,0.16666666666666666,0.027777777777777776,0.16666666666666666
agree,0.19387755102040816,0.1326530612244898,0.07142857142857142,0.08163265306122448,0.061224489795918366,0.11224489795918367,0.030612244897959183,0.3163265306122449
fight,0.2698412698412698,0.06878306878306878,0.0582010582010582,0.291005291005291,0.06349206349206349,0.09523809523809523,0.042328042328042326,0.1111111111111111
case,0.08823529411764706,0.125,0.029411764705882353,0.25735294117647056,0.08823529411764706,0.23529411764705882,0.04411764705882353,0.1323529411764706
....,0.07207207207207207,0.18018018018018017,0.036036036036036036,0.12612612612612611,0.14414414414414414,0.15315315315315314,0.12612612612612611,0.16216216216216217
purpose,0.09782608695652174,0.2391304347826087,0.05434782608695652,0.08695652173913043,0.14130434782608695,0.1956521739130435,0.043478260869565216,0.14130434782608695
set,0.17054263565891473,0.12403100775193798,0.03875968992248062,0.10852713178294573,0.12403100775193798,0.13178294573643412,0.046511627906976744,0.2558139534883721
face,0.13761467889908258,0.05504587155963303,0.10091743119266056,0.1834862385321101,0.09174311926605505,0.21100917431192662,0.07339449541284404,0.14678899082568808
couch,0.09523809523809523,0.0,0.11904761904761904,0.09523809523809523,0.023809523809523808,0.47619047619047616,0.07142857142857142,0.11904761904761904
god,0.07352941176470588,0.1875,0.04411764705882353,0.20955882352941177,0.16911764705882354,0.07352941176470588,0.01838235294117647,0.22426470588235295
broke,0.05747126436781609,0.09195402298850575,0.034482758620689655,0.28735632183908044,0.09195402298850575,0.27586206896551724,0.04597701149425287,0.11494252873563218
suddenly,0.11864406779661017,0.1016949152542373,0.06779661016949153,0.15254237288135594,0.05084745762711865,0.11864406779661017,0.3389830508474576,0.05084745762711865
forth,0.15730337078651685,0.14606741573033707,0.06741573033707865,0.056179775280898875,0.1348314606741573,0.07865168539325842,0.0449438202247191,0.3146067415730337
keep,0.10476190476190476,0.2571428571428571,0.0380952380952381,0.13333333333333333,0.11428571428571428,0.12380952380952381,0.047619047619047616,0.18095238095238095
leave,0.0,0.15,0.0,0.05,0.0,0.425,0.375,0.0
must,0.1373134328358209,0.14328358208955225,0.07164179104477612,0.14328358208955225,0.0955223880597015,0.11940298507462686,0.050746268656716415,0.23880597014925373
darkness,0.2857142857142857,0.07142857142857142,0.023809523809523808,0.30952380952380953,0.0,0.2857142857142857,0.023809523809523808,0.0
blackness,0.02127659574468085,0.06382978723404255,0.0,0.3404255319148936,0.0425531914893617,0.425531914893617,0.0425531914893617,0.06382978723404255
works,0.12,0.18222222222222223,0.07111111111111111,0.05333333333333334,0.1288888888888889,0.022222222222222223,0.022222222222222223,0.4
full,0.1610738255033557,0.16778523489932887,0.06711409395973154,0.10738255033557047,0.10067114093959731,0.14093959731543623,0.053691275167785234,0.20134228187919462
associated,0.07368421052631578,0.2,0.021052631578947368,0.06315789473684211,0.17894736842105263,0.08421052631578947,0.042105263157894736,0.3368421052631579
public,0.10404624277456648,0.3236994219653179,0.046242774566473986,0.11560693641618497,0.06936416184971098,0.09248554913294797,0.011560693641618497,0.23699421965317918
united,0.06844106463878327,0.1596958174904943,0.03802281368821293,0.12167300380228137,0.07604562737642585,0.07604562737642585,0.03802281368821293,0.4220532319391635
states,0.12080536912751678,0.13590604026845637,0.07885906040268456,0.15268456375838926,0.08557046979865772,0.1174496644295302,0.03859060402684564,0.2701342281879195
foundation,0.11320754716981132,0.1509433962264151,0.031446540880503145,0.025157232704402517,0.07547169811320754,0.14465408805031446,0.006289308176100629,0.4528301886792453
distributing,0.16666666666666666,0.16666666666666666,0.06666666666666667,0.03333333333333333,0.1,0.1,0.0,0.36666666666666664
gutenberg-tm,0.14084507042253522,0.15023474178403756,0.051643192488262914,0.046948356807511735,0.11267605633802817,0.06103286384976526,0.018779342723004695,0.41784037558685444
electronic,0.18181818181818182,0.12121212121212122,0.06493506493506493,0.04329004329004329,0.09956709956709957,0.1038961038961039,0.047619047619047616,0.33766233766233766
trademark,0.1891891891891892,0.10810810810810811,0.05405405405405406,0.02702702702702703,0.08108108108108109,0.16216216216216217,0.0,0.3783783783783784
copies,0.21212121212121213,0.12121212121212122,0.12121212121212122,0.09090909090909091,0.09090909090909091,0.0,0.0,0.36363636363636365
distribution,0.09090909090909091,0.22727272727272727,0.0,0.045454545454545456,0.09090909090909091,0.0,0.0,0.5454545454545454
agreement,0.12751677852348994,0.0738255033557047,0.040268456375838924,0.026845637583892617,0.053691275167785234,0.08053691275167785,0.013422818791946308,0.5838926174496645
paid,0.2876712328767123,0.1917808219178082,0.0,0.0136986301369863,0.1095890410958904,0.0684931506849315,0.1232876712328767,0.2054794520547945
fee,0.35294117647058826,0.11764705882352941,0.058823529411764705,0.0,0.11764705882352941,0.0,0.0,0.35294117647058826
access,0.1935483870967742,0.13978494623655913,0.08602150537634409,0.06451612903225806,0.12903225806451613,0.053763440860215055,0.021505376344086023,0.3118279569892473
refund,0.24615384615384617,0.12307692307692308,0.046153846153846156,0.015384615384615385,0.12307692307692308,0.12307692307692308,0.09230769230769231,0.23076923076923078
paragraph,0.3142857142857143,0.05714285714285714,0.05714285714285714,0.02857142857142857,0.05714285714285714,0.17142857142857143,0.02857142857142857,0.2857142857142857
literary,0.11363636363636363,0.1590909090909091,0.03409090909090909,0.011363636363636364,0.07954545454545454,0.2159090909090909,0.011363636363636364,0.375
archive,0.13793103448275862,0.13793103448275862,0.034482758620689655,0.0,0.034482758620689655,0.20689655172413793,0.0,0.4482758620689655
fees,0.13636363636363635,0.13636363636363635,0.045454545454545456,0.0,0.045454545454545456,0.13636363636363635,0.0,0.5
including,0.12931034482758622,0.15517241379310345,0.02586206896551724,0.0603448275862069,0.11206896551724138,0.14655172413793102,0.0,0.3706896551724138
provide,0.09345794392523364,0.09813084112149532,0.03271028037383177,0.04672897196261682,0.11214953271028037,0.07009345794392523,0.04205607476635514,0.5046728971962616
owner,0.21518987341772153,0.08860759493670886,0.06329113924050633,0.06329113924050633,0.0379746835443038,0.20253164556962025,0.0,0.3291139240506329
donations,0.0,0.23333333333333334,0.0,0.0,0.1,0.1,0.0,0.5666666666666667
replacement,0.24324324324324326,0.08108108108108109,0.05405405405405406,0.0,0.10810810810810811,0.16216216216216217,0.08108108108108109,0.2702702702702703
limited,0.2621359223300971,0.07281553398058252,0.06310679611650485,0.05825242718446602,0.08737864077669903,0.24757281553398058,0.03398058252427184,0.17475728155339806
damages,0.18571428571428572,0.02857142857142857,0.12857142857142856,0.05714285714285714,0.0,0.34285714285714286,0.0,0.2571428571428571
black,0.0782041998551774,0.1397538015930485,0.04634322954380883,0.09268645908761766,0.12092686459087618,0.30485155684286747,0.03258508327299059,0.18464880521361332
experience,0.11464968152866242,0.09554140127388536,0.05732484076433121,0.16560509554140126,0.09554140127388536,0.2356687898089172,0.050955414012738856,0.18471337579617833
america,0.13472706155632985,0.1254355400696864,0.06155632984901278,0.15331010452961671,0.10685249709639953,0.17770034843205576,0.03484320557491289,0.20557491289198607
norman,0.022727272727272728,0.11363636363636363,0.022727272727272728,0.09090909090909091,0.09090909090909091,0.25,0.0,0.4090909090909091
coombs,0.022222222222222223,0.1111111111111111,0.022222222222222223,0.08888888888888889,0.08888888888888889,0.24444444444444444,0.0,0.4222222222222222
ebook,0.03125,0.09375,0.03125,0.09375,0.09375,0.3125,0.0,0.34375
almost,0.0967741935483871,0.2064516129032258,0.03225806451612903,0.1032258064516129,0.12258064516129032,0.17419354838709677,0.05161290322580645,0.2129032258064516
give,0.12903225806451613,0.1935483870967742,0.03225806451612903,0.11290322580645161,0.16129032258064516,0.14516129032258066,0.03225806451612903,0.1935483870967742
included,0.08433734939759036,0.1566265060240964,0.08433734939759036,0.08433734939759036,0.10843373493975904,0.12048192771084337,0.060240963855421686,0.30120481927710846
immigrant,0.022222222222222223,0.044444444444444446,0.022222222222222223,0.2,0.15555555555555556,0.13333333333333333,0.044444444444444446,0.37777777777777777
heritage,0.12056737588652482,0.09929078014184398,0.06382978723404255,0.16312056737588654,0.06382978723404255,0.16312056737588654,0.02127659574468085,0.3049645390070922
author,0.03225806451612903,0.0967741935483871,0.0,0.0967741935483871,0.06451612903225806,0.25806451612903225,0.0,0.45161290322580644
date,0.047619047619047616,0.23809523809523808,0.0,0.09523809523809523,0.047619047619047616,0.23809523809523808,0.0,0.3333333333333333
1,0.09302325581395349,0.09302325581395349,0.046511627906976744,0.11627906976744186,0.09302325581395349,0.2558139534883721,0.0,0.3023255813953488
start,0.0,0.4166666666666667,0.0,0.027777777777777776,0.08333333333333333,0.16666666666666666,0.027777777777777776,0.2777777777777778
published,0.140625,0.140625,0.0625,0.1875,0.046875,0.234375,0.03125,0.15625
c,0.08333333333333333,0.125,0.041666666666666664,0.08333333333333333,0.08333333333333333,0.125,0.0,0.4583333333333333
claimed,0.10416666666666667,0.08333333333333333,0.09027777777777778,0.1111111111111111,0.1111111111111111,0.16666666666666666,0.027777777777777776,0.3055555555555556
protect,0.10666666666666667,0.18666666666666668,0.04,0.16,0.10666666666666667,0.10666666666666667,0.05333333333333334,0.24
therefore,0.12101910828025478,0.12738853503184713,0.07643312101910828,0.12738853503184713,0.1592356687898089,0.06369426751592357,0.044585987261146494,0.2802547770700637
required,0.07246376811594203,0.14492753623188406,0.043478260869565216,0.13043478260869565,0.11594202898550725,0.057971014492753624,0.08695652173913043,0.34782608695652173
make,0.06726457399103139,0.15246636771300448,0.03587443946188341,0.1210762331838565,0.14349775784753363,0.08968609865470852,0.053811659192825115,0.336322869955157
shared,0.10344827586206896,0.1724137931034483,0.06896551724137931,0.10344827586206896,0.20689655172413793,0.10344827586206896,0.0,0.2413793103448276
whole,0.17857142857142858,0.10714285714285714,0.05357142857142857,0.16071428571428573,0.10714285714285714,0.14285714285714285,0.05357142857142857,0.19642857142857142
freely,0.0,0.14814814814814814,0.0,0.0,0.25925925925925924,0.0,0.037037037037037035,0.5555555555555556
book,0.1,0.2,0.1,0.06666666666666667,0.16666666666666666,0.13333333333333333,0.03333333333333333,0.2
chosen,0.16,0.12,0.1,0.16,0.14,0.14,0.02,0.16
available,0.09523809523809523,0.16666666666666666,0.047619047619047616,0.11904761904761904,0.11904761904761904,0.07142857142857142,0.047619047619047616,0.3333333333333333
want,0.06666666666666667,0.15555555555555556,0.1111111111111111,0.17777777777777778,0.13333333333333333,0.022222222222222223,0.044444444444444446,0.28888888888888886
find,0.06976744186046512,0.20930232558139536,0.023255813953488372,0.18604651162790697,0.11627906976744186,0.13953488372093023,0.06976744186046512,0.18604651162790697
come,0.11009174311926606,0.12844036697247707,0.03669724770642202,0.12844036697247707,0.14678899082568808,0.09174311926605505,0.05504587155963303,0.30275229357798167
neither,0.1896551724137931,0.1206896551724138,0.05172413793103448,0.1896551724137931,0.06896551724137931,0.1724137931034483,0.034482758620689655,0.1724137931034483
official,0.07407407407407407,0.08641975308641975,0.037037037037037035,0.12345679012345678,0.08641975308641975,0.08641975308641975,0.024691358024691357,0.48148148148148145
university,0.06976744186046512,0.3488372093023256,0.031007751937984496,0.07751937984496124,0.10852713178294573,0.11627906976744186,0.05426356589147287,0.1937984496124031
illinois,0.24242424242424243,0.06060606060606061,0.030303030303030304,0.21212121212121213,0.030303030303030304,0.12121212121212122,0.06060606060606061,0.24242424242424243
based,0.11570247933884298,0.09090909090909091,0.049586776859504134,0.15702479338842976,0.09917355371900827,0.11570247933884298,0.03305785123966942,0.33884297520661155
original,0.11764705882352941,0.08823529411764706,0.058823529411764705,0.23529411764705882,0.11764705882352941,0.11764705882352941,0.0,0.2647058823529412
version,0.14705882352941177,0.058823529411764705,0.029411764705882353,0.08823529411764706,0.08823529411764706,0.23529411764705882,0.08823529411764706,0.2647058823529412
freedom,0.10034602076124567,0.09169550173010381,0.0328719723183391,0.12283737024221453,0.2301038062283737,0.09342560553633218,0.031141868512110725,0.2975778546712803
slavery,0.20561282932416952,0.058419243986254296,0.15578465063001146,0.211340206185567,0.044673539518900345,0.1970217640320733,0.0286368843069874,0.09851088201603665
african,0.0963302752293578,0.14831804281345565,0.05963302752293578,0.12079510703363915,0.16055045871559634,0.14678899082568808,0.04434250764525994,0.22324159021406728
human,0.13901345291479822,0.11210762331838565,0.053811659192825115,0.15246636771300448,0.12556053811659193,0.13004484304932734,0.026905829596412557,0.2600896860986547
west,0.1350210970464135,0.11392405063291139,0.05907172995780591,0.14767932489451477,0.12658227848101267,0.11392405063291139,0.029535864978902954,0.2742616033755274
culture,0.11403508771929824,0.12280701754385964,0.08771929824561403,0.12280701754385964,0.10526315789473684,0.24561403508771928,0.05263157894736842,0.14912280701754385
africa,0.0970873786407767,0.13349514563106796,0.06067961165048544,0.1383495145631068,0.13106796116504854,0.14805825242718446,0.043689320388349516,0.24757281553398058
market,0.12121212121212122,0.12121212121212122,0.030303030303030304,0.15151515151515152,0.09090909090909091,0.18181818181818182,0.030303030303030304,0.2727272727272727
slave,0.21185019564002236,0.07490217998882057,0.049748462828395755,0.22302962548910005,0.06372275013974288,0.20737842370039128,0.029625489100055896,0.13974287311347122
trade,0.1640625,0.087890625,0.041015625,0.166015625,0.07421875,0.154296875,0.046875,0.265625
caribbean,0.19607843137254902,0.09803921568627451,0.058823529411764705,0.13725490196078433,0.09803921568627451,0.1568627450980392,0.0196078431372549,0.23529411764705882
3,0.16,0.04,0.08,0.16,0.0,0.2,0.04,0.32
capitalism,0.19117647058823528,0.058823529411764705,0.1323529411764706,0.19117647058823528,0.029411764705882353,0.27941176470588236,0.014705882352941176,0.10294117647058823
shape,0.20967741935483872,0.08064516129032258,0.11290322580645161,0.20967741935483872,0.04838709677419355,0.1774193548387097,0.04838709677419355,0.11290322580645161
american,0.13838862559241707,0.11374407582938388,0.07488151658767772,0.16777251184834124,0.09573459715639811,0.16587677725118483,0.04928909952606635,0.1943127962085308
north,0.12598425196850394,0.12598425196850394,0.07611548556430446,0.18110236220472442,0.09186351706036745,0.16010498687664043,0.03412073490813648,0.2047244094488189
south,0.13793103448275862,0.1314655172413793,0.06788793103448276,0.16702586206896552,0.10775862068965517,0.13685344827586207,0.05172413793103448,0.19935344827586207
formation,0.16853932584269662,0.056179775280898875,0.12359550561797752,0.21348314606741572,0.056179775280898875,0.21348314606741572,0.011235955056179775,0.15730337078651685
character,0.1484375,0.1171875,0.0703125,0.1640625,0.09375,0.1484375,0.046875,0.2109375
response,0.21978021978021978,0.054945054945054944,0.08791208791208792,0.23076923076923078,0.06593406593406594,0.2087912087912088,0.03296703296703297,0.0989010989010989
4,0.1891891891891892,0.05405405405405406,0.13513513513513514,0.1891891891891892,0.05405405405405406,0.21621621621621623,0.05405405405405406,0.10810810810810811
men,0.12745098039215685,0.14705882352941177,0.0457516339869281,0.14052287581699346,0.13398692810457516,0.10784313725490197,0.0718954248366013,0.22549019607843138
created,0.12429378531073447,0.11299435028248588,0.06779661016949153,0.15254237288135594,0.12429378531073447,0.15254237288135594,0.062146892655367235,0.2033898305084746
equal,0.1650943396226415,0.15566037735849056,0.06132075471698113,0.1650943396226415,0.08962264150943396,0.08962264150943396,0.04245283018867924,0.23113207547169812
revolution,0.18461538461538463,0.12923076923076923,0.043076923076923075,0.1753846153846154,0.055384615384615386,0.16615384615384615,0.12615384615384614,0.12
insurrections,0.20253164556962025,0.10126582278481013,0.05063291139240506,0.20253164556962025,0.10126582278481013,0.189873417721519,0.05063291139240506,0.10126582278481013
growing,0.1826086956521739,0.09565217391304348,0.12173913043478261,0.19130434782608696,0.05217391304347826,0.19130434782608696,0.034782608695652174,0.13043478260869565
racism,0.1598360655737705,0.12295081967213115,0.0778688524590164,0.1557377049180328,0.0860655737704918,0.16393442622950818,0.03278688524590164,0.20081967213114754
two,0.12612612612612611,0.10510510510510511,0.06906906906906907,0.17417417417417416,0.12012012012012012,0.14714714714714713,0.057057057057057055,0.2012012012012012
emancipation,0.0547945205479452,0.2876712328767123,0.0410958904109589,0.10273972602739725,0.2602739726027397,0.1232876712328767,0.02054794520547945,0.1095890410958904
nation,0.07984790874524715,0.12547528517110265,0.030418250950570342,0.09885931558935361,0.12167300380228137,0.09885931558935361,0.045627376425855515,0.39923954372623577
divided,0.10416666666666667,0.125,0.08333333333333333,0.125,0.14583333333333334,0.14583333333333334,0.020833333333333332,0.25
white,0.07409111826967327,0.21629084215370456,0.035895075931891396,0.08743672342383801,0.20478601012425218,0.09710078232857801,0.030832949838932353,0.2535664979291302
liberals,0.13846153846153847,0.13846153846153847,0.09230769230769231,0.13846153846153847,0.07692307692307693,0.15384615384615385,0.015384615384615385,0.24615384615384617
growth,0.19047619047619047,0.11904761904761904,0.07142857142857142,0.19047619047619047,0.07142857142857142,0.19047619047619047,0.047619047619047616,0.11904761904761904
segregation,0.16819571865443425,0.11009174311926606,0.09480122324159021,0.18042813455657492,0.06116207951070336,0.1529051987767584,0.03669724770642202,0.19571865443425077
reconstruction,0.05504587155963303,0.25688073394495414,0.10091743119266056,0.2018348623853211,0.09174311926605505,0.13761467889908258,0.027522935779816515,0.12844036697247707
failure,0.12307692307692308,0.1076923076923077,0.12307692307692308,0.23076923076923078,0.015384615384615385,0.24615384615384617,0.046153846153846156,0.1076923076923077
democracy,0.08403361344537816,0.14285714285714285,0.04201680672268908,0.13445378151260504,0.19327731092436976,0.07563025210084033,0.008403361344537815,0.31932773109243695
fighting,0.2894736842105263,0.08771929824561403,0.008771929824561403,0.14035087719298245,0.16666666666666666,0.07017543859649122,0.02631578947368421,0.21052631578947367
jim,0.22916666666666666,0.125,0.020833333333333332,0.125,0.10416666666666667,0.10416666666666667,0.020833333333333332,0.2708333333333333
crow,0.23809523809523808,0.14285714285714285,0.023809523809523808,0.09523809523809523,0.11904761904761904,0.11904761904761904,0.0,0.2619047619047619
making,0.09302325581395349,0.20930232558139536,0.03488372093023256,0.11627906976744186,0.1511627906976744,0.12790697674418605,0.03488372093023256,0.23255813953488372
world,0.10240963855421686,0.15261044176706828,0.04417670682730924,0.16666666666666666,0.1285140562248996,0.10843373493975904,0.05421686746987952,0.2429718875502008
safe,0.02,0.1,0.02,0.12,0.3,0.04,0.0,0.4
urban,0.11382113821138211,0.14634146341463414,0.11382113821138211,0.15447154471544716,0.08130081300813008,0.1951219512195122,0.016260162601626018,0.17886178861788618
riots,0.2111111111111111,0.08888888888888889,0.07777777777777778,0.2,0.06666666666666667,0.12222222222222222,0.044444444444444446,0.18888888888888888
klan,0.08270676691729323,0.21804511278195488,0.03007518796992481,0.09774436090225563,0.17293233082706766,0.05263157894736842,0.03759398496240601,0.3082706766917293
revival,0.04,0.24,0.0,0.06,0.26,0.04,0.02,0.34
three,0.1554054054054054,0.13513513513513514,0.060810810810810814,0.13513513513513514,0.12837837837837837,0.12162162162162163,0.04054054054054054,0.22297297297297297
search,0.14285714285714285,0.17857142857142858,0.17857142857142858,0.17857142857142858,0.07142857142857142,0.14285714285714285,0.0,0.10714285714285714
equality,0.0963302752293578,0.07339449541284404,0.04128440366972477,0.11926605504587157,0.23394495412844038,0.10091743119266056,0.027522935779816515,0.3073394495412844
crisis,0.11764705882352941,0.11764705882352941,0.0784313725490196,0.11764705882352941,0.1568627450980392,0.13725490196078433,0.0392156862745098,0.23529411764705882
leadership,0.1450381679389313,0.10687022900763359,0.03816793893129771,0.183206106870229,0.11450381679389313,0.10687022900763359,0.022900763358778626,0.2824427480916031
debate,0.1590909090909091,0.045454545454545456,0.09090909090909091,0.20454545454545456,0.11363636363636363,0.1590909090909091,0.06818181818181818,0.1590909090909091
means,0.16260162601626016,0.08130081300813008,0.07317073170731707,0.14634146341463414,0.13008130081300814,0.13008130081300814,0.008130081300813009,0.2682926829268293
booker,0.1206896551724138,0.1206896551724138,0.05172413793103448,0.13793103448275862,0.1896551724137931,0.1206896551724138,0.034482758620689655,0.22413793103448276
t.,0.12727272727272726,0.09090909090909091,0.07272727272727272,0.14545454545454545,0.18181818181818182,0.12727272727272726,0.01818181818181818,0.23636363636363636
washington,0.1016260162601626,0.16666666666666666,0.032520325203252036,0.10975609756097561,0.13821138211382114,0.12195121951219512,0.04065040650406504,0.2886178861788618
trumpet,0.06060606060606061,0.06060606060606061,0.030303030303030304,0.06060606060606061,0.36363636363636365,0.030303030303030304,0.09090909090909091,0.30303030303030304
conciliation,0.03773584905660377,0.1320754716981132,0.018867924528301886,0.05660377358490566,0.2641509433962264,0.07547169811320754,0.05660377358490566,0.3584905660377358
w.,0.06796116504854369,0.1553398058252427,0.06796116504854369,0.06796116504854369,0.17475728155339806,0.14563106796116504,0.04854368932038835,0.27184466019417475
e.,0.05434782608695652,0.16304347826086957,0.07608695652173914,0.06521739130434782,0.17391304347826086,0.11956521739130435,0.05434782608695652,0.29347826086956524
b.,0.06060606060606061,0.15151515151515152,0.08080808080808081,0.06060606060606061,0.1717171717171717,0.10101010101010101,0.06060606060606061,0.31313131313131315
dubois,0.09504132231404959,0.16115702479338842,0.05371900826446281,0.10743801652892562,0.1446280991735537,0.1115702479338843,0.05371900826446281,0.2727272727272727
garvey,0.07142857142857142,0.15584415584415584,0.05844155844155844,0.08441558441558442,0.2012987012987013,0.1038961038961039,0.045454545454545456,0.2792207792207792
pride,0.011235955056179775,0.12359550561797752,0.02247191011235955,0.056179775280898875,0.33707865168539325,0.2247191011235955,0.033707865168539325,0.19101123595505617
a.,0.08333333333333333,0.1388888888888889,0.08333333333333333,0.05555555555555555,0.1388888888888889,0.1111111111111111,0.027777777777777776,0.3611111111111111
randolph,0.11805555555555555,0.1597222222222222,0.0625,0.125,0.14583333333333334,0.09027777777777778,0.06944444444444445,0.22916666666666666
negro,0.07768924302788845,0.13745019920318724,0.03386454183266932,0.08665338645418327,0.11354581673306773,0.30278884462151395,0.05976095617529881,0.18824701195219123
immigration,0.08333333333333333,0.125,0.0625,0.1875,0.125,0.1875,0.0625,0.16666666666666666
migration,0.06382978723404255,0.14893617021276595,0.0851063829787234,0.06382978723404255,0.10638297872340426,0.19148936170212766,0.06382978723404255,0.2765957446808511
harlem,0.1111111111111111,0.10185185185185185,0.037037037037037035,0.07407407407407407,0.1111111111111111,0.2222222222222222,0.06481481481481481,0.2777777777777778
promised,0.14492753623188406,0.10144927536231885,0.07246376811594203,0.11594202898550725,0.13043478260869565,0.15942028985507245,0.043478260869565216,0.2318840579710145
land,0.13513513513513514,0.1554054054054054,0.07432432432432433,0.13513513513513514,0.13513513513513514,0.12162162162162163,0.033783783783783786,0.20945945945945946
renaissance,0.05454545454545454,0.12727272727272726,0.03636363636363636,0.03636363636363636,0.10909090909090909,0.509090909090909,0.05454545454545454,0.07272727272727272
home,0.15328467153284672,0.08759124087591241,0.043795620437956206,0.21897810218978103,0.0948905109489051,0.145985401459854,0.029197080291970802,0.22627737226277372
abroad,0.19047619047619047,0.09523809523809523,0.047619047619047616,0.16666666666666666,0.11904761904761904,0.14285714285714285,0.023809523809523808,0.21428571428571427
hard,0.16,0.11,0.06,0.15,0.08,0.16,0.05,0.23
times,0.22,0.1,0.08,0.2,0.12,0.12,0.0,0.16
second,0.0967741935483871,0.14838709677419354,0.04516129032258064,0.21935483870967742,0.1032258064516129,0.10967741935483871,0.09032258064516129,0.1870967741935484
war,0.10073260073260074,0.11538461538461539,0.04212454212454213,0.35714285714285715,0.09706959706959707,0.07326007326007326,0.0347985347985348,0.1794871794871795
u.s.,0.0967741935483871,0.16129032258064516,0.06451612903225806,0.22580645161290322,0.06451612903225806,0.12903225806451613,0.03225806451612903,0.22580645161290322
civil,0.13178294573643412,0.11886304909560723,0.10594315245478036,0.16020671834625322,0.08010335917312661,0.11886304909560723,0.05426356589147287,0.22997416020671835
rights,0.11243611584327087,0.13969335604770017,0.054514480408858604,0.14991482112436116,0.10732538330494037,0.131175468483816,0.04770017035775128,0.2572402044293015
disobedience,0.30158730158730157,0.06349206349206349,0.23809523809523808,0.09523809523809523,0.07936507936507936,0.0,0.047619047619047616,0.1746031746031746
schools,0.10344827586206896,0.15517241379310345,0.08620689655172414,0.15517241379310345,0.06896551724137931,0.13793103448275862,0.06896551724137931,0.22413793103448276
courts,0.1323529411764706,0.16176470588235295,0.04411764705882353,0.1323529411764706,0.11764705882352941,0.058823529411764705,0.04411764705882353,0.3088235294117647
movement,0.11221122112211221,0.15181518151815182,0.04950495049504951,0.0891089108910891,0.12871287128712872,0.16501650165016502,0.056105610561056105,0.24752475247524752
revolt,0.2616822429906542,0.08411214953271028,0.07476635514018691,0.18691588785046728,0.028037383177570093,0.19626168224299065,0.14953271028037382,0.018691588785046728
power,0.09536082474226804,0.12628865979381443,0.03608247422680412,0.14175257731958762,0.13402061855670103,0.15979381443298968,0.03865979381443299,0.26804123711340205
last,0.05063291139240506,0.22784810126582278,0.0379746835443038,0.16455696202531644,0.11392405063291139,0.13924050632911392,0.08860759493670886,0.17721518987341772
several,0.1125,0.13125,0.06875,0.175,0.075,0.1625,0.04375,0.23125
years,0.1276595744680851,0.14468085106382977,0.07234042553191489,0.14893617021276595,0.09787234042553192,0.14468085106382977,0.06808510638297872,0.19574468085106383
study,0.12903225806451613,0.04838709677419355,0.11290322580645161,0.1774193548387097,0.04838709677419355,0.22580645161290322,0.03225806451612903,0.22580645161290322
history,0.17791411042944785,0.09202453987730061,0.0736196319018405,0.17177914110429449,0.06748466257668712,0.20245398773006135,0.04294478527607362,0.17177914110429449
previously,0.14084507042253522,0.056338028169014086,0.07042253521126761,0.18309859154929578,0.15492957746478872,0.15492957746478872,0.04225352112676056,0.19718309859154928
various,0.0784313725490196,0.09803921568627451,0.0196078431372549,0.17647058823529413,0.13725490196078433,0.1568627450980392,0.058823529411764705,0.27450980392156865
groups,0.07758620689655173,0.1810344827586207,0.034482758620689655,0.07758620689655173,0.1896551724137931,0.07758620689655173,0.08620689655172414,0.27586206896551724
scholars,0.0784313725490196,0.19607843137254902,0.0,0.0784313725490196,0.13725490196078433,0.11764705882352941,0.0392156862745098,0.35294117647058826
become,0.10666666666666667,0.15333333333333332,0.06333333333333334,0.12666666666666668,0.13333333333333333,0.13,0.04666666666666667,0.24
ways,0.14130434782608695,0.11956521739130435,0.08695652173913043,0.1956521739130435,0.09782608695652174,0.10869565217391304,0.03260869565217391,0.21739130434782608
kept,0.09090909090909091,0.13636363636363635,0.045454545454545456,0.18181818181818182,0.18181818181818182,0.09090909090909091,0.09090909090909091,0.18181818181818182
past,0.07407407407407407,0.2777777777777778,0.05555555555555555,0.07407407407407407,0.16666666666666666,0.12962962962962962,0.0,0.2222222222222222
degree,0.15,0.175,0.05,0.175,0.1,0.1,0.0,0.25
force,0.24539877300613497,0.09815950920245399,0.03680981595092025,0.25153374233128833,0.06134969325153374,0.11042944785276074,0.049079754601226995,0.147239263803681
within,0.14258555133079848,0.12357414448669202,0.06653992395437262,0.15019011406844107,0.10266159695817491,0.12927756653992395,0.04752851711026616,0.2376425855513308
british,0.12871287128712872,0.10891089108910891,0.0594059405940594,0.12871287128712872,0.12871287128712872,0.1188118811881188,0.0594059405940594,0.26732673267326734
protestant,0.02702702702702703,0.1891891891891892,0.02702702702702703,0.21621621621621623,0.21621621621621623,0.0,0.0,0.32432432432432434
many,0.12453760789149199,0.1381011097410604,0.0530209617755857,0.1381011097410604,0.12330456226880394,0.14303329223181258,0.035758323057953144,0.2441430332922318
later,0.12650602409638553,0.1686746987951807,0.04819277108433735,0.13855421686746988,0.13253012048192772,0.14457831325301204,0.05421686746987952,0.18674698795180722
usually,0.12056737588652482,0.1276595744680851,0.05673758865248227,0.1773049645390071,0.09929078014184398,0.1347517730496454,0.05673758865248227,0.22695035460992907
depicted,0.10112359550561797,0.14606741573033707,0.0449438202247191,0.11235955056179775,0.15730337078651685,0.19101123595505617,0.0449438202247191,0.20224719101123595
immigrants,0.0625,0.175,0.075,0.125,0.15,0.0875,0.0625,0.2625
