,anger,anticipation,disgust,fear,joy,sadness,surprise,trust
gutenberg,0.07647058823529412,0.19411764705882353,0.041176470588235294,0.058823529411764705,0.052941176470588235,0.1,0.0058823529411764705,0.47058823529411764
harpsichords,0.08888888888888889,0.14444444444444443,0.0,0.05555555555555555,0.12222222222222222,0.08888888888888889,0.08888888888888889,0.4111111111111111
clavichords,0.07792207792207792,0.12987012987012986,0.012987012987012988,0.05194805194805195,0.11688311688311688,0.09090909090909091,0.1038961038961039,0.4155844155844156
ebook,0.034482758620689655,0.10344827586206896,0.034482758620689655,0.08620689655172414,0.040229885057471264,0.034482758620689655,0.017241379310344827,0.6494252873563219
use,0.17592592592592593,0.16666666666666666,0.09722222222222222,0.09722222222222222,0.1388888888888889,0.07407407407407407,0.023148148148148147,0.22685185185185186
may,0.14175257731958762,0.14432989690721648,0.10051546391752578,0.06958762886597938,0.07474226804123711,0.10824742268041238,0.03350515463917526,0.327319587628866
copy,0.1728395061728395,0.09053497942386832,0.07407407407407407,0.06995884773662552,0.024691358024691357,0.05761316872427984,0.0205761316872428,0.4897119341563786
terms,0.12,0.11333333333333333,0.04,0.07666666666666666,0.10333333333333333,0.043333333333333335,0.03666666666666667,0.4666666666666667
project,0.12006578947368421,0.1611842105263158,0.047697368421052634,0.049342105263157895,0.09868421052631579,0.07072368421052631,0.014802631578947368,0.4375
license,0.09550561797752809,0.19662921348314608,0.05056179775280899,0.0898876404494382,0.09550561797752809,0.07303370786516854,0.028089887640449437,0.3707865168539326
online,0.02,0.1,0.02,0.08,0.04,0.02,0.02,0.7
date,0.014705882352941176,0.14705882352941177,0.014705882352941176,0.08823529411764706,0.058823529411764705,0.08823529411764706,0.029411764705882353,0.5588235294117647
set,0.18840579710144928,0.10869565217391304,0.036231884057971016,0.043478260869565216,0.10144927536231885,0.10144927536231885,0.021739130434782608,0.39855072463768115
distributed,0.03669724770642202,0.21100917431192662,0.03669724770642202,0.09174311926605505,0.09174311926605505,0.03669724770642202,0.009174311926605505,0.48623853211009177
division,0.11627906976744186,0.16279069767441862,0.0,0.023255813953488372,0.13953488372093023,0.11627906976744186,0.11627906976744186,0.32558139534883723
musical,0.12903225806451613,0.16129032258064516,0.0,0.03225806451612903,0.15053763440860216,0.12903225806451613,0.13978494623655913,0.25806451612903225
instruments,0.1111111111111111,0.14814814814814814,0.018518518518518517,0.06481481481481481,0.12962962962962962,0.14814814814814814,0.10185185185185185,0.2777777777777778
smithsonian,0.13333333333333333,0.13333333333333333,0.0,0.022222222222222223,0.15555555555555556,0.1111111111111111,0.1111111111111111,0.3333333333333333
washington,0.09090909090909091,0.13636363636363635,0.0,0.045454545454545456,0.13636363636363635,0.09090909090909091,0.09090909090909091,0.4090909090909091
harpsichord,0.05714285714285714,0.2,0.02857142857142857,0.15714285714285714,0.11428571428571428,0.15714285714285714,0.05714285714285714,0.22857142857142856
clavichord,0.06666666666666667,0.24444444444444444,0.022222222222222223,0.2222222222222222,0.044444444444444446,0.15555555555555556,0.08888888888888889,0.15555555555555556
two,0.035955056179775284,0.14831460674157304,0.0449438202247191,0.07640449438202247,0.12134831460674157,0.2292134831460674,0.06292134831460675,0.2808988764044944
keyboard,0.09615384615384616,0.1346153846153846,0.0,0.057692307692307696,0.1346153846153846,0.19230769230769232,0.057692307692307696,0.3269230769230769
instrument,0.045454545454545456,0.20454545454545456,0.0,0.1590909090909091,0.06818181818181818,0.20454545454545456,0.045454545454545456,0.2727272727272727
without,0.09508196721311475,0.14426229508196722,0.09508196721311475,0.12459016393442623,0.08852459016393442,0.16721311475409836,0.019672131147540985,0.26557377049180325
keys,0.13157894736842105,0.10526315789473684,0.0,0.07894736842105263,0.05263157894736842,0.2894736842105263,0.05263157894736842,0.2894736842105263
tuned,0.0,0.15384615384615385,0.0,0.038461538461538464,0.0,0.3076923076923077,0.11538461538461539,0.38461538461538464
case,0.056716417910447764,0.09850746268656717,0.056716417910447764,0.2507462686567164,0.06865671641791045,0.2208955223880597,0.026865671641791045,0.2208955223880597
must,0.14285714285714285,0.14285714285714285,0.08494208494208494,0.138996138996139,0.05791505791505792,0.12355212355212356,0.03088803088803089,0.277992277992278
full,0.1382488479262673,0.18433179723502305,0.059907834101382486,0.08755760368663594,0.10599078341013825,0.0967741935483871,0.06451612903225806,0.2626728110599078
section,0.0,0.14285714285714285,0.0,0.07142857142857142,0.03571428571428571,0.2857142857142857,0.07142857142857142,0.39285714285714285
provide,0.12790697674418605,0.06976744186046512,0.03488372093023256,0.023255813953488372,0.0872093023255814,0.040697674418604654,0.05813953488372093,0.5581395348837209
right,0.09888059701492537,0.11940298507462686,0.08955223880597014,0.11007462686567164,0.08395522388059702,0.13246268656716417,0.048507462686567165,0.31716417910447764
replacement,0.23684210526315788,0.08552631578947369,0.05263157894736842,0.006578947368421052,0.10526315789473684,0.16447368421052633,0.07894736842105263,0.26973684210526316
limited,0.2916666666666667,0.05416666666666667,0.07916666666666666,0.016666666666666666,0.07083333333333333,0.275,0.0375,0.175
united,0.017241379310344827,0.23563218390804597,0.034482758620689655,0.06896551724137931,0.04597701149425287,0.034482758620689655,0.005747126436781609,0.5574712643678161
states,0.013392857142857142,0.21875,0.044642857142857144,0.07589285714285714,0.05803571428571429,0.0625,0.004464285714285714,0.5223214285714286
associated,0.08571428571428572,0.2,0.02857142857142857,0.05714285714285714,0.15,0.05714285714285714,0.03571428571428571,0.38571428571428573
works,0.12037037037037036,0.17824074074074073,0.06481481481481481,0.046296296296296294,0.13194444444444445,0.018518518518518517,0.020833333333333332,0.41898148148148145
public,0.025252525252525252,0.3686868686868687,0.020202020202020204,0.0707070707070707,0.050505050505050504,0.025252525252525252,0.015151515151515152,0.42424242424242425
copyright,0.09411764705882353,0.18823529411764706,0.09411764705882353,0.047058823529411764,0.047058823529411764,0.09411764705882353,0.011764705882352941,0.4235294117647059
foundation,0.11262798634812286,0.15699658703071673,0.027303754266211604,0.013651877133105802,0.06825938566552901,0.13651877133105803,0.0,0.48464163822525597
forth,0.22857142857142856,0.0761904761904762,0.047619047619047616,0.0380952380952381,0.11428571428571428,0.11428571428571428,0.0,0.38095238095238093
distributing,0.16666666666666666,0.16666666666666666,0.06666666666666667,0.03333333333333333,0.1,0.1,0.0,0.36666666666666664
gutenberg-tm,0.14084507042253522,0.15023474178403756,0.051643192488262914,0.046948356807511735,0.11267605633802817,0.06103286384976526,0.018779342723004695,0.41784037558685444
electronic,0.18095238095238095,0.13333333333333333,0.06666666666666667,0.0380952380952381,0.10476190476190476,0.0761904761904762,0.0380952380952381,0.3619047619047619
trademark,0.1891891891891892,0.10810810810810811,0.05405405405405406,0.02702702702702703,0.08108108108108109,0.16216216216216217,0.0,0.3783783783783784
copies,0.19594594594594594,0.12162162162162163,0.11486486486486487,0.10135135135135136,0.08108108108108109,0.006756756756756757,0.0,0.3783783783783784
work,0.15659679408138102,0.18618988902589395,0.03822441430332922,0.05055487053020962,0.1060419235511714,0.07768187422934648,0.04315659679408138,0.34155363748458695
distribution,0.0898876404494382,0.2247191011235955,0.0,0.0449438202247191,0.0898876404494382,0.0,0.0,0.550561797752809
agree,0.19444444444444445,0.14583333333333334,0.05555555555555555,0.05555555555555555,0.0625,0.08333333333333333,0.027777777777777776,0.375
agreement,0.11838006230529595,0.07165109034267912,0.040498442367601244,0.03426791277258567,0.059190031152647975,0.08099688473520249,0.012461059190031152,0.5825545171339563
paid,0.29850746268656714,0.1865671641791045,0.0,0.0,0.11940298507462686,0.05970149253731343,0.11940298507462686,0.21641791044776118
fee,0.35294117647058826,0.11764705882352941,0.058823529411764705,0.0,0.11764705882352941,0.0,0.0,0.35294117647058826
access,0.20930232558139536,0.13953488372093023,0.09302325581395349,0.06976744186046512,0.11627906976744186,0.046511627906976744,0.023255813953488372,0.3023255813953488
refund,0.24615384615384617,0.12307692307692308,0.046153846153846156,0.015384615384615385,0.12307692307692308,0.12307692307692308,0.09230769230769231,0.23076923076923078
paragraph,0.3055555555555556,0.05555555555555555,0.05555555555555555,0.027777777777777776,0.0625,0.16666666666666666,0.027777777777777776,0.2986111111111111
literary,0.13793103448275862,0.13793103448275862,0.034482758620689655,0.0,0.034482758620689655,0.20689655172413793,0.0,0.4482758620689655
archive,0.13793103448275862,0.13793103448275862,0.034482758620689655,0.0,0.034482758620689655,0.20689655172413793,0.0,0.4482758620689655
fees,0.13636363636363635,0.13636363636363635,0.045454545454545456,0.0,0.045454545454545456,0.13636363636363635,0.0,0.5
including,0.1301775147928994,0.17159763313609466,0.029585798816568046,0.03550295857988166,0.08875739644970414,0.13609467455621302,0.005917159763313609,0.40236686390532544
owner,0.19727891156462585,0.10204081632653061,0.06802721088435375,0.04081632653061224,0.04081632653061224,0.16326530612244897,0.0,0.3877551020408163
information,0.0,0.1958762886597938,0.020618556701030927,0.05154639175257732,0.13402061855670103,0.05154639175257732,0.0,0.5463917525773195
donations,0.0,0.23333333333333334,0.0,0.0,0.1,0.1,0.0,0.5666666666666667
damages,0.18181818181818182,0.030303030303030304,0.12121212121212122,0.06060606060606061,0.0,0.3333333333333333,0.0,0.2727272727272727
fair,0.06190172303765156,0.13784301212507977,0.06828334396936822,0.1206126356094448,0.08551372048500319,0.07211231652839821,0.0389278876834716,0.4148053605615826
play,0.06193548387096774,0.13806451612903226,0.06774193548387097,0.11935483870967742,0.08516129032258064,0.07225806451612904,0.03870967741935484,0.4167741935483871
settlers,0.04768041237113402,0.14175257731958762,0.055412371134020616,0.10695876288659793,0.10695876288659793,0.07731958762886598,0.045103092783505154,0.41881443298969073
west,0.06283422459893048,0.13101604278074866,0.06818181818181818,0.13101604278074866,0.08823529411764706,0.09224598930481283,0.05614973262032086,0.37032085561497324
branch,0.06415620641562064,0.1297071129707113,0.06834030683403068,0.13249651324965134,0.09065550906555091,0.08647140864714087,0.058577405857740586,0.3695955369595537
valley,0.05859872611464968,0.13503184713375796,0.10445859872611465,0.11464968152866242,0.08789808917197452,0.08789808917197452,0.049681528662420385,0.36178343949044584
1769-1784,0.0,0.05970149253731343,0.029850746268656716,0.08955223880597014,0.014925373134328358,0.0,0.0,0.8059701492537313
george,0.023255813953488372,0.11162790697674418,0.10232558139534884,0.09302325581395349,0.05116279069767442,0.04186046511627907,0.03255813953488372,0.5441860465116279
d.,0.029411764705882353,0.14285714285714285,0.07983193277310924,0.07983193277310924,0.1092436974789916,0.07563025210084033,0.046218487394957986,0.4369747899159664
wolf,0.0,0.08974358974358974,0.02564102564102564,0.07692307692307693,0.038461538461538464,0.0,0.02564102564102564,0.7435897435897436
anyone,0.10909090909090909,0.21818181818181817,0.03636363636363636,0.09090909090909091,0.12727272727272726,0.05454545454545454,0.01818181818181818,0.34545454545454546
almost,0.09210526315789473,0.15789473684210525,0.06578947368421052,0.09210526315789473,0.13157894736842105,0.14473684210526316,0.05263157894736842,0.2631578947368421
give,0.04938271604938271,0.13580246913580246,0.06172839506172839,0.08641975308641975,0.04938271604938271,0.04938271604938271,0.037037037037037035,0.5308641975308642
away,0.05,0.075,0.05,0.1,0.0,0.075,0.0,0.65
re-use,0.0,0.0625,0.03125,0.09375,0.0,0.0,0.0,0.8125
included,0.0,0.15254237288135594,0.03389830508474576,0.05084745762711865,0.03389830508474576,0.01694915254237288,0.03389830508474576,0.6779661016949152
www.gutenberg.org,0.02702702702702703,0.05405405405405406,0.02702702702702703,0.08108108108108109,0.0,0.0,0.0,0.8108108108108109
title,0.07692307692307693,0.08974358974358974,0.02564102564102564,0.11538461538461539,0.02564102564102564,0.07692307692307693,0.038461538461538464,0.5512820512820513
study,0.03211009174311927,0.12844036697247707,0.01834862385321101,0.10550458715596331,0.045871559633027525,0.045871559633027525,0.022935779816513763,0.6009174311926605
frontier,0.05776173285198556,0.15162454873646208,0.031287605294825514,0.1095066185318893,0.1263537906137184,0.07460890493381468,0.06618531889290012,0.38267148014440433
ethnography,0.011627906976744186,0.12790697674418605,0.023255813953488372,0.08139534883720931,0.023255813953488372,0.0,0.0,0.7325581395348837
author,0.0,0.07462686567164178,0.014925373134328358,0.08955223880597014,0.014925373134328358,0.029850746268656716,0.014925373134328358,0.7611940298507462
release,0.02702702702702703,0.05405405405405406,0.02702702702702703,0.10810810810810811,0.0,0.02702702702702703,0.0,0.7567567567567568
august,0.023809523809523808,0.09523809523809523,0.047619047619047616,0.09523809523809523,0.0,0.023809523809523808,0.023809523809523808,0.6904761904761905
31,0.047377326565143825,0.14720812182741116,0.12859560067681894,0.08798646362098139,0.09983079526226735,0.0829103214890017,0.050761421319796954,0.3553299492385787
2007,0.0,0.0625,0.03125,0.09375,0.0,0.0,0.0,0.8125
22471,0.0,0.0625,0.03125,0.09375,0.0,0.0,0.0,0.8125
language,0.0,0.08333333333333333,0.027777777777777776,0.1111111111111111,0.027777777777777776,0.027777777777777776,0.0,0.7222222222222222
english,0.03614457831325301,0.12048192771084337,0.10843373493975904,0.06626506024096386,0.08433734939759036,0.07228915662650602,0.04819277108433735,0.463855421686747
start,0.0,0.14285714285714285,0.02857142857142857,0.08571428571428572,0.0,0.0,0.0,0.7428571428571429
produced,0.03571428571428571,0.125,0.05357142857142857,0.125,0.03571428571428571,0.05357142857142857,0.017857142857142856,0.5535714285714286
greg,0.0,0.05714285714285714,0.02857142857142857,0.08571428571428572,0.02857142857142857,0.0,0.0,0.8
weeks,0.04285714285714286,0.07142857142857142,0.04285714285714286,0.11428571428571428,0.05714285714285714,0.1,0.0,0.5714285714285714
stephen,0.0,0.05714285714285714,0.02857142857142857,0.08571428571428572,0.02857142857142857,0.0,0.0,0.8
blundell,0.0,0.05714285714285714,0.02857142857142857,0.08571428571428572,0.02857142857142857,0.0,0.0,0.8
proofreading,0.0,0.05714285714285714,0.02857142857142857,0.08571428571428572,0.02857142857142857,0.0,0.0,0.8
team,0.02040816326530612,0.10204081632653061,0.04081632653061224,0.10204081632653061,0.061224489795918366,0.02040816326530612,0.02040816326530612,0.6326530612244898
http,0.0,0.1276595744680851,0.02127659574468085,0.06382978723404255,0.06382978723404255,0.0,0.0,0.723404255319149
//www.pgdp.net,0.0,0.05714285714285714,0.02857142857142857,0.08571428571428572,0.02857142857142857,0.0,0.0,0.8
commonwealth,0.02717391304347826,0.10326086956521739,0.043478260869565216,0.11956521739130435,0.03260869565217391,0.043478260869565216,0.010869565217391304,0.6195652173913043
pennsylvania,0.037396121883656507,0.11357340720221606,0.06925207756232687,0.09002770083102493,0.08033240997229917,0.062326869806094184,0.045706371191135735,0.5013850415512465
historical,0.016260162601626018,0.10569105691056911,0.052845528455284556,0.07317073170731707,0.04878048780487805,0.036585365853658534,0.028455284552845527,0.6382113821138211
museum,0.03508771929824561,0.19883040935672514,0.017543859649122806,0.07602339181286549,0.029239766081871343,0.011695906432748537,0.005847953216374269,0.6257309941520468
commission,0.0,0.0594059405940594,0.0297029702970297,0.07920792079207921,0.0297029702970297,0.0297029702970297,0.009900990099009901,0.7623762376237624
harrisburg,0.015873015873015872,0.09523809523809523,0.047619047619047616,0.06349206349206349,0.07936507936507936,0.015873015873015872,0.06349206349206349,0.6190476190476191
1969,0.0,0.0625,0.03125,0.09375,0.0,0.0,0.0,0.8125
james,0.05511811023622047,0.14960629921259844,0.1377952755905512,0.09186351706036745,0.09317585301837271,0.08792650918635171,0.045931758530183726,0.33858267716535434
b.,0.0,0.05263157894736842,0.05263157894736842,0.07894736842105263,0.02631578947368421,0.0,0.0,0.7894736842105263
stevenson,0.0,0.0625,0.03125,0.09375,0.0,0.0,0.0,0.8125
chairman,0.0,0.0625,0.03125,0.09375,0.0,0.0,0.0,0.8125
charles,0.06338028169014084,0.11971830985915492,0.09154929577464789,0.09859154929577464,0.08450704225352113,0.07042253521126761,0.035211267605633804,0.43661971830985913
g.,0.038461538461538464,0.13846153846153847,0.1,0.09230769230769231,0.09230769230769231,0.07692307692307693,0.046153846153846156,0.4153846153846154
webb,0.0,0.0625,0.03125,0.09375,0.0,0.0,0.0,0.8125
vice,0.0,0.0625,0.03125,0.09375,0.0,0.0,0.0,0.8125
herman,0.0,0.0625,0.03125,0.09375,0.0,0.0,0.0,0.8125
blum,0.0,0.0625,0.03125,0.09375,0.0,0.0,0.0,0.8125
mrs.,0.015306122448979591,0.12244897959183673,0.04081632653061224,0.10714285714285714,0.04591836734693878,0.04081632653061224,0.025510204081632654,0.6020408163265306
ferne,0.0,0.0625,0.03125,0.09375,0.0,0.0,0.0,0.8125
smith,0.0684931506849315,0.1267123287671233,0.09931506849315068,0.0958904109589041,0.0821917808219178,0.07534246575342465,0.03424657534246575,0.4178082191780822
hetrick,0.0,0.0625,0.03125,0.09375,0.0,0.0,0.0,0.8125
mark,0.0,0.0625,0.03125,0.09375,0.0,0.0,0.0,0.8125
s.,0.041884816753926704,0.13612565445026178,0.07329842931937172,0.07853403141361257,0.11518324607329843,0.10471204188481675,0.04712041884816754,0.4031413612565445
gleeson,0.0,0.0625,0.03125,0.09375,0.0,0.0,0.0,0.8125
henry,0.0521978021978022,0.16483516483516483,0.09615384615384616,0.08241758241758242,0.08516483516483517,0.07142857142857142,0.046703296703296704,0.4010989010989011
p.,0.02564102564102564,0.14423076923076922,0.04487179487179487,0.08012820512820513,0.10576923076923077,0.04487179487179487,0.05128205128205128,0.5032051282051282
hoffstot,0.0,0.0625,0.03125,0.09375,0.0,0.0,0.0,0.8125
jr.,0.038461538461538464,0.11538461538461539,0.1346153846153846,0.0673076923076923,0.038461538461538464,0.04807692307692308,0.038461538461538464,0.5192307692307693
ralph,0.0,0.0625,0.03125,0.09375,0.0,0.0,0.0,0.8125
hazeltine,0.0,0.0625,0.03125,0.09375,0.0,0.0,0.0,0.8125
maurice,0.0,0.0625,0.03125,0.09375,0.0,0.0,0.0,0.8125
a.,0.02564102564102564,0.11965811965811966,0.10256410256410256,0.09401709401709402,0.05982905982905983,0.05128205128205128,0.02564102564102564,0.5213675213675214
mook,0.0,0.0625,0.03125,0.09375,0.0,0.0,0.0,0.8125
thomas,0.05968169761273209,0.14588859416445624,0.129973474801061,0.09681697612732096,0.09151193633952255,0.09946949602122016,0.046419098143236075,0.3302387267904509
elliott,0.0,0.0625,0.03125,0.09375,0.0,0.0,0.0,0.8125
wynne,0.0,0.0625,0.03125,0.09375,0.0,0.0,0.0,0.8125
david,0.0297029702970297,0.09900990099009901,0.12871287128712872,0.09900990099009901,0.04950495049504951,0.039603960396039604,0.019801980198019802,0.5346534653465347
h.,0.02287581699346405,0.11437908496732026,0.07516339869281045,0.0784313725490196,0.06535947712418301,0.12418300653594772,0.05555555555555555,0.46405228758169936
kurtzman,0.0,0.0625,0.03125,0.09375,0.0,0.0,0.0,0.8125
ex,0.0,0.0625,0.03125,0.09375,0.0,0.0,0.0,0.8125
officio,0.0,0.0625,0.03125,0.09375,0.0,0.0,0.0,0.8125
superintendent,0.0,0.0625,0.03125,0.09375,0.0,0.0,0.0,0.8125
instruction,0.0,0.08928571428571429,0.017857142857142856,0.08928571428571429,0.08928571428571429,0.017857142857142856,0.05357142857142857,0.6428571428571429
members,0.03759398496240601,0.15037593984962405,0.08270676691729323,0.12030075187969924,0.045112781954887216,0.03007518796992481,0.015037593984962405,0.518796992481203
general,0.028169014084507043,0.0892018779342723,0.04225352112676056,0.056338028169014086,0.028169014084507043,0.023474178403755867,0.014084507042253521,0.7183098591549296
assembly,0.03783783783783784,0.11891891891891893,0.05405405405405406,0.05945945945945946,0.03783783783783784,0.032432432432432434,0.032432432432432434,0.6270270270270271
sarah,0.0,0.0625,0.03125,0.09375,0.0,0.0,0.0,0.8125
anderson,0.0,0.0625,0.03125,0.09375,0.0,0.0,0.0,0.8125
representative,0.01834862385321101,0.07339449541284404,0.01834862385321101,0.10091743119266056,0.03669724770642202,0.045871559633027525,0.01834862385321101,0.6880733944954128
paul,0.05625,0.13125,0.1125,0.1,0.08125,0.09375,0.0375,0.3875
w.,0.024096385542168676,0.0963855421686747,0.0963855421686747,0.0963855421686747,0.07228915662650602,0.060240963855421686,0.012048192771084338,0.5421686746987951
mahady,0.0,0.0625,0.03125,0.09375,0.0,0.0,0.0,0.8125
senator,0.0,0.0625,0.03125,0.09375,0.0,0.0,0.0,0.8125
orville,0.0,0.0625,0.03125,0.09375,0.0,0.0,0.0,0.8125
e.,0.0,0.06060606060606061,0.030303030303030304,0.09090909090909091,0.0,0.0,0.0,0.8181818181818182
snare,0.0,0.0625,0.03125,0.09375,0.0,0.0,0.0,0.8125
john,0.050505050505050504,0.13597513597513597,0.18026418026418026,0.08547008547008547,0.09013209013209013,0.08547008547008547,0.046620046620046623,0.32556332556332557
ware,0.0,0.0625,0.03125,0.09375,0.0,0.0,0.0,0.8125
iii,0.009708737864077669,0.07766990291262135,0.07766990291262135,0.05825242718446602,0.04854368932038835,0.009708737864077669,0.019417475728155338,0.6990291262135923
trustees,0.0,0.0625,0.03125,0.09375,0.0,0.0,0.0,0.8125
raymond,0.0,0.0625,0.03125,0.09375,0.0,0.0,0.0,0.8125
shafer,0.0,0.0625,0.03125,0.09375,0.0,0.0,0.0,0.8125
governor,0.0,0.08333333333333333,0.05555555555555555,0.08333333333333333,0.0,0.0,0.0,0.7777777777777778
robert,0.04291845493562232,0.13733905579399142,0.11802575107296137,0.0815450643776824,0.08369098712446352,0.06866952789699571,0.04935622317596566,0.4184549356223176
casey,0.0,0.0625,0.03125,0.09375,0.0,0.0,0.0,0.8125
auditor,0.0,0.0625,0.03125,0.09375,0.0,0.0,0.0,0.8125
grace,0.0,0.0625,0.03125,0.09375,0.0,0.0,0.0,0.8125
m.,0.0,0.10256410256410256,0.02564102564102564,0.10256410256410256,0.0,0.02564102564102564,0.0,0.7435897435897436
sloan,0.0,0.0625,0.03125,0.09375,0.0,0.0,0.0,0.8125
state,0.06589147286821706,0.10852713178294573,0.04263565891472868,0.10465116279069768,0.08139534883720931,0.06976744186046512,0.03875968992248062,0.4883720930232558
treasurer,0.02040816326530612,0.061224489795918366,0.02040816326530612,0.08163265306122448,0.02040816326530612,0.02040816326530612,0.0,0.7755102040816326
administrative,0.0,0.0625,0.03125,0.09375,0.0,0.0,0.0,0.8125
staff,0.0,0.0975609756097561,0.04878048780487805,0.12195121951219512,0.0,0.024390243902439025,0.0,0.7073170731707317
sylvester,0.0,0.0625,0.03125,0.09375,0.0,0.0,0.0,0.8125
k.,0.0,0.10256410256410256,0.02564102564102564,0.07692307692307693,0.0,0.02564102564102564,0.0,0.7692307692307693
stevens,0.0,0.075,0.025,0.075,0.025,0.0,0.025,0.775
executive,0.041666666666666664,0.12962962962962962,0.08333333333333333,0.09722222222222222,0.06018518518518518,0.07407407407407407,0.032407407407407406,0.48148148148148145
director,0.0,0.05714285714285714,0.02857142857142857,0.08571428571428572,0.005714285714285714,0.0,0.0,0.8228571428571428
william,0.0550935550935551,0.13513513513513514,0.12266112266112267,0.0893970893970894,0.08627858627858628,0.08212058212058213,0.04781704781704782,0.3814968814968815
j.,0.009174311926605505,0.11009174311926606,0.027522935779816515,0.10091743119266056,0.027522935779816515,0.03669724770642202,0.05504587155963303,0.6330275229357798
wewer,0.0,0.0625,0.03125,0.09375,0.0,0.0,0.0,0.8125
deputy,0.0,0.0625,0.03125,0.09375,0.0,0.0,0.0,0.8125
donald,0.0,0.05128205128205128,0.02564102564102564,0.07692307692307693,0.0,0.0,0.0,0.8461538461538461
kent,0.0,0.05128205128205128,0.02564102564102564,0.07692307692307693,0.0,0.0,0.0,0.8461538461538461
bureau,0.0,0.05825242718446602,0.02912621359223301,0.08737864077669903,0.0,0.0,0.0,0.8252427184466019
archives,0.010309278350515464,0.020618556701030927,0.020618556701030927,0.030927835051546393,0.030927835051546393,0.041237113402061855,0.0,0.845360824742268
history,0.04020100502512563,0.20100502512562815,0.04020100502512563,0.07035175879396985,0.05527638190954774,0.04020100502512563,0.03015075376884422,0.5226130653266332
frank,0.0,0.0625,0.03125,0.09375,0.0,0.0,0.0,0.8125
schmidt,0.0,0.0625,0.03125,0.09375,0.0,0.0,0.0,0.8125
historic,0.0,0.12244897959183673,0.02040816326530612,0.061224489795918366,0.08163265306122448,0.02040816326530612,0.04081632653061224,0.6530612244897959
sites,0.0,0.0625,0.03125,0.09375,0.0,0.0,0.0,0.8125
properties,0.0,0.0625,0.03125,0.09375,0.0,0.0,0.0,0.8125
n.,0.05165289256198347,0.1487603305785124,0.128099173553719,0.08884297520661157,0.10537190082644628,0.09504132231404959,0.05165289256198347,0.3305785123966942
richards,0.0,0.0625,0.03125,0.09375,0.0,0.0,0.0,0.8125
museums,0.0,0.0625,0.03125,0.09375,0.0,0.0,0.0,0.8125
preface,0.0,0.0625,0.03125,0.09375,0.0,0.0,0.0,0.8125
age,0.0,0.0625,0.03125,0.09375,0.0,0.0,0.0,0.8125
man,0.06006006006006006,0.12612612612612611,0.042042042042042045,0.12612612612612611,0.1111111111111111,0.10510510510510511,0.036036036036036036,0.3933933933933934
's,0.05977710233029382,0.14285714285714285,0.07700101317122594,0.11246200607902736,0.12259371833839919,0.09625126646403243,0.05065856129685917,0.3383991894630192
horizons,0.0,0.0625,0.03125,0.09375,0.0,0.0,0.0,0.8125
constantly,0.0,0.07692307692307693,0.02564102564102564,0.07692307692307693,0.05128205128205128,0.0,0.02564102564102564,0.7435897435897436
widened,0.0,0.0625,0.03125,0.09375,0.0,0.0,0.0,0.8125
include,0.022727272727272728,0.06818181818181818,0.06818181818181818,0.09090909090909091,0.045454545454545456,0.022727272727272728,0.022727272727272728,0.6590909090909091
hitherto,0.0,0.08571428571428572,0.02857142857142857,0.11428571428571428,0.0,0.0,0.0,0.7714285714285715
little-known,0.0,0.12195121951219512,0.024390243902439025,0.07317073170731707,0.04878048780487805,0.0,0.04878048780487805,0.6829268292682927
non-existent,0.0,0.0625,0.03125,0.09375,0.0,0.0,0.0,0.8125
countries,0.0,0.058823529411764705,0.029411764705882353,0.11764705882352941,0.0,0.0,0.0,0.7941176470588235
even,0.10526315789473684,0.10526315789473684,0.07236842105263158,0.1118421052631579,0.09210526315789473,0.07894736842105263,0.046052631578947366,0.3881578947368421
planets,0.0,0.0625,0.03125,0.09375,0.0,0.0,0.0,0.8125
outer,0.0,0.18571428571428572,0.02857142857142857,0.04285714285714286,0.12142857142857143,0.17857142857142858,0.07142857142857142,0.37142857142857144
space,0.1,0.11818181818181818,0.02727272727272727,0.08181818181818182,0.02727272727272727,0.17272727272727273,0.09090909090909091,0.38181818181818183
still,0.06557377049180328,0.09836065573770492,0.04918032786885246,0.13114754098360656,0.03278688524590164,0.06557377049180328,0.03278688524590164,0.5245901639344263
much,0.06976744186046512,0.11627906976744186,0.023255813953488372,0.12403100775193798,0.12403100775193798,0.06201550387596899,0.05426356589147287,0.4263565891472868
said,0.07751937984496124,0.10077519379844961,0.09302325581395349,0.12403100775193798,0.031007751937984496,0.11627906976744186,0.031007751937984496,0.4263565891472868
oft-neglected,0.0,0.0625,0.03125,0.09375,0.0,0.0,0.0,0.8125
immediate,0.05660377358490566,0.09433962264150944,0.09433962264150944,0.11320754716981132,0.018867924528301886,0.07547169811320754,0.0,0.5471698113207547
environs,0.029411764705882353,0.058823529411764705,0.029411764705882353,0.08823529411764706,0.0,0.029411764705882353,0.0,0.7647058823529411
susquehanna,0.07207207207207207,0.17567567567567569,0.05855855855855856,0.0945945945945946,0.1036036036036036,0.11261261261261261,0.06756756756756757,0.3153153153153153
river,0.015384615384615385,0.15384615384615385,0.046153846153846156,0.06153846153846154,0.12307692307692308,0.07692307692307693,0.09230769230769231,0.4307692307692308
practically,0.06060606060606061,0.18181818181818182,0.12121212121212122,0.21212121212121213,0.09090909090909091,0.06060606060606061,0.12121212121212122,0.15151515151515152
writer,0.041666666666666664,0.20833333333333334,0.0,0.041666666666666664,0.125,0.20833333333333334,0.041666666666666664,0.3333333333333333
story,0.05,0.175,0.025,0.125,0.1,0.1,0.1,0.325
might,0.1016949152542373,0.0847457627118644,0.03389830508474576,0.15254237288135594,0.11864406779661017,0.15254237288135594,0.05084745762711865,0.3050847457627119
offer,0.13043478260869565,0.13043478260869565,0.043478260869565216,0.13043478260869565,0.0,0.17391304347826086,0.043478260869565216,0.34782608695652173
development,0.1111111111111111,0.12962962962962962,0.037037037037037035,0.12962962962962962,0.09259259259259259,0.07407407407407407,0.07407407407407407,0.35185185185185186
democracy,0.040268456375838924,0.11409395973154363,0.020134228187919462,0.12080536912751678,0.1342281879194631,0.08053691275167785,0.03355704697986577,0.4563758389261745
result,0.03614457831325301,0.46987951807228917,0.04819277108433735,0.08433734939759036,0.04819277108433735,0.03614457831325301,0.03614457831325301,0.24096385542168675
account,0.03389830508474576,0.13559322033898305,0.03389830508474576,0.1016949152542373,0.0847457627118644,0.0847457627118644,0.0,0.5254237288135594
however,0.09251101321585903,0.11894273127753303,0.04405286343612335,0.13215859030837004,0.09251101321585903,0.1145374449339207,0.048458149779735685,0.3568281938325991
meant,0.05263157894736842,0.02631578947368421,0.13157894736842105,0.13157894736842105,0.07894736842105263,0.10526315789473684,0.07894736842105263,0.39473684210526316
experience,0.04285714285714286,0.22857142857142856,0.05714285714285714,0.11428571428571428,0.1,0.07142857142857142,0.04285714285714286,0.34285714285714286
one,0.0683111954459203,0.13092979127134724,0.051233396584440226,0.10246679316888045,0.0872865275142315,0.15749525616698293,0.06641366223908918,0.33586337760910817
many,0.08387096774193549,0.12903225806451613,0.05806451612903226,0.13548387096774195,0.13548387096774195,0.14193548387096774,0.07741935483870968,0.23870967741935484
people,0.09541984732824428,0.1450381679389313,0.05343511450381679,0.13740458015267176,0.08778625954198473,0.0648854961832061,0.05725190839694656,0.35877862595419846
historians,0.05263157894736842,0.13157894736842105,0.07894736842105263,0.07894736842105263,0.05263157894736842,0.10526315789473684,0.05263157894736842,0.4473684210526316
local,0.020202020202020204,0.1414141414141414,0.10101010101010101,0.0707070707070707,0.06060606060606061,0.06060606060606061,0.04040404040404041,0.5050505050505051
county,0.05302515295717199,0.13324269204622705,0.09857239972807613,0.09041468388851122,0.07545887151597552,0.07545887151597552,0.04010876954452753,0.433718558803535
societies,0.041666666666666664,0.175,0.10833333333333334,0.075,0.09166666666666666,0.075,0.05,0.38333333333333336
effort,0.07407407407407407,0.1111111111111111,0.07407407407407407,0.07407407407407407,0.07407407407407407,0.18518518518518517,0.07407407407407407,0.3333333333333333
would,0.10335195530726257,0.12849162011173185,0.0893854748603352,0.13687150837988826,0.10893854748603352,0.10614525139664804,0.061452513966480445,0.26536312849162014
extensive,0.06666666666666667,0.1111111111111111,0.044444444444444446,0.13333333333333333,0.044444444444444446,0.13333333333333333,0.022222222222222223,0.4444444444444444
certain,0.045454545454545456,0.18181818181818182,0.06060606060606061,0.15151515151515152,0.07575757575757576,0.16666666666666666,0.030303030303030304,0.2878787878787879
persons,0.07058823529411765,0.12941176470588237,0.07058823529411765,0.12941176470588237,0.058823529411764705,0.17647058823529413,0.011764705882352941,0.35294117647058826
expressed,0.03125,0.125,0.03125,0.0625,0.25,0.03125,0.03125,0.4375
providing,0.08641975308641975,0.25925925925925924,0.04938271604938271,0.012345679012345678,0.2222222222222222,0.0,0.012345679012345678,0.35802469135802467
library,0.0,0.12121212121212122,0.18181818181818182,0.0,0.24242424242424243,0.0,0.030303030303030304,0.42424242424242425
lock,0.03825136612021858,0.19672131147540983,0.09836065573770492,0.060109289617486336,0.13114754098360656,0.07650273224043716,0.09289617486338798,0.30601092896174864
congress,0.04487179487179487,0.12179487179487179,0.14102564102564102,0.09615384615384616,0.08974358974358974,0.0641025641025641,0.05128205128205128,0.391025641025641
late,0.0,0.0967741935483871,0.03225806451612903,0.0967741935483871,0.06451612903225806,0.1935483870967742,0.03225806451612903,0.4838709677419355
dr.,0.015625,0.1875,0.015625,0.0625,0.109375,0.0625,0.03125,0.515625
wallace,0.06521739130434782,0.13043478260869565,0.15217391304347827,0.13043478260869565,0.06521739130434782,0.13043478260869565,0.021739130434782608,0.30434782608695654
buck,0.0,0.1111111111111111,0.0,0.19444444444444445,0.1111111111111111,0.027777777777777776,0.2222222222222222,0.3333333333333333
c.,0.043478260869565216,0.15942028985507245,0.07246376811594203,0.13043478260869565,0.07246376811594203,0.11594202898550725,0.057971014492753624,0.34782608695652173
perhaps,0.0,0.12121212121212122,0.015151515151515152,0.06060606060606061,0.16666666666666666,0.09090909090909091,0.12121212121212122,0.42424242424242425
significant,0.0,0.24,0.0,0.04,0.16,0.04,0.04,0.48
support,0.058823529411764705,0.13970588235294118,0.051470588235294115,0.125,0.125,0.10294117647058823,0.04411764705882353,0.35294117647058826
investigation,0.023255813953488372,0.3488372093023256,0.0,0.09302325581395349,0.11627906976744186,0.09302325581395349,0.046511627906976744,0.27906976744186046
provided,0.08333333333333333,0.1736111111111111,0.0763888888888889,0.04861111111111111,0.1527777777777778,0.05555555555555555,0.0625,0.3472222222222222
historian,0.022222222222222223,0.2111111111111111,0.05555555555555555,0.08888888888888889,0.1111111111111111,0.1,0.044444444444444446,0.36666666666666664
russell,0.02040816326530612,0.22448979591836735,0.04081632653061224,0.10204081632653061,0.08163265306122448,0.12244897959183673,0.10204081632653061,0.30612244897959184
jersey,0.05042016806722689,0.16806722689075632,0.1134453781512605,0.08403361344537816,0.09663865546218488,0.1134453781512605,0.06302521008403361,0.31092436974789917
shore,0.05185185185185185,0.18518518518518517,0.1111111111111111,0.08888888888888889,0.08888888888888889,0.11851851851851852,0.06666666666666667,0.28888888888888886
samuel,0.051194539249146756,0.15699658703071673,0.1296928327645051,0.08532423208191127,0.08532423208191127,0.09215017064846416,0.051194539249146756,0.34812286689419797
national,0.03349282296650718,0.14832535885167464,0.09090909090909091,0.06698564593301436,0.10526315789473684,0.07655502392344497,0.03827751196172249,0.44019138755980863
origins,0.04132231404958678,0.1487603305785124,0.10743801652892562,0.0743801652892562,0.10743801652892562,0.09090909090909091,0.05785123966942149,0.371900826446281
basic,0.041666666666666664,0.125,0.0,0.041666666666666664,0.25,0.0,0.08333333333333333,0.4583333333333333
marshall,0.04854368932038835,0.1553398058252427,0.1262135922330097,0.08737864077669903,0.10679611650485436,0.08737864077669903,0.05825242718446602,0.3300970873786408
williamsport,0.06382978723404255,0.1702127659574468,0.1276595744680851,0.10638297872340426,0.10638297872340426,0.0851063829787234,0.1276595744680851,0.2127659574468085
colbert,0.033707865168539325,0.1348314606741573,0.0898876404494382,0.07865168539325842,0.14606741573033707,0.033707865168539325,0.0449438202247191,0.43820224719101125
journal,0.1,0.04,0.08,0.12,0.12,0.1,0.04,0.4
collection,0.05454545454545454,0.21818181818181817,0.01818181818181818,0.10909090909090909,0.05454545454545454,0.0,0.0,0.5454545454545454
revolutionary,0.0,0.1724137931034483,0.0,0.2413793103448276,0.10344827586206896,0.034482758620689655,0.034482758620689655,0.41379310344827586
war,0.0736196319018405,0.12269938650306748,0.07975460122699386,0.2392638036809816,0.07975460122699386,0.06748466257668712,0.04294478527607362,0.294478527607362
pension,0.06060606060606061,0.15151515151515152,0.0,0.21212121212121213,0.06060606060606061,0.15151515151515152,0.0,0.36363636363636365
claims,0.08411214953271028,0.1542056074766355,0.09813084112149532,0.14018691588785046,0.09345794392523364,0.11214953271028037,0.056074766355140186,0.2616822429906542
society,0.05263157894736842,0.15789473684210525,0.045112781954887216,0.08270676691729323,0.10150375939849623,0.06390977443609022,0.045112781954887216,0.45112781954887216
lycoming,0.0610079575596817,0.14456233421750664,0.10875331564986737,0.09681697612732096,0.09946949602122016,0.1220159151193634,0.04774535809018567,0.3196286472148541
northumberland,0.06129032258064516,0.15,0.09838709677419355,0.1064516129032258,0.07903225806451612,0.1,0.04516129032258064,0.3596774193548387
greene,0.02857142857142857,0.14285714285714285,0.08571428571428572,0.05714285714285714,0.07142857142857142,0.014285714285714285,0.04285714285714286,0.5571428571428572
muncy,0.04722222222222222,0.14722222222222223,0.11944444444444445,0.08055555555555556,0.10833333333333334,0.08611111111111111,0.058333333333333334,0.3527777777777778
find,0.05555555555555555,0.16666666666666666,0.07407407407407407,0.14814814814814814,0.14814814814814814,0.07407407407407407,0.07407407407407407,0.25925925925925924
like,0.1,0.1,0.05,0.1,0.075,0.1,0.025,0.45
making,0.034482758620689655,0.13793103448275862,0.034482758620689655,0.1724137931034483,0.06896551724137931,0.13793103448275862,0.0,0.41379310344827586
also,0.06235011990407674,0.14628297362110312,0.09592326139088729,0.09112709832134293,0.10311750599520383,0.0815347721822542,0.045563549160671464,0.37410071942446044
mr.,0.06548672566371681,0.1415929203539823,0.09911504424778761,0.08495575221238938,0.12212389380530973,0.07079646017699115,0.04601769911504425,0.36991150442477877
hunter,0.0658682634730539,0.17365269461077845,0.08982035928143713,0.1437125748502994,0.0718562874251497,0.1377245508982036,0.041916167664670656,0.2754491017964072
chief,0.06153846153846154,0.15384615384615385,0.06153846153846154,0.15384615384615385,0.06153846153846154,0.15384615384615385,0.015384615384615385,0.3384615384615385
extended,0.07692307692307693,0.10256410256410256,0.1282051282051282,0.15384615384615385,0.07692307692307693,0.10256410256410256,0.07692307692307693,0.28205128205128205
entire,0.15476190476190477,0.05952380952380952,0.05952380952380952,0.10714285714285714,0.047619047619047616,0.2857142857142857,0.05952380952380952,0.2261904761904762
finally,0.06976744186046512,0.16279069767441862,0.14728682170542637,0.06976744186046512,0.16279069767441862,0.046511627906976744,0.14728682170542637,0.1937984496124031
ideal,0.0,0.1891891891891892,0.02702702702702703,0.02702702702702703,0.24324324324324326,0.0,0.16216216216216217,0.35135135135135137
conditions,0.04,0.14,0.08,0.12,0.16,0.12,0.06,0.28
throughout,0.037037037037037035,0.2222222222222222,0.05555555555555555,0.09259259259259259,0.1111111111111111,0.07407407407407407,0.037037037037037035,0.37037037037037035
1769,0.14102564102564102,0.16666666666666666,0.07692307692307693,0.16666666666666666,0.038461538461538464,0.11538461538461539,0.038461538461538464,0.2564102564102564
1784,0.06666666666666667,0.11333333333333333,0.06,0.08666666666666667,0.06666666666666667,0.1,0.06666666666666667,0.44
area,0.06818181818181818,0.14204545454545456,0.03977272727272727,0.11931818181818182,0.11931818181818182,0.09090909090909091,0.07954545454545454,0.3409090909090909
miles,0.045871559633027525,0.22935779816513763,0.01834862385321101,0.045871559633027525,0.13761467889908258,0.10091743119266056,0.1559633027522936,0.26605504587155965
long,0.04477611940298507,0.2656716417910448,0.0626865671641791,0.0626865671641791,0.08059701492537313,0.16119402985074627,0.07462686567164178,0.24776119402985075
located,0.022222222222222223,0.24444444444444444,0.0,0.044444444444444446,0.08888888888888889,0.06666666666666667,0.1111111111111111,0.4222222222222222
