,anger,anticipation,disgust,fear,joy,sadness,surprise,trust
project,0.11977122350566337,0.1751710216440507,0.05012896714141528,0.05416619939441517,0.10698665470449704,0.07379163395760907,0.021531905349332737,0.39845239430301677
gutenberg,0.07951198990323938,0.24400504838031134,0.047959612957509466,0.06015986537652503,0.08582246529238537,0.1081194783340345,0.023559108119478336,0.35086243163651665
ebook,0.037671232876712334,0.24143835616438358,0.050513698630136994,0.08219178082191782,0.15154109589041098,0.052226027397260275,0.06164383561643837,0.32277397260273977
aunt,0.06470588235294118,0.12352941176470589,0.047058823529411764,0.07647058823529412,0.12941176470588237,0.047058823529411764,0.06470588235294118,0.4470588235294118
fanny,0.04299065420560747,0.17570093457943925,0.028037383177570093,0.05420560747663552,0.27476635514018694,0.08598130841121494,0.07850467289719626,0.25981308411214954
's,0.09668971605119907,0.15453876710313375,0.06823598646461675,0.13476533764896279,0.13661909666029132,0.11069589524790349,0.06700014712373106,0.23145505370016184
little,0.08239941208892156,0.17527099026272275,0.060169024435054196,0.11050891052728275,0.1654418519198971,0.1024251331986037,0.07670402351644315,0.2270806540510748
boys,0.030911901081916538,0.231839258114374,0.06646058732612056,0.09119010819165378,0.18392581143740339,0.061823802163833076,0.09582689335394128,0.23802163833075735
girls,0.02564102564102564,0.22710622710622713,0.040293040293040296,0.062271062271062265,0.21611721611721613,0.02564102564102564,0.15384615384615385,0.24908424908424906
use,0.1295662100456621,0.16866438356164384,0.07819634703196347,0.11215753424657535,0.13042237442922375,0.08133561643835617,0.0473744292237443,0.2522831050228311
anyone,0.09615384615384616,0.21153846153846154,0.07692307692307691,0.03846153846153846,0.1346153846153846,0.05769230769230769,0.03846153846153846,0.34615384615384615
almost,0.1111111111111111,0.1476190476190476,0.07513227513227513,0.1447089947089947,0.12301587301587302,0.12936507936507938,0.07195767195767196,0.1970899470899471
may,0.10420433996383364,0.152746383363472,0.0665122061482821,0.12375678119349004,0.12483047016274863,0.09781871609403255,0.06244349005424955,0.26768761301989147
copy,0.1694192860948322,0.11294619072988812,0.08044752264251466,0.07298881193393715,0.06553010122535963,0.06712839637719767,0.03729355354288759,0.3942461374533831
give,0.09944852941176471,0.1636029411764706,0.05753676470588236,0.12261029411764707,0.12518382352941176,0.103125,0.06727941176470588,0.26121323529411766
away,0.10859026565832848,0.1615280201667636,0.07329842931937172,0.1401977894124491,0.12662400620515804,0.1171223579600543,0.0764010083381811,0.19623812293969362
terms,0.11644407345575959,0.1360601001669449,0.04757929883138564,0.08514190317195326,0.1285475792988314,0.05801335559265443,0.04674457429048414,0.3814691151919867
license,0.10081967213114755,0.23196721311475413,0.05655737704918033,0.08934426229508197,0.12704918032786885,0.08360655737704918,0.04016393442622951,0.27049180327868855
distributed,0.06537890044576523,0.2540861812778603,0.03714710252600298,0.10846953937592868,0.12927191679049035,0.05943536404160476,0.07280832095096583,0.2734026745913819
https,0.009174311926605505,0.25993883792048933,0.009174311926605505,0.045871559633027525,0.19571865443425077,0.015290519877675844,0.03975535168195719,0.4250764525993884
made,0.09651171551269494,0.15663376779929178,0.06878625781662019,0.13252467415053112,0.13350410608001204,0.1032170571837565,0.06705341671061553,0.2417690047464778
archive,0.1320754716981132,0.14150943396226415,0.0330188679245283,0.0,0.04009433962264151,0.19811320754716982,0.0047169811320754715,0.45047169811320753
annie,0.0,0.20118343195266267,0.03550295857988165,0.03550295857988165,0.22485207100591714,0.029585798816568046,0.10059171597633133,0.37278106508875736
story,0.09506263817243918,0.18275607958732495,0.058216654384672065,0.12969786293294028,0.14591009579955783,0.09579955784819454,0.08548268238761975,0.20707442888725128
book,0.08439003060778312,0.16571928290336685,0.0419763882815916,0.10712724092697858,0.14691735898557062,0.09488412767818102,0.06689986882378662,0.29208570179274157
christmas,0.06382978723404255,0.2074468085106383,0.0425531914893617,0.10106382978723405,0.18617021276595744,0.06382978723404255,0.07446808510638298,0.26063829787234044
spider,0.08196721311475409,0.06557377049180327,0.21311475409836064,0.27868852459016386,0.04918032786885245,0.14754098360655737,0.04918032786885245,0.11475409836065573
three,0.09981078524124881,0.16579943235572375,0.0640964995269631,0.12015137180700095,0.13245033112582782,0.1118732261116367,0.07119205298013245,0.23462630085146643
bears,0.10227272727272727,0.14204545454545453,0.08238636363636363,0.19886363636363633,0.1221590909090909,0.09374999999999999,0.11363636363636362,0.14488636363636362
minding,0.1095890410958904,0.1506849315068493,0.1780821917808219,0.1643835616438356,0.0958904109589041,0.1643835616438356,0.0136986301369863,0.12328767123287672
quickly,0.11270491803278687,0.1454918032786885,0.11270491803278687,0.15983606557377047,0.10245901639344261,0.15778688524590162,0.06557377049180327,0.14344262295081966
boy,0.05761067313523347,0.15160703456640387,0.20072771376591872,0.08186779866585808,0.14251061249241964,0.08611279563371739,0.08308065494238932,0.19648271679805943
afraid,0.09045226130653268,0.10804020100502514,0.08417085427135679,0.2989949748743719,0.08919597989949749,0.12437185929648241,0.05527638190954774,0.14949748743718594
water,0.08310502283105023,0.16484018264840183,0.060273972602739735,0.14429223744292238,0.14292237442922376,0.11552511415525116,0.08219178082191782,0.20684931506849313
queen,0.10902255639097744,0.14912280701754385,0.07936507936507936,0.13575605680868838,0.1286549707602339,0.11319966583124479,0.07769423558897244,0.20718462823725983
wig,0.11504424778761063,0.10619469026548672,0.13274336283185842,0.12389380530973451,0.12389380530973451,0.11504424778761063,0.05309734513274336,0.23008849557522126
school,0.031809145129224656,0.16699801192842945,0.03114645460569914,0.06693174287607688,0.15241882041086813,0.04903909874088801,0.07554671968190856,0.4261100066269053
time,0.0793992700293185,0.2981511398312691,0.057440315921737574,0.1093759349009753,0.10716208939149166,0.09232334111170945,0.06162867229103094,0.19451923652246755
lived,0.09680134680134679,0.15993265993265993,0.0707070707070707,0.11531986531986532,0.1447811447811448,0.11279461279461278,0.062289562289562284,0.23737373737373735
bit,0.1443850267379679,0.13368983957219252,0.0427807486631016,0.17647058823529413,0.1657754010695187,0.058823529411764705,0.0748663101604278,0.20320855614973263
lady,0.06979280261723009,0.1935659760087241,0.0539803707742639,0.08505997818974918,0.1995637949836423,0.0861504907306434,0.11123227917121047,0.20065430752453653
great,0.09849590658120201,0.1500920225931332,0.06486006219458018,0.1261026845211652,0.1406993717078124,0.10128831630386495,0.07209494193057053,0.2463666941676715
many,0.09797736129151977,0.14891445537205417,0.06606049359807013,0.12293560957506029,0.14204861755427722,0.11226572647986639,0.0658749304138059,0.24392280571534605
indeed,0.0962566844919786,0.15728216420257943,0.06794589493551431,0.12047813777917583,0.14186851211072665,0.10380622837370242,0.07077697389116075,0.24158540421516198
children,0.06771929824561404,0.16456140350877194,0.05473684210526316,0.1105263157894737,0.18526315789473685,0.10877192982456141,0.07789473684210527,0.23052631578947372
loved,0.07491856677524432,0.16178067318132466,0.05428881650380023,0.09120521172638438,0.20846905537459284,0.09446254071661239,0.0738327904451683,0.241042345276873
said,0.10031891292290628,0.15203826955074876,0.06953688297282307,0.12534664448141986,0.1341514143094842,0.10149750415973378,0.06600110926234055,0.25110926234054354
right,0.1294902497434143,0.130516592541909,0.05713308244953815,0.1281217926787547,0.10502907971262401,0.10947656517276771,0.055935682517961,0.2842969551830311
play,0.09984152139461173,0.16164817749603805,0.06814580031695722,0.11885895404120443,0.15689381933438987,0.10142630744849446,0.08874801901743265,0.20443740095087162
tell,0.0980132450331126,0.1567328918322296,0.06887417218543046,0.12671081677704196,0.12980132450331128,0.11655629139072848,0.08167770419426049,0.22163355408388521
stories,0.031746031746031744,0.21693121693121692,0.026455026455026457,0.12169312169312169,0.18518518518518517,0.07936507936507936,0.12698412698412698,0.21164021164021166
sometimes,0.09772151898734178,0.16303797468354433,0.055189873417721524,0.12810126582278483,0.139746835443038,0.1088607594936709,0.07645569620253166,0.2308860759493671
told,0.1048050139275766,0.15006963788300837,0.06928969359331476,0.12917827298050139,0.13649025069637882,0.11072423398328692,0.06720055710306407,0.2322423398328691
george,0.07513348588863464,0.12967200610221205,0.11060259344012205,0.10717009916094586,0.11556064073226545,0.09954233409610984,0.049961861174675826,0.3123569794050343
good,0.04974246807309673,0.20235659352289564,0.03873562407394341,0.06216044591829535,0.19868764552317786,0.05270584914979185,0.14929796091159245,0.24631341282720665
funny,0.034482758620689655,0.1724137931034483,0.017241379310344827,0.05172413793103449,0.25862068965517243,0.05172413793103449,0.12068965517241381,0.2931034482758621
would,0.10379153857414727,0.1503806177719221,0.0655467720685112,0.13314302444737225,0.12937344459083588,0.11103791538574147,0.06679109939979505,0.2399355877616747
make,0.09045964724746125,0.16595403527525387,0.06787814003206841,0.1211918760021379,0.13121325494388028,0.09780865847140567,0.06747728487439872,0.2580171031533939
nearly,0.10573823339780787,0.14958091553836236,0.06640876853642812,0.12379110251450677,0.12379110251450677,0.11540941328175372,0.061895551257253385,0.2533849129593811
die,0.07451312447078746,0.10414902624894158,0.0558848433530906,0.2455546147332769,0.08890770533446232,0.24216765453005923,0.056731583403895,0.13209144792548685
laughing,0.07552083333333333,0.12760416666666666,0.04427083333333333,0.10677083333333331,0.328125,0.0859375,0.0703125,0.16145833333333334
last,0.10281534639801271,0.16326248964946177,0.06527739442451007,0.13676511178581288,0.13207286778912505,0.11813414297543473,0.07038365995031742,0.21128898702732543
one,0.09979027129422909,0.15364319058250459,0.06674108653000474,0.1284419186793857,0.13138488600230028,0.1085176916311481,0.06630133279209796,0.2451796224883296
day,0.0902591599642538,0.16992212434571682,0.06702412868632708,0.12409038682497128,0.13609089748499936,0.11336652623515894,0.0751946891357079,0.2240520873228648
dear,0.06557377049180328,0.17241379310344826,0.058790276992651214,0.09101187111362351,0.17919728660260034,0.10910118711136235,0.06726964386659129,0.2566421707179197
put,0.11100680591410465,0.14245482281154656,0.0809669091762497,0.13776108894625674,0.11335367284674958,0.11147617930063365,0.06712039427364468,0.23586012673081436
us,0.091143253417872,0.15613235585496335,0.056865464632454926,0.1317614424410541,0.14255993659599764,0.10451753516940758,0.07212205270457697,0.2448979591836735
read,0.0989010989010989,0.1826268969126112,0.07692307692307693,0.0999476713762428,0.12506541077969652,0.10989010989010989,0.06017791732077446,0.24646781789638936
keep,0.09744331886155332,0.14809454896285576,0.06078147612156296,0.1427882296189098,0.11673902556681139,0.12108055957549446,0.06271104679208878,0.2503617945007236
long,0.07734191312956316,0.2910530874891721,0.05271624798911025,0.11632223734686299,0.12003464917708204,0.10060636059893575,0.05976983046652641,0.18215567380274716
thought,0.08131868131868131,0.2911242603550296,0.05917159763313609,0.11276415891800508,0.11530008453085376,0.09602704987320372,0.06356720202874049,0.18072696534234997
like,0.09705200397482609,0.1508225681793088,0.07011151595451032,0.13801479518604395,0.14474991719112287,0.1152699569393839,0.0759633432703986,0.20801589930440545
let,0.09334092202618098,0.1644849174729653,0.058338076266363115,0.12692088787706318,0.14797951052931133,0.10927717700626066,0.07996585088218555,0.2196926579396699
know,0.0935326842837274,0.15038247566063975,0.06919332406119609,0.13299721835883171,0.12986787204450623,0.10831015299026425,0.06519471488178025,0.2505215577190542
shall,0.10486027852070459,0.15005072396938116,0.06667896338651665,0.13160564419441115,0.10698146269482615,0.09406990685234715,0.06409665221802084,0.2816563681637923
next,0.09115281501340483,0.1757521596663688,0.04825737265415549,0.14000595770032767,0.13911230265117663,0.11826035150431934,0.07149240393208221,0.21596663687816503
mr.,0.07488986784140969,0.17348437172225717,0.05485630375498216,0.10027270820222363,0.15019928676316344,0.08359555275854835,0.06156912104048668,0.3011327879169289
mrs.,0.06475583864118896,0.18577494692144375,0.03184713375796178,0.10084925690021232,0.19639065817409768,0.09554140127388537,0.09978768577494694,0.2250530785562633
pretty,0.05660377358490567,0.2492552135054618,0.03277060575968223,0.05858987090367429,0.227408142999007,0.05461767626613705,0.05660377358490567,0.26415094339622647
father,0.07480569948186529,0.1400582901554404,0.057156735751295346,0.10087435233160623,0.1373056994818653,0.09650259067357513,0.057156735751295346,0.336139896373057
mother,0.05233527939949958,0.19870725604670558,0.03982485404503753,0.06984987489574646,0.19787322768974147,0.1780650542118432,0.03794829024186822,0.22539616346955796
son,0.09707686755683868,0.15156983038614216,0.07686755683868639,0.13099963911945145,0.13063875857091303,0.11187297004691446,0.06423673763984121,0.23673763984121252
mary,0.09220452640402346,0.14668901927912822,0.07795473595976529,0.1374685666387259,0.1383067896060352,0.12405699916177702,0.06538139145012573,0.2179379715004191
carry,0.11730205278592375,0.15835777126099707,0.06158357771260997,0.14173998044965788,0.1163245356793744,0.11436950146627567,0.06549364613880743,0.22482893450635386
willy,0.024390243902439022,0.26829268292682923,0.012195121951219511,0.07317073170731707,0.24390243902439024,0.08536585365853658,0.13414634146341461,0.15853658536585366
child,0.0663716814159292,0.24469026548672565,0.05088495575221238,0.0831858407079646,0.2553097345132743,0.0920353982300885,0.05132743362831858,0.1561946902654867
name,0.08802308802308802,0.15416065416065416,0.06132756132756133,0.11495911495911497,0.14381914381914382,0.08633958633958634,0.0695045695045695,0.2818662818662818
much,0.09598048573549686,0.15823523173189097,0.06320924806448192,0.12694877505567928,0.13638773995121434,0.11082829568352953,0.07052709725315516,0.23788312652455193
grandma,0.10460251046025104,0.16736401673640167,0.06276150627615062,0.10878661087866108,0.17573221757322174,0.13807531380753138,0.08368200836820083,0.1589958158995816
parents,0.03561643835616439,0.2410958904109589,0.04657534246575343,0.06301369863013699,0.2136986301369863,0.10684931506849316,0.07671232876712329,0.2164383561643836
eat,0.07098765432098765,0.18518518518518517,0.07407407407407407,0.11728395061728396,0.18518518518518517,0.12962962962962962,0.06481481481481481,0.1728395061728395
dinner,0.06655574043261231,0.18635607321131448,0.06655574043261231,0.086522462562396,0.1763727121464226,0.09816971713810316,0.09317803660565724,0.22628951747088183
go,0.08947492347539439,0.17070873557805508,0.06169060513303508,0.12832587708971038,0.13892159171179655,0.11137273369437248,0.07110901813044501,0.22839651518719095
called,0.09709413607099356,0.1559074299634592,0.06455542021924482,0.13137289020358447,0.1306768748912476,0.1023142509135201,0.05968331303288672,0.2583956847050635
glad,0.04608294930875576,0.27073732718894006,0.03686635944700461,0.06336405529953917,0.283410138248848,0.04953917050691244,0.056451612903225805,0.1935483870967742
came,0.1026268559308207,0.16691140479686736,0.06542666014031653,0.12791646271822482,0.13427965410344264,0.11845325501713166,0.07391091532060695,0.21047479197258934
bright,0.044979079497907956,0.18305439330543935,0.027196652719665277,0.08472803347280336,0.23221757322175735,0.11297071129707115,0.08786610878661089,0.2269874476987448
sun,0.038082437275985655,0.22267025089605733,0.0264336917562724,0.06451612903225806,0.22087813620071683,0.053315412186379925,0.15053763440860213,0.22356630824372759
upon,0.10773480662983424,0.14560522350577598,0.06564540431943747,0.141687594173782,0.12395781014565542,0.11049723756906076,0.06725263686589653,0.2376192867905575
mind,0.09652777777777778,0.15868055555555557,0.06336805555555555,0.12638888888888888,0.13541666666666666,0.11041666666666666,0.07222222222222222,0.23697916666666666
jumped,0.06626506024096386,0.20481927710843373,0.030120481927710847,0.07228915662650602,0.22289156626506026,0.07831325301204821,0.09036144578313254,0.23493975903614459
tried,0.13049095607235142,0.1285529715762274,0.0917312661498708,0.15310077519379844,0.09819121447028424,0.14018087855297157,0.06524547803617571,0.1925064599483204
large,0.09852093256455252,0.1601905239408373,0.06367510654299323,0.12108297819002256,0.14038606166959136,0.09952369014790674,0.06793682627224869,0.24868388067184757
every,0.10206075679516788,0.15659975128797302,0.06191152957896607,0.1292414283176408,0.1413217267720732,0.09726416770296678,0.07052762480014213,0.24107301474507017
body,0.1070931849791377,0.13282336578581364,0.07927677329624479,0.1602920723226704,0.10952712100139082,0.13282336578581364,0.07232267037552156,0.20584144645340752
looked,0.09785407725321887,0.16051502145922747,0.07038626609442059,0.1278969957081545,0.15665236051502146,0.12403433476394848,0.08755364806866951,0.17510729613733902
happy,0.034576888080072796,0.24749772520473157,0.0272975432211101,0.045040946314831666,0.2625113739763421,0.045040946314831666,0.053230209281164696,0.2848043676069154
back,0.10380005100739609,0.1713848508033665,0.06273909716908953,0.1466462637082377,0.12802856414180055,0.12267278755419535,0.07243050242285132,0.19229788319306299
dressed,0.08355795148247978,0.19137466307277626,0.043126684636118594,0.0889487870619946,0.19676549865229112,0.12938005390835577,0.06469002695417789,0.20215633423180593
although,0.09879518072289156,0.14843373493975903,0.06843373493975903,0.13445783132530117,0.1378313253012048,0.11036144578313253,0.05349397590361445,0.24819277108433732
got,0.10793650793650794,0.14512471655328799,0.07437641723356009,0.13922902494331066,0.12789115646258503,0.11882086167800454,0.07074829931972788,0.21587301587301588
first,0.08767471410419314,0.17009741634900466,0.06124523506988565,0.1301143583227446,0.13189326556543837,0.10775095298602289,0.06929267259635748,0.24193138500635325
thing,0.08979475484606612,0.15478905359179018,0.0629988597491448,0.11687571265678448,0.14538198403648803,0.09578107183580387,0.07155074116305586,0.2628278221208666
run,0.11059190031152646,0.1588785046728972,0.06697819314641744,0.1542056074766355,0.11838006230529595,0.12305295950155763,0.07009345794392523,0.19781931464174451
wish,0.09498327759197325,0.1739130434782609,0.05953177257525084,0.12307692307692308,0.1391304347826087,0.09698996655518397,0.06755852842809365,0.2448160535117057
kiss,0.03811659192825112,0.20852017937219733,0.03587443946188341,0.08071748878923768,0.2533632286995516,0.08968609865470852,0.16367713004484305,0.13004484304932737
say,0.09959731543624162,0.14778523489932885,0.06,0.12107382550335571,0.13583892617449667,0.10953020134228188,0.06483221476510068,0.26134228187919467
felt,0.09984871406959153,0.15960665658093798,0.06354009077155824,0.1475037821482602,0.14334341906202724,0.11989409984871406,0.07413010590015129,0.19213313161875945
quite,0.09935897435897435,0.15705128205128208,0.06588319088319089,0.1128917378917379,0.1527777777777778,0.1047008547008547,0.07371794871794873,0.2336182336182336
well,0.08810258845879838,0.1570885775350273,0.0597245309902636,0.11933032533839945,0.14877701258608406,0.09748278318689148,0.06613630966516267,0.26335787223937307
two,0.10036196117143797,0.15750795217725128,0.06910167818361303,0.1334868926181858,0.1286607436656795,0.108807721838324,0.06921136338707908,0.23286168695842926
kind,0.07459425717852684,0.10705368289637952,0.050249687890137326,0.07521847690387017,0.24563046192259674,0.08583021223470662,0.049937578027465665,0.31148564294631714
kissed,0.05185185185185186,0.18888888888888888,0.02592592592592593,0.07777777777777778,0.24814814814814815,0.12222222222222223,0.07407407407407408,0.2111111111111111
never,0.09979161843019217,0.1544338967353554,0.06737670757119703,0.13104885390136606,0.13822644130585784,0.11750405186385737,0.06263023848112989,0.2289881917110442
night,0.10364583333333333,0.16901041666666666,0.06380208333333333,0.16380208333333335,0.115625,0.14088541666666668,0.07604166666666667,0.1671875
breakfast,0.025316455696202528,0.22784810126582278,0.025316455696202528,0.025316455696202528,0.22784810126582278,0.04430379746835443,0.12025316455696203,0.30379746835443033
laughed,0.07482993197278912,0.14625850340136054,0.06802721088435375,0.10204081632653061,0.19387755102040816,0.13265306122448978,0.0782312925170068,0.20408163265306123
look,0.08794660384766392,0.1629367883784845,0.07852375343541422,0.13231252453867295,0.14173537495092267,0.11778563015312132,0.08519827247742442,0.19356105221829606
went,0.1104830421377184,0.15210688591983557,0.07656731757451181,0.13514902363823225,0.13386433710174717,0.11202466598150052,0.07014388489208633,0.20966084275436794
rest,0.10031847133757962,0.1512738853503185,0.05891719745222931,0.1374734607218684,0.14596602972399153,0.118895966029724,0.0743099787685775,0.21284501061571126
soon,0.10000000000000002,0.1605769230769231,0.07139423076923078,0.1432692307692308,0.12836538461538463,0.11778846153846155,0.07572115384615385,0.2028846153846154
stairs,0.08780487804878048,0.12682926829268293,0.07317073170731707,0.1121951219512195,0.1121951219512195,0.15609756097560973,0.1121951219512195,0.21951219512195122
together,0.09925093632958801,0.15730337078651685,0.06292134831460675,0.13108614232209737,0.1441947565543071,0.11273408239700373,0.0651685393258427,0.22734082397003744
dark,0.08582326764144946,0.13159567705022251,0.06484424666242848,0.13604577240940877,0.1048951048951049,0.2676414494596313,0.06929434202161475,0.13986013986013984
table,0.08702928870292888,0.16485355648535566,0.05271966527196653,0.12468619246861926,0.15313807531380755,0.13472803347280338,0.08786610878661089,0.19497907949790796
close,0.10991787744788377,0.16045483259633606,0.06632975363234365,0.15982312065698043,0.11560328490208464,0.13455464308275425,0.0739102969046115,0.17940619077700568
fire,0.09838585703305151,0.13681783243658724,0.0614911606456572,0.285933897002306,0.10376633358954651,0.10953112990007688,0.06764027671022291,0.1364335126825519
white,0.06358502405354528,0.2177368751307258,0.031583350763438614,0.08638360175695461,0.20957958586069858,0.08366450533361222,0.043296381510144324,0.26417067559088053
fine,0.08843187660668379,0.16143958868894598,0.07352185089974292,0.11002570694087403,0.1665809768637532,0.10334190231362467,0.07095115681233932,0.22570694087403598
satin,0.07142857142857142,0.09523809523809523,0.023809523809523808,0.09523809523809523,0.30952380952380953,0.2380952380952381,0.0,0.16666666666666666
sat,0.0764525993883792,0.17431192660550457,0.05096839959225281,0.10397553516819572,0.16921508664627932,0.11314984709480123,0.07849133537206932,0.23343527013251786
round,0.11421911421911424,0.16025641025641027,0.06876456876456878,0.13344988344988348,0.12529137529137532,0.13344988344988348,0.06585081585081586,0.19871794871794876
eyes,0.08816521048451152,0.14747153825787662,0.0698967434471803,0.1334392374900715,0.14985438178448504,0.14297061159650515,0.08710616891713,0.18109610802223985
see,0.08751478290251732,0.1613448217604325,0.06335529650278764,0.12062848454130766,0.1454637607704004,0.1111674269302247,0.07484372360195979,0.23568170299037
could,0.10212681898992561,0.15263053927701326,0.0670310133666952,0.137222624613156,0.13195496148021335,0.11457167314150261,0.06571409758345954,0.2287482715480345
help,0.10021474588403721,0.16463851109520397,0.07945597709377236,0.12670007158196134,0.12168933428775947,0.12526843235504653,0.06585540443808159,0.21617752326413744
years,0.08144796380090498,0.17746040723981898,0.05967194570135746,0.11651583710407239,0.14847285067873303,0.1054864253393665,0.06971153846153846,0.24123303167420815
old,0.09077190946024376,0.1685432385374347,0.06256529309344167,0.1232733604178758,0.14579222286709226,0.10795124782356355,0.07301218804410911,0.2280905397562391
grave,0.0629575402635432,0.1171303074670571,0.04026354319180088,0.21815519765739386,0.11346998535871157,0.22986822840409954,0.06734992679355783,0.15080527086383602
delightful,0.04377104377104377,0.22895622895622894,0.016835016835016835,0.06397306397306397,0.2525252525252525,0.04377104377104377,0.07407407407407407,0.27609427609427606
saw,0.10606989576946659,0.15634580012262417,0.07633353770692826,0.1465358675659105,0.12477007970570203,0.12660944206008584,0.07847946045370938,0.18485591661557327
trying,0.1,0.12258064516129033,0.06774193548387097,0.14516129032258066,0.1096774193548387,0.13548387096774195,0.07741935483870968,0.24193548387096772
laugh,0.05507745266781411,0.13425129087779689,0.04130808950086058,0.07401032702237521,0.27882960413080893,0.07401032702237521,0.19104991394148021,0.1514629948364888
get,0.09526184538653365,0.17206982543640897,0.0688279301745636,0.12319201995012467,0.1336658354114713,0.12019950124688279,0.07680798004987531,0.20997506234413965
faces,0.10755813953488373,0.15406976744186046,0.1046511627906977,0.1366279069767442,0.13372093023255816,0.15697674418604654,0.06104651162790698,0.14534883720930233
asked,0.08831400535236396,0.16681534344335416,0.0624442462087422,0.11418376449598572,0.1418376449598573,0.09099018733273863,0.08117752007136486,0.2542372881355932
nice,0.02941176470588235,0.19117647058823528,0.03308823529411765,0.02941176470588235,0.2647058823529412,0.07720588235294117,0.09926470588235294,0.275735294117647
things,0.09265175718849841,0.15362087326943558,0.06629392971246006,0.11608093716719915,0.1472310969116081,0.09824281150159744,0.07401490947816827,0.251863684771033
took,0.10267957667192074,0.1562711101103355,0.0806124746678676,0.13645575320873676,0.13015086692186445,0.1159648727764017,0.07453276289124071,0.20333258275163252
wanted,0.11892797319932999,0.16247906197654943,0.07370184254606366,0.1273031825795645,0.14070351758793972,0.09212730318257957,0.07370184254606366,0.21105527638190957
morning,0.06760435571687841,0.18466424682395646,0.05490018148820327,0.11932849364791288,0.15834845735027223,0.1265880217785844,0.08575317604355717,0.2028130671506352
another,0.10521188504627374,0.1563565513882124,0.07079071277804838,0.13135249228770904,0.12729339178438057,0.10748498132813768,0.06332196785192401,0.23818801753531418
think,0.09137262900265145,0.15643483581480727,0.06587803385682237,0.1129920456863145,0.14256577605547627,0.10707729961248216,0.07077299612482155,0.25290638384662456
better,0.08923346986541836,0.1553540081919251,0.060854300760678756,0.12229373902867173,0.13516676418958454,0.11468695143358688,0.07050906963136337,0.2519016968987712
sick,0.0665610142630745,0.133122028526149,0.16323296354992076,0.09508716323296355,0.1283676703645008,0.21711568938193346,0.044374009508716325,0.15213946117274169
beautiful,0.05776636713735558,0.1407787762088147,0.042789901583226354,0.08386820710312365,0.33504492939666236,0.0915703893881044,0.06760804450149764,0.1805733846812152
red,0.10665944775311315,0.16946399566865186,0.055766107200866256,0.14076881429344884,0.1364374661613427,0.12452625879805086,0.055224688684353,0.21115322144017323
sent,0.09674796747967479,0.15772357723577235,0.06951219512195121,0.13902439024390242,0.12439024390243902,0.10569105691056911,0.06666666666666667,0.24024390243902438
deal,0.04266510812390415,0.21098772647574518,0.028053769725306838,0.05493863237872589,0.20280537697253068,0.04909409701928697,0.16773816481589715,0.24371712448860317
oh,0.12044817927170869,0.12044817927170869,0.10644257703081234,0.14565826330532214,0.11484593837535013,0.14565826330532214,0.07563025210084033,0.17086834733893555
hard,0.10253998118532455,0.16933207902163688,0.062088428974600186,0.12699905926622765,0.14111006585136404,0.09877704609595485,0.07808090310442145,0.22107243650047034
severe,0.1244979919678715,0.1244979919678715,0.07630522088353414,0.1606425702811245,0.11244979919678716,0.1506024096385542,0.0783132530120482,0.17269076305220885
bad,0.1693382655158241,0.08631319358816276,0.15618577887381835,0.17673653925195235,0.07891491985203453,0.17385943279901359,0.05014385532264694,0.10850801479654748
n't,0.10217755443886098,0.15298715801228366,0.07872696817420437,0.12841987716359576,0.12506979341150196,0.1222780569514238,0.07035175879396986,0.2199888330541597
blue,0.05428134556574922,0.1330275229357798,0.03440366972477064,0.08715596330275227,0.1796636085626911,0.2201834862385321,0.06880733944954127,0.22247706422018343
mamma,0.031468531468531465,0.15034965034965034,0.024475524475524472,0.05594405594405594,0.15034965034965034,0.02797202797202797,0.0944055944055944,0.465034965034965
tired,0.09565217391304347,0.17391304347826086,0.06956521739130433,0.1217391304347826,0.15217391304347824,0.08695652173913043,0.07391304347826086,0.2260869565217391
sitting,0.10232558139534884,0.13023255813953488,0.09069767441860464,0.14883720930232558,0.12790697674418602,0.10930232558139534,0.053488372093023255,0.23720930232558138
chair,0.15611814345991562,0.13924050632911394,0.07594936708860761,0.16455696202531647,0.12236286919831225,0.11814345991561183,0.06329113924050633,0.16033755274261605
room,0.07845433255269321,0.1912568306010929,0.06518345042935207,0.12412177985948478,0.15768930523028885,0.12373145979703357,0.07611241217798595,0.18345042935206868
seemed,0.10126219162363741,0.1580608146873207,0.0625358577165806,0.1408491107286288,0.14199655765920824,0.12822719449225473,0.0840504876649455,0.18301778542742397
yes,0.09548611111111112,0.15798611111111113,0.053819444444444454,0.11805555555555555,0.15625000000000003,0.10590277777777778,0.06597222222222224,0.2465277777777778
ran,0.13440000000000002,0.15200000000000002,0.0736,0.15680000000000002,0.1136,0.13440000000000002,0.07200000000000001,0.1632
house,0.08876776328596456,0.15164492894685613,0.07553046525209266,0.13879696320809812,0.11660502238660696,0.1094023749270002,0.06131983648043605,0.25793264551294526
going,0.08990318118948824,0.17289073305670816,0.06500691562932226,0.12586445366528354,0.13692946058091285,0.11134163208852005,0.08160442600276625,0.2164591977869986
find,0.09103641456582634,0.1607843137254902,0.05938375350140056,0.12492997198879552,0.13865546218487393,0.11512605042016807,0.06974789915966387,0.24033613445378152
set,0.12512413108242304,0.15044687189672293,0.06256206554121152,0.11817279046673286,0.12735849056603774,0.10650446871896722,0.06057596822244289,0.24925521350546173
words,0.23118279569892472,0.1222533894343151,0.053997194950911646,0.10892940626460963,0.11079943899018233,0.09303412809724171,0.062412342215988785,0.2173913043478261
heard,0.11363636363636363,0.1458616010854817,0.07530529172320218,0.14280868385346,0.1217774762550882,0.12143826322930802,0.08616010854816826,0.19301221166892812
knew,0.10902483343428225,0.14900060569351908,0.06814052089642642,0.14082374318594792,0.12689279224712294,0.11962447001817081,0.06329497274379164,0.22319806178073895
girl,0.07164404223227752,0.19004524886877827,0.05731523378582202,0.1085972850678733,0.19683257918552033,0.09049773755656107,0.08898944193061839,0.19607843137254902
full,0.12019347037484884,0.1683192261185006,0.06360338573155984,0.11922611850060459,0.12503022974607012,0.1015719467956469,0.0740024183796856,0.22805320435308343
doll,0.05494505494505495,0.13186813186813187,0.01098901098901099,0.07692307692307693,0.37362637362637363,0.14285714285714288,0.04395604395604396,0.16483516483516486
hat,0.08219178082191782,0.17351598173515984,0.05936073059360731,0.08219178082191782,0.20547945205479454,0.13242009132420093,0.0639269406392694,0.2009132420091324
black,0.07920792079207922,0.143303804064617,0.06461698801459094,0.10630536737884316,0.12454403335070352,0.25586242834809797,0.05158936946326212,0.17457008858780615
opened,0.08810572687224669,0.17327459618208516,0.05433186490455212,0.12041116005873713,0.15124816446402348,0.1292217327459618,0.08076358296622613,0.2026431718061674
delighted,0.05198776758409786,0.22324159021406728,0.04281345565749235,0.05504587155963303,0.23547400611620795,0.0581039755351682,0.1712538226299694,0.1620795107033639
must,0.09940794499618029,0.1534568372803667,0.06569900687547747,0.13435828877005349,0.11812452253628725,0.11229946524064172,0.059682964094728806,0.25697097020626436
found,0.0720910623946037,0.10855817875210791,0.05269814502529511,0.10086424957841483,0.22986930860033725,0.08558178752107926,0.04806070826306913,0.3022765598650927
arms,0.1292026897214217,0.14313160422670507,0.06676272814601344,0.16090297790585972,0.1042267050912584,0.12151777137367915,0.069164265129683,0.20509125840537942
darling,0.027210884353741496,0.17687074829931973,0.013605442176870748,0.07482993197278912,0.25170068027210885,0.05442176870748299,0.06122448979591837,0.34013605442176875
cried,0.11563517915309444,0.13029315960912052,0.09283387622149836,0.13517915309446255,0.13517915309446255,0.1319218241042345,0.08143322475570032,0.17752442996742668
speak,0.08986731001206273,0.15983112183353437,0.05910735826296744,0.12303980699638119,0.14294330518697226,0.09650180940892643,0.06574185765983112,0.2629674306393245
young,0.05132867132867133,0.22965034965034967,0.041398601398601395,0.06769230769230769,0.22559440559440558,0.0613986013986014,0.166993006993007,0.15594405594405594
come,0.09009193054136876,0.1628192032686415,0.057814096016343214,0.12972420837589377,0.13381001021450462,0.11297242083758939,0.06618998978549541,0.24657814096016345
take,0.1013224426293271,0.15616491637495136,0.06437183975106961,0.13749513807856864,0.11999222092570982,0.10287825748735899,0.06865033061065733,0.24912485414235702
began,0.11752044769694361,0.14765389582436506,0.0740421868273784,0.14980628497632373,0.11364614722341801,0.13646147223417995,0.07576409814894533,0.185105467068446
looking,0.0928813559322034,0.1559322033898305,0.07864406779661018,0.1383050847457627,0.14440677966101695,0.1342372881355932,0.07322033898305084,0.18237288135593221
fast,0.12301587301587302,0.1521164021164021,0.09259259259259259,0.16005291005291003,0.0992063492063492,0.1574074074074074,0.06349206349206349,0.1521164021164021
warm,0.05810055865921788,0.17430167597765361,0.05251396648044693,0.09273743016759776,0.22569832402234635,0.07150837988826815,0.08603351955307262,0.23910614525139665
home,0.07396369547548089,0.18369005689515036,0.050663776754267136,0.11189379571931725,0.17556217827147114,0.1051205635329179,0.08209157409916011,0.21701435925223514
harry,0.22292993630573246,0.07643312101910826,0.05732484076433121,0.08917197452229299,0.09554140127388534,0.23566878980891717,0.03184713375796178,0.19108280254777069
least,0.09802043422733077,0.14942528735632185,0.06736909323116219,0.13314176245210727,0.12164750957854406,0.10855683269476372,0.06928480204342273,0.25255427841634737
nurse,0.11627906976744187,0.13953488372093023,0.06976744186046512,0.13953488372093023,0.09302325581395349,0.12790697674418605,0.03488372093023256,0.27906976744186046
fellow,0.09484777517564402,0.11592505854800936,0.0667447306791569,0.11358313817330211,0.1088992974238876,0.11007025761124122,0.07377049180327869,0.31615925058548006
often,0.09333333333333332,0.15372549019607842,0.06013071895424836,0.12418300653594772,0.14980392156862746,0.10849673202614378,0.06954248366013072,0.24078431372549022
sleep,0.09815950920245398,0.17995910020449896,0.07566462167689161,0.16359918200408996,0.10633946830265849,0.1411042944785276,0.0736196319018405,0.16155419222903886
wicked,0.13761467889908255,0.08807339449541284,0.09357798165137614,0.24036697247706423,0.09724770642201834,0.13394495412844037,0.03302752293577982,0.17614678899082567
angry,0.2391304347826087,0.11264822134387352,0.18972332015810278,0.12252964426877472,0.0849802371541502,0.10869565217391305,0.045454545454545456,0.09683794466403163
directly,0.1314741035856574,0.14143426294820718,0.07171314741035857,0.11553784860557771,0.09760956175298806,0.09760956175298806,0.04780876494023904,0.2968127490039841
foolish,0.08620689655172413,0.15086206896551724,0.056034482758620684,0.10775862068965517,0.18103448275862066,0.14655172413793102,0.056034482758620684,0.21551724137931033
fears,0.13003095975232198,0.13931888544891644,0.08049535603715172,0.17647058823529413,0.11455108359133127,0.1671826625386997,0.05882352941176471,0.13312693498452013
might,0.10182318541451668,0.15090012613232426,0.0702901043458319,0.13989221419561976,0.12372434353858502,0.11581240683407865,0.06857011810572182,0.22898750143332186
face,0.100029163021289,0.1405657626130067,0.08340624088655584,0.1609798775153106,0.12277631962671333,0.15223097112860892,0.07553222513852434,0.16447944006999124
cry,0.10917721518987342,0.1060126582278481,0.07911392405063292,0.14873417721518986,0.08544303797468354,0.2610759493670886,0.07278481012658226,0.13765822784810125
poor,0.09688803336541546,0.13987808790503686,0.09143407122232916,0.13089509143407121,0.14693615656079562,0.1312159127366057,0.06448508180943215,0.19826756496631376
henry,0.08989850169163849,0.15901401643305946,0.0652489125181247,0.10149830836152732,0.14064765587240213,0.10294828419526342,0.06331561140647657,0.277428709521508
head,0.10414746543778801,0.15046082949308756,0.07741935483870968,0.15276497695852534,0.12027649769585252,0.12534562211981565,0.06889400921658986,0.20069124423963133
crying,0.09745762711864406,0.13983050847457626,0.0805084745762712,0.10593220338983052,0.1228813559322034,0.1822033898305085,0.0635593220338983,0.2076271186440678
still,0.10304601425793908,0.14983797796500323,0.06727154893065457,0.13635774465327286,0.1368762151652625,0.12184057031756318,0.06830848995463384,0.21646143875567078
legs,0.1496815286624204,0.12101910828025479,0.10191082802547771,0.17515923566878983,0.089171974522293,0.14331210191082805,0.060509554140127396,0.15923566878980894
hurt,0.22872340425531915,0.07446808510638298,0.047872340425531915,0.24468085106382978,0.03723404255319149,0.26595744680851063,0.02127659574468085,0.07978723404255318
pain,0.11485451761102604,0.09800918836140889,0.06738131699846861,0.2618683001531394,0.06278713629402756,0.24042879019908117,0.07197549770290966,0.08269525267993875
hand,0.10577740016992353,0.16270178419711132,0.06393372982158028,0.1427357689039932,0.1274426508071368,0.11236193712829227,0.07009345794392524,0.2149532710280374
grew,0.09479305740987984,0.1535380507343124,0.0787716955941255,0.12416555407209613,0.164218958611482,0.1308411214953271,0.07743658210947932,0.17623497997329773
bear,0.24194991055456172,0.09704830053667263,0.05635062611806797,0.2607334525939177,0.0791592128801431,0.07871198568872986,0.04830053667262969,0.13774597495527727
careful,0.08516483516483517,0.15934065934065936,0.057692307692307696,0.0879120879120879,0.1565934065934066,0.0879120879120879,0.07967032967032968,0.2857142857142857
thoughtless,0.14285714285714285,0.08035714285714286,0.15178571428571427,0.09821428571428571,0.125,0.08928571428571429,0.05357142857142857,0.25892857142857145
worse,0.10352941176470588,0.11176470588235293,0.06588235294117648,0.2388235294117647,0.07647058823529412,0.2211764705882353,0.047058823529411764,0.13529411764705881
saying,0.10209923664122138,0.15171755725190839,0.06011450381679389,0.13740458015267176,0.1183206106870229,0.10877862595419846,0.07347328244274809,0.2480916030534351
present,0.04918238993710691,0.1978616352201258,0.03320754716981132,0.06842767295597484,0.18540880503144655,0.05635220125786163,0.14226415094339623,0.2672955974842767
uncle,0.10281923714759536,0.1890547263681592,0.06799336650082918,0.10779436152570482,0.15754560530679934,0.0912106135986733,0.08623548922056386,0.19734660033167498
james,0.0736392742796158,0.1664887940234792,0.06937033084311633,0.10779082177161152,0.13874066168623267,0.0832443970117396,0.07150480256136606,0.2892209178228388
edward,0.08895066018068103,0.14593467685892983,0.06671299513551077,0.12439193884642115,0.113273106323836,0.11188325225851287,0.06532314107018763,0.2835302293259208
