,anger,anticipation,disgust,fear,joy,sadness,surprise,trust
project,0.12841352405721718,0.16352405721716515,0.051365409622886875,0.05754226267880364,0.09980494148244475,0.07444733420026008,0.020806241872561772,0.40409622886866065
gutenberg,0.10526315789473684,0.2129186602870813,0.05263157894736842,0.08253588516746412,0.05980861244019138,0.1124401913875598,0.021531100478468897,0.35287081339712917
ebook,0.10937499999999999,0.16145833333333331,0.06770833333333333,0.14843749999999997,0.062499999999999986,0.062499999999999986,0.062499999999999986,0.32552083333333326
greener,0.0,0.21052631578947367,0.0,0.02631578947368421,0.05263157894736842,0.0,0.13157894736842105,0.5789473684210527
think,0.09814963797264681,0.15285599356395815,0.06838294448913917,0.1311343523732904,0.13515687851971037,0.11102172164119066,0.0901045856798069,0.2131938857602574
ward,0.0,0.25806451612903225,0.0,0.0,0.03225806451612903,0.0,0.12903225806451613,0.5806451612903225
moore,0.0,0.25806451612903225,0.0,0.0,0.03225806451612903,0.0,0.12903225806451613,0.5806451612903225
use,0.13131313131313133,0.17447199265381083,0.10009182736455463,0.11294765840220386,0.1322314049586777,0.10009182736455463,0.056014692378328734,0.19283746556473827
anyone,0.11004784688995216,0.14354066985645933,0.0813397129186603,0.11961722488038279,0.09569377990430622,0.11004784688995216,0.06220095693779905,0.27751196172248804
cost,0.14705882352941177,0.14705882352941177,0.1323529411764706,0.11764705882352942,0.1323529411764706,0.05882352941176471,0.08823529411764706,0.17647058823529413
almost,0.1125150421179302,0.15764139590854392,0.08664259927797835,0.14681107099879664,0.12093862815884478,0.12996389891696752,0.08483754512635379,0.16064981949458484
restrictions,0.20833333333333334,0.020833333333333336,0.1875,0.20833333333333334,0.04166666666666667,0.14583333333333334,0.08333333333333334,0.10416666666666667
may,0.11791044776119403,0.18109452736318407,0.08258706467661692,0.12189054726368159,0.10149253731343283,0.108955223880597,0.07213930348258707,0.21393034825870647
copy,0.19198664440734559,0.10517529215358931,0.08180300500834725,0.08180300500834725,0.03505843071786311,0.07178631051752922,0.036727879799666116,0.39565943238731216
give,0.0938566552901024,0.18515358361774745,0.062286689419795226,0.11177474402730377,0.11774744027303756,0.11177474402730377,0.11177474402730377,0.20563139931740618
away,0.09906357811729917,0.17003449975357318,0.0645638245441104,0.14391325776244454,0.11335633316904879,0.10054213898472153,0.10990635781172992,0.19862000985707243
terms,0.12922173274596185,0.12041116005873716,0.048458149779735685,0.08370044052863437,0.10719530102790015,0.052863436123348026,0.048458149779735685,0.40969162995594716
license,0.11347517730496454,0.22222222222222224,0.05673758865248227,0.10401891252955084,0.10638297872340426,0.08510638297872342,0.04964539007092199,0.2624113475177305
included,0.10416666666666667,0.16666666666666669,0.03125,0.11458333333333334,0.10416666666666667,0.07291666666666667,0.10416666666666667,0.3020833333333333
date,0.046511627906976744,0.20155038759689922,0.06976744186046512,0.10852713178294572,0.09302325581395349,0.08527131782945736,0.06976744186046512,0.32558139534883723
language,0.0821529745042493,0.18413597733711048,0.062322946175637405,0.13031161473087818,0.09915014164305949,0.113314447592068,0.056657223796034,0.2719546742209632
english,0.10747663551401869,0.17289719626168226,0.07943925233644861,0.11214953271028037,0.11682242990654207,0.08411214953271029,0.05140186915887851,0.2757009345794393
start,0.0847723704866562,0.36577708006279436,0.053375196232339085,0.10989010989010989,0.08948194662480377,0.051805337519623226,0.06907378335949765,0.1758241758241758
produced,0.10913140311804008,0.14253897550111358,0.06458797327394208,0.18930957683741645,0.12472160356347436,0.08908685968819598,0.10022271714922047,0.18040089086859684
weeks,0.1287128712871287,0.16336633663366334,0.054455445544554455,0.16336633663366334,0.0891089108910891,0.10396039603960396,0.0693069306930693,0.22772277227722768
distributed,0.07432432432432433,0.25,0.05405405405405406,0.11824324324324324,0.11148648648648647,0.05405405405405406,0.03378378378378378,0.30405405405405406
https,0.0,0.2786885245901639,0.0,0.0,0.14754098360655737,0.0,0.01639344262295082,0.5573770491803278
also,0.10044313146233384,0.16026587887740032,0.06942392909896604,0.12481536189069425,0.1255539143279173,0.10709010339734124,0.0945347119645495,0.21787296898079767
air,0.12460063897763576,0.15867944621938232,0.058572949946751864,0.15122470713525024,0.10862619808306707,0.12034078807241747,0.09052183173588924,0.18743343982960597
new,0.0942173479561316,0.19940179461615154,0.0682951146560319,0.13559322033898305,0.11116650049850449,0.11665004985044865,0.08125623130608176,0.193419740777667
york,0.09558823529411765,0.17279411764705885,0.05882352941176471,0.14705882352941177,0.09191176470588236,0.15073529411764705,0.07720588235294118,0.20588235294117646
copyright,0.08,0.18545454545454546,0.09818181818181819,0.06545454545454546,0.05454545454545454,0.10181818181818181,0.014545454545454545,0.4
first,0.0982923781757601,0.1949187838400666,0.06872136609745938,0.1449396084964598,0.11286963765097875,0.10370678883798416,0.08871303623490212,0.187838400666389
united,0.03973509933774834,0.2052980132450331,0.01986754966887417,0.08278145695364238,0.0728476821192053,0.05132450331125828,0.02152317880794702,0.5066225165562913
states,0.033093525179856115,0.17553956834532372,0.034532374100719423,0.08633093525179857,0.06474820143884892,0.07194244604316546,0.02014388489208633,0.5136690647482015
's,0.09743886000385135,0.15723088773348742,0.07259772771037937,0.134315424610052,0.12073945696129407,0.11419218178316966,0.08963989986520315,0.21384556133256308
note,0.06382978723404255,0.20212765957446807,0.0425531914893617,0.05319148936170213,0.2127659574468085,0.05319148936170213,0.11702127659574468,0.2553191489361702
research,0.040404040404040414,0.25252525252525254,0.020202020202020207,0.12121212121212123,0.15151515151515155,0.040404040404040414,0.10101010101010102,0.27272727272727276
evidence,0.12903225806451613,0.11827956989247312,0.08602150537634408,0.14516129032258066,0.07526881720430106,0.13440860215053763,0.07526881720430106,0.23655913978494625
words,0.2874564459930314,0.11846689895470383,0.07142857142857142,0.1132404181184669,0.08710801393728224,0.09233449477351917,0.07839721254355402,0.15156794425087108
except,0.12076271186440679,0.13771186440677968,0.06355932203389832,0.11864406779661017,0.10381355932203391,0.15677966101694918,0.06567796610169492,0.23305084745762714
printed,0.14285714285714288,0.1517857142857143,0.08928571428571429,0.10714285714285715,0.08928571428571429,0.09821428571428573,0.08035714285714286,0.2410714285714286
...,0.09966024915062287,0.1653454133635334,0.07587768969422423,0.15968289920724799,0.10079275198187995,0.14156285390713474,0.05775764439411098,0.19932049830124574
knew,0.08782051282051281,0.18397435897435896,0.07243589743589744,0.11730769230769231,0.12307692307692307,0.10961538461538463,0.09294871794871795,0.21282051282051284
one,0.10358384999243914,0.1557538182368063,0.06925752306063813,0.14577347648570999,0.11432027823983064,0.11537879933464389,0.0931498563435657,0.20278239830636624
way,0.10494141619969434,0.15486500254712174,0.07335710646968925,0.15435557819663778,0.11360163015792155,0.11207335710646968,0.09169638308711156,0.19510952623535402
sharp,0.12142857142857143,0.10714285714285714,0.10714285714285714,0.15,0.07857142857142858,0.19285714285714287,0.07142857142857142,0.17142857142857143
green,0.08550185873605949,0.08798017348203223,0.05576208178438662,0.10408921933085503,0.2565055762081785,0.09045848822800497,0.03717472118959109,0.2825278810408922
fields,0.2158273381294964,0.10071942446043164,0.07194244604316546,0.22302158273381295,0.10071942446043164,0.08633093525179855,0.043165467625899276,0.15827338129496404
sir,0.07555555555555556,0.12000000000000001,0.026666666666666665,0.07555555555555556,0.09333333333333334,0.08888888888888889,0.09333333333333334,0.42666666666666664
man,0.10240641711229946,0.15106951871657753,0.08636363636363635,0.13689839572192514,0.12352941176470589,0.11711229946524064,0.0839572192513369,0.19866310160427808
good,0.042257217847769035,0.2178477690288714,0.030708661417322834,0.05748031496062992,0.1963254593175853,0.04540682414698163,0.17086614173228346,0.23910761154855642
god,0.044481054365733116,0.2108731466227348,0.03130148270181219,0.18451400329489293,0.20098846787479407,0.03789126853377265,0.03953871499176277,0.2504118616144975
three,0.10282258064516128,0.17237903225806453,0.06350806451612903,0.12701612903225806,0.11995967741935484,0.09879032258064517,0.08467741935483872,0.23084677419354838
four,0.1218274111675127,0.1370558375634518,0.09137055837563453,0.15736040609137056,0.10913705583756345,0.11675126903553298,0.0685279187817259,0.19796954314720813
times,0.10460251046025106,0.1673640167364017,0.07112970711297072,0.16317991631799164,0.10460251046025106,0.09623430962343096,0.07740585774058578,0.2154811715481172
bid,0.027777777777777783,0.22222222222222227,0.027777777777777783,0.08333333333333334,0.19444444444444445,0.055555555555555566,0.08333333333333334,0.30555555555555564
'd,0.08987341772151898,0.19177215189873417,0.0740506329113924,0.12974683544303797,0.11772151898734177,0.11075949367088607,0.09936708860759494,0.18670886075949367
need,0.09677419354838711,0.1756272401433692,0.06093189964157706,0.11111111111111112,0.12903225806451613,0.09677419354838711,0.07168458781362008,0.25806451612903225
trouble,0.10984848484848485,0.20075757575757577,0.05303030303030303,0.13257575757575757,0.08333333333333334,0.12121212121212123,0.07196969696969698,0.2272727272727273
thoughts,0.08243727598566307,0.14336917562724014,0.06093189964157705,0.14336917562724014,0.15770609318996415,0.13261648745519714,0.08243727598566307,0.19713261648745517
yet,0.11241446725317693,0.16226783968719455,0.08162267839687194,0.15689149560117302,0.11388074291300099,0.1187683284457478,0.07966764418377323,0.1744868035190616
....,0.10317873892652424,0.18030224075039084,0.07243355914538822,0.10838978634705576,0.12819176654507555,0.09848879624804585,0.09275664408546118,0.21625846795205836
albert,0.08702064896755161,0.1607669616519174,0.05457227138643067,0.13864306784660765,0.14454277286135692,0.11651917404129793,0.08554572271386429,0.21238938053097342
weener,0.10089686098654709,0.1547085201793722,0.09865470852017938,0.12331838565022421,0.12331838565022421,0.12780269058295965,0.06053811659192825,0.21076233183856502
two,0.1119368323269856,0.1723176962378077,0.062238736646539713,0.1607059916395727,0.10822108685555039,0.10868555503947978,0.07710171853228054,0.19879238272178354
discovery,0.06514657980456026,0.23452768729641696,0.07166123778501629,0.1205211726384365,0.13029315960912052,0.11400651465798047,0.09446254071661238,0.1693811074918567
triumphant,0.058823529411764705,0.23529411764705882,0.047058823529411764,0.09411764705882353,0.21176470588235294,0.09411764705882353,0.023529411764705882,0.23529411764705882
five,0.1,0.1590909090909091,0.0659090909090909,0.15,0.1431818181818182,0.11363636363636363,0.08636363636363636,0.18181818181818182
south,0.09388646288209607,0.17903930131004367,0.0480349344978166,0.15938864628820962,0.1222707423580786,0.12882096069868998,0.08951965065502183,0.17903930131004367
pacific,0.05797101449275363,0.19565217391304351,0.036231884057971016,0.10144927536231885,0.17391304347826086,0.10144927536231885,0.08695652173913043,0.2463768115942029
six,0.11805555555555554,0.1759259259259259,0.0625,0.14351851851851852,0.09953703703703702,0.08796296296296295,0.07870370370370369,0.23379629629629628
mr,0.07456140350877193,0.17105263157894737,0.048245614035087724,0.11403508771929824,0.15789473684210525,0.07894736842105263,0.10087719298245613,0.25438596491228066
neither,0.1003861003861004,0.1583011583011583,0.06563706563706564,0.1776061776061776,0.09652509652509653,0.12355212355212357,0.0694980694980695,0.20849420849420852
vegetation,0.1129032258064516,0.15322580645161288,0.08870967741935484,0.16129032258064516,0.0967741935483871,0.12903225806451613,0.08064516129032258,0.1774193548387097
people,0.10617551462621884,0.15926327193932824,0.07583965330444203,0.1310942578548212,0.12676056338028166,0.11159263271939328,0.08450704225352111,0.20476706392199345
book,0.09039548022598871,0.17231638418079095,0.059322033898305086,0.09887005649717515,0.1581920903954802,0.10451977401129944,0.07344632768361582,0.24293785310734464
entirely,0.10985915492957746,0.17746478873239435,0.04788732394366197,0.19154929577464788,0.11267605633802817,0.1352112676056338,0.08732394366197184,0.13802816901408452
person,0.14949494949494951,0.15151515151515152,0.08282828282828282,0.1191919191919192,0.09494949494949495,0.08888888888888889,0.08080808080808081,0.23232323232323232
miss,0.09876543209876543,0.1746031746031746,0.06349206349206349,0.11816578483245149,0.1111111111111111,0.10934744268077601,0.09700176366843033,0.2275132275132275
madam,0.0930232558139535,0.1627906976744186,0.11627906976744186,0.06976744186046512,0.1627906976744186,0.06976744186046512,0.13953488372093023,0.186046511627907
whatever,0.09514170040485831,0.15991902834008098,0.08097165991902834,0.12955465587044535,0.12955465587044535,0.12348178137651822,0.09514170040485831,0.18623481781376516
country,0.08762886597938144,0.1494845360824742,0.06701030927835051,0.1563573883161512,0.1254295532646048,0.10309278350515463,0.06529209621993126,0.24570446735395188
always,0.11401098901098901,0.15109890109890106,0.07554945054945053,0.12225274725274723,0.12499999999999997,0.10164835164835163,0.07967032967032965,0.23076923076923075
write,0.11627906976744186,0.15116279069767444,0.05813953488372093,0.13953488372093023,0.13953488372093023,0.10465116279069768,0.05813953488372093,0.23255813953488372
something,0.0874439461883408,0.18460388639760836,0.06801195814648729,0.11434977578475336,0.11733931240657697,0.09566517189835576,0.1218236173393124,0.210762331838565
help,0.10486322188449847,0.17173252279635257,0.07142857142857142,0.15197568389057747,0.10638297872340424,0.12917933130699086,0.07750759878419451,0.18693009118541032
minds,0.11191335740072203,0.1588447653429603,0.07581227436823106,0.148014440433213,0.11191335740072203,0.10469314079422383,0.09025270758122744,0.19855595667870038
lay,0.10243902439024388,0.16585365853658535,0.04390243902439024,0.15284552845528454,0.1219512195121951,0.14796747967479673,0.08780487804878048,0.17723577235772356
aside,0.09574468085106384,0.14893617021276598,0.10638297872340427,0.14893617021276598,0.09574468085106384,0.10638297872340427,0.053191489361702135,0.2446808510638298
day,0.08055770720371805,0.18745158791634392,0.06119287374128583,0.1123160340821069,0.14562354763749033,0.09682416731216112,0.11541440743609606,0.20061967467079783
say,0.08677685950413222,0.16528925619834708,0.07231404958677685,0.12258953168044076,0.1274104683195592,0.12190082644628097,0.08677685950413222,0.21694214876033055
never,0.10048134777376655,0.16967509025270758,0.07220216606498195,0.13658243080625754,0.11913357400722023,0.1197352587244284,0.08904933814681108,0.19314079422382674
tell,0.08179419525065963,0.17018469656992086,0.0633245382585752,0.1187335092348285,0.12137203166226912,0.1266490765171504,0.10158311345646438,0.21635883905013192
around,0.10192307692307692,0.18782051282051282,0.07051282051282051,0.13717948717948716,0.11602564102564103,0.0858974358974359,0.11410256410256411,0.18653846153846154
till,0.096514745308311,0.21447721179624665,0.07640750670241288,0.12064343163538875,0.10723860589812333,0.10187667560321716,0.096514745308311,0.1863270777479893
turn,0.11666666666666667,0.15476190476190477,0.09047619047619047,0.1523809523809524,0.10714285714285714,0.10476190476190476,0.08095238095238096,0.19285714285714284
everyone,0.1259259259259259,0.17037037037037037,0.05185185185185185,0.16296296296296298,0.08148148148148149,0.14814814814814814,0.07407407407407407,0.18518518518518517
become,0.07774798927613942,0.17962466487935658,0.06702412868632708,0.11528150134048258,0.13404825737265416,0.1260053619302949,0.07506702412868632,0.22520107238605902
accustomed,0.12080536912751677,0.17449664429530198,0.10738255033557045,0.14093959731543623,0.09395973154362414,0.060402684563758385,0.07382550335570469,0.2281879194630872
fantastic,0.11904761904761904,0.19047619047619047,0.11904761904761904,0.16666666666666666,0.09523809523809523,0.07142857142857142,0.023809523809523808,0.21428571428571427
last,0.09284497444633731,0.1805792163543441,0.060477001703577504,0.15247018739352639,0.11839863713798977,0.12691652470187392,0.09710391822827938,0.17120954003407154
years,0.07938931297709924,0.1816793893129771,0.07022900763358778,0.1480916030534351,0.12671755725190842,0.11297709923664123,0.08702290076335878,0.19389312977099235
used,0.11442786069651739,0.13432835820895522,0.05472636815920398,0.13681592039800994,0.11940298507462685,0.09203980099502487,0.06467661691542288,0.2835820895522388
would,0.10196285074430249,0.17678830193650377,0.06692135423527862,0.15070478197865897,0.10525622447635359,0.12317217757871164,0.08826241601896985,0.1869318930312212
today,0.09433962264150944,0.169811320754717,0.05660377358490566,0.16037735849056603,0.14150943396226415,0.12264150943396228,0.07547169811320756,0.1792452830188679
instead,0.11071428571428572,0.15892857142857145,0.09464285714285714,0.15535714285714283,0.13035714285714287,0.10178571428571428,0.08571428571428572,0.1625
find,0.10155535224153706,0.16102470265324795,0.06495882891125343,0.1582799634034767,0.10978956999085088,0.1363220494053065,0.08325709057639524,0.1848124428179323
must,0.11517671517671517,0.15966735966735965,0.06278586278586279,0.15841995841995843,0.10311850311850312,0.11808731808731808,0.07858627858627858,0.20415800415800417
things,0.0750551876379691,0.18432671081677704,0.0684326710816777,0.11037527593818985,0.13576158940397354,0.10044150110375276,0.09381898454746138,0.2317880794701987
happened,0.10991957104557641,0.17962466487935658,0.06166219839142091,0.14745308310991959,0.06970509383378017,0.15817694369973193,0.07774798927613942,0.1957104557640751
time,0.07562125107112252,0.36182519280205655,0.05784061696658097,0.10668380462724934,0.09747215081405312,0.09040274207369324,0.06683804627249357,0.14331619537275064
began,0.09483667017913593,0.19599578503688092,0.06427818756585879,0.15279241306638566,0.12118018967334035,0.0874604847207587,0.10537407797681769,0.17808219178082188
word,0.06204379562043796,0.12408759124087591,0.05839416058394161,0.11131386861313869,0.07664233576642336,0.09306569343065693,0.07299270072992702,0.40145985401459855
grass,0.10598669623059866,0.164079822616408,0.07583148558758315,0.14944567627494457,0.11574279379157429,0.12727272727272726,0.08514412416851441,0.17649667405764966
family,0.06896551724137931,0.1149425287356322,0.0574712643678161,0.16666666666666669,0.12643678160919541,0.1149425287356322,0.09770114942528736,0.25287356321839083
oh,0.08710801393728222,0.13937282229965156,0.09059233449477351,0.13588850174216027,0.156794425087108,0.10104529616724738,0.08362369337979093,0.20557491289198607
picture,0.07924528301886793,0.19622641509433963,0.04905660377358491,0.07169811320754717,0.15849056603773587,0.08679245283018867,0.09811320754716982,0.26037735849056604
mind,0.09711538461538462,0.16153846153846155,0.06923076923076923,0.14326923076923076,0.10961538461538461,0.14038461538461539,0.07211538461538461,0.20673076923076922
area,0.13675213675213674,0.1111111111111111,0.1111111111111111,0.1794871794871795,0.07692307692307691,0.13675213675213674,0.07692307692307691,0.17094017094017092
idle,0.06896551724137931,0.24137931034482757,0.06896551724137931,0.13793103448275862,0.06896551724137931,0.10344827586206896,0.13793103448275862,0.1724137931034483
anyway,0.09540636042402828,0.14487632508833923,0.07420494699646644,0.13427561837455831,0.12720848056537104,0.1236749116607774,0.07420494699646644,0.22614840989399296
far,0.09862218999274837,0.15881073241479332,0.06453952139231327,0.1537345902828136,0.1160261058738216,0.1312545322697607,0.09427121102248005,0.18274111675126903
pay,0.08679245283018867,0.2528301886792453,0.041509433962264156,0.04905660377358491,0.24528301886792453,0.033962264150943396,0.041509433962264156,0.2490566037735849
strict,0.11111111111111112,0.1358024691358025,0.08641975308641975,0.11111111111111112,0.1234567901234568,0.07407407407407407,0.0617283950617284,0.2962962962962963
attention,0.11029411764705883,0.1519607843137255,0.05392156862745099,0.12009803921568629,0.14215686274509803,0.0857843137254902,0.10049019607843138,0.23529411764705882
set,0.12730806608357628,0.16034985422740525,0.0641399416909621,0.12050534499514091,0.1107871720116618,0.1020408163265306,0.06608357628765792,0.2487852283770651
faith,0.03355704697986577,0.2684563758389262,0.03355704697986577,0.06040268456375839,0.22147651006711408,0.053691275167785234,0.06040268456375839,0.2684563758389262
salesman,0.026315789473684213,0.3157894736842105,0.0,0.0,0.15789473684210525,0.026315789473684213,0.13157894736842105,0.34210526315789475
answer,0.1323529411764706,0.16176470588235295,0.08088235294117647,0.11029411764705882,0.13970588235294118,0.0661764705882353,0.03676470588235294,0.2720588235294118
offering,0.05660377358490566,0.2075471698113208,0.03773584905660378,0.05660377358490566,0.1320754716981132,0.05660377358490566,0.09433962264150944,0.3584905660377358
daily,0.09274193548387095,0.33467741935483875,0.06854838709677419,0.12096774193548386,0.07661290322580644,0.12096774193548386,0.0564516129032258,0.12903225806451613
top,0.07899807321772641,0.2832369942196532,0.052023121387283246,0.06743737957610792,0.06551059730250483,0.07899807321772641,0.06743737957610792,0.30635838150289024
naturally,0.12,0.168,0.055999999999999994,0.192,0.096,0.128,0.08800000000000001,0.152
searching,0.1020408163265306,0.24489795918367344,0.04081632653061224,0.06122448979591836,0.06122448979591836,0.16326530612244897,0.06122448979591836,0.2653061224489796
alert,0.08108108108108107,0.21621621621621623,0.0,0.13513513513513511,0.05405405405405406,0.08108108108108107,0.08108108108108107,0.35135135135135137
back,0.09225922592259227,0.19036903690369036,0.07335733573357336,0.13816381638163816,0.11251125112511251,0.12466246624662466,0.0963096309630963,0.17236723672367235
light,0.09219269102990034,0.15282392026578073,0.05232558139534884,0.14119601328903655,0.13870431893687707,0.11295681063122924,0.10963455149501661,0.20016611295681067
behind,0.10177404295051355,0.1792717086834734,0.06162464985994398,0.15873015873015875,0.1092436974789916,0.11204481792717087,0.09337068160597572,0.1839402427637722
desk,0.1241830065359477,0.19607843137254902,0.0784313725490196,0.0392156862745098,0.1111111111111111,0.10457516339869281,0.09803921568627451,0.2483660130718954
many,0.09746328437917222,0.1568758344459279,0.056074766355140186,0.15554072096128171,0.10881174899866489,0.12750333778371162,0.09746328437917222,0.20026702269692923
products,0.11904761904761904,0.15476190476190477,0.07142857142857142,0.09523809523809523,0.15476190476190477,0.08333333333333333,0.09523809523809523,0.22619047619047616
like,0.10924796747967479,0.14634146341463414,0.09298780487804878,0.14049796747967477,0.1214430894308943,0.11483739837398374,0.09120934959349593,0.1834349593495935
right,0.11546840958605664,0.17516339869281047,0.06710239651416122,0.10413943355119826,0.11154684095860568,0.11285403050108932,0.09891067538126361,0.2148148148148148
sound,0.11627906976744186,0.14825581395348836,0.07848837209302327,0.19476744186046513,0.06976744186046512,0.15988372093023256,0.09593023255813954,0.1366279069767442
world,0.09878903760356915,0.16826003824091776,0.07648183556405354,0.14659018483110262,0.130019120458891,0.10579987253027406,0.0650095602294455,0.2090503505417463
full,0.1476147614761476,0.16831683168316833,0.06210621062106211,0.13771377137713772,0.09900990099009901,0.10441044104410441,0.08550855085508552,0.19531953195319532
anticipating,0.1388888888888889,0.3055555555555556,0.0,0.11111111111111112,0.1388888888888889,0.1388888888888889,0.11111111111111112,0.05555555555555556
deal,0.05254237288135594,0.20847457627118646,0.03559322033898305,0.06779661016949153,0.1864406779661017,0.04406779661016949,0.1745762711864407,0.2305084745762712
actually,0.125,0.1686046511627907,0.06976744186046512,0.1744186046511628,0.09883720930232558,0.10174418604651163,0.07558139534883722,0.186046511627907
warm,0.08333333333333333,0.20512820512820512,0.0641025641025641,0.08333333333333333,0.1474358974358974,0.0641025641025641,0.1346153846153846,0.21794871794871792
hope,0.05039138943248533,0.20841487279843443,0.030821917808219176,0.074853228962818,0.17759295499021524,0.06996086105675146,0.1668297455968689,0.22113502935420745
proposition,0.058823529411764705,0.1764705882352941,0.11764705882352941,0.11764705882352941,0.1764705882352941,0.058823529411764705,0.11764705882352941,0.1764705882352941
ever,0.11911623439000961,0.14505283381364073,0.0787704130643612,0.13640730067243034,0.12007684918347743,0.10758885686839577,0.08549471661863593,0.20749279538904902
came,0.10192666252330641,0.160969546302051,0.07333747669359852,0.15226848974518337,0.11622125543816036,0.11559975139838412,0.10068365444375389,0.1789931634555625
without,0.10781404549950543,0.152324431256182,0.08160237388724034,0.15182987141444113,0.10435212660731949,0.129080118694362,0.07072205736894165,0.20227497527200788
enough,0.117603550295858,0.15606508875739647,0.0673076923076923,0.14866863905325445,0.12426035502958581,0.10133136094674557,0.09763313609467456,0.1871301775147929
put,0.0985761226725082,0.17634173055859803,0.07447973713033954,0.14457831325301201,0.09638554216867469,0.10843373493975902,0.08324205914567359,0.21796276013143479
kind,0.08658008658008659,0.11976911976911979,0.0634920634920635,0.07647907647907648,0.2453102453102453,0.07359307359307359,0.049062049062049064,0.28571428571428575
front,0.12000000000000001,0.14,0.09000000000000001,0.09666666666666666,0.12000000000000001,0.1,0.09000000000000001,0.24333333333333332
working,0.15639810426540282,0.1848341232227488,0.07582938388625593,0.12322274881516587,0.10900473933649288,0.07582938388625593,0.0995260663507109,0.17535545023696683
office,0.08992805755395683,0.1762589928057554,0.0539568345323741,0.13309352517985612,0.1618705035971223,0.1079136690647482,0.08273381294964027,0.19424460431654678
wrong,0.11666666666666665,0.12916666666666668,0.09583333333333333,0.125,0.10833333333333334,0.11666666666666665,0.10416666666666667,0.2041666666666667
part,0.09889001009081737,0.17658930373360243,0.05852674066599395,0.13622603430877903,0.1170534813319879,0.10696266397578204,0.08072653884964683,0.22502522704339054
hollywood,0.08333333333333333,0.1527777777777778,0.08333333333333333,0.18055555555555555,0.11111111111111112,0.08333333333333333,0.09722222222222221,0.20833333333333331
metamorphizer,0.11855670103092783,0.211340206185567,0.07731958762886598,0.09278350515463918,0.10824742268041239,0.12371134020618557,0.07216494845360825,0.1958762886597938
coming,0.0539906103286385,0.3603286384976526,0.04694835680751174,0.11737089201877936,0.10680751173708922,0.08333333333333334,0.07981220657276997,0.15140845070422537
voice,0.1050328227571116,0.16411378555798686,0.06564551422319474,0.10722100656455143,0.12910284463894967,0.12472647702407001,0.1159737417943107,0.18818380743982493
woman,0.0821917808219178,0.14383561643835616,0.07260273972602739,0.13972602739726026,0.13972602739726026,0.14383561643835616,0.10273972602739725,0.17534246575342466
whole,0.10694183864915573,0.1425891181988743,0.07879924953095685,0.16135084427767354,0.125703564727955,0.10318949343339588,0.08255159474671671,0.19887429643527205
business,0.09970674486803519,0.14662756598240467,0.08211143695014662,0.1378299120234604,0.11730205278592375,0.12903225806451613,0.06158357771260997,0.22580645161290322
kitchen,0.05625,0.20625,0.05,0.15625,0.125,0.09375,0.1125,0.2
looking,0.09824046920821114,0.16715542521994134,0.09237536656891494,0.14956011730205276,0.09090909090909091,0.12609970674486803,0.0879765395894428,0.187683284457478
final,0.11458333333333334,0.15625,0.09375,0.16666666666666669,0.10416666666666667,0.11458333333333334,0.07291666666666667,0.17708333333333334
francis,0.10208333333333335,0.17708333333333334,0.05416666666666667,0.12083333333333333,0.10625,0.1125,0.09375,0.2333333333333333
atmosphere,0.12379110251450677,0.16247582205029013,0.06769825918762089,0.13926499032882012,0.11411992263056094,0.11798839458413925,0.11992263056092843,0.15473887814313345
'm,0.0916256157635468,0.18423645320197043,0.06699507389162561,0.15763546798029557,0.11921182266009851,0.12610837438423647,0.07881773399014778,0.17536945812807883
sort,0.10256410256410256,0.11721611721611722,0.09157509157509157,0.14652014652014653,0.12454212454212453,0.13186813186813187,0.08424908424908424,0.20146520146520147
women,0.0695364238410596,0.1390728476821192,0.08609271523178808,0.1258278145695364,0.19536423841059603,0.14238410596026488,0.05629139072847682,0.18543046357615892
place,0.07936507936507936,0.17366946778711484,0.0718954248366013,0.13445378151260504,0.12044817927170867,0.12418300653594772,0.07656395891690009,0.21942110177404292
indeed,0.08455284552845528,0.16910569105691056,0.06178861788617886,0.14796747967479673,0.13821138211382114,0.11544715447154472,0.08292682926829267,0.2
believe,0.11213235294117646,0.15257352941176472,0.07904411764705882,0.14154411764705882,0.1323529411764706,0.09375,0.08823529411764706,0.20036764705882354
capable,0.13278008298755187,0.14107883817427386,0.08298755186721991,0.1701244813278008,0.09543568464730288,0.13278008298755187,0.04979253112033195,0.1950207468879668
efficient,0.09708737864077671,0.23300970873786409,0.06796116504854369,0.15533980582524273,0.07766990291262137,0.06796116504854369,0.048543689320388356,0.25242718446601947
ladies,0.14634146341463417,0.17073170731707318,0.14634146341463417,0.21951219512195125,0.02439024390243903,0.17073170731707318,0.02439024390243903,0.09756097560975611
sure,0.08108108108108109,0.18339768339768342,0.07142857142857144,0.09845559845559845,0.12548262548262548,0.10617760617760619,0.0888030888030888,0.24517374517374518
suffered,0.16883116883116883,0.12337662337662336,0.07467532467532467,0.18506493506493507,0.07142857142857144,0.16233766233766234,0.07142857142857144,0.14285714285714288
lost,0.0821566110397946,0.1501925545571245,0.04621309370988447,0.12451861360718869,0.09499358151476252,0.30808729139922975,0.06546854942233632,0.12836970474967907
feminine,0.16666666666666666,0.11111111111111112,0.05555555555555556,0.16666666666666666,0.08333333333333333,0.1388888888888889,0.11111111111111112,0.16666666666666666
alike,0.06956521739130435,0.16521739130434782,0.06956521739130435,0.16521739130434782,0.14782608695652175,0.10434782608695652,0.08695652173913043,0.19130434782608696
towering,0.13725490196078433,0.23529411764705882,0.058823529411764705,0.19607843137254904,0.11764705882352941,0.11764705882352941,0.03921568627450981,0.09803921568627452
least,0.1264367816091954,0.15804597701149423,0.06034482758620689,0.16379310344827586,0.11063218390804597,0.11350574712643677,0.057471264367816084,0.2097701149425287
foot,0.08997429305912595,0.14910025706940871,0.07712082262210795,0.15167095115681234,0.14395886889460152,0.10025706940874034,0.09254498714652955,0.19537275064267348
ten,0.10364145658263305,0.17086834733893555,0.050420168067226885,0.12324929971988796,0.13445378151260504,0.12324929971988796,0.09803921568627451,0.19607843137254902
height,0.0480349344978166,0.2052401746724891,0.0480349344978166,0.1572052401746725,0.1703056768558952,0.1222707423580786,0.05676855895196507,0.1921397379912664
apparently,0.11921458625525948,0.15007012622720897,0.091164095371669,0.17251051893408137,0.10098176718092568,0.12342215988779805,0.09537166900420757,0.14726507713884993
arms,0.13636363636363635,0.12987012987012986,0.06168831168831168,0.17532467532467533,0.11038961038961038,0.15584415584415584,0.07142857142857144,0.1590909090909091
speaking,0.060606060606060615,0.15151515151515152,0.030303030303030307,0.12121212121212123,0.09090909090909091,0.18181818181818182,0.09090909090909091,0.27272727272727276
big,0.11292346298619824,0.17189460476787954,0.08406524466750313,0.10414052697616061,0.11668757841907153,0.1016311166875784,0.07904642409033877,0.22961104140526975
small,0.0931744312026002,0.1473456121343445,0.09209100758396532,0.13542795232936075,0.12892741061755145,0.11050920910075837,0.08450704225352111,0.20801733477789813
legs,0.14634146341463414,0.1138211382113821,0.08130081300813008,0.1382113821138211,0.06504065040650406,0.17886178861788618,0.08130081300813008,0.19512195121951217
columns,0.06521739130434782,0.1956521739130435,0.04347826086956522,0.13043478260869565,0.13043478260869565,0.13043478260869565,0.10869565217391305,0.1956521739130435
large,0.10355486862442043,0.17310664605873263,0.05718701700154561,0.14219474497681608,0.10510046367851625,0.12055641421947452,0.08964451313755797,0.20865533230293667
great,0.08954758190327614,0.15538221528861154,0.06333853354134165,0.14851794071762872,0.12636505460218408,0.11357254290171606,0.09765990639625585,0.205616224648986
short,0.12264150943396228,0.18867924528301888,0.07075471698113207,0.13443396226415094,0.11084905660377359,0.10613207547169812,0.05660377358490566,0.2099056603773585
mighty,0.18361581920903955,0.07627118644067797,0.05790960451977401,0.22033898305084745,0.15677966101694915,0.07344632768361582,0.03672316384180791,0.19491525423728814
little,0.08778014941302027,0.192102454642476,0.06189967982924226,0.10859124866595518,0.13687299893276414,0.09498399146211313,0.1011205976520811,0.21664887940234792
work,0.13679245283018868,0.18144654088050316,0.04968553459119497,0.09150943396226416,0.1119496855345912,0.0940251572327044,0.05849056603773586,0.2761006289308176
interesting,0.10869565217391303,0.16304347826086954,0.07608695652173912,0.18478260869565213,0.11956521739130434,0.11956521739130434,0.043478260869565216,0.18478260869565213
problems,0.09374999999999999,0.15625,0.03125,0.125,0.21874999999999997,0.125,0.0625,0.18749999999999997
change,0.07491856677524429,0.1205211726384365,0.035830618892508145,0.3387622149837134,0.10097719869706841,0.07166123778501629,0.07491856677524429,0.18241042345276873
structure,0.11020408163265306,0.1306122448979592,0.024489795918367346,0.1510204081632653,0.09795918367346938,0.08163265306122448,0.036734693877551024,0.3673469387755102
plant,0.04761904761904761,0.17687074829931973,0.04081632653061224,0.13605442176870747,0.14965986394557823,0.12925170068027209,0.07482993197278912,0.24489795918367346
inoculated,0.04651162790697675,0.13953488372093023,0.06976744186046512,0.1627906976744186,0.1627906976744186,0.04651162790697675,0.04651162790697675,0.3255813953488372
face,0.12317167051578139,0.11239414934565052,0.09391839876828331,0.15011547344110857,0.11624326404926869,0.13240954580446498,0.09699769053117785,0.17474980754426483
head,0.11069651741293533,0.1492537313432836,0.09950248756218906,0.15422885572139305,0.09328358208955224,0.11069651741293533,0.08333333333333334,0.19900497512437812
eyes,0.09902130109383994,0.1468048359240069,0.07369027058146228,0.15141047783534828,0.12435233160621761,0.12550374208405296,0.09441565918249854,0.1848013816925734
speak,0.07738095238095238,0.17261904761904762,0.047619047619047616,0.11309523809523808,0.13095238095238096,0.125,0.08333333333333333,0.25
enormous,0.09345794392523364,0.20373831775700935,0.05233644859813084,0.15700934579439252,0.12710280373831775,0.08971962616822429,0.09906542056074766,0.17757009345794392
called,0.10806451612903226,0.18387096774193548,0.06451612903225806,0.12580645161290321,0.12580645161290321,0.0967741935483871,0.08225806451612902,0.2129032258064516
beautiful,0.05346534653465347,0.1306930693069307,0.039603960396039604,0.0712871287128713,0.3524752475247525,0.0594059405940594,0.06534653465346535,0.22772277227722773
moments,0.11363636363636363,0.1477272727272727,0.10227272727272727,0.1477272727272727,0.11363636363636363,0.07954545454545453,0.125,0.17045454545454544
mine,0.10714285714285714,0.14285714285714285,0.0510204081632653,0.1020408163265306,0.1530612244897959,0.12755102040816327,0.05612244897959184,0.260204081632653
held,0.1198738170347003,0.11041009463722398,0.08201892744479496,0.19242902208201892,0.08517350157728708,0.13564668769716087,0.09463722397476342,0.1798107255520505
felt,0.11832460732984294,0.1654450261780105,0.07225130890052356,0.14973821989528796,0.11518324607329843,0.10890052356020943,0.09842931937172775,0.17172774869109947
quite,0.07958921694480103,0.17329910141206678,0.06161745827984596,0.14890885750962773,0.12580231065468553,0.11039794608472402,0.08729139922978178,0.2130937098844673
means,0.11241217798594849,0.15573770491803282,0.08313817330210774,0.1358313817330211,0.11358313817330211,0.09601873536299765,0.07845433255269321,0.22482435597189698
urged,0.11320754716981132,0.169811320754717,0.05660377358490566,0.11320754716981132,0.09433962264150944,0.09433962264150944,0.11320754716981132,0.24528301886792456
plants,0.10576923076923077,0.1346153846153846,0.08653846153846154,0.1923076923076923,0.10576923076923077,0.09615384615384615,0.038461538461538464,0.24038461538461536
making,0.11129848229342328,0.17200674536256325,0.07588532883642496,0.13827993254637436,0.10623946037099494,0.11635750421585161,0.09106239460370996,0.18887015177065766
anything,0.10564225690276112,0.15126050420168066,0.08283313325330133,0.156062424969988,0.11404561824729892,0.12965186074429774,0.078031212484994,0.18247298919567828
within,0.12678571428571428,0.1669642857142857,0.05357142857142857,0.14107142857142857,0.12678571428571428,0.09464285714285714,0.11517857142857144,0.17500000000000002
reach,0.10365853658536583,0.17886178861788618,0.036585365853658534,0.15447154471544713,0.13414634146341461,0.07926829268292682,0.13617886178861788,0.1768292682926829
understand,0.11180124223602483,0.14596273291925466,0.06211180124223602,0.17701863354037267,0.12422360248447203,0.09627329192546583,0.05590062111801242,0.22670807453416147
took,0.09846547314578005,0.1649616368286445,0.07544757033248083,0.12531969309462915,0.10485933503836316,0.13043478260869565,0.09335038363171355,0.20716112531969308
gold,0.05058365758754864,0.20622568093385213,0.06614785992217899,0.12062256809338522,0.11673151750972763,0.08560311284046694,0.12840466926070038,0.22568093385214008
pocket,0.12396694214876033,0.17355371900826447,0.08264462809917356,0.11570247933884296,0.08264462809917356,0.11570247933884296,0.10743801652892562,0.19834710743801653
went,0.10913500404203719,0.1713823767178658,0.07275666936135812,0.13419563459983833,0.116410670978173,0.1099434114793856,0.09377526273241714,0.19240097008892482
lack,0.10697674418604651,0.13953488372093023,0.08372093023255814,0.13488372093023254,0.13953488372093023,0.13023255813953488,0.08372093023255814,0.18139534883720929
resources,0.07407407407407407,0.14814814814814814,0.0,0.1111111111111111,0.24074074074074073,0.09259259259259259,0.05555555555555555,0.27777777777777773
experiment,0.05641025641025642,0.28205128205128205,0.035897435897435895,0.09743589743589744,0.11282051282051284,0.05641025641025642,0.21025641025641023,0.14871794871794872
thought,0.07573632538569425,0.3525011687704535,0.05516596540439458,0.1150070126227209,0.09069658719027582,0.0949041608228144,0.07059373539036932,0.14539504441327725
slight,0.16455696202531644,0.20253164556962025,0.06962025316455696,0.15189873417721517,0.08227848101265822,0.10759493670886075,0.08860759493670885,0.13291139240506328
cash,0.12195121951219513,0.24390243902439027,0.0,0.19512195121951223,0.17073170731707318,0.04878048780487806,0.0,0.21951219512195125
get,0.10109561752988047,0.1892430278884462,0.061752988047808766,0.14691235059760954,0.1050796812749004,0.11603585657370517,0.10358565737051792,0.17629482071713146
production,0.09090909090909091,0.32727272727272727,0.03636363636363637,0.07272727272727274,0.12727272727272726,0.07272727272727274,0.03636363636363637,0.23636363636363636
started,0.09243697478991596,0.21288515406162462,0.06302521008403361,0.13165266106442577,0.11064425770308123,0.11484593837535012,0.10084033613445377,0.17366946778711484
