,anger,anticipation,disgust,fear,joy,sadness,surprise,trust
gutenberg,0.144,0.144,0.024,0.152,0.08,0.064,0.104,0.288
's,0.24857468643101482,0.08893956670467502,0.04218928164196123,0.2314709236031927,0.07297605473204105,0.04903078677309008,0.09350057012542759,0.1733181299885975
shock,0.255859375,0.0546875,0.026692708333333332,0.263671875,0.0546875,0.040364583333333336,0.18684895833333334,0.1171875
awe,0.25542691751085383,0.055716353111432707,0.02532561505065123,0.26483357452966716,0.05499276410998553,0.03762662807525326,0.18813314037626627,0.11794500723589002
k.,0.16216216216216217,0.13513513513513514,0.0,0.21621621621621623,0.08108108108108109,0.0,0.21621621621621623,0.1891891891891892
ullman,0.15789473684210525,0.07894736842105263,0.0,0.2631578947368421,0.07894736842105263,0.0,0.23684210526315788,0.18421052631578946
p.,0.16216216216216217,0.10810810810810811,0.0,0.21621621621621623,0.08108108108108109,0.0,0.21621621621621623,0.21621621621621623
wade,0.14634146341463414,0.0975609756097561,0.0,0.24390243902439024,0.07317073170731707,0.0,0.21951219512195122,0.21951219512195122
ebook,0.15625,0.109375,0.015625,0.21875,0.09375,0.015625,0.171875,0.21875
use,0.2248062015503876,0.10077519379844961,0.05232558139534884,0.25775193798449614,0.06395348837209303,0.06782945736434108,0.06976744186046512,0.16279069767441862
united,0.13855421686746988,0.12349397590361445,0.0391566265060241,0.25903614457831325,0.045180722891566265,0.060240963855421686,0.02710843373493976,0.3072289156626506
states,0.13526570048309178,0.12318840579710146,0.04589371980676329,0.24396135265700483,0.04830917874396135,0.07004830917874397,0.036231884057971016,0.2971014492753623
world,0.2066869300911854,0.1033434650455927,0.057750759878419454,0.2978723404255319,0.03343465045592705,0.0668693009118541,0.060790273556231005,0.17325227963525835
cost,0.16279069767441862,0.10852713178294573,0.015503875968992248,0.26356589147286824,0.07751937984496124,0.03875968992248062,0.03875968992248062,0.29457364341085274
almost,0.1956521739130435,0.15217391304347827,0.043478260869565216,0.2391304347826087,0.0,0.10869565217391304,0.043478260869565216,0.21739130434782608
may,0.21142857142857144,0.11142857142857143,0.045714285714285714,0.23857142857142857,0.06428571428571428,0.07142857142857142,0.07285714285714286,0.18428571428571427
copy,0.22727272727272727,0.06818181818181818,0.09090909090909091,0.06818181818181818,0.022727272727272728,0.06818181818181818,0.022727272727272728,0.4318181818181818
give,0.21818181818181817,0.16363636363636364,0.05454545454545454,0.18181818181818182,0.07272727272727272,0.10909090909090909,0.01818181818181818,0.18181818181818182
away,0.14285714285714285,0.14285714285714285,0.04081632653061224,0.16326530612244897,0.10204081632653061,0.061224489795918366,0.08163265306122448,0.2653061224489796
terms,0.2603305785123967,0.06611570247933884,0.04132231404958678,0.25206611570247933,0.049586776859504134,0.08677685950413223,0.06198347107438017,0.18181818181818182
project,0.13352272727272727,0.13636363636363635,0.03977272727272727,0.08238636363636363,0.10795454545454546,0.0625,0.048295454545454544,0.38920454545454547
license,0.18604651162790697,0.16279069767441862,0.046511627906976744,0.20930232558139536,0.09302325581395349,0.06976744186046512,0.023255813953488372,0.20930232558139536
check,0.2727272727272727,0.15151515151515152,0.030303030303030304,0.21212121212121213,0.0,0.09090909090909091,0.0,0.24242424242424243
country,0.2112676056338028,0.09859154929577464,0.04225352112676056,0.2535211267605634,0.028169014084507043,0.08450704225352113,0.028169014084507043,0.2535211267605634
using,0.24,0.064,0.064,0.256,0.036,0.096,0.056,0.188
achieving,0.21774193548387097,0.07258064516129033,0.036290322580645164,0.2620967741935484,0.04032258064516129,0.06048387096774194,0.16129032258064516,0.14919354838709678
rapid,0.18742791234140715,0.07785467128027682,0.03575547866205306,0.2035755478662053,0.058246828143021914,0.04152249134948097,0.2358708189158016,0.15974625144175317
dominance,0.1867582760774516,0.07932542161149282,0.03123048094940662,0.20487195502810743,0.05933791380387258,0.043098063710181135,0.23048094940662087,0.16489693941286696
date,0.08888888888888889,0.15555555555555556,0.0,0.17777777777777778,0.06666666666666667,0.022222222222222223,0.17777777777777778,0.3111111111111111
release,0.15625,0.09375,0.0,0.28125,0.0625,0.03125,0.15625,0.21875
first,0.19256756756756757,0.11824324324324324,0.02702702702702703,0.24662162162162163,0.05067567567567568,0.05067567567567568,0.0945945945945946,0.2195945945945946
1,0.20224719101123595,0.12359550561797752,0.011235955056179775,0.2808988764044944,0.056179775280898875,0.06741573033707865,0.10112359550561797,0.15730337078651685
start,0.1111111111111111,0.4074074074074074,0.0,0.18518518518518517,0.037037037037037035,0.0,0.1111111111111111,0.14814814814814814
produced,0.14634146341463414,0.12195121951219512,0.0,0.24390243902439024,0.12195121951219512,0.0,0.1951219512195122,0.17073170731707318
volunteer,0.125,0.14583333333333334,0.041666666666666664,0.22916666666666666,0.125,0.041666666666666664,0.125,0.16666666666666666
note,0.17777777777777778,0.08888888888888889,0.044444444444444446,0.2,0.06666666666666667,0.08888888888888889,0.06666666666666667,0.26666666666666666
taken,0.21739130434782608,0.1956521739130435,0.043478260869565216,0.21739130434782608,0.043478260869565216,0.06521739130434782,0.043478260869565216,0.17391304347826086
command,0.1518987341772152,0.10126582278481013,0.0379746835443038,0.21518987341772153,0.0949367088607595,0.04430379746835443,0.04430379746835443,0.310126582278481
control,0.21258134490238612,0.09761388286334056,0.049891540130151846,0.20824295010845986,0.0650759219088937,0.04338394793926247,0.08026030368763558,0.24295010845986983
research,0.11363636363636363,0.20454545454545456,0.0,0.18181818181818182,0.022727272727272728,0.045454545454545456,0.022727272727272728,0.4090909090909091
program,0.17777777777777778,0.2222222222222222,0.0,0.3111111111111111,0.044444444444444446,0.022222222222222223,0.022222222222222223,0.2
within,0.2193877551020408,0.1377551020408163,0.030612244897959183,0.17857142857142858,0.05612244897959184,0.04591836734693878,0.09693877551020408,0.23469387755102042
defense,0.2017766497461929,0.20939086294416243,0.0266497461928934,0.2639593908629442,0.04314720812182741,0.04314720812182741,0.03807106598984772,0.17385786802030456
security,0.16835016835016836,0.13804713804713806,0.013468013468013467,0.23905723905723905,0.06060606060606061,0.08417508417508418,0.08417508417508418,0.21212121212121213
2,0.20588235294117646,0.20588235294117646,0.029411764705882353,0.29411764705882354,0.029411764705882353,0.11764705882352941,0.0,0.11764705882352941
information,0.18740399385560677,0.09370199692780339,0.06144393241167435,0.2119815668202765,0.07373271889400922,0.08448540706605223,0.07834101382488479,0.20890937019969277
considered,0.3225806451612903,0.03225806451612903,0.03225806451612903,0.3225806451612903,0.0,0.06451612903225806,0.06451612903225806,0.16129032258064516
public,0.19333333333333333,0.24666666666666667,0.06,0.19333333333333333,0.02,0.06666666666666667,0.06,0.16
distributed,0.06896551724137931,0.2413793103448276,0.06896551724137931,0.13793103448275862,0.06896551724137931,0.034482758620689655,0.0,0.3793103448275862
unless,0.24528301886792453,0.11320754716981132,0.0,0.3018867924528302,0.05660377358490566,0.03773584905660377,0.07547169811320754,0.16981132075471697
otherwise,0.2413793103448276,0.13793103448275862,0.0,0.2413793103448276,0.06896551724137931,0.034482758620689655,0.06896551724137931,0.20689655172413793
appropriate,0.2710843373493976,0.06626506024096386,0.024096385542168676,0.26506024096385544,0.03614457831325301,0.030120481927710843,0.0963855421686747,0.21084337349397592
electronic,0.19047619047619047,0.11564625850340136,0.07482993197278912,0.09523809523809523,0.08163265306122448,0.06802721088435375,0.05442176870748299,0.3197278911564626
basis,0.19696969696969696,0.10606060606060606,0.030303030303030304,0.24242424242424243,0.015151515151515152,0.06060606060606061,0.13636363636363635,0.21212121212121213
3,0.22535211267605634,0.09859154929577464,0.014084507042253521,0.30985915492957744,0.056338028169014086,0.08450704225352113,0.08450704225352113,0.1267605633802817
strategic,0.21282798833819241,0.0728862973760933,0.029154518950437316,0.25072886297376096,0.0641399416909621,0.043731778425655975,0.10787172011661808,0.21865889212827988
policy,0.15060240963855423,0.0963855421686747,0.030120481927710843,0.19879518072289157,0.05421686746987952,0.06626506024096386,0.09036144578313253,0.3132530120481928
operational,0.1917808219178082,0.08904109589041095,0.023972602739726026,0.2089041095890411,0.0684931506849315,0.06164383561643835,0.13013698630136986,0.22602739726027396
application,0.24471299093655588,0.06042296072507553,0.03323262839879154,0.283987915407855,0.03323262839879154,0.05740181268882175,0.12084592145015106,0.1661631419939577
4,0.16216216216216217,0.13513513513513514,0.02702702702702703,0.2702702702702703,0.05405405405405406,0.10810810810810811,0.0,0.24324324324324326
system,0.11458333333333333,0.09722222222222222,0.034722222222222224,0.1840277777777778,0.0625,0.027777777777777776,0.08680555555555555,0.3923611111111111
innovation,0.12307692307692308,0.12307692307692308,0.015384615384615385,0.15384615384615385,0.06153846153846154,0.0,0.27692307692307694,0.24615384615384617
technological,0.14285714285714285,0.125,0.017857142857142856,0.25,0.05357142857142857,0.017857142857142856,0.10714285714285714,0.2857142857142857
integration,0.10638297872340426,0.10638297872340426,0.02127659574468085,0.1702127659574468,0.0425531914893617,0.02127659574468085,0.14893617021276595,0.3829787234042553
5,0.2876712328767123,0.0958904109589041,0.0273972602739726,0.3150684931506849,0.0410958904109589,0.0547945205479452,0.0958904109589041,0.0821917808219178
future,0.20094562647754138,0.1347517730496454,0.03309692671394799,0.26004728132387706,0.0591016548463357,0.061465721040189124,0.07328605200945626,0.1773049645390071
commanders,0.14035087719298245,0.10526315789473684,0.0,0.19298245614035087,0.03508771929824561,0.08771929824561403,0.08771929824561403,0.3508771929824561
alternatives,0.15,0.2,0.0,0.225,0.05,0.025,0.125,0.225
forces,0.200160128102482,0.100080064051241,0.044035228182546036,0.2602081665332266,0.07846277021617294,0.06244995996797438,0.06725380304243395,0.18734987990392313
required,0.17857142857142858,0.13392857142857142,0.022321428571428572,0.2544642857142857,0.08482142857142858,0.03571428571428571,0.08928571428571429,0.20089285714285715
general,0.19834710743801653,0.09090909090909091,0.01652892561983471,0.2066115702479339,0.04132231404958678,0.05785123966942149,0.0743801652892562,0.3140495867768595
enduring,0.225,0.1,0.025,0.225,0.05,0.05,0.15,0.175
realities,0.16,0.2,0.02,0.16,0.06,0.06,0.14,0.2
study,0.2153846153846154,0.09230769230769231,0.046153846153846156,0.16923076923076924,0.046153846153846156,0.046153846153846156,0.13846153846153847,0.24615384615384617
group,0.23140495867768596,0.09917355371900827,0.049586776859504134,0.2396694214876033,0.04132231404958678,0.01652892561983471,0.12396694214876033,0.19834710743801653
early,0.20212765957446807,0.1276595744680851,0.02127659574468085,0.23404255319148937,0.02127659574468085,0.1276595744680851,0.0851063829787234,0.18085106382978725
stages,0.2857142857142857,0.11428571428571428,0.0,0.2857142857142857,0.0,0.11428571428571428,0.08571428571428572,0.11428571428571428
debate,0.13725490196078433,0.19607843137254902,0.0,0.17647058823529413,0.11764705882352941,0.0392156862745098,0.058823529411764705,0.27450980392156865
conflict,0.27411167512690354,0.06852791878172589,0.030456852791878174,0.2893401015228426,0.04314720812182741,0.13451776649746192,0.06345177664974619,0.09644670050761421
deny,0.4222222222222222,0.022222222222222223,0.044444444444444446,0.2,0.06666666666666667,0.0,0.044444444444444446,0.2
change,0.1794871794871795,0.10256410256410256,0.02564102564102564,0.391025641025641,0.057692307692307696,0.02564102564102564,0.04487179487179487,0.17307692307692307
situation,0.1956521739130435,0.06521739130434782,0.13043478260869565,0.2391304347826087,0.043478260869565216,0.10869565217391304,0.06521739130434782,0.15217391304347827
society,0.27631578947368424,0.10526315789473684,0.05263157894736842,0.24342105263157895,0.08552631578947369,0.039473684210526314,0.05921052631578947,0.13815789473684212
advancing,0.1891891891891892,0.10810810810810811,0.08108108108108109,0.35135135135135137,0.05405405405405406,0.08108108108108109,0.05405405405405406,0.08108108108108109
technology,0.15829145728643215,0.11055276381909548,0.032663316582914576,0.2236180904522613,0.06030150753768844,0.05527638190954774,0.11809045226130653,0.24120603015075376
constraints,0.2777777777777778,0.12962962962962962,0.018518518518518517,0.37037037037037035,0.037037037037037035,0.05555555555555555,0.018518518518518517,0.09259259259259259
nation,0.19310344827586207,0.08275862068965517,0.034482758620689655,0.2620689655172414,0.013793103448275862,0.10344827586206896,0.041379310344827586,0.2689655172413793
challenge,0.27586206896551724,0.05172413793103448,0.008620689655172414,0.31896551724137934,0.05172413793103448,0.08620689655172414,0.11206896551724138,0.09482758620689655
determine,0.21818181818181817,0.09090909090909091,0.01818181818181818,0.2727272727272727,0.05454545454545454,0.01818181818181818,0.12727272727272726,0.2
ability,0.24439461883408073,0.11659192825112108,0.042600896860986545,0.242152466367713,0.06502242152466367,0.03811659192825112,0.1031390134529148,0.14798206278026907
shape,0.2765957446808511,0.0851063829787234,0.0,0.3191489361702128,0.0425531914893617,0.02127659574468085,0.10638297872340426,0.14893617021276595
defend,0.2857142857142857,0.031746031746031744,0.047619047619047616,0.42857142857142855,0.0,0.07936507936507936,0.015873015873015872,0.1111111111111111
century,0.23076923076923078,0.16923076923076924,0.015384615384615385,0.2923076923076923,0.03076923076923077,0.07692307692307693,0.03076923076923077,0.15384615384615385
threats,0.2706766917293233,0.06015037593984962,0.15037593984962405,0.2631578947368421,0.015037593984962405,0.05263157894736842,0.07518796992481203,0.11278195488721804
major,0.20512820512820512,0.12087912087912088,0.02564102564102564,0.2783882783882784,0.05128205128205128,0.10256410256410256,0.06593406593406594,0.15018315018315018
issue,0.07692307692307693,0.23076923076923078,0.05128205128205128,0.1794871794871795,0.07692307692307693,0.0,0.05128205128205128,0.3333333333333333
however,0.2459016393442623,0.07650273224043716,0.060109289617486336,0.2459016393442623,0.03825136612021858,0.03278688524590164,0.10382513661202186,0.19672131147540983
degree,0.25471698113207547,0.0660377358490566,0.07547169811320754,0.24528301886792453,0.03773584905660377,0.0660377358490566,0.16037735849056603,0.09433962264150944
along,0.1836734693877551,0.14285714285714285,0.02040816326530612,0.3673469387755102,0.02040816326530612,0.08163265306122448,0.08163265306122448,0.10204081632653061
spectrum,0.2765957446808511,0.04964539007092199,0.02127659574468085,0.28368794326241137,0.0425531914893617,0.09929078014184398,0.10638297872340426,0.12056737588652482
military,0.1762208067940552,0.10332625619249823,0.03255484784147204,0.34394904458598724,0.05732484076433121,0.04953998584571833,0.06652512384996462,0.17055909412597312
technical,0.1839080459770115,0.12643678160919541,0.011494252873563218,0.26436781609195403,0.04597701149425287,0.06896551724137931,0.06896551724137931,0.22988505747126436
revolution,0.16560509554140126,0.18471337579617833,0.0,0.25477707006369427,0.012738853503184714,0.14012738853503184,0.17197452229299362,0.07006369426751592
affairs,0.16666666666666666,0.13636363636363635,0.0,0.2878787878787879,0.0,0.12121212121212122,0.15151515151515152,0.13636363636363635
making,0.16279069767441862,0.11627906976744186,0.023255813953488372,0.3023255813953488,0.06976744186046512,0.09302325581395349,0.09302325581395349,0.13953488372093023
cases,0.19626168224299065,0.14018691588785046,0.009345794392523364,0.22429906542056074,0.06542056074766354,0.07476635514018691,0.1588785046728972,0.1308411214953271
nature,0.26956521739130435,0.11304347826086956,0.06086956521739131,0.2956521739130435,0.02608695652173913,0.13043478260869565,0.034782608695652174,0.06956521739130435
history,0.15789473684210525,0.05263157894736842,0.07894736842105263,0.2894736842105263,0.05263157894736842,0.10526315789473684,0.07894736842105263,0.18421052631578946
success,0.15454545454545454,0.19090909090909092,0.03636363636363636,0.24545454545454545,0.16363636363636364,0.03636363636363636,0.045454545454545456,0.12727272727272726
often,0.11392405063291139,0.16455696202531644,0.08860759493670886,0.22784810126582278,0.08860759493670886,0.0759493670886076,0.0379746835443038,0.20253164556962025
failure,0.16279069767441862,0.09302325581395349,0.13953488372093023,0.3023255813953488,0.023255813953488372,0.23255813953488372,0.023255813953488372,0.023255813953488372
follow,0.24719101123595505,0.10112359550561797,0.033707865168539325,0.2808988764044944,0.06741573033707865,0.0449438202247191,0.07865168539325842,0.14606741573033707
position,0.09259259259259259,0.12962962962962962,0.05555555555555555,0.18518518518518517,0.16666666666666666,0.05555555555555555,0.05555555555555555,0.25925925925925924
understand,0.16666666666666666,0.08333333333333333,0.10416666666666667,0.22916666666666666,0.08333333333333333,0.0625,0.0625,0.20833333333333334
new,0.14689265536723164,0.14689265536723164,0.022598870056497175,0.2062146892655367,0.06497175141242938,0.07627118644067797,0.09322033898305085,0.24293785310734464
order,0.24390243902439024,0.06097560975609756,0.04878048780487805,0.23170731707317074,0.07926829268292683,0.018292682926829267,0.0975609756097561,0.21951219512195122
yet,0.22727272727272727,0.06818181818181818,0.056818181818181816,0.25,0.045454545454545456,0.10227272727272728,0.11363636363636363,0.13636363636363635
among,0.12727272727272726,0.10909090909090909,0.0,0.2,0.12727272727272726,0.03636363636363636,0.09090909090909091,0.3090909090909091
therefore,0.16279069767441862,0.10465116279069768,0.023255813953488372,0.23255813953488372,0.046511627906976744,0.05813953488372093,0.10465116279069768,0.26744186046511625
essential,0.2923076923076923,0.08461538461538462,0.1,0.2076923076923077,0.05384615384615385,0.023076923076923078,0.06923076923076923,0.16923076923076924
progress,0.07692307692307693,0.23076923076923078,0.0,0.1282051282051282,0.23076923076923078,0.05128205128205128,0.10256410256410256,0.1794871794871795
highly,0.19548872180451127,0.10526315789473684,0.022556390977443608,0.21804511278195488,0.07518796992481203,0.03759398496240601,0.06015037593984962,0.2857142857142857
accomplished,0.15384615384615385,0.07692307692307693,0.07692307692307693,0.15384615384615385,0.34615384615384615,0.038461538461538464,0.038461538461538464,0.11538461538461539
years,0.14782608695652175,0.16521739130434782,0.02608695652173913,0.21739130434782608,0.06086956521739131,0.06086956521739131,0.08695652173913043,0.23478260869565218
front,0.23684210526315788,0.09210526315789473,0.02631578947368421,0.3157894736842105,0.05263157894736842,0.07894736842105263,0.05263157894736842,0.14473684210526316
line,0.26666666666666666,0.044444444444444446,0.022222222222222223,0.3333333333333333,0.044444444444444446,0.044444444444444446,0.06666666666666667,0.17777777777777778
experience,0.23684210526315788,0.02631578947368421,0.07894736842105263,0.2631578947368421,0.05263157894736842,0.07894736842105263,0.10526315789473684,0.15789473684210525
work,0.16393442622950818,0.14344262295081966,0.03278688524590164,0.0942622950819672,0.09836065573770492,0.06967213114754098,0.06557377049180328,0.3319672131147541
important,0.15656565656565657,0.09090909090909091,0.030303030303030304,0.1717171717171717,0.050505050505050504,0.03535353535353535,0.08080808080808081,0.3838383838383838
seeks,0.1774193548387097,0.08064516129032258,0.016129032258064516,0.1935483870967742,0.08064516129032258,0.016129032258064516,0.20967741935483872,0.22580645161290322
advanced,0.16279069767441862,0.12790697674418605,0.023255813953488372,0.2558139534883721,0.06976744186046512,0.046511627906976744,0.08139534883720931,0.23255813953488372
concepts,0.12173913043478261,0.1826086956521739,0.02608695652173913,0.1826086956521739,0.09565217391304348,0.017391304347826087,0.14782608695652175,0.22608695652173913
initial,0.21875,0.171875,0.03125,0.15625,0.09375,0.0,0.109375,0.21875
results,0.1694915254237288,0.1016949152542373,0.05084745762711865,0.2542372881355932,0.03389830508474576,0.1016949152542373,0.06779661016949153,0.22033898305084745
provide,0.18502202643171806,0.05726872246696035,0.02643171806167401,0.1894273127753304,0.07488986784140969,0.022026431718061675,0.1145374449339207,0.3303964757709251
needs,0.14736842105263157,0.14736842105263157,0.031578947368421054,0.17894736842105263,0.12631578947368421,0.06315789473684211,0.08421052631578947,0.22105263157894736
strategies,0.06666666666666667,0.13333333333333333,0.0,0.13333333333333333,0.13333333333333333,0.03333333333333333,0.16666666666666666,0.3333333333333333
extent,0.1,0.2,0.03333333333333333,0.13333333333333333,0.1,0.16666666666666666,0.03333333333333333,0.23333333333333334
successful,0.0945945945945946,0.1891891891891892,0.013513513513513514,0.16216216216216217,0.14864864864864866,0.04054054054054054,0.013513513513513514,0.33783783783783783
paper,0.1346153846153846,0.25,0.019230769230769232,0.21153846153846154,0.07692307692307693,0.038461538461538464,0.15384615384615385,0.11538461538461539
alternative,0.17557251908396945,0.1297709923664122,0.04580152671755725,0.2748091603053435,0.03816793893129771,0.04580152671755725,0.061068702290076333,0.22900763358778625
mission,0.16463414634146342,0.12804878048780488,0.054878048780487805,0.24390243902439024,0.08536585365853659,0.07926829268292683,0.07317073170731707,0.17073170731707318
capability,0.19662921348314608,0.12640449438202248,0.025280898876404494,0.2640449438202247,0.06460674157303371,0.03932584269662921,0.08707865168539326,0.19662921348314608
packages,0.16666666666666666,0.11904761904761904,0.0,0.23809523809523808,0.07142857142857142,0.0,0.16666666666666666,0.23809523809523808
around,0.23529411764705882,0.1568627450980392,0.0,0.23529411764705882,0.0196078431372549,0.0784313725490196,0.09803921568627451,0.17647058823529413
might,0.1596244131455399,0.12206572769953052,0.018779342723004695,0.2676056338028169,0.08450704225352113,0.03286384976525822,0.12206572769953052,0.19248826291079812
useful,0.1388888888888889,0.1388888888888889,0.041666666666666664,0.19444444444444445,0.09722222222222222,0.041666666666666664,0.09722222222222222,0.25
could,0.23404255319148937,0.12056737588652482,0.06619385342789598,0.2198581560283688,0.054373522458628844,0.07328605200945626,0.06855791962174941,0.16312056737588654
make,0.19021739130434784,0.11956521739130435,0.03804347826086957,0.21739130434782608,0.05434782608695652,0.06521739130434782,0.09782608695652174,0.21739130434782608
would,0.22334293948126802,0.09798270893371758,0.05187319884726225,0.2334293948126801,0.04899135446685879,0.07060518731988473,0.10806916426512968,0.16570605187319884
attempt,0.1774193548387097,0.14516129032258066,0.0967741935483871,0.16129032258064516,0.08064516129032258,0.08064516129032258,0.08064516129032258,0.1774193548387097
reach,0.15789473684210525,0.15789473684210525,0.02631578947368421,0.18421052631578946,0.07894736842105263,0.05263157894736842,0.10526315789473684,0.23684210526315788
beyond,0.22131147540983606,0.13114754098360656,0.02459016393442623,0.26229508196721313,0.05737704918032787,0.03278688524590164,0.06557377049180328,0.20491803278688525
current,0.17142857142857143,0.15918367346938775,0.012244897959183673,0.24897959183673468,0.061224489795918366,0.04081632653061224,0.08979591836734693,0.2163265306122449
efforts,0.14285714285714285,0.14285714285714285,0.08928571428571429,0.14285714285714285,0.10714285714285714,0.07142857142857142,0.08928571428571429,0.21428571428571427
largely,0.1686746987951807,0.14457831325301204,0.07228915662650602,0.2289156626506024,0.060240963855421686,0.04819277108433735,0.060240963855421686,0.21686746987951808
department,0.16279069767441862,0.23255813953488372,0.023255813953488372,0.20930232558139536,0.06976744186046512,0.0,0.06976744186046512,0.23255813953488372
define,0.1875,0.08522727272727272,0.022727272727272728,0.2556818181818182,0.07954545454545454,0.022727272727272728,0.10795454545454546,0.23863636363636365
strategy,0.19183673469387755,0.07346938775510205,0.02857142857142857,0.2693877551020408,0.053061224489795916,0.061224489795918366,0.10204081632653061,0.22040816326530613
doctrine,0.14945652173913043,0.09510869565217392,0.024456521739130436,0.22010869565217392,0.059782608695652176,0.035326086956521736,0.10326086956521739,0.3125
operations,0.21428571428571427,0.07142857142857142,0.044642857142857144,0.2648809523809524,0.06845238095238096,0.0625,0.07738095238095238,0.19642857142857142
force,0.270619705751226,0.06954971020954079,0.028533214444939812,0.3098528756130183,0.051270619705751225,0.04413731609451627,0.07712884529647793,0.14890771288452964
structure,0.21052631578947367,0.11842105263157894,0.013157894736842105,0.24342105263157895,0.05921052631578947,0.02631578947368421,0.05921052631578947,0.26973684210526316
deal,0.14012738853503184,0.16560509554140126,0.01910828025477707,0.1592356687898089,0.1337579617834395,0.03821656050955414,0.1464968152866242,0.19745222929936307
fully,0.13333333333333333,0.1,0.03333333333333333,0.16666666666666666,0.03333333333333333,0.06666666666666667,0.1,0.36666666666666664
actual,0.24193548387096775,0.12903225806451613,0.016129032258064516,0.24193548387096775,0.04838709677419355,0.11290322580645161,0.06451612903225806,0.14516129032258066
prove,0.125,0.234375,0.03125,0.25,0.046875,0.046875,0.046875,0.21875
full,0.174496644295302,0.12751677852348994,0.03355704697986577,0.19463087248322147,0.09395973154362416,0.0738255033557047,0.06711409395973154,0.2348993288590604
course,0.15942028985507245,0.14492753623188406,0.0,0.21739130434782608,0.10144927536231885,0.07246376811594203,0.07246376811594203,0.2318840579710145
clear,0.16483516483516483,0.13186813186813187,0.03296703296703297,0.2802197802197802,0.06593406593406594,0.04395604395604396,0.08791208791208792,0.19230769230769232
u.s.,0.19662921348314608,0.08801498127340825,0.05056179775280899,0.26591760299625467,0.04119850187265917,0.08801498127340825,0.06741573033707865,0.20224719101123595
currently,0.22666666666666666,0.16,0.02666666666666667,0.21333333333333335,0.02666666666666667,0.10666666666666667,0.04,0.2
capable,0.17117117117117117,0.12612612612612611,0.036036036036036036,0.24324324324324326,0.0990990990990991,0.05405405405405406,0.08108108108108109,0.1891891891891892
likely,0.18226600985221675,0.13793103448275862,0.034482758620689655,0.19704433497536947,0.054187192118226604,0.08374384236453201,0.04926108374384237,0.26108374384236455
remain,0.12280701754385964,0.15789473684210525,0.0,0.17543859649122806,0.10526315789473684,0.05263157894736842,0.07017543859649122,0.3157894736842105
long,0.1652892561983471,0.2892561983471074,0.04132231404958678,0.2231404958677686,0.04132231404958678,0.01652892561983471,0.05785123966942149,0.1652892561983471
time,0.18421052631578946,0.24493927125506074,0.04251012145748988,0.22267206477732793,0.03441295546558704,0.0708502024291498,0.0708502024291498,0.12955465587044535
come,0.20689655172413793,0.1896551724137931,0.017241379310344827,0.27586206896551724,0.017241379310344827,0.06896551724137931,0.017241379310344827,0.20689655172413793
many,0.21052631578947367,0.1339712918660287,0.0430622009569378,0.22488038277511962,0.0430622009569378,0.08133971291866028,0.05741626794258373,0.20574162679425836
ask,0.2777777777777778,0.0,0.08333333333333333,0.3611111111111111,0.0,0.1388888888888889,0.08333333333333333,0.05555555555555555
examine,0.1746031746031746,0.1111111111111111,0.031746031746031744,0.20634920634920634,0.09523809523809523,0.031746031746031744,0.12698412698412698,0.2222222222222222
even,0.19724770642201836,0.12614678899082568,0.04128440366972477,0.231651376146789,0.07568807339449542,0.05963302752293578,0.06651376146788991,0.2018348623853211
changes,0.1134020618556701,0.1134020618556701,0.0,0.20618556701030927,0.08247422680412371,0.05154639175257732,0.10309278350515463,0.32989690721649484
superiority,0.1559633027522936,0.11009174311926606,0.01834862385321101,0.30275229357798167,0.05504587155963303,0.06422018348623854,0.07339449541284404,0.22018348623853212
noted,0.2127659574468085,0.0851063829787234,0.0,0.3829787234042553,0.0,0.0425531914893617,0.06382978723404255,0.2127659574468085
believe,0.17525773195876287,0.13402061855670103,0.020618556701030927,0.26804123711340205,0.05154639175257732,0.041237113402061855,0.16494845360824742,0.14432989690721648
several,0.09722222222222222,0.1388888888888889,0.027777777777777776,0.20833333333333334,0.05555555555555555,0.041666666666666664,0.125,0.3055555555555556
led,0.22950819672131148,0.04918032786885246,0.03278688524590164,0.2786885245901639,0.04918032786885246,0.08196721311475409,0.09836065573770492,0.18032786885245902
us,0.22580645161290322,0.12258064516129032,0.04516129032258064,0.2064516129032258,0.03870967741935484,0.03870967741935484,0.07741935483870968,0.24516129032258063
cold,0.17045454545454544,0.10606060606060606,0.041666666666666664,0.38257575757575757,0.045454545454545456,0.03409090909090909,0.03787878787878788,0.18181818181818182
war,0.16685330347144456,0.09518477043673013,0.04591265397536394,0.3706606942889138,0.04927211646136618,0.06382978723404255,0.05375139977603583,0.15453527435610304
means,0.21236559139784947,0.0967741935483871,0.043010752688172046,0.21505376344086022,0.07258064516129033,0.043010752688172046,0.08333333333333333,0.23387096774193547
defining,0.175,0.125,0.0,0.225,0.1,0.05,0.075,0.25
despite,0.15873015873015872,0.12698412698412698,0.047619047619047616,0.23809523809523808,0.09523809523809523,0.07936507936507936,0.047619047619047616,0.20634920634920634
absence,0.15789473684210525,0.07894736842105263,0.02631578947368421,0.34210526315789475,0.0,0.21052631578947367,0.0,0.18421052631578946
external,0.23076923076923078,0.13846153846153847,0.03076923076923077,0.2923076923076923,0.03076923076923077,0.12307692307692308,0.0,0.15384615384615385
danger,0.08333333333333333,0.1111111111111111,0.013888888888888888,0.3333333333333333,0.05555555555555555,0.19444444444444445,0.027777777777777776,0.18055555555555555
options,0.14285714285714285,0.03571428571428571,0.0,0.25,0.10714285714285714,0.17857142857142858,0.07142857142857142,0.21428571428571427
choices,0.13513513513513514,0.10810810810810811,0.0,0.24324324324324326,0.13513513513513514,0.13513513513513514,0.05405405405405406,0.1891891891891892
variety,0.18309859154929578,0.07042253521126761,0.056338028169014086,0.22535211267605634,0.08450704225352113,0.056338028169014086,0.1267605633802817,0.19718309859154928
conceptual,0.18032786885245902,0.09836065573770492,0.08196721311475409,0.18032786885245902,0.08196721311475409,0.09836065573770492,0.13114754098360656,0.14754098360655737
reality,0.1694915254237288,0.13559322033898305,0.01694915254237288,0.23728813559322035,0.05084745762711865,0.01694915254237288,0.1016949152542373,0.2711864406779661
american,0.19047619047619047,0.09126984126984126,0.03571428571428571,0.30158730158730157,0.051587301587301584,0.07142857142857142,0.031746031746031744,0.2261904761904762
power,0.21864951768488747,0.08681672025723473,0.06752411575562701,0.28938906752411575,0.05144694533762058,0.0707395498392283,0.08360128617363344,0.13183279742765272
created,0.19607843137254902,0.09803921568627451,0.0,0.29411764705882354,0.0196078431372549,0.09803921568627451,0.11764705882352941,0.17647058823529413
period,0.175,0.1625,0.025,0.2875,0.05,0.125,0.0625,0.1125
advantage,0.19130434782608696,0.1565217391304348,0.034782608695652174,0.2956521739130435,0.0782608695652174,0.06956521739130435,0.06086956521739131,0.11304347826086956
perhaps,0.1568627450980392,0.13071895424836602,0.0457516339869281,0.24836601307189543,0.06535947712418301,0.0457516339869281,0.1111111111111111,0.19607843137254902
posture,0.19298245614035087,0.19298245614035087,0.0,0.3157894736842105,0.017543859649122806,0.07017543859649122,0.017543859649122806,0.19298245614035087
hand,0.2112676056338028,0.11267605633802817,0.028169014084507043,0.2676056338028169,0.07042253521126761,0.04225352112676056,0.09859154929577464,0.16901408450704225
potential,0.16778523489932887,0.12080536912751678,0.013422818791946308,0.2348993288590604,0.087248322147651,0.026845637583892617,0.11409395973154363,0.2348993288590604
adversaries,0.16304347826086957,0.15217391304347827,0.05434782608695652,0.2717391304347826,0.043478260869565216,0.010869565217391304,0.05434782608695652,0.25
fail,0.27450980392156865,0.0196078431372549,0.0196078431372549,0.3137254901960784,0.0392156862745098,0.0392156862745098,0.1568627450980392,0.13725490196078433
try,0.2,0.16363636363636364,0.05454545454545454,0.23636363636363636,0.01818181818181818,0.09090909090909091,0.01818181818181818,0.21818181818181817
exploit,0.10526315789473684,0.17543859649122806,0.0,0.2631578947368421,0.05263157894736842,0.05263157894736842,0.10526315789473684,0.24561403508771928
counter,0.21794871794871795,0.11538461538461539,0.07692307692307693,0.23076923076923078,0.0,0.11538461538461539,0.038461538461538464,0.20512820512820512
words,0.35294117647058826,0.0,0.058823529411764705,0.38235294117647056,0.0,0.058823529411764705,0.0,0.14705882352941177
ships,0.23255813953488372,0.11627906976744186,0.0,0.27906976744186046,0.023255813953488372,0.046511627906976744,0.09302325581395349,0.20930232558139536
aircraft,0.19736842105263158,0.13815789473684212,0.03289473684210526,0.2631578947368421,0.039473684210526314,0.05263157894736842,0.11842105263157894,0.15789473684210525
weapons,0.21836228287841192,0.07444168734491315,0.05459057071960298,0.2655086848635236,0.034739454094292806,0.07692307692307693,0.08933002481389578,0.18610421836228289
fighting,0.2682926829268293,0.0975609756097561,0.036585365853658534,0.25609756097560976,0.07317073170731707,0.06707317073170732,0.06707317073170732,0.13414634146341464
personnel,0.3111111111111111,0.08888888888888889,0.044444444444444446,0.26666666666666666,0.044444444444444446,0.1111111111111111,0.022222222222222223,0.1111111111111111
possible,0.26666666666666666,0.08888888888888889,0.044444444444444446,0.3111111111111111,0.011111111111111112,0.06666666666666667,0.08888888888888889,0.12222222222222222
advantages,0.23076923076923078,0.07692307692307693,0.05128205128205128,0.20512820512820512,0.0,0.10256410256410256,0.05128205128205128,0.28205128205128205
risk,0.23255813953488372,0.13953488372093023,0.046511627906976744,0.29069767441860467,0.03488372093023256,0.09302325581395349,0.03488372093023256,0.12790697674418605
second,0.1986754966887417,0.09271523178807947,0.033112582781456956,0.2847682119205298,0.059602649006622516,0.059602649006622516,0.12582781456953643,0.1456953642384106
relatively,0.25263157894736843,0.08421052631578947,0.05263157894736842,0.2631578947368421,0.042105263157894736,0.08421052631578947,0.05263157894736842,0.16842105263157894
two,0.21212121212121213,0.09090909090909091,0.050505050505050504,0.29292929292929293,0.04040404040404041,0.08080808080808081,0.0707070707070707,0.16161616161616163
political,0.22851153039832284,0.07547169811320754,0.04821802935010482,0.27882599580712786,0.04821802935010482,0.08385744234800839,0.07337526205450734,0.16352201257861634
maintain,0.14705882352941177,0.16666666666666666,0.0196078431372549,0.21568627450980393,0.09803921568627451,0.029411764705882353,0.06862745098039216,0.2549019607843137
level,0.21030042918454936,0.09012875536480687,0.012875536480686695,0.1888412017167382,0.04291845493562232,0.04721030042918455,0.12446351931330472,0.2832618025751073
infrastructure,0.21428571428571427,0.1038961038961039,0.05194805194805195,0.22077922077922077,0.05844155844155844,0.05194805194805195,0.06493506493506493,0.23376623376623376
large,0.26,0.09333333333333334,0.08,0.26666666666666666,0.03666666666666667,0.04666666666666667,0.06,0.15666666666666668
maintained,0.2,0.16666666666666666,0.0,0.36666666666666664,0.06666666666666667,0.0,0.03333333333333333,0.16666666666666666
present,0.12280701754385964,0.19298245614035087,0.0,0.14912280701754385,0.12280701754385964,0.043859649122807015,0.17543859649122806,0.19298245614035087
levels,0.23859649122807017,0.0912280701754386,0.03508771929824561,0.2596491228070175,0.07017543859649122,0.031578947368421054,0.10877192982456141,0.1649122807017544
less,0.1956521739130435,0.12318840579710146,0.07971014492753623,0.2608695652173913,0.057971014492753624,0.08695652173913043,0.057971014492753624,0.13768115942028986
consequences,0.14285714285714285,0.125,0.07142857142857142,0.21428571428571427,0.07142857142857142,0.07142857142857142,0.14285714285714285,0.16071428571428573
outcome,0.18840579710144928,0.08695652173913043,0.043478260869565216,0.14492753623188406,0.10144927536231885,0.057971014492753624,0.10144927536231885,0.2753623188405797
also,0.20224719101123595,0.10112359550561797,0.0449438202247191,0.2556179775280899,0.06179775280898876,0.06179775280898876,0.10674157303370786,0.16573033707865167
good,0.10204081632653061,0.22448979591836735,0.0,0.08163265306122448,0.16326530612244897,0.0,0.14285714285714285,0.2857142857142857
aimed,0.20512820512820512,0.1282051282051282,0.0,0.23076923076923078,0.10256410256410256,0.05128205128205128,0.07692307692307693,0.20512820512820512
dealing,0.15217391304347827,0.10869565217391304,0.06521739130434782,0.17391304347826086,0.10869565217391304,0.06521739130434782,0.08695652173913043,0.2391304347826087
budget,0.21052631578947367,0.15789473684210525,0.0,0.2,0.06315789473684211,0.042105263157894736,0.021052631578947368,0.30526315789473685
easily,0.25,0.10714285714285714,0.03571428571428571,0.21428571428571427,0.07142857142857142,0.10714285714285714,0.03571428571428571,0.17857142857142858
services,0.21428571428571427,0.08928571428571429,0.017857142857142856,0.25,0.05357142857142857,0.07142857142857142,0.05357142857142857,0.25
declining,0.07142857142857142,0.14285714285714285,0.03571428571428571,0.21428571428571427,0.14285714285714285,0.07142857142857142,0.0,0.32142857142857145
special,0.2,0.04285714285714286,0.04285714285714286,0.22142857142857142,0.17857142857142858,0.04285714285714286,0.12142857142857143,0.15
programs,0.12962962962962962,0.14814814814814814,0.037037037037037035,0.24074074074074073,0.16666666666666666,0.07407407407407407,0.018518518518518517,0.18518518518518517
increase,0.18421052631578946,0.05263157894736842,0.07894736842105263,0.2894736842105263,0.05263157894736842,0.15789473684210525,0.07894736842105263,0.10526315789473684
thereby,0.22580645161290322,0.08064516129032258,0.08064516129032258,0.1774193548387097,0.0967741935483871,0.04838709677419355,0.06451612903225806,0.22580645161290322
problem,0.0975609756097561,0.0975609756097561,0.024390243902439025,0.2926829268292683,0.07317073170731707,0.1951219512195122,0.07317073170731707,0.14634146341463414
extraordinary,0.18,0.1,0.0,0.2,0.16,0.06,0.06,0.24
resources,0.11214953271028037,0.07476635514018691,0.028037383177570093,0.1588785046728972,0.21495327102803738,0.04672897196261682,0.06542056074766354,0.29906542056074764
demands,0.1956521739130435,0.06521739130434782,0.0,0.2608695652173913,0.043478260869565216,0.08695652173913043,0.06521739130434782,0.2826086956521739
sustaining,0.25,0.09375,0.09375,0.375,0.03125,0.0,0.0625,0.09375
third,0.16666666666666666,0.1,0.022222222222222223,0.2111111111111111,0.1,0.05555555555555555,0.08888888888888889,0.25555555555555554
base,0.15476190476190477,0.13095238095238096,0.011904761904761904,0.19047619047619047,0.03571428571428571,0.011904761904761904,0.023809523809523808,0.44047619047619047
free,0.030303030303030304,0.15151515151515152,0.0,0.18181818181818182,0.06060606060606061,0.06060606060606061,0.12121212121212122,0.3939393939393939
