,anger,anticipation,disgust,fear,joy,sadness,surprise,trust
project,0.11905374132167652,0.17279506299820002,0.052969915145281564,0.05502699922859346,0.11853947030084852,0.07662638210336846,0.02802777063512471,0.3769606582669066
gutenberg,0.09859154929577464,0.20109546165884196,0.06729264475743349,0.06885758998435054,0.11737089201877934,0.10641627543035995,0.03286384976525822,0.3075117370892019
ebook,0.10458452722063037,0.15472779369627507,0.06446991404011461,0.07020057306590258,0.1189111747851003,0.1189111747851003,0.03581661891117479,0.332378223495702
memoirs,0.0916030534351145,0.17557251908396945,0.09414758269720103,0.08142493638676844,0.14249363867684478,0.07633587786259542,0.06615776081424936,0.272264631043257
life,0.0845166163141994,0.16442598187311178,0.07507552870090635,0.10173716012084592,0.16744712990936558,0.0981117824773414,0.07341389728096677,0.23527190332326284
richard,0.06875753920386007,0.14354644149577805,0.06332931242460797,0.07780458383594693,0.13027744270205066,0.06996381182147166,0.07056694813027745,0.37575392038600725
brinsley,0.038461538461538464,0.13461538461538464,0.0,0.028846153846153848,0.1730769230769231,0.028846153846153848,0.125,0.47115384615384615
sheridan,0.08840764331210191,0.17910828025477707,0.06343949044585986,0.10687898089171974,0.1405095541401274,0.09656050955414011,0.06815286624203822,0.25694267515923563
2,0.09738717339667459,0.16270783847981,0.08669833729216153,0.07244655581947744,0.15201900237529692,0.09857482185273161,0.07838479809976248,0.25178147268408557
thomas,0.06979836029248837,0.14424994460447596,0.081985375581653,0.07489474850432086,0.1309550188344782,0.06935519610015511,0.05849767338799025,0.3702636826944383
moore,0.05995659251220837,0.15029842647856756,0.10743353228431905,0.06619641888225719,0.1378187737384699,0.07297883884970159,0.05778621812262616,0.34753119913185027
series,0.11229946524064172,0.09625668449197862,0.11764705882352941,0.11764705882352941,0.07486631016042782,0.09090909090909093,0.03743315508021391,0.35294117647058826
laws,0.09740932642487048,0.14715025906735754,0.0538860103626943,0.12746113989637306,0.11398963730569948,0.11088082901554405,0.05699481865284974,0.2922279792746114
world,0.09829643259927583,0.1544488632991037,0.08784946874814506,0.10690330622662789,0.14904730812607586,0.09657505787380542,0.06754911853742505,0.23933044458954114
sure,0.09647058823529413,0.16282352941176473,0.08141176470588236,0.10094117647058824,0.1458823529411765,0.0995294117647059,0.06847058823529413,0.24447058823529413
check,0.10919540229885057,0.22988505747126436,0.04597701149425287,0.07471264367816091,0.14367816091954025,0.08620689655172414,0.09195402298850575,0.21839080459770113
country,0.08681890119828171,0.16244630341397243,0.0705403572236039,0.11067148993895545,0.14481121410807146,0.09371467329866606,0.06929685733664934,0.2617002034817997
first,0.08072524159943256,0.18432485149392674,0.07505097969678162,0.09553151875166238,0.15116588350031032,0.08657682418654135,0.06707154889617874,0.25955315187516625
thing,0.095358059248892,0.15278749708420808,0.08658735712619547,0.09941684161418242,0.14345696291112667,0.09241894098437137,0.06713319337532074,0.26284114765570327
seen,0.08386601892099206,0.17207875223727948,0.07849654819739196,0.10061365379698285,0.1591664535924316,0.09665047302480184,0.06762976220915366,0.24149833802096649
please,0.08296094812512145,0.15989897027394598,0.07713231008354382,0.09053817757917235,0.16650476005440065,0.08781814649310278,0.07402370312803576,0.2611229842626773
remove,0.14634146341463417,0.11498257839721254,0.07247386759581881,0.17212543554006968,0.11289198606271778,0.15121951219512195,0.03554006968641115,0.19442508710801396
change,0.08910505836575874,0.14046692607003888,0.05875486381322957,0.2233463035019455,0.11750972762645914,0.09027237354085602,0.06342412451361867,0.21712062256809336
without,0.09546143642220958,0.15937085465226453,0.07390562819783968,0.106878908470722,0.1408470722001137,0.10218874360432063,0.07191586128482091,0.24943149516770893
written,0.08715596330275228,0.1885321100917431,0.068348623853211,0.10091743119266053,0.13944954128440365,0.09357798165137614,0.06743119266055045,0.2545871559633027
permission,0.07713498622589532,0.15702479338842976,0.06887052341597796,0.08539944903581267,0.14325068870523416,0.08815426997245178,0.06336088154269973,0.31680440771349866
read,0.06520890277235455,0.17258883248730963,0.0684628400364441,0.07692307692307693,0.16451906807236755,0.08798646362098139,0.0641676428478459,0.3001431732396199
legal,0.11452513966480446,0.12849162011173185,0.06145251396648044,0.0782122905027933,0.06424581005586592,0.1424581005586592,0.04469273743016759,0.3659217877094972
small,0.09914266871839965,0.15959551549791162,0.07496153000659485,0.11101340954055836,0.15234117388437018,0.10507803912947901,0.0699054737304902,0.22796218949219607
print,0.10289389067524114,0.20096463022508038,0.09485530546623794,0.08520900321543408,0.135048231511254,0.0819935691318328,0.06591639871382636,0.23311897106109325
information,0.05418138987043581,0.20612485276796233,0.04004711425206125,0.07656065959952886,0.1519434628975265,0.07891637220259128,0.04946996466431095,0.34275618374558303
bottom,0.06550218340611352,0.1615720524017467,0.058951965065502175,0.08406113537117903,0.1244541484716157,0.18449781659388645,0.06222707423580785,0.25873362445414844
important,0.06335797254487856,0.14149947201689544,0.04751847940865892,0.09609292502639914,0.13199577613516367,0.0781414994720169,0.051742344244984154,0.38965153115100315
rights,0.07713125845737484,0.14073071718538566,0.05818673883626523,0.11096075778078485,0.15290933694181327,0.10960757780784845,0.06765899864682004,0.28281461434370775
restrictions,0.14150943396226415,0.1320754716981132,0.09433962264150943,0.14150943396226415,0.10377358490566037,0.11320754716981131,0.056603773584905655,0.2169811320754717
may,0.08993176013114253,0.16411879074377642,0.07517822423849643,0.10316038275323089,0.14795471007586442,0.09176165605581181,0.06995539628683617,0.2579390797148412
used,0.09618941916389197,0.15353311135775063,0.08447404118880257,0.09027007029226786,0.1510667159945739,0.097669256381798,0.06622271550129485,0.2605746701196202
also,0.0801175318315377,0.16578517793013386,0.07580803134182175,0.09324191968658178,0.1582109043421482,0.08481880509304604,0.059875938622265756,0.2821416911524649
find,0.07880346213739906,0.16542932676637814,0.06681635461557961,0.09013870278492013,0.16390830405968204,0.0847426936587839,0.06699742874732915,0.28316372722992794
make,0.09064374898654126,0.1635722393384141,0.07540132965785631,0.09485973731149666,0.15428895735365655,0.08918436841251823,0.07155018647640668,0.2604994324631101
get,0.08633758550563875,0.16953226104640415,0.07690885561101868,0.08941886978492636,0.15110618105626425,0.08504344610833796,0.0776483638380477,0.26400443704936216
involved,0.09633027522935782,0.16055045871559634,0.07339449541284404,0.13761467889908258,0.11926605504587157,0.13761467889908258,0.07339449541284404,0.2018348623853211
welcome,0.07453416149068323,0.16925465838509318,0.04347826086956522,0.07763975155279504,0.1925465838509317,0.06832298136645963,0.07453416149068323,0.2996894409937888
free,0.09448275862068964,0.15896551724137928,0.06896551724137931,0.10275862068965516,0.15310344827586206,0.08344827586206896,0.07206896551724137,0.2662068965517241
plain,0.08026755852842808,0.1705685618729097,0.05852842809364548,0.08428093645484949,0.16187290969899665,0.07558528428093644,0.07023411371237458,0.29866220735785953
ebooks,0.0,0.46376811594202894,0.0,0.02898550724637681,0.08695652173913043,0.0,0.02898550724637681,0.391304347826087
readable,0.0606060606060606,0.2424242424242424,0.0,0.0606060606060606,0.0303030303030303,0.0606060606060606,0.0,0.5454545454545454
since,0.08355371900826447,0.17545454545454545,0.08644628099173556,0.10099173553719008,0.14421487603305785,0.0947107438016529,0.06380165289256198,0.25082644628099177
prepared,0.06526806526806526,0.22843822843822845,0.05905205905205905,0.08003108003108003,0.10644910644910645,0.06526806526806526,0.045066045066045064,0.35042735042735046
thousands,0.10403916768665848,0.17135862913096692,0.08078335373317012,0.09547123623011014,0.16156670746634025,0.0795593635250918,0.0795593635250918,0.22766217870257036
volunteers,0.06918238993710692,0.12578616352201258,0.031446540880503145,0.05660377358490566,0.11949685534591195,0.031446540880503145,0.04402515723270441,0.5220125786163522
title,0.084,0.144,0.072,0.09266666666666667,0.10533333333333333,0.07866666666666668,0.058,0.3653333333333333
author,0.07233626588465297,0.15542521994134895,0.04496578690127077,0.07820136852394916,0.1319648093841642,0.07526881720430106,0.05669599217986313,0.38514173998044965
date,0.0712742980561555,0.2224622030237581,0.05831533477321814,0.07775377969762419,0.142548596112311,0.07991360691144708,0.045356371490280774,0.30237580993520513
march,0.08036890645586298,0.18972332015810275,0.07905138339920949,0.10144927536231885,0.12648221343873517,0.0764163372859025,0.06324110671936758,0.28326745718050067
yes,0.07153965785381027,0.16407465007776048,0.059875583203732506,0.09797822706065318,0.18506998444790046,0.10808709175738725,0.07776049766718507,0.23561430793157076
one,0.08908123219181764,0.16221350106625093,0.07802447897066465,0.09874021109976167,0.1560489579413293,0.08992348081644357,0.07141193125817608,0.25455620665555617
year,0.08094473744554002,0.17851410227012154,0.06535198349002523,0.0999770694794772,0.1548956661316212,0.08369639990827793,0.06707177252923642,0.26954826874570054
language,0.09901873327386264,0.1480820695807315,0.06779661016949153,0.10347903657448707,0.1650312221231044,0.08385370205173952,0.06779661016949153,0.2649420160570919
english,0.099721059972106,0.15434681543468154,0.08112505811250581,0.100418410041841,0.14458391445839144,0.09553695955369595,0.07229195722919572,0.2519758251975825
r.,0.05504587155963304,0.13163143199042682,0.06661348224970084,0.07618667730355007,0.12165935380933389,0.0769844435580375,0.05305145592341445,0.41882728360590354
b.,0.03333333333333334,0.16296296296296298,0.040740740740740744,0.04444444444444445,0.14074074074074075,0.0888888888888889,0.055555555555555566,0.4333333333333334
produced,0.09154383242823896,0.1714507370054306,0.07447633824670288,0.10938712179984485,0.15438324282389448,0.08844065166795967,0.06982156710628394,0.2404965089216447
charles,0.08375069560378408,0.15247634947134112,0.09599332220367279,0.08653311074012243,0.12910406232609906,0.07846410684474124,0.05648302726766834,0.31719532554257096
two,0.08006827233074151,0.1596055376446046,0.08063720842025413,0.09683292243504647,0.15262658827991657,0.09687085150768066,0.0667551678361464,0.26660345154560977
chapter,0.09049079754601227,0.21625766871165644,0.06288343558282208,0.08588957055214724,0.1411042944785276,0.07822085889570551,0.10276073619631901,0.2223926380368098
impeachment,0.10465116279069767,0.12325581395348838,0.11627906976744186,0.11627906976744186,0.11627906976744186,0.03720930232558139,0.09999999999999999,0.28604651162790695
mr.,0.0700053371286248,0.1644725137875823,0.07918223329182233,0.07904880507620234,0.15424301725671588,0.07574275040028465,0.06706991638498488,0.31023542667378284
hastings,0.1195814648729447,0.14050822122571002,0.10911808669656203,0.14499252615844546,0.11061285500747385,0.09865470852017937,0.06427503736920777,0.21225710014947685
death,0.11985726280436608,0.15795549958018473,0.1130352644836272,0.14063811922753988,0.08921074727120067,0.13801427371956337,0.10663308144416457,0.1346557514693535
's,0.07486447661667424,0.158342151466963,0.08628568388321045,0.08288651505388421,0.15383160222039616,0.08152093592418966,0.06268067321277614,0.299587961621906
verses,0.0671785028790787,0.15163147792706333,0.09021113243761997,0.07677543186180423,0.16122840690978887,0.1343570057581574,0.08637236084452976,0.2322456813819578
mrs.,0.07160726929431202,0.16672173707812132,0.07868775076705216,0.07774368657068681,0.18649988199197548,0.08251121076233184,0.06042010856738259,0.2758083549681379
sister,0.059850374064837904,0.17996674979218621,0.06774729842061514,0.07647547797173733,0.18266832917705736,0.09310058187863675,0.07128013300083125,0.26891105569409807
tickell,0.10030395136778117,0.12765957446808512,0.10638297872340426,0.15197568389057753,0.11550151975683891,0.11550151975683891,0.07598784194528876,0.20668693009118544
illness,0.07132459970887918,0.15283842794759825,0.0611353711790393,0.18777292576419213,0.10625909752547306,0.2096069868995633,0.053857350800582245,0.1572052401746725
private,0.0746930422919509,0.169849931787176,0.08424283765347886,0.09822646657571624,0.13813096862210097,0.08799454297407913,0.06787175989085949,0.27899045020463853
french,0.10161823560118323,0.16373760222724904,0.07429963459196104,0.11814859926918393,0.1499912998085958,0.09187402122846704,0.06890551592135027,0.23142509135200975
mr,0.04804270462633452,0.17615658362989323,0.10142348754448398,0.06583629893238434,0.13523131672597863,0.07295373665480426,0.0498220640569395,0.3505338078291815
breach,0.10463378176382661,0.14499252615844546,0.08520179372197309,0.11808669656203288,0.11659192825112108,0.14648729446935724,0.04334828101644245,0.24065769805680118
sheridan.,0.12195121951219512,0.09756097560975609,0.17073170731707316,0.12195121951219512,0.048780487804878044,0.09756097560975609,0.12195121951219512,0.2195121951219512
dissolution,0.12962962962962965,0.10185185185185185,0.07407407407407407,0.17592592592592593,0.08333333333333333,0.12037037037037036,0.1111111111111111,0.2037037037037037
parliament.,0.13157894736842105,0.026315789473684206,0.18421052631578946,0.18421052631578946,0.05263157894736841,0.13157894736842105,0.07894736842105263,0.21052631578947364
burke,0.15074309978768577,0.11571125265392782,0.12898089171974522,0.16666666666666669,0.09235668789808917,0.14012738853503184,0.054140127388535034,0.15127388535031847
royal,0.0768186753528773,0.16775244299674266,0.0730184581976113,0.09120521172638436,0.1267643865363735,0.08360477741585234,0.06243213897937026,0.31840390879478825
scotch,0.09861325115562404,0.1432973805855162,0.10939907550077044,0.0955315870570108,0.1448382126348228,0.1016949152542373,0.053929121725731895,0.2526964560862866
boroughs,0.05714285714285714,0.15714285714285714,0.02857142857142857,0.05714285714285714,0.17142857142857143,0.02857142857142857,0.11428571428571428,0.38571428571428573
drury-lane,0.0857142857142857,0.19428571428571426,0.039999999999999994,0.13714285714285712,0.11999999999999998,0.10285714285714284,0.09714285714285713,0.2228571428571428
society,0.08199541284403669,0.17717889908256879,0.0756880733944954,0.09518348623853211,0.16112385321100917,0.08887614678899082,0.06938073394495413,0.2505733944954128
friends,0.095131845841785,0.1511156186612576,0.08914807302231238,0.09685598377281947,0.1556795131845842,0.09148073022312374,0.07099391480730224,0.24959432048681543
de,0.09330070357907617,0.18262465585806056,0.07739369837870907,0.10890180483328235,0.14163352707249924,0.08351177730192719,0.0682165799938819,0.24441725298256345
war,0.08573655494933749,0.1449727201870616,0.05962587685113017,0.2034294621979735,0.12256430241621201,0.0896336710833983,0.05416991426344506,0.23986749805144195
whig,0.09715639810426538,0.13744075829383884,0.08530805687203791,0.13033175355450236,0.11848341232227487,0.0947867298578199,0.06635071090047392,0.2701421800947867
speeches,0.11909262759924386,0.15311909262759923,0.07561436672967864,0.10586011342155009,0.1342155009451796,0.09640831758034026,0.06427221172022685,0.2514177693761815
parliament,0.0943849852644641,0.14308980921358772,0.06871413060338141,0.0888009927097875,0.12036606173413991,0.07677989762680316,0.06514657980456026,0.34271754304327595
speech,0.09808612440191387,0.1528442317916002,0.08931419457735247,0.09649122807017543,0.14247740563530037,0.09276980329611909,0.07177033492822966,0.2562466772993089
answer,0.0880774962742176,0.16691505216095381,0.08107302533532043,0.08718330849478391,0.12488822652757078,0.08539493293591655,0.06110283159463487,0.3053651266766021
lord,0.055949601304022205,0.11914621789506147,0.18101017665976474,0.06246971232212873,0.10778007841755144,0.05841667033790035,0.04811885986166792,0.36710868320190315
coalition,0.12448132780082988,0.1161825726141079,0.12033195020746888,0.13692946058091288,0.12033195020746888,0.08713692946058092,0.05394190871369295,0.24066390041493776
seceders,0.1212121212121212,0.0606060606060606,0.18181818181818182,0.18181818181818182,0.0,0.15151515151515152,0.0606060606060606,0.2424242424242424
evidence,0.08447488584474887,0.15296803652968036,0.07077625570776257,0.1461187214611872,0.12100456621004567,0.11415525114155252,0.07990867579908675,0.23059360730593606
trial,0.09479553903345725,0.1524163568773234,0.08550185873605948,0.1245353159851301,0.11152416356877323,0.08178438661710036,0.07992565055762081,0.2695167286245353
horne,0.1038961038961039,0.12337662337662338,0.1038961038961039,0.14285714285714288,0.12337662337662338,0.1038961038961039,0.05844155844155845,0.24025974025974028
glorious,0.06561679790026247,0.17060367454068243,0.06561679790026247,0.10236220472440945,0.1837270341207349,0.08136482939632546,0.06824146981627296,0.26246719160104987
marriage,0.04951741502308015,0.22702475870751154,0.042383550146873686,0.05581200167855644,0.2282836760386068,0.0570709190096517,0.04993705413344523,0.28997062526227446
reeves,0.08571428571428572,0.17142857142857143,0.07142857142857144,0.11428571428571428,0.1642857142857143,0.0642857142857143,0.05,0.2785714285714286
debts,0.07034482758620689,0.1675862068965517,0.053793103448275856,0.07517241379310345,0.15379310344827585,0.07103448275862069,0.07172413793103448,0.336551724137931
prince,0.0911944490335371,0.1577730051214274,0.08574260697174955,0.10903684123575087,0.12225342805220553,0.09548983974888485,0.05930943333884025,0.27920039649760453
shakspeare,0.10077519379844961,0.14728682170542634,0.054263565891472874,0.10852713178294575,0.14728682170542634,0.06201550387596899,0.09302325581395349,0.2868217054263566
mutiny,0.16883116883116883,0.08441558441558442,0.13636363636363638,0.16883116883116883,0.08116883116883118,0.07467532467532469,0.12987012987012989,0.15584415584415587
secession,0.09677419354838711,0.16129032258064518,0.09677419354838711,0.19354838709677422,0.09677419354838711,0.06451612903225806,0.12903225806451613,0.16129032258064518
fox,0.11047014710124028,0.1534467839630805,0.08220363426593598,0.11479665416786848,0.12575713873665997,0.09229881742140181,0.06143640034612057,0.25959042399769255
play,0.08671547373658399,0.16561233918544319,0.07633804819105837,0.0896296822801905,0.18174710356102072,0.0894164475087071,0.0722865875328737,0.23825431800412256
ministry,0.07610350076103502,0.1248097412480974,0.0730593607305936,0.0928462709284627,0.17047184170471844,0.0867579908675799,0.0410958904109589,0.334855403348554
negotiations,0.0975609756097561,0.15447154471544713,0.12195121951219512,0.11382113821138212,0.08943089430894309,0.08943089430894309,0.04065040650406504,0.2926829268292683
kemble,0.07103825136612023,0.22404371584699456,0.06010928961748634,0.06557377049180328,0.16939890710382516,0.08743169398907104,0.06557377049180328,0.2568306010928962
state,0.0909324428461341,0.15656306190598512,0.08001541227844851,0.1081428204469561,0.13151810942717698,0.09966606730028257,0.06550218340611355,0.2676599023889032
offer,0.08754512635379061,0.16034897713598073,0.07882069795427196,0.08513838748495788,0.1519253910950662,0.07551143200962696,0.07882069795427196,0.28188929001203367
place,0.07023309132594573,0.169124952235384,0.07199082919373327,0.08719908291937332,0.15666794038975926,0.08207871608712265,0.07046236148261367,0.292243026366068
duchy,0.05263157894736841,0.10526315789473682,0.13157894736842105,0.07894736842105263,0.10526315789473682,0.10526315789473682,0.07894736842105263,0.3421052631578947
cornwall,0.045454545454545456,0.13636363636363638,0.11363636363636365,0.06818181818181819,0.11363636363636365,0.09090909090909091,0.06818181818181819,0.36363636363636365
bestowed,0.08967391304347827,0.14673913043478262,0.08967391304347827,0.08423913043478262,0.1548913043478261,0.08967391304347827,0.07880434782608696,0.266304347826087
upon,0.09122982136096101,0.1577289780745534,0.0790451932674767,0.09899149829621727,0.14215399442398377,0.0920386879151895,0.06801363026193509,0.2707981963996834
return,0.06900918012029124,0.1763216207660652,0.07154162709718265,0.100664767331434,0.15257993035770812,0.09813232035454257,0.07439062994618549,0.2573599240265907
pitt,0.1095779220779221,0.1452922077922078,0.08441558441558442,0.13392857142857145,0.10714285714285715,0.09740259740259741,0.06250000000000001,0.25974025974025977
catholic,0.0816326530612245,0.15918367346938778,0.05306122448979592,0.10204081632653063,0.1673469387755102,0.08571428571428573,0.06938775510204083,0.28163265306122454
administration,0.09518935516888435,0.15250767656090072,0.0880245649948823,0.11463664278403278,0.11770726714431937,0.10337768679631526,0.05834186284544525,0.2702149437052201
grenville,0.06613226452905811,0.13226452905811623,0.1843687374749499,0.07615230460921843,0.0841683366733467,0.06012024048096192,0.044088176352705406,0.35270541082164325
representation,0.06389776357827476,0.18530351437699677,0.0670926517571885,0.09584664536741214,0.134185303514377,0.07348242811501597,0.07667731629392971,0.3035143769968051
theatrical,0.10900473933649288,0.21327014218009477,0.07109004739336491,0.10900473933649288,0.12796208530805686,0.10900473933649288,0.08056872037914692,0.1800947867298578
spanish,0.0929678188319428,0.16090584028605484,0.08700834326579261,0.0929678188319428,0.1752085816448153,0.08224076281287247,0.06197854588796187,0.24672228843861743
letter,0.06493605942262042,0.2623478061107282,0.07420169997702734,0.07090895168083315,0.12290374454399265,0.07450800214411517,0.0552875411593537,0.27490619496132934
destruction,0.17848410757946212,0.16136919315403425,0.07823960880195599,0.1271393643031785,0.11491442542787288,0.09290953545232275,0.06112469437652813,0.1858190709046455
theatre,0.06698853349426676,0.19010259505129756,0.04888352444176223,0.08267954133977068,0.16898008449004226,0.09173204586602295,0.07242003621001812,0.27821363910681957
whitbread,0.1073170731707317,0.17073170731707318,0.11219512195121953,0.1073170731707317,0.1073170731707317,0.12682926829268293,0.06341463414634146,0.20487804878048782
plan,0.09159584513692164,0.2738432483474976,0.06043437204910292,0.10292728989612843,0.11331444759206799,0.08687440982058546,0.05854579792256846,0.21246458923512748
third,0.09557109557109557,0.1686091686091686,0.07459207459207459,0.114996114996115,0.13597513597513597,0.09712509712509712,0.06604506604506605,0.24708624708624707
grey,0.05181347150259067,0.15025906735751293,0.17616580310880828,0.08031088082901554,0.09844559585492225,0.05699481865284973,0.03367875647668393,0.35233160621761656
grenville.,0.06451612903225806,0.03225806451612903,0.32258064516129037,0.12903225806451613,0.0,0.09677419354838711,0.0,0.3548387096774194
conduct,0.10300250208507089,0.14345287739783155,0.0767306088407006,0.12301918265221018,0.12760633861551293,0.09132610508757298,0.06672226855713095,0.26814011676397004
vindication,0.09206349206349206,0.20634920634920637,0.050793650793650794,0.09206349206349206,0.19365079365079363,0.05396825396825397,0.05396825396825397,0.2571428571428571
affairs,0.07615480649188514,0.15106117353308365,0.07053682896379525,0.10549313358302123,0.14294631710362046,0.07927590511860175,0.06367041198501873,0.31086142322097376
new,0.08178619099623832,0.1715811187962626,0.06922703555393762,0.08651862638029365,0.1573838126440966,0.08002669578934596,0.06886300206285645,0.2846135177769688
whitbread.,0.10256410256410256,0.07692307692307693,0.25641025641025644,0.12820512820512822,0.0,0.12820512820512822,0.05128205128205128,0.25641025641025644
relative,0.07713498622589532,0.12396694214876033,0.11570247933884298,0.09366391184573003,0.09641873278236913,0.08539944903581267,0.046831955922865015,0.3608815426997245
last,0.08786610878661089,0.15870582874187,0.08405484899954431,0.10518248477567423,0.14652636811798336,0.10116409130452794,0.06367289448610133,0.25282737478768796
words,0.1750936329588015,0.1344153141905951,0.07833957553058676,0.09113607990012484,0.13618393674573448,0.08010819808572618,0.06075738660008323,0.24396587598834787
failure,0.08088235294117647,0.12745098039215685,0.15441176470588236,0.14215686274509803,0.09313725490196079,0.13970588235294118,0.04656862745098039,0.2156862745098039
stafford,0.10365853658536585,0.13414634146341461,0.11585365853658534,0.09146341463414634,0.1097560975609756,0.1097560975609756,0.0548780487804878,0.28048780487804875
correspondence,0.05542725173210161,0.2909930715935335,0.06466512702078522,0.062355658198614314,0.1339491916859122,0.05080831408775981,0.06004618937644341,0.28175519630484985
general,0.0846832397754611,0.13199679230152364,0.06944667201283079,0.10120288692862871,0.11515637530072173,0.08035284683239775,0.05501202886928628,0.3621491579791499
remarks,0.11737089201877936,0.1267605633802817,0.1267605633802817,0.09859154929577464,0.11267605633802817,0.11267605633802817,0.04694835680751174,0.25821596244131456
right,0.08860547071656318,0.15187111931532135,0.06561503607987917,0.09666051350897802,0.14163450243329415,0.09850646081557307,0.06511159590535325,0.29199530122503775
honorable,0.08070175438596491,0.11695906432748539,0.04444444444444444,0.08654970760233918,0.14502923976608187,0.07953216374269007,0.058479532163742694,0.3883040935672515
motion,0.10140148392415499,0.2225886232481451,0.07914262159934048,0.09563066776586975,0.11871393239901072,0.07749381698268755,0.06924979389942292,0.23577906018136852
10th,0.08588957055214724,0.09815950920245398,0.17791411042944782,0.1165644171779141,0.06134969325153374,0.08588957055214724,0.03067484662576687,0.34355828220858897
1787,0.06818181818181819,0.15909090909090912,0.022727272727272728,0.09090909090909091,0.13636363636363638,0.09090909090909091,0.05681818181818182,0.375
warren,0.05229060620083295,0.15409532623785285,0.058306339657565945,0.059694585839888945,0.14437760296159188,0.06478482184173993,0.06894956038870893,0.39750115687181864
esq.,0.04964539007092199,0.14184397163120568,0.04964539007092199,0.05673758865248227,0.1702127659574468,0.03546099290780142,0.09929078014184398,0.3971631205673759
carried,0.08141962421711901,0.15583059946316732,0.07441097524604832,0.09841932597673726,0.1594094840441396,0.0847002684163436,0.0645690426483746,0.2812406799880704
appointed,0.06927297668038408,0.17695473251028807,0.06858710562414266,0.08641975308641975,0.12688614540466392,0.07407407407407407,0.06310013717421126,0.3347050754458162
managers,0.11009174311926608,0.13761467889908258,0.09174311926605506,0.10091743119266056,0.14678899082568808,0.10091743119266056,0.11926605504587157,0.19266055045871563
good,0.05573391112976597,0.1904686276956586,0.05067441095393132,0.06218874431373438,0.19541468616351487,0.055949450374924846,0.1236854942088008,0.2658846751596692
articles,0.10126582278481013,0.13924050632911392,0.12658227848101267,0.08649789029535865,0.10548523206751055,0.05063291139240506,0.08016877637130801,0.310126582278481
june,0.10273972602739725,0.1735159817351598,0.0730593607305936,0.11187214611872145,0.136986301369863,0.09817351598173517,0.0410958904109589,0.2625570776255708
following,0.08017197774405666,0.19069296914516945,0.0637329286798179,0.09888720283257461,0.1433990895295903,0.09155285786545271,0.06853818917551846,0.26302478502781995
brought,0.08755095108695653,0.16227921195652176,0.08058763586956522,0.09977921195652176,0.1456351902173913,0.087890625,0.06666100543478262,0.26961616847826086
forward,0.07906458797327395,0.18151447661469935,0.0779510022271715,0.1002227171492205,0.1492204899777283,0.08630289532293987,0.06625835189309577,0.2594654788418709
charge,0.09160111646790153,0.17305252473991373,0.0697792438467394,0.09261608728749049,0.13854351687388985,0.07764526769855366,0.06927175843694493,0.28749048464856636
westminster,0.06690710110682752,0.16192015918418107,0.0776022882726029,0.07250341997264022,0.1520955105086432,0.07163288148240268,0.0588235294117647,0.3385151100609377
hall,0.05418254846510103,0.19468010984056722,0.06307635558834379,0.06172384114103037,0.18037624492807083,0.0536497397434321,0.04643632935776057,0.3458748309356941
already,0.09996276991809382,0.16995532390171256,0.07930007446016381,0.09903201787043932,0.14668652271034996,0.08451228592702904,0.07185405807892777,0.24869694713328366
enforced,0.0818181818181818,0.1909090909090909,0.0909090909090909,0.0818181818181818,0.12727272727272726,0.10909090909090907,0.07272727272727271,0.24545454545454543
wonderful,0.08356545961002786,0.12256267409470753,0.043175487465181066,0.059888579387186634,0.23676880222841226,0.07381615598885795,0.13788300835654596,0.2423398328690808
talent,0.07818181818181819,0.13999999999999999,0.06909090909090908,0.10181818181818182,0.18545454545454546,0.09818181818181818,0.07454545454545454,0.25272727272727274
house,0.08019428512375343,0.1559189789696688,0.08298455019893557,0.08559396475998553,0.15390378752648168,0.08412132485919495,0.06570040820544618,0.2915827003565339
commons,0.11812688821752265,0.15166163141993957,0.08761329305135951,0.1211480362537764,0.11722054380664652,0.09184290030211478,0.05861027190332326,0.25377643504531716
called,0.07678120753251796,0.15870704717530576,0.08163463405164045,0.09134148708988546,0.14919433119782569,0.08619685497961561,0.05872646088138225,0.2974179770918268
second,0.08161791260382809,0.1859877211989888,0.0805344889851932,0.10978692668833513,0.13903936439147707,0.09534127843986999,0.06356085229324665,0.24413145539906103
great,0.08171896510126168,0.1595492541973574,0.07646783326946821,0.09372560707341651,0.16277089453740368,0.08511091241963639,0.07098962546657016,0.26966690793488596
effort,0.09076433121019108,0.1464968152866242,0.07643312101910828,0.12420382165605096,0.13853503184713375,0.12738853503184713,0.07643312101910828,0.21974522292993628
eloquence,0.09170854271356785,0.1620603015075377,0.059045226130653265,0.10678391959798995,0.1721105527638191,0.09170854271356785,0.08793969849246232,0.22864321608040203
subject,0.09600656455142231,0.15672866520787745,0.07439824945295405,0.12417943107221006,0.1296498905908096,0.10339168490153172,0.062363238512035006,0.25328227571115974
facts,0.08630952380952381,0.15178571428571427,0.038690476190476185,0.08928571428571429,0.13095238095238096,0.044642857142857144,0.07738095238095237,0.38095238095238093
remained,0.08955223880597016,0.17257462686567165,0.07369402985074627,0.13805970149253732,0.13526119402985076,0.12779850746268656,0.08582089552238807,0.17723880597014927
must,0.09637058735911821,0.16180924482399084,0.07780149942902537,0.10610198103371232,0.14497790576436126,0.09925028548731443,0.07025470433444218,0.24343379176803534
acknowledged,0.07526881720430109,0.18010752688172044,0.08333333333333334,0.09946236559139787,0.1478494623655914,0.08333333333333334,0.06451612903225808,0.26612903225806456
ordinary,0.07046742209631728,0.16784702549575073,0.068342776203966,0.08356940509915016,0.1618271954674221,0.08463172804532579,0.08179886685552408,0.2815155807365439
even,0.0989864544851757,0.15468409586056647,0.07691579047077769,0.111016387231221,0.1483375959079284,0.10258596192100028,0.07208487259638155,0.23538884152694894
genius,0.07268722466960352,0.17180616740088106,0.06461086637298091,0.09838472834067548,0.18575624082232012,0.0895741556534508,0.08370044052863436,0.23348017621145375
said,0.0881382768175221,0.15881602674055503,0.08330034745129085,0.09996921317676033,0.14685314685314685,0.09477943440207591,0.0734045828385451,0.2547389717201038
hopeless,0.08888888888888888,0.14444444444444443,0.07777777777777778,0.1888888888888889,0.12222222222222222,0.14444444444444443,0.08888888888888888,0.14444444444444443
flight,0.07368421052631578,0.15789473684210525,0.045614035087719294,0.13333333333333333,0.15789473684210525,0.12631578947368421,0.06666666666666667,0.2385964912280702
ever,0.08808330419240781,0.16559816606442088,0.07693204336169716,0.0964758907409566,0.16144072735750087,0.08893810467420445,0.0683840385437308,0.25414772506508143
rising,0.06709265175718851,0.23642172523961663,0.07348242811501599,0.0805111821086262,0.2095846645367412,0.07028753993610223,0.0549520766773163,0.20766773162939298
grand,0.07865168539325842,0.17656500802568217,0.05457463884430177,0.12199036918138041,0.15890850722311398,0.08667736757624399,0.08346709470304976,0.2391653290529695
elevation,0.07913669064748201,0.17985611510791366,0.043165467625899276,0.19424460431654675,0.1726618705035971,0.07194244604316546,0.028776978417266185,0.23021582733812948
advised,0.06902086677367576,0.13563402889245585,0.08025682182985554,0.07223113964686997,0.11075441412520064,0.07383627608346709,0.0521669341894061,0.40609951845906894
former,0.10003258390355164,0.15118931247963505,0.08406647116324535,0.11306614532420985,0.13457152166829586,0.09938090583251874,0.06190941674812643,0.2557836428804171
little,0.08131719048695761,0.16947933153816114,0.07397891015231557,0.08992990606178955,0.1659026907027894,0.09112211967358015,0.06877839215605665,0.25949145922835004
repeated,0.11016949152542373,0.14689265536723162,0.08192090395480225,0.1327683615819209,0.11864406779661017,0.10734463276836158,0.05649717514124294,0.2457627118644068
however,0.08297949775567147,0.1692345020016984,0.0709693072910348,0.10348174208419263,0.1492175178939706,0.09705204415868009,0.06830037607667111,0.2587650127380808
might,0.09776487663280117,0.16208998548621192,0.07791001451378811,0.11129172714078375,0.1402612481857765,0.09898403483309146,0.06763425253991293,0.24406386066763427
indolence,0.06422018348623855,0.14678899082568808,0.06422018348623855,0.08256880733944955,0.2018348623853211,0.08256880733944955,0.09174311926605506,0.26605504587155965
friend,0.06253832004904966,0.13415082771305947,0.05738810545677498,0.07590435315757205,0.22709993868792153,0.07087676272225628,0.061802575107296136,0.3102391171060699
would,0.09311649541793944,0.15997292418772563,0.07971743960011107,0.09945154123854484,0.1471119133574007,0.09372396556512079,0.06713412940849763,0.25977159122465976
looked,0.07565891472868216,0.16651162790697674,0.07224806201550388,0.097984496124031,0.1702325581395349,0.09023255813953489,0.07782945736434109,0.24930232558139534
like,0.09313706451237039,0.15539674525187402,0.08478657707694101,0.10203130461801375,0.15361012933545656,0.09865227016739815,0.06723113372431741,0.2451547753136288
acknowledgment,0.09800362976406532,0.18148820326678766,0.09800362976406532,0.09800362976406532,0.13611615245009073,0.09618874773139746,0.07803992740471868,0.21415607985480942
submitted,0.08191126279863481,0.16382252559726962,0.07849829351535836,0.09215017064846416,0.13310580204778155,0.13651877133105803,0.06143344709897611,0.2525597269624573
justly,0.0778443113772455,0.17365269461077842,0.08383233532934131,0.09880239520958083,0.1437125748502994,0.09880239520958083,0.05089820359281437,0.27245508982035926
confident,0.06113537117903931,0.12663755458515283,0.06550218340611354,0.06222707423580787,0.21506550218340614,0.0665938864628821,0.06441048034934499,0.3384279475982533
resources,0.07518796992481203,0.13283208020050127,0.04260651629072682,0.10526315789473684,0.23558897243107768,0.07017543859649124,0.06015037593984962,0.2781954887218045
reason,0.09502262443438915,0.15584242746872504,0.08424274687250466,0.10566941708810222,0.1493212669683258,0.0877029544849614,0.06228373702422146,0.25991482565877033
fancy,0.08022636484687085,0.20739014647137152,0.06724367509986684,0.08122503328894808,0.21737683089214382,0.08754993342210388,0.06757656458055926,0.1914114513981358
accordingly,0.07469879518072291,0.191566265060241,0.06506024096385543,0.10240963855421688,0.13734939759036147,0.07710843373493977,0.08795180722891567,0.263855421686747
glory,0.07705934455270151,0.1913197519929141,0.047829937998228524,0.09565987599645705,0.1975199291408326,0.07971656333038087,0.047829937998228524,0.2630646589902569
opening,0.10127931769722816,0.1545842217484009,0.08528784648187634,0.10447761194029852,0.14818763326226014,0.09914712153518125,0.07782515991471216,0.22921108742004268
field,0.11922753988245173,0.1385390428211587,0.06297229219143577,0.13350125944584382,0.11754827875734676,0.09151973131821999,0.059613769941225865,0.2770780856423174
spring,0.08652482269503546,0.16879432624113475,0.06382978723404255,0.07943262411347518,0.19858156028368792,0.07092198581560284,0.06524822695035461,0.26666666666666666
four,0.0863849765258216,0.15793427230046947,0.08582159624413147,0.1104225352112676,0.1387793427230047,0.09596244131455399,0.06647887323943662,0.25821596244131456
days,0.09043097151205261,0.17048940832724618,0.07450693937180425,0.09934258582907232,0.15719503287070857,0.10197224251278306,0.07129291453615778,0.2347699050401753
diffused,0.06818181818181818,0.1590909090909091,0.06818181818181818,0.13636363636363635,0.13636363636363635,0.06818181818181818,0.04545454545454545,0.3181818181818182
among,0.08033891384238465,0.15480808493262557,0.08135973866884444,0.08993466721110659,0.1542466312780727,0.08360555328705595,0.06905879951000408,0.2866476112699061
assembly,0.09210526315789476,0.11513157894736843,0.0986842105263158,0.10526315789473685,0.11513157894736843,0.0855263157894737,0.06578947368421054,0.32236842105263164
illustrious,0.050420168067226885,0.19327731092436973,0.058823529411764705,0.08403361344537814,0.15126050420168066,0.07563025210084033,0.054621848739495785,0.33193277310924363
persons,0.09241522133057209,0.15091897488998188,0.08568470100957803,0.11027698679782552,0.13823453274657002,0.09785141082060574,0.059798084390370175,0.26482008801449647
land,0.08480074142724744,0.1607970342910102,0.07182576459684893,0.09962928637627433,0.14411492122335495,0.09453197405004633,0.07414272474513438,0.2701575532900834
pronounced,0.10434782608695652,0.14782608695652175,0.06086956521739131,0.09999999999999999,0.17826086956521736,0.09565217391304347,0.08260869565217391,0.23043478260869565
conclusion,0.09486166007905139,0.17193675889328064,0.08102766798418973,0.11857707509881424,0.13043478260869565,0.09683794466403162,0.05335968379446641,0.25296442687747034
various,0.09236947791164658,0.17001338688085676,0.05957161981258367,0.10174029451137884,0.1706827309236948,0.09303882195448461,0.08165997322623827,0.23092369477911648
species,0.09157509157509158,0.13186813186813187,0.08791208791208792,0.13186813186813187,0.1575091575091575,0.10256410256410257,0.06593406593406594,0.23076923076923078
oratory,0.05555555555555555,0.16049382716049382,0.05555555555555555,0.0617283950617284,0.2037037037037037,0.07407407407407407,0.0617283950617284,0.3271604938271605
every,0.09517241379310344,0.16170114942528735,0.07733333333333332,0.1064367816091954,0.15195402298850577,0.09337931034482759,0.07117241379310345,0.24285057471264368
kind,0.08229908443540183,0.1304170905391658,0.065412004069176,0.08453713123092574,0.2105798575788403,0.07782299084435403,0.06093591047812818,0.28799593082400815
heard,0.0780884595831215,0.16166751398068124,0.07452974072191154,0.0880528723945094,0.15556685307574986,0.08347737671581087,0.06568378240976105,0.2929334011184545
either,0.0974849303679069,0.1515277489087508,0.08459779671585949,0.10663063812097279,0.1338599043857826,0.09228850550821036,0.06672209519850343,0.2668883807940137
ancient,0.09210526315789473,0.14181286549707603,0.06286549707602339,0.11403508771929824,0.13450292397660818,0.1067251461988304,0.0804093567251462,0.2675438596491228
modern,0.0718954248366013,0.1437908496732026,0.06862745098039216,0.1241830065359477,0.1699346405228758,0.10130718954248366,0.0784313725490196,0.24183006535947713
times,0.09530651340996169,0.15086206896551724,0.08173690932311621,0.11350574712643678,0.14351851851851852,0.10296934865900383,0.07247765006385697,0.23962324393358875
whatever,0.09199438202247191,0.16257022471910115,0.07584269662921349,0.08953651685393259,0.1618679775280899,0.08848314606741574,0.06846910112359551,0.2612359550561798
bar,0.0737913486005089,0.14249363867684478,0.09414758269720103,0.07633587786259542,0.13486005089058525,0.09414758269720103,0.035623409669211195,0.3486005089058524
