,anger,anticipation,disgust,fear,joy,sadness,surprise,trust
project,0.1200237670825906,0.1734997029114676,0.0522875816993464,0.05525846702317291,0.10932857991681522,0.0784313725490196,0.023172905525846704,0.3879976232917409
gutenberg,0.09069212410501191,0.21718377088305485,0.06682577565632458,0.06443914081145584,0.08114558472553698,0.12887828162291168,0.011933174224343675,0.33890214797136037
ebook,0.09463722397476342,0.1356466876971609,0.07886435331230285,0.0883280757097792,0.07886435331230285,0.15141955835962145,0.01577287066246057,0.35646687697160884
writings,0.07758620689655171,0.10344827586206895,0.2068965517241379,0.03448275862068965,0.08620689655172413,0.09482758620689653,0.03448275862068965,0.3620689655172413
speeches,0.09793814432989692,0.11855670103092786,0.16494845360824745,0.09793814432989692,0.08762886597938147,0.13402061855670105,0.030927835051546396,0.2680412371134021
lord,0.0565342072920934,0.0708725931995084,0.23637853338795575,0.07251126587464153,0.0766079475624744,0.05325686194182712,0.032363785333879555,0.4014748054076198
macaulay,0.11560693641618497,0.09826589595375722,0.23121387283236994,0.028901734104046242,0.05202312138728323,0.09826589595375722,0.011560693641618495,0.36416184971098264
thomas,0.10256410256410256,0.10256410256410256,0.1282051282051282,0.02564102564102564,0.06837606837606837,0.10256410256410256,0.02564102564102564,0.4444444444444444
use,0.10532407407407407,0.18055555555555555,0.07060185185185185,0.10648148148148148,0.15625,0.06481481481481483,0.05439814814814815,0.26157407407407407
anyone,0.12292358803986712,0.16611295681063126,0.079734219269103,0.11960132890365449,0.0963455149501661,0.09966777408637874,0.0398671096345515,0.27574750830564787
almost,0.11376564277588169,0.13538111490329918,0.08304891922639362,0.13196814562002274,0.1080773606370876,0.12286689419795221,0.055745164960182024,0.24914675767918087
may,0.11745875400147746,0.14602314700812608,0.07830583600098498,0.13838955922186655,0.11007141098251662,0.11401132725929575,0.0627924156611672,0.23294754986456534
copy,0.1753846153846154,0.07692307692307693,0.08307692307692308,0.1076923076923077,0.04923076923076923,0.1076923076923077,0.033846153846153845,0.36615384615384616
give,0.0973249857712009,0.15879339783722252,0.0597609561752988,0.11326124075128056,0.1365964712578258,0.10643141718838929,0.07000569151963573,0.2578258394991462
away,0.11379657603222557,0.14501510574018128,0.07854984894259819,0.16112789526686808,0.10070493454179255,0.1419939577039275,0.06646525679758308,0.19234642497482377
terms,0.12984496124031006,0.12209302325581395,0.05232558139534884,0.1065891472868217,0.11046511627906977,0.07751937984496124,0.050387596899224806,0.3507751937984496
license,0.10434782608695652,0.2217391304347826,0.06086956521739131,0.10434782608695652,0.13043478260869565,0.07826086956521738,0.03478260869565217,0.2652173913043478
's,0.09497341710971484,0.1472933784436926,0.07298211696471726,0.1333977767037216,0.12107298211696473,0.10331077815369745,0.06996133397776703,0.2570082165297245
author,0.08766233766233766,0.1461038961038961,0.06818181818181818,0.08766233766233766,0.07467532467532467,0.0974025974025974,0.02922077922077922,0.40909090909090906
date,0.1318181818181818,0.19090909090909092,0.1,0.14090909090909093,0.05,0.10454545454545455,0.02272727272727273,0.2590909090909091
language,0.08540925266903915,0.1387900355871886,0.08718861209964411,0.12099644128113879,0.1387900355871886,0.08362989323843416,0.05693950177935943,0.2882562277580071
english,0.09412955465587045,0.13360323886639677,0.08603238866396762,0.1487854251012146,0.13461538461538464,0.09210526315789473,0.06072874493927126,0.25
produced,0.1215323645970938,0.13474240422721268,0.07926023778071334,0.13738441215323643,0.11360634081902246,0.11228533685601055,0.07001321003963012,0.2311756935270806
always,0.10028116213683225,0.14620431115276478,0.07872539831302719,0.14058106841611998,0.14151827553889412,0.10684161199625118,0.05810684161199626,0.22774133083411435
forward,0.10897435897435898,0.14423076923076922,0.06410256410256411,0.15384615384615385,0.12179487179487179,0.09615384615384616,0.060897435897435896,0.25
works,0.0977734753146176,0.1674733785091965,0.06195546950629234,0.06969990319457889,0.1510164569215876,0.0484027105517909,0.03872216844143272,0.3649564375605034
either,0.11526479750778816,0.14330218068535827,0.06230529595015576,0.1386292834890966,0.11682242990654206,0.10124610591900313,0.059190031152647975,0.26323987538940813
death,0.1463035019455253,0.14708171206225681,0.13463035019455252,0.16653696498054474,0.047470817120622566,0.15097276264591442,0.13073929961089495,0.07626459143968871
copyright,0.09513742071881608,0.1416490486257928,0.0824524312896406,0.09725158562367865,0.09936575052854123,0.11205073995771672,0.0613107822410148,0.3107822410147992
made,0.10700953961012027,0.15885524678556615,0.07631688096225632,0.13023641642472003,0.11406055578598091,0.11364579012857734,0.06511820821236002,0.2347573620904189
necessary,0.10114192495921696,0.1566068515497553,0.05709624796084828,0.166394779771615,0.10929853181076671,0.09461663947797715,0.05546492659053834,0.25938009787928223
right,0.10977630488815245,0.14457332228666114,0.06379453189726596,0.12013256006628005,0.10729080364540182,0.10066280033140017,0.0575807787903894,0.2961888980944491
collection,0.056179775280898875,0.21348314606741572,0.033707865168539325,0.056179775280898875,0.14606741573033707,0.056179775280898875,0.07865168539325842,0.3595505617977528
published,0.09036144578313254,0.1807228915662651,0.09036144578313254,0.07228915662650603,0.13253012048192772,0.0963855421686747,0.054216867469879526,0.28313253012048195
commenced,0.2115384615384615,0.07692307692307691,0.07692307692307691,0.2692307692307692,0.07692307692307691,0.1923076923076923,0.05769230769230768,0.03846153846153846
fellow,0.07692307692307693,0.05494505494505495,0.0879120879120879,0.0879120879120879,0.13186813186813187,0.0879120879120879,0.04395604395604395,0.4285714285714286
called,0.09783845278725825,0.15813424345847554,0.05802047781569966,0.14448236632536976,0.1285551763367463,0.09215017064846416,0.05802047781569966,0.2627986348122867
last,0.11536264991433466,0.16619074814391777,0.06567675613934895,0.1387778412335808,0.10679611650485438,0.10508280982295833,0.06853226727584238,0.23358081096516278
event,0.12107623318385649,0.22421524663677128,0.08520179372197308,0.12556053811659193,0.10313901345291479,0.08520179372197308,0.08071748878923765,0.1748878923766816
long,0.0728095433977787,0.34965034965034963,0.04401480872069107,0.09707939119703828,0.10242698477992597,0.08185931715343481,0.0551213492389963,0.19703825586178528
went,0.10207939508506615,0.14555765595463138,0.052930056710775046,0.12098298676748581,0.14744801512287334,0.09073724007561436,0.08317580340264649,0.2570888468809074
lost,0.09900990099009901,0.13267326732673265,0.053465346534653464,0.10693069306930693,0.09108910891089109,0.30495049504950494,0.047524752475247525,0.16435643564356436
though,0.0974099099099099,0.15765765765765766,0.06475225225225226,0.14527027027027026,0.12331081081081081,0.12049549549549549,0.06756756756756757,0.22353603603603606
afterwards,0.05,0.22500000000000003,0.07500000000000001,0.07500000000000001,0.17500000000000002,0.12500000000000003,0.025,0.25000000000000006
city,0.096045197740113,0.15677966101694915,0.0635593220338983,0.15677966101694915,0.10875706214689267,0.0903954802259887,0.05084745762711865,0.2768361581920904
without,0.1208156983455175,0.12889572912658714,0.07464409388226241,0.1581377452866487,0.11235090419392073,0.12312427856868026,0.05694497883801462,0.2250865717583686
considered,0.11475409836065574,0.12568306010928962,0.08196721311475409,0.1366120218579235,0.10382513661202185,0.11475409836065574,0.07377049180327869,0.24863387978142076
instance,0.11111111111111112,0.1,0.05555555555555556,0.14444444444444443,0.12222222222222222,0.15555555555555556,0.07777777777777778,0.23333333333333334
part,0.0945945945945946,0.1454311454311454,0.06692406692406692,0.13706563706563707,0.1287001287001287,0.0945945945945946,0.06177606177606178,0.27091377091377095
public,0.07838635618235489,0.2827156444735979,0.050836339783535585,0.11315185306657921,0.10659232535257462,0.08461790751065924,0.05149229255493605,0.23220728107576255
life,0.1131339401820546,0.15734720416124837,0.06892067620286085,0.14369310793237972,0.12028608582574771,0.1072821846553966,0.07542262678803639,0.21391417425227566
purpose,0.1388888888888889,0.11805555555555557,0.07291666666666667,0.13541666666666666,0.11631944444444443,0.109375,0.04513888888888889,0.2638888888888889
reader,0.1020408163265306,0.12244897959183672,0.040816326530612235,0.12244897959183672,0.12244897959183672,0.12244897959183672,0.020408163265306117,0.346938775510204
articles,0.046875,0.203125,0.03125,0.125,0.10937500000000001,0.07812500000000001,0.03125,0.375
principal,0.0823529411764706,0.07058823529411765,0.047058823529411764,0.0823529411764706,0.11764705882352942,0.0823529411764706,0.03529411764705882,0.4823529411764706
divided,0.11194029850746269,0.11940298507462686,0.08208955223880597,0.09701492537313433,0.11194029850746269,0.09701492537313433,0.08955223880597016,0.291044776119403
probably,0.08611111111111111,0.14722222222222223,0.07222222222222222,0.1361111111111111,0.11944444444444445,0.1,0.058333333333333334,0.28055555555555556
style,0.10975609756097561,0.11382113821138212,0.10975609756097561,0.13414634146341464,0.12195121951219512,0.0975609756097561,0.06910569105691057,0.24390243902439024
notice,0.11715481171548117,0.19665271966527195,0.058577405857740586,0.09623430962343096,0.11715481171548117,0.1297071129707113,0.058577405857740586,0.22594142259414224
faults,0.09036144578313253,0.16867469879518074,0.07831325301204818,0.13855421686746988,0.12048192771084337,0.07831325301204818,0.03614457831325301,0.2891566265060241
much,0.10668276972624798,0.1332528180354267,0.07125603864734299,0.14412238325281804,0.13083735909822866,0.1107085346215781,0.06602254428341385,0.23711755233494364
greater,0.11881188118811882,0.10891089108910891,0.07425742574257427,0.16336633663366337,0.11881188118811882,0.14356435643564355,0.029702970297029705,0.24257425742574257
interest,0.11645101663585951,0.13123844731977818,0.057301293900184846,0.15896487985212568,0.1256931608133087,0.12199630314232901,0.05360443622920517,0.23475046210720887
felt,0.11901504787961696,0.1792065663474692,0.08891928864569085,0.12859097127222982,0.12585499316005472,0.12038303693570451,0.08618331053351573,0.1518467852257182
opinions,0.09836065573770492,0.1912568306010929,0.051912568306010924,0.12568306010928962,0.11202185792349727,0.07103825136612021,0.060109289617486336,0.28961748633879786
first,0.10481099656357387,0.1718213058419244,0.06872852233676977,0.12199312714776633,0.10266323024054984,0.09536082474226804,0.06486254295532647,0.2697594501718213
two,0.15267175572519084,0.16612141039621955,0.07488186114140313,0.11014176663031625,0.12831697564521993,0.08287895310796074,0.08978553253362413,0.19520174482006544
already,0.11199999999999999,0.152,0.06133333333333333,0.15999999999999998,0.11199999999999999,0.08533333333333332,0.05866666666666666,0.25866666666666666
others,0.10720562390158171,0.15289982425307555,0.07381370826010544,0.15114235500878734,0.1195079086115993,0.1195079086115993,0.057996485061511414,0.21792618629173988
persons,0.10984848484848485,0.10795454545454546,0.07007575757575758,0.14015151515151517,0.11553030303030302,0.10416666666666666,0.058712121212121215,0.293560606060606
times,0.11155778894472361,0.1628140703517588,0.0743718592964824,0.1236180904522613,0.1185929648241206,0.10050251256281408,0.08241206030150752,0.22613065326633164
existence,0.10572687224669602,0.14537444933920704,0.07048458149779735,0.16299559471365638,0.11013215859030837,0.1013215859030837,0.06167400881057269,0.24229074889867838
milton,0.08,0.14857142857142855,0.09714285714285714,0.12,0.16,0.09142857142857141,0.06285714285714285,0.24
cowley,0.09090909090909091,0.13636363636363635,0.09090909090909091,0.07575757575757576,0.15151515151515152,0.13636363636363635,0.0606060606060606,0.25757575757575757
spoke,0.07661290322580645,0.13306451612903228,0.07258064516129033,0.09274193548387098,0.10483870967741936,0.09677419354838711,0.06451612903225806,0.35887096774193555
many,0.10354348826507133,0.14312011044638748,0.07225034514496088,0.1495628163828808,0.11826967326277037,0.11412793373216751,0.061205706396686606,0.23791992636907502
years,0.10473515248796147,0.15930979133226325,0.055377207062600325,0.14165329052969503,0.13242375601926165,0.09791332263242375,0.0593900481540931,0.24919743178170145
one,0.1469943463712934,0.15414791738779277,0.07061266874350987,0.11341871466482059,0.13568708895811699,0.08076612437983155,0.08584285219799238,0.21253028729664245
article,0.09999999999999999,0.25384615384615383,0.038461538461538464,0.13846153846153844,0.1076923076923077,0.061538461538461535,0.04615384615384615,0.25384615384615383
mitford,0.12222222222222222,0.15555555555555556,0.08333333333333333,0.13333333333333333,0.1277777777777778,0.08333333333333333,0.05,0.24444444444444444
greece,0.12371134020618559,0.13402061855670105,0.08247422680412372,0.18556701030927839,0.16494845360824745,0.09278350515463919,0.030927835051546396,0.18556701030927839
value,0.09210526315789473,0.11403508771929824,0.07456140350877194,0.14912280701754388,0.12280701754385966,0.11403508771929824,0.08333333333333333,0.25
thought,0.07442089699359292,0.4051256776737309,0.06111384918679153,0.09610645638245442,0.08624938393297192,0.06604238541153278,0.04928536224741253,0.16165598817151308
deserved,0.05882352941176471,0.2,0.047058823529411764,0.10588235294117647,0.15294117647058822,0.0823529411764706,0.10588235294117647,0.24705882352941178
fully,0.07028753993610223,0.13099041533546324,0.05750798722044728,0.07667731629392971,0.1022364217252396,0.07987220447284345,0.04792332268370607,0.43450479233226835
set,0.12415130940834142,0.16488845780795344,0.060135790494665387,0.11736178467507276,0.11542192046556742,0.0979631425800194,0.06401551891367604,0.2560620756547042
forth,0.14928057553956836,0.11690647482014391,0.06654676258992807,0.12949640287769784,0.12589928057553956,0.1025179856115108,0.05035971223021583,0.2589928057553957
upon,0.11306256860592757,0.17563117453347973,0.06695938529088914,0.14160263446761803,0.1141602634467618,0.10867178924259058,0.06256860592755215,0.21734357848518115
history,0.10135970333745363,0.12360939431396786,0.06180469715698393,0.14462299134734238,0.11990111248454882,0.1260815822002472,0.06427688504326327,0.2583436341161928
review,0.09375,0.21354166666666666,0.06770833333333333,0.11458333333333333,0.09895833333333333,0.08854166666666667,0.057291666666666664,0.265625
might,0.11404561824729893,0.1446578631452581,0.06902761104441778,0.14105642256902762,0.11944777911164467,0.11404561824729893,0.06302521008403363,0.23469387755102045
perhaps,0.09876543209876544,0.164021164021164,0.06349206349206349,0.12345679012345678,0.12874779541446207,0.10405643738977073,0.06172839506172839,0.25573192239858905
something,0.10997067448680352,0.15835777126099707,0.07184750733137829,0.15102639296187684,0.11876832844574779,0.11876832844574779,0.06744868035190615,0.20381231671554254
like,0.10182666148464825,0.15468324912553438,0.08628060629615235,0.14963078118927323,0.12553439564710453,0.10571317528177225,0.06645938593082004,0.20987174504469489
third,0.11784511784511784,0.14814814814814814,0.0707070707070707,0.12457912457912458,0.13468013468013468,0.10101010101010101,0.050505050505050504,0.25252525252525254
england,0.09058231488138029,0.1595974119338605,0.05823148813803018,0.13659237958303377,0.14809489575844714,0.0848310567936736,0.0524802300503235,0.26959022286125084
appears,0.10810810810810811,0.15057915057915058,0.08108108108108109,0.14671814671814673,0.11196911196911197,0.10424710424710425,0.04247104247104247,0.2548262548262548
new,0.09155937052932761,0.17358130662851692,0.05722460658082976,0.13876967095851217,0.11444921316165951,0.09823557463042443,0.06437768240343347,0.26180257510729615
time,0.07935056025611709,0.36016464669563225,0.04847930482506289,0.10267550880402468,0.09901669334552939,0.07843585639149325,0.049394008689686714,0.18248342099245368
subject,0.08997429305912595,0.15552699228791772,0.07069408740359896,0.12853470437017994,0.11568123393316193,0.09511568123393316,0.06169665809768637,0.28277634961439585
three,0.12095032397408208,0.15982721382289417,0.0734341252699784,0.10295176385889128,0.12958963282937366,0.07991360691144708,0.07847372210223183,0.2548596112311015
appear,0.09774436090225563,0.15037593984962405,0.08270676691729323,0.14285714285714285,0.10150375939849623,0.10150375939849623,0.06766917293233082,0.2556390977443609
system,0.08471211118464593,0.11912640635340835,0.04367968232958306,0.12111184645929848,0.09728656518861682,0.06353408338848446,0.0555923229649239,0.4149569821310391
retained,0.09803921568627451,0.17647058823529413,0.0784313725490196,0.1568627450980392,0.09803921568627451,0.11764705882352941,0.0784313725490196,0.19607843137254902
brought,0.10830860534124628,0.1261127596439169,0.08011869436201781,0.15281899109792288,0.10237388724035609,0.13056379821958458,0.05637982195845697,0.2433234421364985
parliament,0.09647779479326186,0.10336906584992342,0.055895865237366,0.10643185298621745,0.08269525267993874,0.07886676875957122,0.058192955589586516,0.41807044410413474
often,0.10149253731343284,0.1582089552238806,0.05970149253731343,0.15522388059701492,0.1373134328358209,0.10746268656716418,0.0626865671641791,0.217910447761194
late,0.08394160583941605,0.13260340632603407,0.05961070559610705,0.11557177615571776,0.09124087591240876,0.24330900243309003,0.058394160583941604,0.21532846715328466
debate,0.10344827586206895,0.21264367816091953,0.037356321839080456,0.08908045977011493,0.11781609195402297,0.07471264367816091,0.07183908045977011,0.29310344827586204
mill,0.12727272727272726,0.3454545454545454,0.036363636363636355,0.1727272727272727,0.054545454545454536,0.027272727272727268,0.027272727272727268,0.20909090909090908
government,0.08897485493230174,0.12980872555340642,0.05200945626477542,0.29550827423167847,0.0973565441650548,0.07908875993982377,0.04943047496238986,0.2078229099505695
westminster,0.10563380281690142,0.16901408450704228,0.10563380281690142,0.14084507042253522,0.08450704225352114,0.09154929577464789,0.056338028169014086,0.24647887323943662
defence,0.11646586345381525,0.1646586345381526,0.07630522088353413,0.12048192771084337,0.13253012048192772,0.060240963855421686,0.05622489959839358,0.27309236947791166
mr,0.09708078750848607,0.14120841819416158,0.09775967413441955,0.11405295315682282,0.11744738628649015,0.088255261371351,0.05091649694501019,0.29327902240325865
among,0.10403397027600848,0.15074309978768577,0.061571125265392775,0.13694267515923567,0.1464968152866242,0.09129511677282379,0.07749469214437367,0.23142250530785563
appeared,0.13270142180094785,0.13744075829383884,0.07109004739336491,0.13744075829383884,0.10426540284360188,0.13270142180094785,0.06161137440758293,0.22274881516587675
entertained,0.12195121951219512,0.17073170731707316,0.09756097560975609,0.14634146341463414,0.17073170731707316,0.09756097560975609,0.07317073170731707,0.12195121951219512
strong,0.11604095563139934,0.1552901023890785,0.06313993174061434,0.13993174061433447,0.121160409556314,0.08703071672354949,0.0733788395904437,0.24402730375426623
sound,0.10468319559228649,0.13774104683195593,0.0743801652892562,0.13774104683195593,0.09917355371900827,0.11570247933884298,0.07713498622589532,0.2534435261707989
foundation,0.11789473684210529,0.16631578947368422,0.029473684210526322,0.031578947368421054,0.08842105263157896,0.13263157894736843,0.014736842105263161,0.4189473684210527
must,0.11014711429649188,0.15465861938890982,0.07129385137683893,0.13428894756695586,0.12297246322142587,0.10298000754432289,0.05431912485854394,0.24933987174651073
laid,0.10629921259842519,0.11417322834645668,0.0905511811023622,0.16141732283464566,0.0984251968503937,0.1220472440944882,0.06692913385826772,0.2401574803149606
historical,0.1020408163265306,0.18367346938775508,0.08163265306122447,0.08163265306122447,0.14285714285714285,0.08163265306122447,0.040816326530612235,0.2857142857142857
work,0.1239451476793249,0.18301687763713081,0.04641350210970464,0.08333333333333333,0.13027426160337552,0.08069620253164557,0.06118143459915611,0.2911392405063291
point,0.09015025041736226,0.14858096828046743,0.06510851419031718,0.11686143572621033,0.10851419031719532,0.09015025041736226,0.0734557595993322,0.3071786310517529
passion,0.09340659340659342,0.1813186813186813,0.06043956043956044,0.1263736263736264,0.20329670329670332,0.07692307692307693,0.049450549450549455,0.2087912087912088
research,0.11688311688311688,0.2597402597402597,0.03896103896103896,0.1688311688311688,0.09090909090909091,0.025974025974025972,0.06493506493506493,0.23376623376623376
admiration,0.10194174757281553,0.10194174757281553,0.0825242718446602,0.12135922330097088,0.18932038834951456,0.1116504854368932,0.06796116504854369,0.2233009708737864
bacon,0.08396946564885496,0.12977099236641224,0.09923664122137404,0.1603053435114504,0.12977099236641224,0.09923664122137404,0.03816793893129771,0.25954198473282447
whose,0.1085427135678392,0.13165829145728644,0.071356783919598,0.14874371859296484,0.12864321608040202,0.10753768844221107,0.06733668341708543,0.2361809045226131
attention,0.07713498622589532,0.18457300275482091,0.052341597796143245,0.12396694214876033,0.14049586776859505,0.08539944903581267,0.0743801652892562,0.2617079889807163
however,0.11605723370429251,0.11128775834658186,0.06677265500794911,0.13195548489666137,0.12082670906200316,0.1081081081081081,0.06677265500794911,0.27821939586645467
little,0.11754282339043116,0.1594802126402835,0.08860011813349083,0.11813349084465447,0.1317188422917897,0.08623744831659774,0.0767867690490254,0.2215002953337271
doubt,0.05267938237965485,0.08991825613079019,0.03996366939146231,0.2098092643051771,0.08174386920980926,0.187102633969119,0.05722070844686648,0.2815622161671208
also,0.08539094650205761,0.1646090534979424,0.07304526748971193,0.11934156378600823,0.1388888888888889,0.102880658436214,0.06790123456790123,0.2479423868312757
members,0.07848837209302326,0.16279069767441862,0.04796511627906976,0.11337209302325581,0.1511627906976744,0.07122093023255813,0.04941860465116279,0.32558139534883723
sect,0.12987012987012989,0.12337662337662338,0.09740259740259741,0.16883116883116883,0.11038961038961041,0.09090909090909093,0.05194805194805195,0.2272727272727273
name,0.10161090458488227,0.13878562577447337,0.08674101610904585,0.13135068153655516,0.12019826517967783,0.10037174721189591,0.05328376703841388,0.26765799256505574
measure,0.07547169811320754,0.11635220125786164,0.05660377358490566,0.110062893081761,0.11320754716981132,0.09433962264150944,0.05031446540880503,0.38364779874213834
described,0.12195121951219512,0.0934959349593496,0.1056910569105691,0.15853658536585366,0.1056910569105691,0.11382113821138212,0.07317073170731707,0.22764227642276424
fixed,0.09340659340659342,0.1043956043956044,0.06593406593406594,0.09890109890109891,0.06043956043956044,0.09340659340659342,0.08241758241758242,0.4010989010989011
smile,0.03133903133903134,0.05413105413105413,0.02849002849002849,0.04558404558404558,0.2678062678062678,0.03133903133903134,0.24216524216524216,0.29914529914529914
several,0.09785202863961814,0.14558472553699284,0.0668257756563246,0.13126491646778043,0.10978520286396183,0.10262529832935562,0.04773269689737471,0.29832935560859186
said,0.09235936188077246,0.14441645675902604,0.07052896725440806,0.13811922753988246,0.13476070528967254,0.09571788413098237,0.0764063811922754,0.24769101595298068
read,0.09751434034416827,0.1682600382409178,0.10133843212237095,0.11281070745697899,0.11663479923518165,0.09369024856596558,0.06309751434034418,0.2466539196940727
nothing,0.10028860028860029,0.14213564213564214,0.0670995670995671,0.12481962481962482,0.1313131313131313,0.0937950937950938,0.08297258297258298,0.25757575757575757
sense,0.09939148073022311,0.13184584178498987,0.06693711967545639,0.13793103448275862,0.12373225152129816,0.0892494929006085,0.06288032454361055,0.2880324543610548
inferiority,0.125,0.15625000000000003,0.0625,0.125,0.09375,0.125,0.09375,0.21875000000000003
studies,0.1111111111111111,0.125,0.08333333333333333,0.1388888888888889,0.1111111111111111,0.15277777777777776,0.05555555555555555,0.2222222222222222
neglected,0.15000000000000002,0.1625,0.2,0.05625000000000001,0.06250000000000001,0.18125,0.037500000000000006,0.15000000000000002
six,0.1405152224824356,0.18501170960187352,0.046838407494145196,0.09133489461358313,0.1334894613583138,0.0585480093676815,0.07962529274004684,0.26463700234192034
number,0.065625,0.19062500000000002,0.035937500000000004,0.13593750000000002,0.1421875,0.08125,0.11250000000000002,0.23593750000000002
philosophers,0.07017543859649122,0.14912280701754388,0.05263157894736842,0.13157894736842105,0.14035087719298245,0.09649122807017543,0.12280701754385966,0.23684210526315788
dignity,0.1005586592178771,0.111731843575419,0.061452513966480445,0.1340782122905028,0.0893854748603352,0.09497206703910616,0.039106145251396655,0.3687150837988827
course,0.09776536312849161,0.14385474860335196,0.06005586592178771,0.12430167597765363,0.11173184357541899,0.10055865921787709,0.06843575418994412,0.29329608938547486
far,0.10242587601078167,0.13746630727762804,0.07637017070979335,0.13656783468104222,0.13656783468104222,0.10332434860736749,0.0673854447439353,0.2398921832884097
following,0.09980430528375733,0.19960861056751467,0.05870841487279843,0.11154598825831702,0.10958904109589042,0.0821917808219178,0.048923679060665366,0.2896281800391389
consequence,0.14965986394557823,0.14965986394557823,0.06802721088435375,0.17006802721088438,0.1292517006802721,0.11564625850340136,0.034013605442176874,0.1836734693877551
would,0.10789902280130294,0.14386536373507056,0.07206840390879479,0.13911509229098806,0.11468512486427797,0.11115635179153094,0.06541802388707926,0.24579261672095548
sure,0.0968208092485549,0.16473988439306356,0.07658959537572255,0.13005780346820808,0.12572254335260113,0.11560693641618497,0.07514450867052022,0.21531791907514447
take,0.11299734748010612,0.15649867374005305,0.07108753315649868,0.14588859416445626,0.10875331564986739,0.10716180371352786,0.07798408488063661,0.21962864721485414
old,0.09579955784819455,0.15254237288135594,0.05084745762711865,0.12453942520265292,0.1554900515843773,0.10464259395725867,0.07000736919675755,0.24613117170228446
tyrants,0.14516129032258066,0.10483870967741936,0.11290322580645164,0.1532258064516129,0.10483870967741936,0.1370967741935484,0.08064516129032259,0.16129032258064518
liberty,0.08289054197662062,0.16684378320935175,0.05419766206163655,0.09989373007438894,0.17321997874601489,0.06376195536663123,0.12646121147715195,0.23273113708820403
whole,0.12931034482758622,0.1329022988505747,0.07471264367816091,0.14583333333333334,0.11853448275862069,0.10704022988505747,0.0632183908045977,0.22844827586206898
worse,0.07385229540918165,0.07784431137724551,0.061876247504990024,0.3013972055888224,0.0658682634730539,0.2714570858283433,0.031936127744510975,0.11576846307385229
well,0.11176470588235295,0.1627450980392157,0.07137254901960784,0.12313725490196079,0.13215686274509802,0.09607843137254903,0.07137254901960784,0.23137254901960783
objects,0.11210762331838564,0.1434977578475336,0.09865470852017935,0.09865470852017935,0.1569506726457399,0.07623318385650224,0.08968609865470852,0.22421524663677128
desire,0.11949685534591195,0.11949685534591195,0.08176100628930817,0.14465408805031446,0.14465408805031446,0.08176100628930817,0.06289308176100629,0.24528301886792453
greatest,0.07602339181286549,0.195906432748538,0.04970760233918129,0.12573099415204678,0.16374269005847955,0.07309941520467837,0.05555555555555555,0.260233918128655
happiness,0.04248366013071895,0.2647058823529412,0.0261437908496732,0.1241830065359477,0.2777777777777778,0.05555555555555556,0.0261437908496732,0.18300653594771243
poor,0.11060948081264109,0.14221218961625284,0.09255079006772009,0.1309255079006772,0.11060948081264109,0.12415349887133183,0.060948081264108354,0.22799097065462753
man,0.10500460546515197,0.14952410193429536,0.07000307031010132,0.12281240405280934,0.14123426466073075,0.10346945041449185,0.07061713233036537,0.23733497083205404
certainly,0.1244019138755981,0.1291866028708134,0.09569377990430623,0.14832535885167467,0.10526315789473685,0.07177033492822968,0.02870813397129187,0.29665071770334933
health,0.1111111111111111,0.1313131313131313,0.08585858585858586,0.15656565656565657,0.10606060606060606,0.1616161616161616,0.06565656565656565,0.18181818181818182
less,0.1254355400696864,0.12195121951219512,0.08362369337979095,0.140534262485482,0.13008130081300814,0.10801393728222997,0.047619047619047616,0.24274099883855982
hard,0.11789473684210526,0.16842105263157894,0.07157894736842105,0.14105263157894735,0.12421052631578948,0.0968421052631579,0.07157894736842105,0.20842105263157892
fortune,0.03932584269662921,0.18539325842696627,0.05056179775280899,0.05056179775280899,0.20224719101123595,0.06741573033707865,0.16292134831460672,0.24157303370786518
high,0.08860759493670886,0.1687763713080169,0.055907172995780595,0.12658227848101267,0.15295358649789031,0.07172995780590717,0.06540084388185655,0.270042194092827
end,0.10703812316715541,0.15395894428152493,0.05865102639296188,0.15102639296187684,0.1217008797653959,0.10703812316715541,0.04838709677419355,0.25219941348973607
never,0.10651162790697674,0.1413953488372093,0.06558139534883721,0.1413953488372093,0.1288372093023256,0.11209302325581395,0.060465116279069774,0.24372093023255814
saw,0.10344827586206896,0.1475095785440613,0.0842911877394636,0.13984674329501914,0.12835249042145594,0.11302681992337166,0.06130268199233716,0.2222222222222222
ground,0.11652173913043479,0.09391304347826088,0.06608695652173913,0.12869565217391304,0.07478260869565218,0.09043478260869565,0.06086956521739131,0.3686956521739131
gone,0.09090909090909093,0.1436950146627566,0.05571847507331378,0.12609970674486806,0.13782991202346043,0.0997067448680352,0.07038123167155426,0.27565982404692085
respect,0.05281285878300803,0.1986222732491389,0.03788748564867967,0.08151549942594719,0.20895522388059698,0.05281285878300803,0.03444316877152698,0.3329506314580941
eminent,0.07555555555555556,0.14666666666666667,0.09333333333333334,0.11555555555555555,0.12444444444444445,0.07111111111111111,0.031111111111111114,0.34222222222222226
year,0.09069212410501193,0.17541766109785203,0.05608591885441527,0.11933174224343678,0.11933174224343678,0.09069212410501193,0.06443914081145585,0.2840095465393795
gentleman,0.09027081243731194,0.13340020060180544,0.051153460381143434,0.08826479438314945,0.10130391173520562,0.08425275827482448,0.04714142427281846,0.4042126379137413
acquainted,0.08737864077669905,0.14563106796116507,0.08737864077669905,0.11650485436893206,0.15533980582524273,0.08737864077669905,0.029126213592233014,0.29126213592233013
affairs,0.04661016949152542,0.21610169491525422,0.02542372881355932,0.11440677966101694,0.1271186440677966,0.0635593220338983,0.0635593220338983,0.3432203389830508
empire,0.1111111111111111,0.12698412698412698,0.08112874779541447,0.15167548500881836,0.12345679012345678,0.1199294532627866,0.06349206349206349,0.2222222222222222
valuable,0.07278481012658228,0.1740506329113924,0.06329113924050632,0.11392405063291139,0.16455696202531642,0.053797468354430375,0.07594936708860758,0.28164556962025317
free,0.085,0.156,0.05600000000000001,0.14,0.119,0.10300000000000001,0.055,0.286
think,0.10406811731315041,0.15704824976348153,0.06859035004730368,0.12440870387890254,0.13197729422894985,0.1064333017975402,0.06717123935666981,0.2403027436140019
since,0.10515021459227468,0.14806866952789702,0.07081545064377684,0.1405579399141631,0.09656652360515022,0.11695278969957083,0.07296137339055796,0.24892703862660945
immediately,0.07982261640798227,0.3835920177383592,0.046563192904656325,0.10643015521064303,0.0665188470066519,0.0975609756097561,0.05543237250554325,0.16407982261640802
answer,0.09911894273127753,0.12114537444933919,0.07709251101321585,0.17180616740088106,0.09030837004405286,0.13215859030837004,0.06828193832599119,0.24008810572687225
day,0.09736632083000799,0.17717478052673585,0.0710295291300878,0.13248204309656825,0.12370311252992817,0.111731843575419,0.07581803671189147,0.21069433359936154
question,0.09310344827586207,0.15775862068965518,0.05862068965517242,0.11810344827586207,0.1224137931034483,0.09827586206896553,0.06551724137931035,0.28620689655172415
raised,0.13312693498452013,0.13622291021671826,0.07120743034055728,0.1238390092879257,0.1176470588235294,0.09907120743034055,0.08668730650154799,0.23219814241486067
truth,0.07554417413572344,0.0973111395646607,0.049935979513444306,0.08962868117797695,0.09475032010243278,0.10115236875800257,0.07554417413572344,0.41613316261203587
falsehood,0.19354838709677422,0.12903225806451613,0.03225806451612903,0.09677419354838711,0.06451612903225806,0.06451612903225806,0.03225806451612903,0.38709677419354843
soon,0.12312811980033278,0.1480865224625624,0.04991680532445923,0.1480865224625624,0.11980033277870215,0.10815307820299501,0.06655574043261231,0.23627287853577372
became,0.12250000000000001,0.12750000000000003,0.08750000000000001,0.135,0.12500000000000003,0.09750000000000002,0.07000000000000002,0.23500000000000001
known,0.1129032258064516,0.15437788018433177,0.06912442396313363,0.14285714285714285,0.11520737327188939,0.09216589861751151,0.04838709677419354,0.2649769585253456
principle,0.08576329331046312,0.16123499142367065,0.056603773584905655,0.11320754716981131,0.13379073756432247,0.07890222984562607,0.0634648370497427,0.30703259005145794
another,0.12195121951219512,0.16666666666666666,0.06829268292682927,0.13739837398373983,0.1089430894308943,0.1113821138211382,0.06829268292682927,0.21707317073170732
conceived,0.1506849315068493,0.0821917808219178,0.10273972602739725,0.18493150684931506,0.0958904109589041,0.14383561643835616,0.0684931506849315,0.17123287671232876
antagonist,0.3333333333333333,0.04444444444444444,0.06666666666666667,0.15555555555555556,0.02222222222222222,0.13333333333333333,0.06666666666666667,0.17777777777777776
could,0.11435868331441545,0.15068104426787743,0.07434733257661749,0.14528944381384792,0.11804767309875143,0.11776390465380251,0.06498297389330307,0.2145289443813848
indeed,0.1095890410958904,0.12750263435194945,0.07060063224446786,0.13593256059009484,0.13066385669125397,0.11801896733403584,0.05900948366701792,0.2486828240252898
thus,0.09786476868327401,0.13701067615658363,0.08007117437722419,0.13345195729537365,0.1103202846975089,0.11387900355871886,0.060498220640569395,0.2669039145907473
sir,0.07576769025367155,0.12416555407209612,0.06074766355140186,0.08711615487316421,0.09779706275033377,0.07076101468624833,0.046395193591455275,0.4372496662216288
page,0.07971014492753623,0.2028985507246377,0.05797101449275362,0.11594202898550723,0.13768115942028986,0.08695652173913043,0.050724637681159424,0.26811594202898553
taken,0.10174418604651163,0.16569767441860467,0.07122093023255814,0.13808139534883723,0.12354651162790699,0.09011627906976745,0.050872093023255814,0.25872093023255816
words,0.3636363636363636,0.10658307210031348,0.051724137931034475,0.1128526645768025,0.06583072100313479,0.07836990595611285,0.04702194357366771,0.17398119122257052
writer,0.09375,0.14583333333333334,0.0625,0.06770833333333333,0.18229166666666666,0.0625,0.07291666666666667,0.3125
character,0.12954186413902052,0.12164296998420222,0.08846761453396525,0.13270142180094788,0.10426540284360189,0.0947867298578199,0.05687203791469194,0.2717219589257504
given,0.09499358151476252,0.17843388960205392,0.06161745827984595,0.12708600770218229,0.13222079589216945,0.09114249037227214,0.05263157894736842,0.2618741976893453
abuse,0.20111731843575417,0.055865921787709494,0.17318435754189943,0.21787709497206703,0.027932960893854747,0.20111731843575417,0.022346368715083796,0.10055865921787709
pope,0.1506849315068493,0.1095890410958904,0.06849315068493152,0.1780821917808219,0.12328767123287672,0.06849315068493152,0.04109589041095891,0.2602739726027397
passions,0.1346153846153846,0.10897435897435898,0.10897435897435898,0.1346153846153846,0.12820512820512822,0.12179487179487179,0.10256410256410256,0.16025641025641027
call,0.09278350515463918,0.19243986254295534,0.060710194730813294,0.14776632302405499,0.12142038946162659,0.09965635738831616,0.06414662084765178,0.22107674684994272
know,0.10474537037037038,0.14467592592592593,0.07291666666666667,0.15162037037037035,0.1111111111111111,0.11921296296296297,0.056134259259259266,0.23958333333333334
says,0.09176029962546815,0.1554307116104869,0.06367041198501873,0.12921348314606743,0.14232209737827714,0.07865168539325842,0.06367041198501873,0.2752808988764045
universal,0.1400966183574879,0.13043478260869565,0.0676328502415459,0.1400966183574879,0.11594202898550725,0.10628019323671498,0.057971014492753624,0.24154589371980678
human,0.08902077151335312,0.14540059347181009,0.057863501483679525,0.1394658753709199,0.14985163204747773,0.1053412462908012,0.06379821958456974,0.24925816023738873
nature,0.1366594360086768,0.14316702819956617,0.09761388286334056,0.17787418655097614,0.0911062906724512,0.1084598698481562,0.06290672451193059,0.1822125813449024
true,0.06905370843989769,0.09121909633418585,0.05285592497868713,0.08780903665814152,0.26172208013640236,0.05029838022165388,0.03410059676044331,0.35294117647058826
men,0.11146609868654597,0.134185303514377,0.07987220447284345,0.14589989350372737,0.1217607383741569,0.10188143414980476,0.058572949946751864,0.2463613773517927
word,0.06614785992217899,0.10505836575875485,0.033073929961089495,0.0914396887159533,0.09922178988326848,0.05836575875486381,0.038910505836575876,0.5077821011673151
used,0.13840155945419105,0.13840155945419105,0.06432748538011696,0.14230019493177387,0.08187134502923976,0.08966861598440547,0.033138401559454196,0.3118908382066277
every,0.11493090663970341,0.14189416919447254,0.05898213683855747,0.14391641388608023,0.1243680485338726,0.10920121334681497,0.06336366700370745,0.24334344455679136
change,0.09451575262543757,0.10735122520420069,0.06651108518086347,0.37106184364060674,0.05950991831971995,0.08051341890315052,0.04784130688448074,0.17269544924154026
advantage,0.10687022900763359,0.11450381679389311,0.05343511450381679,0.1412213740458015,0.11450381679389311,0.14503816793893126,0.07633587786259541,0.2480916030534351
make,0.09629941126997477,0.16736753574432295,0.06307821698906645,0.13414634146341464,0.12026913372582002,0.10597140454163163,0.07947855340622371,0.23338940285954585
admirable,0.03773584905660377,0.07547169811320754,0.018867924528301886,0.07547169811320754,0.2830188679245283,0.09433962264150943,0.056603773584905655,0.3584905660377358
early,0.08403361344537816,0.18487394957983194,0.05042016806722689,0.15126050420168066,0.1372549019607843,0.09803921568627451,0.0784313725490196,0.21568627450980393
age,0.09665427509293681,0.14312267657992567,0.0446096654275093,0.12453531598513012,0.16356877323420074,0.10594795539033458,0.08178438661710037,0.23977695167286248
composition,0.08333333333333333,0.125,0.08333333333333333,0.14583333333333334,0.10416666666666667,0.10416666666666667,0.041666666666666664,0.3125
doubtless,0.08465608465608465,0.10582010582010583,0.07936507936507936,0.13756613756613756,0.09523809523809523,0.10582010582010583,0.06349206349206349,0.3280423280423281
hold,0.0793918918918919,0.17567567567567569,0.03885135135135136,0.11824324324324324,0.15540540540540543,0.07432432432432433,0.045608108108108114,0.3125
genius,0.09243697478991596,0.14285714285714285,0.0672268907563025,0.10924369747899157,0.17226890756302518,0.11764705882352941,0.07142857142857142,0.22689075630252098
certain,0.0977859778597786,0.14575645756457564,0.07380073800738009,0.14760147601476017,0.08302583025830258,0.11070110701107011,0.07749077490774908,0.26383763837638374
resolved,0.15492957746478872,0.07042253521126761,0.07042253521126761,0.2112676056338028,0.05633802816901408,0.14084507042253522,0.01408450704225352,0.28169014084507044
