,anger,anticipation,disgust,fear,joy,sadness,surprise,trust
project,0.11944965603502192,0.1732332707942464,0.04878048780487806,0.054409005628517824,0.10256410256410257,0.07629768605378362,0.021263289555972485,0.40400250156347717
gutenberg,0.08219178082191782,0.2328767123287671,0.04794520547945206,0.06621004566210045,0.07762557077625572,0.11872146118721462,0.022831050228310504,0.35159817351598177
ebook,0.04232804232804233,0.24867724867724872,0.052910052910052914,0.08465608465608467,0.1322751322751323,0.07407407407407407,0.0687830687830688,0.2962962962962963
legacy,0.0693069306930693,0.2079207920792079,0.029702970297029698,0.10891089108910891,0.1287128712871287,0.11881188118811879,0.11881188118811879,0.21782178217821782
james,0.06619385342789598,0.20803782505910168,0.08747044917257685,0.09692671394799054,0.16312056737588654,0.08037825059101655,0.08274231678486998,0.21513002364066194
schmitz,0.06666666666666667,0.21666666666666667,0.03333333333333333,0.09999999999999999,0.13333333333333333,0.11666666666666665,0.11666666666666665,0.21666666666666667
use,0.12289780077619664,0.16946959896507116,0.0815006468305304,0.12807244501940493,0.12807244501940493,0.09314359637774904,0.062095730918499355,0.21474773609314363
anyone,0.10857142857142857,0.19428571428571428,0.05714285714285714,0.14285714285714285,0.09714285714285714,0.10285714285714286,0.07428571428571429,0.22285714285714286
almost,0.1276595744680851,0.1528046421663443,0.08897485493230173,0.13346228239845262,0.11992263056092843,0.13152804642166344,0.08704061895551257,0.15860735009671179
may,0.1263073209975865,0.15205148833467416,0.08447304907481899,0.1263073209975865,0.10619469026548672,0.11102172164119067,0.06436041834271923,0.22928399034593724
copy,0.13695652173913042,0.16086956521739132,0.08478260869565217,0.06739130434782609,0.06521739130434782,0.05434782608695652,0.04782608695652174,0.3826086956521739
give,0.10545905707196028,0.17990074441687343,0.055831265508684856,0.12655086848635233,0.1377171215880893,0.0955334987593052,0.08436724565756823,0.21464019851116625
away,0.12921751615218954,0.14285714285714288,0.08901651112706391,0.1636755204594401,0.11844938980617374,0.12060301507537691,0.07465900933237618,0.1615218951902369
terms,0.11949685534591195,0.13417190775681342,0.048218029350104816,0.07966457023060795,0.12368972746331237,0.05031446540880503,0.048218029350104816,0.3962264150943396
license,0.09803921568627452,0.24019607843137258,0.058823529411764705,0.07843137254901962,0.12745098039215688,0.07843137254901962,0.03921568627450981,0.27941176470588236
online,0.02173913043478261,0.23913043478260873,0.04347826086956522,0.06521739130434782,0.16304347826086957,0.05434782608695653,0.08695652173913045,0.32608695652173914
last,0.13414634146341464,0.13850174216027875,0.09668989547038327,0.1681184668989547,0.10365853658536586,0.13937282229965156,0.08013937282229965,0.13937282229965156
start,0.013986013986013986,0.4895104895104895,0.020979020979020976,0.048951048951048945,0.09790209790209789,0.04195804195804195,0.06293706293706293,0.22377622377622378
produced,0.06374501992031872,0.1752988047808765,0.0597609561752988,0.11553784860557768,0.1752988047808765,0.06374501992031872,0.06772908366533864,0.2788844621513944
weeks,0.0819672131147541,0.18032786885245905,0.04918032786885246,0.09836065573770492,0.1639344262295082,0.09836065573770492,0.0819672131147541,0.24590163934426232
distributed,0.06741573033707865,0.24719101123595508,0.056179775280898875,0.11797752808988764,0.12359550561797754,0.11235955056179775,0.033707865168539325,0.24157303370786515
http,0.06818181818181818,0.22727272727272727,0.022727272727272728,0.13636363636363635,0.09090909090909091,0.11363636363636363,0.056818181818181816,0.28409090909090906
's,0.10294455946629859,0.15700483091787437,0.07522429261559696,0.13204508856682767,0.12916954221302046,0.10317460317460317,0.07809983896940419,0.2223372440763745
united,0.03523035230352304,0.21138211382113822,0.029810298102981032,0.07859078590785908,0.07317073170731708,0.07046070460704608,0.029810298102981032,0.47154471544715443
states,0.012886597938144331,0.2216494845360825,0.030927835051546393,0.0695876288659794,0.08247422680412372,0.07216494845360825,0.018041237113402064,0.4922680412371135
copyright,0.07194244604316548,0.20863309352517986,0.08633093525179857,0.04316546762589928,0.07913669064748202,0.07913669064748202,0.02158273381294964,0.4100719424460432
h.,0.03626943005181347,0.27979274611398963,0.06735751295336788,0.046632124352331605,0.08808290155440414,0.03626943005181347,0.07253886010362694,0.37305699481865284
two,0.12401574803149608,0.1561679790026247,0.08267716535433071,0.1430446194225722,0.1187664041994751,0.10301837270341209,0.06692913385826772,0.20538057742782156
trigger,0.07772020725388601,0.18341968911917098,0.05492227979274611,0.13471502590673576,0.11813471502590674,0.09740932642487048,0.12124352331606217,0.21243523316062177
argee,0.13114754098360656,0.13114754098360656,0.04918032786885245,0.13114754098360656,0.16393442622950818,0.08196721311475409,0.04918032786885245,0.26229508196721313
....,0.07276995305164319,0.1807511737089202,0.051643192488262914,0.1056338028169014,0.16901408450704225,0.0892018779342723,0.07981220657276995,0.25117370892018775
half,0.07547169811320754,0.21383647798742136,0.031446540880503145,0.0880503144654088,0.169811320754717,0.10691823899371068,0.11320754716981132,0.20125786163522014
shopping,0.045454545454545456,0.18181818181818182,0.0,0.045454545454545456,0.22727272727272727,0.0,0.13636363636363635,0.36363636363636365
center,0.051546391752577324,0.16494845360824745,0.0,0.07216494845360825,0.1443298969072165,0.02061855670103093,0.08247422680412372,0.4639175257731959
came,0.11325301204819277,0.15983935742971886,0.08433734939759036,0.14698795180722893,0.12208835341365461,0.10120481927710843,0.08192771084337348,0.19036144578313252
toward,0.1079136690647482,0.1079136690647482,0.07194244604316546,0.13669064748201437,0.12949640287769784,0.13669064748201437,0.12230215827338128,0.18705035971223022
let,0.14054404145077723,0.13082901554404147,0.09391191709844561,0.1729274611398964,0.11204663212435235,0.13277202072538863,0.07577720207253887,0.14119170984455962
left,0.14129244249726175,0.14348302300109528,0.08105147864184008,0.16538882803943042,0.10952902519167577,0.12157721796276011,0.08105147864184008,0.15662650602409636
right,0.13811659192825113,0.1515695067264574,0.0726457399103139,0.14080717488789238,0.11838565022421524,0.12017937219730943,0.07713004484304932,0.18116591928251122
close,0.14285714285714285,0.14285714285714285,0.09523809523809523,0.18487394957983191,0.10644257703081231,0.11204481792717086,0.06442577030812324,0.15126050420168066
hand,0.13940370668815472,0.14585012087026591,0.0894439967767929,0.17244157937147458,0.1087832393231265,0.1095890410958904,0.0902497985495568,0.14423851732473808
mouth,0.13452914798206275,0.08520179372197308,0.12107623318385649,0.1614349775784753,0.0717488789237668,0.08071748878923765,0.2780269058295964,0.06726457399103138
forward,0.140625,0.11979166666666664,0.07812499999999999,0.19791666666666663,0.062499999999999986,0.15104166666666663,0.08333333333333333,0.16666666666666666
shot,0.21359223300970875,0.05339805825242719,0.019417475728155338,0.22815533980582522,0.024271844660194174,0.21844660194174756,0.1941747572815534,0.04854368932038835
mystery,0.04651162790697675,0.27906976744186046,0.04651162790697675,0.0930232558139535,0.06976744186046512,0.13953488372093023,0.23255813953488372,0.0930232558139535
life,0.1309130913091309,0.14796479647964794,0.088008800880088,0.17216721672167215,0.10836083608360834,0.13641364136413642,0.06875687568756875,0.1474147414741474
also,0.12281432139883432,0.14238134887593673,0.08576186511240634,0.15320566194837634,0.11615320566194838,0.10990840965861781,0.06994171523730225,0.19983347210657787
ace,0.05555555555555556,0.2777777777777778,0.05555555555555556,0.05555555555555556,0.16666666666666666,0.11111111111111112,0.11111111111111112,0.16666666666666666
new,0.060648801128349784,0.23836389280677006,0.052186177715091674,0.10860366713681241,0.12976022566995768,0.06346967559943582,0.07475317348377997,0.2722143864598025
york,0.05035971223021582,0.23741007194244604,0.03597122302158273,0.12230215827338128,0.14388489208633093,0.08633093525179855,0.07913669064748202,0.24460431654676257
book,0.051094890510948905,0.10948905109489052,0.018248175182481754,0.021897810218978103,0.07299270072992702,0.051094890510948905,0.014598540145985403,0.6605839416058396
cover,0.12738853503184713,0.08280254777070063,0.06369426751592357,0.16560509554140126,0.11464968152866241,0.12101910828025476,0.07006369426751592,0.25477707006369427
art,0.0821917808219178,0.1780821917808219,0.043835616438356165,0.11232876712328767,0.15890410958904108,0.2054794520547945,0.1506849315068493,0.0684931506849315
first,0.10430721328489882,0.1702127659574468,0.06901920083030619,0.1416709911779969,0.1292163985469642,0.10586403736377789,0.06746237675142709,0.21224701608718216
father,0.10723192019950126,0.13403990024937656,0.06109725685785537,0.13216957605985039,0.13279301745635913,0.09351620947630924,0.06296758104738155,0.2761845386533666
time,0.08166888592987127,0.33510874389702616,0.051930758988015975,0.11096316023080337,0.11051930758988014,0.07767421216156235,0.059920106524633816,0.1722148246782068
ceyce,0.05,0.2375,0.0125,0.0375,0.225,0.05,0.1375,0.25
white,0.034482758620689655,0.2601880877742947,0.018808777429467082,0.050156739811912224,0.24451410658307207,0.06583072100313479,0.050156739811912224,0.27586206896551724
city,0.058426966292134834,0.21348314606741572,0.02696629213483146,0.1146067415730337,0.14606741573033707,0.0696629213483146,0.1348314606741573,0.23595505617977527
beautiful,0.0625,0.18749999999999997,0.03125,0.04687499999999999,0.390625,0.0625,0.078125,0.140625
maccadon,0.037500000000000006,0.2750000000000001,0.037500000000000006,0.06250000000000001,0.17500000000000002,0.05000000000000001,0.11250000000000002,0.25000000000000006
university,0.01388888888888889,0.40277777777777773,0.02777777777777778,0.05555555555555556,0.08333333333333333,0.05555555555555556,0.05555555555555556,0.3055555555555556
world,0.09598214285714286,0.17857142857142858,0.0625,0.18303571428571427,0.12276785714285715,0.10267857142857142,0.07589285714285715,0.17857142857142858
hub,0.10526315789473685,0.19078947368421054,0.03289473684210526,0.13815789473684212,0.125,0.05921052631578948,0.11842105263157895,0.23026315789473686
colonial,0.0625,0.04166666666666667,0.04166666666666667,0.10416666666666667,0.04166666666666667,0.04166666666666667,0.08333333333333334,0.5833333333333334
school,0.04230769230769231,0.17115384615384616,0.04807692307692308,0.036538461538461534,0.11538461538461539,0.038461538461538464,0.07115384615384615,0.47692307692307695
second,0.10845986984815618,0.19739696312364424,0.05422993492407809,0.10845986984815618,0.13449023861171366,0.08893709327548806,0.05856832971800434,0.2494577006507592
part,0.08992248062015504,0.19224806201550387,0.08759689922480621,0.11007751937984496,0.10620155038759689,0.07209302325581396,0.08294573643410852,0.2589147286821705
much,0.09398814563928874,0.17781541066892464,0.06773920406435224,0.12023708721422523,0.14309906858594412,0.09144792548687554,0.09398814563928874,0.21168501270110077
hour,0.14545454545454548,0.17727272727272728,0.07272727272727274,0.1590909090909091,0.11363636363636363,0.11363636363636363,0.07272727272727274,0.14545454545454548
big,0.10344827586206895,0.1839080459770115,0.09770114942528735,0.09195402298850575,0.15517241379310345,0.0689655172413793,0.08620689655172413,0.21264367816091953
behind,0.12709030100334448,0.1839464882943144,0.07692307692307693,0.1638795986622074,0.09698996655518395,0.11036789297658862,0.09030100334448161,0.1505016722408027
young,0.06792873051224943,0.2282850779510022,0.047884187082405334,0.07461024498886414,0.20155902004454343,0.057906458797327386,0.17037861915367483,0.15144766146993316
woman,0.11023622047244094,0.14829396325459318,0.08661417322834646,0.14041994750656167,0.12860892388451445,0.12729658792650916,0.08661417322834646,0.17191601049868765
stood,0.111587982832618,0.11587982832618024,0.10300429184549353,0.14592274678111586,0.11587982832618024,0.111587982832618,0.11587982832618024,0.1802575107296137
gun,0.411764705882353,0.04201680672268907,0.01680672268907563,0.411764705882353,0.025210084033613443,0.008403361344537815,0.025210084033613443,0.0588235294117647
automatic,0.09523809523809522,0.19047619047619044,0.023809523809523805,0.11904761904761901,0.09523809523809522,0.04761904761904761,0.11904761904761901,0.3095238095238095
around,0.08227848101265822,0.17563291139240506,0.07436708860759493,0.125,0.13449367088607594,0.10284810126582278,0.09018987341772151,0.2151898734177215
sun,0.04878048780487805,0.2097560975609756,0.014634146341463414,0.058536585365853655,0.20487804878048782,0.08292682926829269,0.16097560975609757,0.21951219512195122
dawn,0.039525691699604744,0.233201581027668,0.023715415019762844,0.04743083003952569,0.17786561264822134,0.04743083003952569,0.1857707509881423,0.2450592885375494
hair,0.1217391304347826,0.14782608695652175,0.06956521739130435,0.14782608695652175,0.1565217391304348,0.10434782608695652,0.11304347826086956,0.1391304347826087
along,0.08403361344537814,0.21848739495798317,0.04481792717086835,0.1456582633053221,0.10924369747899158,0.08683473389355742,0.11204481792717086,0.19887955182072828
small,0.08295625942684766,0.16591251885369532,0.07239819004524888,0.11463046757164404,0.13423831070889897,0.11312217194570136,0.0693815987933635,0.24736048265460028
denton,0.06666666666666667,0.26666666666666666,0.049999999999999996,0.11666666666666665,0.11666666666666665,0.08333333333333333,0.15,0.15
like,0.13560334528076462,0.14575866188769412,0.08482676224611707,0.16845878136200715,0.10394265232974909,0.11111111111111112,0.08781362007168458,0.16248506571087215
n't,0.10909090909090909,0.16666666666666666,0.08121212121212121,0.13393939393939394,0.10303030303030303,0.11393939393939394,0.10242424242424242,0.1896969696969697
glanced,0.05,0.325,0.05,0.2,0.075,0.05,0.075,0.175
long,0.0979381443298969,0.31013745704467355,0.06958762886597937,0.12800687285223367,0.09278350515463918,0.10738831615120274,0.05841924398625429,0.13573883161512026
enough,0.12296983758700696,0.1740139211136891,0.07192575406032482,0.14617169373549882,0.11600928074245939,0.10440835266821345,0.08816705336426914,0.17633410672853828
attention,0.05982905982905983,0.24786324786324787,0.05128205128205128,0.07692307692307693,0.15384615384615385,0.06837606837606838,0.06837606837606838,0.27350427350427353
back,0.12519240636223705,0.15238583889173937,0.08517188301693178,0.1585428424833248,0.11903540277065162,0.12108773730118011,0.08568496664956389,0.15289892252437148
another,0.1227906976744186,0.16651162790697674,0.07813953488372094,0.1413953488372093,0.12465116279069768,0.11255813953488372,0.07162790697674419,0.18232558139534885
finally,0.05217391304347826,0.16086956521739132,0.1565217391304348,0.06521739130434782,0.16304347826086957,0.05217391304347826,0.16521739130434782,0.18478260869565216
little,0.09428571428571428,0.16285714285714287,0.07142857142857142,0.13714285714285715,0.12642857142857142,0.11642857142857144,0.08928571428571429,0.20214285714285715
times,0.0963855421686747,0.1566265060240964,0.05622489959839357,0.14056224899598393,0.14457831325301207,0.10040160642570281,0.10040160642570281,0.20481927710843373
girl,0.060000000000000005,0.18000000000000002,0.06666666666666667,0.13333333333333333,0.14666666666666667,0.08666666666666667,0.09333333333333332,0.23333333333333334
bit,0.17142857142857143,0.1285714285714286,0.09999999999999999,0.15714285714285717,0.1142857142857143,0.09999999999999999,0.08571428571428572,0.14285714285714285
turned,0.11519198664440736,0.14190317195325544,0.0684474123539232,0.1352253756260434,0.14023372287145244,0.12353923205342238,0.10517529215358931,0.1702838063439065
face,0.14482758620689656,0.11448275862068967,0.0993103448275862,0.14344827586206896,0.13793103448275862,0.11724137931034483,0.09103448275862068,0.15172413793103448
twenty,0.09890109890109888,0.23076923076923075,0.021978021978021976,0.10989010989010987,0.13186813186813184,0.09890109890109888,0.09890109890109888,0.20879120879120874
eyes,0.12420382165605096,0.11464968152866242,0.08757961783439491,0.16878980891719744,0.10668789808917198,0.17197452229299365,0.09872611464968153,0.12738853503184713
set,0.11524163568773235,0.16263940520446096,0.06505576208178439,0.13197026022304834,0.13011152416356878,0.10966542750929369,0.05297397769516729,0.23234200743494424
remarked,0.09090909090909093,0.17045454545454547,0.05681818181818182,0.10227272727272729,0.13636363636363638,0.12500000000000003,0.13636363636363638,0.18181818181818185
doctor,0.020979020979020976,0.09790209790209789,0.048951048951048945,0.06293706293706293,0.04195804195804195,0.06993006993006992,0.07692307692307693,0.5804195804195804
plemponi,0.0930232558139535,0.06976744186046512,0.04651162790697675,0.0930232558139535,0.11627906976744186,0.04651162790697675,0.06976744186046512,0.46511627906976744
years,0.09081735620585268,0.16750756811301717,0.05549949545913219,0.14732593340060546,0.13824419778002017,0.10292633703329969,0.07971745711402624,0.21796165489404645
thing,0.1141649048625793,0.15010570824524314,0.07610993657505286,0.14164904862579283,0.1331923890063425,0.09725158562367865,0.07822410147991544,0.20930232558139536
must,0.1358950328022493,0.14339268978444236,0.07966260543580131,0.1818181818181818,0.10965323336457355,0.11527647610121837,0.05998125585754452,0.17432052483598875
say,0.11655011655011653,0.11421911421911421,0.06993006993006992,0.14918414918414918,0.1282051282051282,0.10955710955710955,0.10489510489510488,0.20745920745920743
know,0.11538461538461539,0.1576923076923077,0.075,0.14615384615384613,0.11153846153846153,0.10192307692307692,0.08846153846153845,0.20384615384615384
old,0.10844577711144428,0.1409295352323838,0.08445777111444278,0.143928035982009,0.13293353323338333,0.11144427786106947,0.07596201899050474,0.20189905047476261
mihul,0.08588957055214724,0.17177914110429449,0.05521472392638038,0.13496932515337426,0.14110429447852763,0.06748466257668713,0.12269938650306751,0.22085889570552153
watch,0.05,0.3055555555555556,0.03888888888888889,0.34444444444444444,0.05,0.08888888888888889,0.03888888888888889,0.08333333333333333
're,0.07803468208092486,0.2052023121387283,0.040462427745664734,0.1069364161849711,0.16473988439306358,0.0838150289017341,0.10404624277456648,0.21676300578034682
look,0.09397590361445783,0.1566265060240964,0.07710843373493977,0.1397590361445783,0.14216867469879518,0.0963855421686747,0.0891566265060241,0.20481927710843373
four,0.1064638783269962,0.17490494296577946,0.0532319391634981,0.155893536121673,0.14448669201520914,0.09125475285171103,0.0570342205323194,0.2167300380228137
asked,0.11976047904191617,0.1117764471057884,0.07984031936127745,0.12974051896207583,0.14570858283433133,0.11976047904191617,0.08383233532934131,0.20958083832335328
every,0.10971223021582732,0.17985611510791366,0.09352517985611511,0.16007194244604317,0.11690647482014388,0.11151079136690648,0.05755395683453238,0.17086330935251798
gave,0.11197339246119735,0.12749445676274945,0.08093126385809314,0.13192904656319293,0.1297117516629712,0.11197339246119735,0.1042128603104213,0.2017738359201774
keep,0.0991304347826087,0.17217391304347826,0.06956521739130435,0.14434782608695654,0.12173913043478261,0.08695652173913043,0.0817391304347826,0.22434782608695653
go,0.11862396204033215,0.15658362989323843,0.08066429418742586,0.16844602609727163,0.11743772241992884,0.10676156583629894,0.0830367734282325,0.16844602609727163
said,0.10789766407119022,0.14794215795328142,0.0778642936596218,0.13793103448275865,0.12495365220615501,0.11234705228031147,0.08972932888394512,0.20133481646273638
moment,0.10964912280701754,0.16228070175438597,0.10087719298245613,0.12280701754385964,0.09649122807017545,0.12280701754385964,0.07456140350877193,0.21052631578947367
reason,0.1271186440677966,0.17231638418079095,0.04519774011299436,0.16949152542372883,0.12146892655367232,0.11581920903954802,0.06779661016949153,0.18079096045197743
told,0.12462006079027355,0.1534954407294833,0.06838905775075989,0.15045592705167174,0.11854103343465046,0.12462006079027355,0.07446808510638299,0.18541033434650456
happy,0.05217391304347826,0.23478260869565218,0.043478260869565216,0.0608695652173913,0.23478260869565218,0.0782608695652174,0.043478260869565216,0.25217391304347825
good,0.06084656084656084,0.20414462081128745,0.0427689594356261,0.06613756613756613,0.18783068783068782,0.05246913580246913,0.1657848324514991,0.22001763668430332
else,0.07476635514018692,0.15887850467289721,0.07476635514018692,0.1355140186915888,0.12616822429906543,0.14485981308411217,0.10280373831775702,0.18224299065420563
'll,0.08108108108108109,0.17953667953667957,0.055984555984555984,0.1274131274131274,0.12355212355212357,0.0888030888030888,0.12934362934362936,0.2142857142857143
run,0.11111111111111112,0.19135802469135804,0.0617283950617284,0.12962962962962965,0.12962962962962965,0.07407407407407407,0.09876543209876544,0.2037037037037037
office,0.08305647840531562,0.19601328903654486,0.06312292358803986,0.09302325581395347,0.06644518272425248,0.07308970099667775,0.05980066445182724,0.3654485049833887
opened,0.04123711340206186,0.21649484536082478,0.030927835051546393,0.10309278350515465,0.13402061855670105,0.11340206185567012,0.10309278350515465,0.2577319587628866
door,0.1346153846153846,0.16346153846153844,0.05769230769230769,0.1346153846153846,0.10256410256410256,0.11858974358974358,0.10576923076923075,0.18269230769230768
went,0.12135922330097088,0.15614886731391586,0.08009708737864078,0.16666666666666669,0.11893203883495146,0.10517799352750809,0.07524271844660195,0.17637540453074435
closed,0.09090909090909091,0.13636363636363635,0.06818181818181818,0.045454545454545456,0.15909090909090906,0.13636363636363635,0.15909090909090906,0.20454545454545453
sat,0.06486486486486487,0.1891891891891892,0.06486486486486487,0.1027027027027027,0.13513513513513514,0.08108108108108109,0.12432432432432432,0.23783783783783785
case,0.06941431670281996,0.10195227765726682,0.0650759219088937,0.27331887201735355,0.06290672451193058,0.24295010845986983,0.06290672451193058,0.12147505422993492
head,0.14193548387096774,0.10483870967741936,0.0967741935483871,0.1693548387096774,0.08709677419354839,0.15806451612903227,0.07419354838709677,0.16774193548387098
working,0.05128205128205129,0.19871794871794873,0.05128205128205129,0.10897435897435898,0.1794871794871795,0.057692307692307696,0.07692307692307693,0.27564102564102566
guess,0.0680628272251309,0.15183246073298431,0.020942408376963356,0.05759162303664923,0.12565445026178013,0.04712041884816755,0.38219895287958117,0.14659685863874347
business,0.11304347826086956,0.1565217391304348,0.0782608695652174,0.1565217391304348,0.127536231884058,0.11594202898550725,0.07246376811594203,0.17971014492753623
really,0.08461538461538462,0.18846153846153849,0.06538461538461539,0.13076923076923078,0.13076923076923078,0.08076923076923077,0.1,0.21923076923076923
sure,0.10045662100456622,0.1506849315068493,0.09132420091324202,0.16894977168949774,0.10958904109589042,0.11415525114155252,0.07762557077625572,0.1872146118721461
though,0.14790807307012377,0.13199764289923394,0.08721272834413672,0.16205067766647024,0.11549793753682971,0.11726576311137302,0.06658809664113141,0.17147908073070126
talk,0.16901408450704225,0.14084507042253522,0.05633802816901409,0.147887323943662,0.09859154929577464,0.09859154929577464,0.07042253521126761,0.2183098591549296
might,0.13815434430652995,0.14409066378845115,0.09174311926605504,0.17808958445763626,0.09444144630329196,0.11926605504587157,0.07555315704263356,0.15866162978953047
plasmoids,0.08,0.17142857142857143,0.05142857142857143,0.1542857142857143,0.12000000000000001,0.14285714285714285,0.08571428571428572,0.19428571428571428
come,0.11471861471861472,0.13095238095238096,0.09307359307359307,0.14610389610389612,0.12445887445887448,0.12662337662337664,0.07142857142857142,0.19264069264069267
wanted,0.10714285714285714,0.17857142857142858,0.05952380952380952,0.13095238095238096,0.15476190476190477,0.07142857142857142,0.10714285714285714,0.19047619047619047
saw,0.13121693121693123,0.1523809523809524,0.091005291005291,0.15873015873015872,0.10370370370370371,0.1142857142857143,0.08571428571428572,0.16296296296296298
job,0.08870967741935486,0.18548387096774194,0.024193548387096777,0.11290322580645162,0.1532258064516129,0.06451612903225808,0.10483870967741937,0.26612903225806456
kind,0.11538461538461538,0.09065934065934064,0.056318681318681306,0.11675824175824175,0.2225274725274725,0.09615384615384615,0.052197802197802186,0.24999999999999994
thought,0.11893333333333334,0.272,0.07680000000000001,0.13813333333333333,0.09653333333333335,0.10613333333333333,0.05706666666666666,0.1344
got,0.09917355371900827,0.16174734356552536,0.06611570247933883,0.12396694214876032,0.12514757969303422,0.11097992916174734,0.09445100354191263,0.21841794569067297
equipment,0.09691629955947138,0.2290748898678414,0.05726872246696035,0.12334801762114538,0.1277533039647577,0.07048458149779736,0.05286343612334802,0.2422907488986784
fast,0.13924050632911394,0.189873417721519,0.06962025316455697,0.14556962025316456,0.1329113924050633,0.06329113924050633,0.08227848101265824,0.17721518987341772
agreed,0.12903225806451613,0.0967741935483871,0.02150537634408602,0.07526881720430106,0.08602150537634408,0.06451612903225806,0.07526881720430106,0.45161290322580644
made,0.12468407750631846,0.14111204717775908,0.09056444818871104,0.14785172704296548,0.11583824768323506,0.11288963774220726,0.08045492839090145,0.18660488626790228
men,0.14599383667180277,0.13906009244992296,0.0855161787365177,0.16063174114021572,0.11633281972265022,0.11710323574730352,0.07627118644067796,0.15909090909090906
added,0.1016597510373444,0.13900414937759337,0.05809128630705394,0.1763485477178423,0.12863070539419086,0.13692946058091285,0.0892116182572614,0.1701244813278008
anything,0.10126582278481013,0.18987341772151897,0.056962025316455694,0.12025316455696201,0.09493670886075949,0.12025316455696201,0.09493670886075949,0.22151898734177214
many,0.0943238731218698,0.1636060100166945,0.0684474123539232,0.1352253756260434,0.1327212020033389,0.1001669449081803,0.08013355592654424,0.2253756260434057
area,0.0558659217877095,0.22625698324022347,0.04189944134078213,0.1005586592178771,0.11731843575418996,0.07262569832402235,0.0670391061452514,0.3184357541899442
important,0.03286384976525821,0.2112676056338028,0.018779342723004695,0.07981220657276995,0.10798122065727699,0.03286384976525821,0.07042253521126761,0.4460093896713615
wo,0.1864406779661017,0.11864406779661016,0.05084745762711864,0.22033898305084745,0.06779661016949153,0.15254237288135591,0.0847457627118644,0.11864406779661016
except,0.13846153846153847,0.10461538461538461,0.06153846153846154,0.09538461538461539,0.10153846153846154,0.14461538461538462,0.04923076923076923,0.3046153846153846
obvious,0.0821917808219178,0.10958904109589042,0.0821917808219178,0.10958904109589042,0.0958904109589041,0.0958904109589041,0.0821917808219178,0.3424657534246575
way,0.1189851268591426,0.13823272090988628,0.07436570428696414,0.1557305336832896,0.12860892388451442,0.11986001749781278,0.07611548556430446,0.18810148731408574
boys,0.0,0.19444444444444442,0.0,0.11111111111111112,0.25,0.08333333333333333,0.05555555555555556,0.3055555555555556
see,0.10571428571428572,0.17,0.08857142857142858,0.1542857142857143,0.10571428571428572,0.10857142857142857,0.09285714285714286,0.17428571428571427
showed,0.09420289855072464,0.17753623188405798,0.06884057971014491,0.12318840579710144,0.15579710144927536,0.08695652173913043,0.10144927536231883,0.19202898550724637
sense,0.058823529411764705,0.16176470588235295,0.044117647058823525,0.08823529411764705,0.19117647058823528,0.044117647058823525,0.1323529411764706,0.2794117647058823
hope,0.059620596205962065,0.1869918699186992,0.021680216802168025,0.08401084010840108,0.1869918699186992,0.07588075880758807,0.15718157181571815,0.22764227642276424
large,0.09545454545454546,0.16136363636363635,0.0659090909090909,0.12954545454545455,0.1318181818181818,0.10227272727272728,0.06136363636363637,0.25227272727272726
coming,0.07220216606498195,0.39350180505415167,0.061371841155234655,0.07942238267148015,0.10830324909747292,0.05776173285198556,0.08664259927797834,0.1407942238267148
observed,0.06862745098039216,0.16666666666666669,0.058823529411764705,0.07843137254901962,0.14705882352941177,0.13725490196078433,0.07843137254901962,0.26470588235294124
even,0.11808118081180811,0.15276752767527674,0.08782287822878229,0.14612546125461254,0.11808118081180811,0.11439114391143912,0.08265682656826567,0.18007380073800736
could,0.13471502590673576,0.14369602763385148,0.0763385146804836,0.1692573402417962,0.11364421416234888,0.11157167530224524,0.07668393782383419,0.17409326424870467
one,0.11208487084870848,0.1595940959409594,0.06711254612546125,0.13122693726937268,0.13284132841328414,0.09732472324723247,0.07172509225092251,0.22809040590405905
since,0.10307234886025768,0.1506442021803766,0.0574826560951437,0.1506442021803766,0.12685827552031714,0.11892963330029732,0.08721506442021804,0.20515361744301286
still,0.093278463648834,0.1838134430727023,0.0699588477366255,0.12757201646090535,0.1316872427983539,0.09739368998628256,0.08093278463648834,0.21536351165980794
us,0.1196660482374768,0.14100185528756956,0.07328385899814471,0.16604823747680889,0.11131725417439702,0.13450834879406307,0.09090909090909091,0.16326530612244897
remember,0.16279069767441862,0.14728682170542637,0.0930232558139535,0.20155038759689925,0.06976744186046513,0.13178294573643412,0.07751937984496125,0.11627906976744187
picked,0.0,0.2727272727272727,0.0,0.13636363636363635,0.15909090909090906,0.022727272727272728,0.15909090909090906,0.25
federation,0.08064516129032258,0.1774193548387097,0.04032258064516129,0.13709677419354838,0.07258064516129033,0.06451612903225806,0.0564516129032258,0.3709677419354838
official,0.10666666666666667,0.05333333333333334,0.02666666666666667,0.09333333333333332,0.02666666666666667,0.06666666666666667,0.05333333333333334,0.5733333333333334
later,0.06319702602230483,0.20446096654275095,0.03717472118959108,0.1449814126394052,0.1412639405204461,0.08550185873605948,0.07434944237918216,0.24907063197026025
heard,0.15338345864661654,0.14285714285714285,0.07819548872180451,0.17142857142857143,0.10225563909774436,0.11278195488721804,0.08571428571428572,0.15338345864661654
yet,0.11876484560570073,0.1472684085510689,0.0641330166270784,0.15558194774346795,0.14251781472684089,0.11045130641330168,0.0641330166270784,0.19714964370546323
blue,0.058823529411764705,0.21176470588235294,0.047058823529411764,0.047058823529411764,0.1411764705882353,0.24705882352941178,0.047058823529411764,0.19999999999999998
pleasant,0.048484848484848485,0.2181818181818182,0.04242424242424242,0.0787878787878788,0.20606060606060606,0.030303030303030304,0.16969696969696968,0.20606060606060606
days,0.17357910906298002,0.15821812596006143,0.07834101382488477,0.13056835637480796,0.11059907834101382,0.12442396313364053,0.0814132104454685,0.14285714285714285
took,0.12200956937799043,0.14673046251993618,0.08293460925039872,0.15789473684210525,0.11802232854864433,0.10765550239234449,0.08851674641148324,0.1762360446570973
began,0.12515644555694616,0.14893617021276595,0.07133917396745933,0.1739674593241552,0.1276595744680851,0.11764705882352941,0.0750938673341677,0.16020025031289112
'd,0.08928571428571427,0.20039682539682538,0.05952380952380952,0.12896825396825395,0.10912698412698411,0.09126984126984125,0.11706349206349206,0.20436507936507936
point,0.11734693877551018,0.14285714285714285,0.0663265306122449,0.22448979591836735,0.11734693877551018,0.09693877551020406,0.05612244897959184,0.17857142857142855
things,0.11091854419410745,0.1438474870017331,0.08838821490467937,0.12998266897746966,0.1195840554592721,0.1195840554592721,0.06412478336221837,0.22357019064124783
friend,0.07157057654075548,0.11133200795228629,0.06759443339960239,0.10139165009940358,0.21272365805168986,0.09343936381709743,0.06560636182902585,0.2763419483101392
either,0.12061068702290077,0.1480916030534351,0.06870229007633588,0.1633587786259542,0.13435114503816795,0.12366412213740458,0.06717557251908397,0.17404580152671756
commissioner,0.06756756756756756,0.18243243243243243,0.06418918918918919,0.12837837837837837,0.09459459459459459,0.11824324324324324,0.11486486486486486,0.22972972972972971
holati,0.12612612612612611,0.15315315315315314,0.08108108108108109,0.10810810810810811,0.09909909909909911,0.13513513513513514,0.0900900900900901,0.2072072072072072
tate,0.10344827586206895,0.18103448275862066,0.06896551724137931,0.13793103448275862,0.060344827586206885,0.10344827586206895,0.08620689655172413,0.2586206896551724
well,0.10758965804837364,0.15262718932443703,0.07839866555462886,0.11843202668890741,0.1359466221851543,0.1067556296914095,0.08256880733944955,0.2176814011676397
'm,0.08602150537634408,0.18279569892473116,0.05913978494623656,0.12903225806451613,0.12365591397849461,0.07526881720430106,0.1021505376344086,0.24193548387096772
course,0.08802816901408451,0.17253521126760565,0.04225352112676056,0.15140845070422534,0.12323943661971831,0.10211267605633803,0.08450704225352113,0.2359154929577465
've,0.0783582089552239,0.20149253731343286,0.04850746268656717,0.1082089552238806,0.14179104477611942,0.08955223880597016,0.1119402985074627,0.2201492537313433
sent,0.1284796573875803,0.17130620985010708,0.062098501070663815,0.17130620985010708,0.11991434689507495,0.10278372591006424,0.06638115631691649,0.17773019271948612
professor,0.045871559633027525,0.08256880733944956,0.03669724770642203,0.09174311926605505,0.045871559633027525,0.05504587155963303,0.045871559633027525,0.5963302752293579
mantelish,0.07727272727272727,0.23636363636363636,0.05,0.10909090909090909,0.10909090909090909,0.06818181818181818,0.08181818181818182,0.2681818181818182
league,0.11764705882352942,0.19327731092436976,0.10084033613445378,0.14285714285714288,0.07563025210084034,0.10084033613445378,0.033613445378151266,0.23529411764705885
plasmoid,0.053097345132743355,0.2079646017699115,0.053097345132743355,0.13716814159292035,0.09734513274336283,0.11946902654867257,0.07522123893805309,0.2566371681415929
pretty,0.03723404255319149,0.2686170212765957,0.02925531914893617,0.03989361702127659,0.2473404255319149,0.03989361702127659,0.06382978723404255,0.27393617021276595
person,0.1702127659574468,0.17375886524822698,0.07092198581560284,0.10638297872340426,0.12765957446808512,0.07446808510638299,0.07801418439716312,0.19858156028368792
without,0.13584474885844747,0.13926940639269403,0.07990867579908675,0.15753424657534246,0.09474885844748858,0.11757990867579908,0.07077625570776255,0.20433789954337897
question,0.140625,0.1171875,0.09374999999999999,0.1640625,0.10937499999999999,0.125,0.0859375,0.1640625
want,0.10465116279069768,0.1627906976744186,0.04651162790697675,0.15116279069767444,0.12790697674418605,0.11627906976744186,0.0813953488372093,0.20930232558139536
find,0.1437246963562753,0.16194331983805668,0.08502024291497977,0.14574898785425103,0.11538461538461539,0.10728744939271255,0.06882591093117409,0.17206477732793524
make,0.11946902654867257,0.15154867256637167,0.07300884955752211,0.1581858407079646,0.10951327433628319,0.11283185840707963,0.08960176991150441,0.18584070796460175
clear,0.1391304347826087,0.10434782608695652,0.09565217391304348,0.19130434782608696,0.0782608695652174,0.1391304347826087,0.0782608695652174,0.17391304347826086
get,0.0947867298578199,0.20537124802527645,0.0631911532385466,0.12006319115323853,0.1263823064770932,0.09636650868878356,0.0947867298578199,0.19905213270142177
looked,0.09725158562367865,0.17124735729386892,0.0930232558139535,0.11627906976744187,0.1564482029598309,0.0824524312896406,0.09936575052854124,0.1839323467230444
put,0.13207547169811318,0.14223512336719885,0.1081277213352685,0.1618287373004354,0.10595065312046444,0.12191582002902757,0.0783744557329463,0.14949201741654572
tell,0.10691823899371068,0.1509433962264151,0.09119496855345911,0.14465408805031446,0.12264150943396226,0.09748427672955975,0.11320754716981132,0.17295597484276728
security,0.05970149253731343,0.1791044776119403,0.04477611940298507,0.05970149253731343,0.16417910447761194,0.04477611940298507,0.16417910447761194,0.2835820895522388
quietly,0.13186813186813184,0.1648351648351648,0.0879120879120879,0.14285714285714285,0.06593406593406592,0.14285714285714285,0.09890109890109888,0.1648351648351648
ca,0.11594202898550725,0.2318840579710145,0.057971014492753624,0.07246376811594203,0.11594202898550725,0.07246376811594203,0.13043478260869565,0.20289855072463767
manon,0.0816326530612245,0.2244897959183674,0.04081632653061225,0.12244897959183675,0.10204081632653063,0.0663265306122449,0.07142857142857144,0.2908163265306123
system,0.01612903225806452,0.1370967741935484,0.01612903225806452,0.048387096774193554,0.10483870967741937,0.040322580645161296,0.06451612903225808,0.5725806451612904
side,0.13167259786476868,0.15480427046263343,0.07295373665480426,0.17437722419928825,0.11743772241992881,0.09786476868327401,0.07829181494661921,0.17259786476868325
u-league,0.05555555555555555,0.25925925925925924,0.037037037037037035,0.09259259259259259,0.14814814814814814,0.07407407407407407,0.05555555555555555,0.27777777777777773
personal,0.09333333333333331,0.10666666666666666,0.03,0.11333333333333331,0.07666666666666665,0.10333333333333332,0.026666666666666665,0.44999999999999996
become,0.09039548022598871,0.1864406779661017,0.05084745762711865,0.15254237288135594,0.13559322033898305,0.096045197740113,0.08474576271186442,0.2033898305084746
harvest,0.0,0.4137931034482758,0.0,0.03448275862068965,0.33333333333333326,0.022988505747126436,0.0689655172413793,0.1264367816091954
moon,0.010526315789473684,0.38947368421052636,0.0,0.05263157894736842,0.30526315789473685,0.031578947368421054,0.06315789473684211,0.14736842105263157
number,0.07972665148063782,0.18223234624145787,0.07289293849658315,0.08428246013667427,0.12984054669703873,0.07517084282460136,0.08428246013667427,0.2915717539863326
try,0.12883435582822086,0.17791411042944785,0.042944785276073615,0.12269938650306748,0.12269938650306748,0.08588957055214723,0.1165644171779141,0.20245398773006132
everything,0.10869565217391304,0.15942028985507248,0.13043478260869565,0.14492753623188406,0.12318840579710144,0.11594202898550725,0.057971014492753624,0.15942028985507248
three,0.11646136618141098,0.1343784994400896,0.07726763717805152,0.15901455767077266,0.11534154535274357,0.11758118701007839,0.05823068309070549,0.22172452407614784
precol,0.08247422680412372,0.1752577319587629,0.04123711340206186,0.12371134020618557,0.11340206185567012,0.08247422680412372,0.11340206185567012,0.2680412371134021
contact,0.03787878787878788,0.0984848484848485,0.015151515151515154,0.045454545454545456,0.1893939393939394,0.09090909090909091,0.060606060606060615,0.4621212121212121
informed,0.07792207792207792,0.1818181818181818,0.06493506493506493,0.1038961038961039,0.11688311688311688,0.1038961038961039,0.0909090909090909,0.2597402597402597
done,0.12622950819672132,0.15081967213114753,0.08360655737704917,0.1426229508196721,0.11311475409836066,0.1098360655737705,0.08688524590163935,0.18688524590163935
instructions,0.022727272727272728,0.43181818181818177,0.0,0.06818181818181818,0.045454545454545456,0.022727272727272728,0.022727272727272728,0.3863636363636363
people,0.10037641154328734,0.17440401505646175,0.055207026348808044,0.1518193224592221,0.12923462986198248,0.09535759096612297,0.06900878293601005,0.2245922208281054
less,0.10444444444444445,0.1711111111111111,0.060000000000000005,0.14222222222222222,0.12222222222222222,0.09333333333333334,0.05777777777777778,0.24888888888888888
would,0.12651605231866825,0.15743162901307967,0.07847800237812129,0.15362663495838286,0.12057074910820452,0.1117717003567182,0.08323424494649227,0.16837098692033292
