,anger,anticipation,disgust,fear,joy,sadness,surprise,trust
project,0.12026726057906459,0.17260579064587975,0.044543429844098,0.04120267260579065,0.09910913140311806,0.06792873051224944,0.0244988864142539,0.4298440979955456
gutenberg,0.07317073170731707,0.24796747967479674,0.02845528455284553,0.02845528455284553,0.05691056910569106,0.08943089430894309,0.04065040650406504,0.4349593495934959
ebook,0.02112676056338028,0.2676056338028169,0.02112676056338028,0.02112676056338028,0.06338028169014084,0.02112676056338028,0.08450704225352113,0.5
clue,0.020618556701030924,0.35051546391752575,0.07216494845360824,0.09278350515463916,0.06185567010309278,0.0824742268041237,0.06185567010309278,0.25773195876288657
silken,0.07200000000000001,0.256,0.07200000000000001,0.11200000000000002,0.07200000000000001,0.104,0.08,0.232
ladder,0.06521739130434782,0.2608695652173913,0.06521739130434782,0.11594202898550723,0.05797101449275362,0.11594202898550723,0.07971014492753623,0.2391304347826087
mildred,0.0,0.3125,0.0,0.0,0.020833333333333332,0.0,0.125,0.5416666666666666
a.,0.0,0.3125,0.0,0.0,0.020833333333333332,0.0,0.125,0.5416666666666666
wirt,0.0,0.3125,0.0,0.0,0.020833333333333332,0.0,0.125,0.5416666666666666
use,0.12790697674418605,0.20348837209302326,0.0755813953488372,0.08139534883720931,0.1744186046511628,0.029069767441860468,0.03488372093023256,0.27325581395348836
anyone,0.09574468085106383,0.1595744680851064,0.0425531914893617,0.14361702127659576,0.12765957446808512,0.06382978723404256,0.047872340425531915,0.3191489361702128
may,0.09881061299176579,0.17108874656907597,0.07593778591033852,0.14547118023787742,0.13083257090576395,0.0777676120768527,0.0585544373284538,0.24153705397987194
copy,0.17919075144508673,0.11560693641618498,0.07514450867052024,0.06358381502890173,0.034682080924855495,0.06936416184971099,0.04046242774566475,0.42196531791907516
give,0.07011070110701106,0.19926199261992622,0.04428044280442805,0.12177121771217712,0.13653136531365315,0.07380073800738009,0.06642066420664207,0.28782287822878233
away,0.05185185185185185,0.20493827160493827,0.04938271604938272,0.1308641975308642,0.13333333333333333,0.0962962962962963,0.06419753086419752,0.2691358024691358
terms,0.1,0.15862068965517243,0.03448275862068966,0.08275862068965519,0.13448275862068967,0.05517241379310345,0.062068965517241385,0.3724137931034483
license,0.09271523178807949,0.20529801324503313,0.05960264900662252,0.08609271523178808,0.10596026490066225,0.09933774834437087,0.05960264900662252,0.2913907284768212
online,0.0,0.3142857142857143,0.0,0.0,0.02857142857142857,0.0,0.11428571428571428,0.5428571428571428
7,0.09333333333333334,0.21333333333333332,0.06666666666666667,0.09333333333333334,0.10666666666666666,0.08,0.13333333333333333,0.21333333333333332
start,0.04807692307692307,0.5576923076923076,0.02884615384615384,0.05769230769230768,0.009615384615384614,0.05769230769230768,0.0673076923076923,0.17307692307692304
distributed,0.027397260273972598,0.3150684931506849,0.027397260273972598,0.054794520547945195,0.0821917808219178,0.027397260273972598,0.054794520547945195,0.410958904109589
http,0.020833333333333332,0.3541666666666667,0.0,0.0,0.125,0.0,0.041666666666666664,0.4583333333333333
stories,0.019047619047619046,0.30476190476190473,0.009523809523809523,0.009523809523809523,0.02857142857142857,0.019047619047619046,0.14285714285714285,0.4666666666666666
girls,0.051020408163265314,0.19387755102040816,0.030612244897959186,0.0816326530612245,0.12244897959183675,0.0816326530612245,0.12244897959183675,0.3163265306122449
new,0.08908045977011494,0.21264367816091956,0.0632183908045977,0.11781609195402298,0.09482758620689655,0.10057471264367815,0.0603448275862069,0.2614942528735632
penny,0.08988128886376484,0.17184850197851895,0.0599208592425099,0.1243640474844545,0.11305822498586773,0.1283210853589599,0.106840022611645,0.20576596947427925
parker,0.0636042402826855,0.19434628975265014,0.028268551236749113,0.08480565371024734,0.1625441696113074,0.09540636042402825,0.08833922261484099,0.2826855123674912
large,0.09803921568627451,0.2647058823529412,0.0196078431372549,0.0392156862745098,0.10784313725490195,0.0784313725490196,0.11764705882352941,0.27450980392156865
12,0.07692307692307693,0.20512820512820512,0.06837606837606837,0.06837606837606837,0.10256410256410256,0.06837606837606837,0.13675213675213674,0.2735042735042735
behind,0.11851851851851851,0.12962962962962962,0.07407407407407408,0.1962962962962963,0.10370370370370371,0.14814814814814817,0.05185185185185186,0.17777777777777778
door,0.07100591715976332,0.15384615384615383,0.05917159763313609,0.13609467455621302,0.10650887573964496,0.16568047337278108,0.10650887573964496,0.20118343195266272
wishing,0.08823529411764705,0.1176470588235294,0.1176470588235294,0.20588235294117646,0.08823529411764705,0.20588235294117646,0.0,0.1764705882352941
well,0.10090361445783133,0.15813253012048195,0.0783132530120482,0.17921686746987953,0.12048192771084339,0.11445783132530121,0.04819277108433735,0.20030120481927713
ghost,0.05194805194805195,0.12987012987012989,0.07792207792207793,0.22077922077922082,0.1038961038961039,0.1038961038961039,0.06493506493506494,0.24675324675324675
voice,0.07489878542510123,0.1619433198380567,0.0688259109311741,0.15991902834008098,0.17004048582995954,0.0688259109311741,0.056680161943319846,0.23886639676113364
dark,0.10236220472440945,0.09448818897637797,0.11811023622047245,0.16535433070866143,0.07086614173228348,0.30314960629921267,0.019685039370078743,0.12598425196850394
cry,0.12716763005780346,0.12138728323699421,0.08670520231213873,0.15028901734104044,0.06358381502890173,0.2658959537572254,0.02312138728323699,0.16184971098265896
copyright,0.07017543859649122,0.14912280701754388,0.10526315789473684,0.09649122807017543,0.10526315789473684,0.12280701754385966,0.0,0.3508771929824562
chapter,0.11764705882352942,0.16289592760181,0.08597285067873305,0.11312217194570139,0.11312217194570139,0.11312217194570139,0.11764705882352942,0.17647058823529413
page,0.08823529411764706,0.16666666666666669,0.06862745098039216,0.0784313725490196,0.1568627450980392,0.08823529411764706,0.10784313725490195,0.2450980392156863
1,0.125,0.16874999999999998,0.08124999999999999,0.09999999999999999,0.125,0.09375,0.125,0.18125
double,0.1111111111111111,0.19444444444444445,0.08333333333333333,0.08333333333333333,0.1111111111111111,0.08333333333333333,0.1111111111111111,0.2222222222222222
trouble,0.09230769230769231,0.18461538461538463,0.07692307692307694,0.15384615384615388,0.09230769230769231,0.06153846153846154,0.09230769230769231,0.24615384615384617
rope,0.10714285714285714,0.10714285714285714,0.07142857142857142,0.17857142857142858,0.07142857142857142,0.1964285714285714,0.07142857142857142,0.1964285714285714
silk,0.05555555555555555,0.14814814814814814,0.05555555555555555,0.14814814814814814,0.07407407407407407,0.2037037037037037,0.1111111111111111,0.2037037037037037
3,0.09999999999999999,0.1714285714285714,0.0857142857142857,0.0857142857142857,0.11428571428571427,0.09999999999999999,0.11428571428571427,0.22857142857142854
society,0.11382113821138211,0.16531165311653115,0.06504065040650407,0.13008130081300814,0.14634146341463414,0.0921409214092141,0.05149051490514905,0.23577235772357724
routine,0.05128205128205128,0.1794871794871795,0.07692307692307693,0.07692307692307693,0.10256410256410256,0.05128205128205128,0.12820512820512822,0.3333333333333333
23,0.10679611650485436,0.1650485436893204,0.0970873786407767,0.10679611650485436,0.11650485436893203,0.0970873786407767,0.13592233009708737,0.17475728155339804
4,0.09589041095890412,0.16438356164383564,0.06849315068493152,0.08219178082191782,0.1506849315068493,0.06849315068493152,0.12328767123287672,0.24657534246575344
turn,0.08562691131498472,0.14984709480122324,0.06116207951070337,0.1559633027522936,0.14678899082568808,0.0672782874617737,0.06116207951070337,0.27217125382262997
fortune,0.027777777777777773,0.23611111111111108,0.027777777777777773,0.027777777777777773,0.20833333333333331,0.027777777777777773,0.16666666666666663,0.27777777777777773
man,0.09195402298850575,0.1755485893416928,0.06478578892371996,0.13793103448275862,0.14420062695924765,0.11180773249738767,0.09822361546499477,0.1755485893416928
gray,0.03508771929824561,0.14035087719298245,0.21052631578947367,0.03508771929824561,0.12280701754385966,0.21052631578947367,0.12280701754385966,0.12280701754385966
apartment,0.07272727272727272,0.1272727272727273,0.1090909090909091,0.14545454545454545,0.07272727272727272,0.1272727272727273,0.09090909090909093,0.2545454545454546
burglary,0.11111111111111112,0.1746031746031746,0.06349206349206349,0.12698412698412698,0.12698412698412698,0.09523809523809523,0.11111111111111112,0.19047619047619047
iron,0.06382978723404255,0.1276595744680851,0.042553191489361694,0.06382978723404255,0.10638297872340426,0.042553191489361694,0.1276595744680851,0.425531914893617
psychic,0.045454545454545456,0.25,0.045454545454545456,0.045454545454545456,0.18181818181818182,0.045454545454545456,0.15909090909090912,0.2272727272727273
mrs.,0.10050251256281408,0.18090452261306533,0.04187604690117253,0.10217755443886097,0.1507537688442211,0.10050251256281408,0.11557788944723618,0.20770519262981577
weems,0.09941520467836257,0.17933723196881093,0.042884990253411304,0.09941520467836257,0.1500974658869396,0.10136452241715399,0.12085769980506823,0.20662768031189085
inheritance,0.024590163934426226,0.21311475409836061,0.016393442622950817,0.024590163934426226,0.22131147540983603,0.032786885245901634,0.20491803278688522,0.2622950819672131
ouija,0.05405405405405406,0.2702702702702703,0.05405405405405406,0.08108108108108109,0.10810810810810811,0.08108108108108109,0.10810810810810811,0.24324324324324326
board,0.047619047619047616,0.33333333333333337,0.047619047619047616,0.07142857142857142,0.09523809523809523,0.09523809523809523,0.09523809523809523,0.21428571428571427
wisdom,0.06770833333333334,0.18229166666666669,0.02604166666666667,0.15625000000000003,0.17708333333333337,0.03645833333333334,0.06770833333333334,0.28645833333333337
celestial,0.04733727810650887,0.3491124260355029,0.029585798816568042,0.08875739644970412,0.24852071005917156,0.04733727810650887,0.059171597633136085,0.13017751479289938
temple,0.07299270072992702,0.24452554744525548,0.058394160583941604,0.12773722627737227,0.16058394160583941,0.08029197080291971,0.058394160583941604,0.19708029197080293
message,0.08708708708708708,0.16216216216216217,0.07507507507507508,0.15615615615615613,0.12612612612612611,0.07807807807807807,0.06606606606606606,0.24924924924924927
cousin,0.06741573033707865,0.20224719101123595,0.02247191011235955,0.0898876404494382,0.1348314606741573,0.0898876404494382,0.16853932584269662,0.2247191011235955
david,0.08264462809917356,0.1652892561983471,0.05785123966942149,0.0909090909090909,0.14049586776859505,0.06611570247933883,0.1487603305785124,0.24793388429752064
's,0.10572337042925278,0.15659777424483307,0.07472178060413354,0.12003179650238473,0.12082670906200316,0.11685214626391095,0.09538950715421303,0.20985691573926865
paint,0.07407407407407407,0.1851851851851852,0.07407407407407407,0.05555555555555555,0.14814814814814814,0.1111111111111111,0.14814814814814814,0.2037037037037037
hidden,0.06194690265486726,0.168141592920354,0.044247787610619475,0.07964601769911504,0.1592920353982301,0.05309734513274337,0.11504424778761062,0.3185840707964602
money,0.17872968980797635,0.18168389955686853,0.01624815361890694,0.03840472673559822,0.172821270310192,0.03988183161004431,0.16691285081240764,0.2053175775480059
window,0.07936507936507937,0.15079365079365079,0.047619047619047616,0.15873015873015875,0.10317460317460317,0.11904761904761904,0.10317460317460317,0.23809523809523808
ledge,0.06382978723404256,0.12765957446808512,0.0425531914893617,0.12765957446808512,0.10638297872340427,0.0851063829787234,0.12765957446808512,0.3191489361702128
kano,0.0735294117647059,0.22058823529411767,0.0735294117647059,0.0735294117647059,0.1323529411764706,0.08823529411764706,0.10294117647058826,0.23529411764705885
curio,0.07407407407407407,0.2222222222222222,0.07407407407407407,0.07407407407407407,0.12962962962962965,0.0925925925925926,0.0925925925925926,0.24074074074074073
shop,0.08571428571428572,0.2142857142857143,0.07142857142857144,0.1,0.1285714285714286,0.08571428571428572,0.08571428571428572,0.22857142857142856
bell,0.07894736842105263,0.13157894736842105,0.09210526315789473,0.13157894736842105,0.13157894736842105,0.11842105263157894,0.09210526315789473,0.2236842105263158
tower,0.0963855421686747,0.10843373493975905,0.08433734939759037,0.16867469879518074,0.0963855421686747,0.12048192771084339,0.07228915662650603,0.2530120481927711
20,0.12499999999999999,0.17045454545454544,0.07954545454545454,0.06818181818181818,0.1590909090909091,0.056818181818181816,0.10227272727272727,0.23863636363636362
inside,0.1,0.12500000000000003,0.1,0.1,0.1,0.1,0.12500000000000003,0.25000000000000006
cabinet,0.05128205128205128,0.12820512820512822,0.02564102564102564,0.10256410256410256,0.10256410256410256,0.05128205128205128,0.07692307692307693,0.46153846153846156
startling,0.11764705882352941,0.13725490196078433,0.08823529411764706,0.12745098039215685,0.09803921568627451,0.09803921568627451,0.14705882352941177,0.18627450980392157
information,0.06250000000000001,0.18750000000000003,0.03645833333333334,0.08333333333333334,0.14062500000000003,0.07291666666666669,0.06770833333333334,0.34895833333333337
wall,0.12727272727272726,0.14545454545454542,0.0909090909090909,0.10909090909090907,0.0909090909090909,0.10909090909090907,0.0909090909090909,0.2363636363636363
prisoner,0.15807560137457044,0.08934707903780068,0.13745704467353953,0.18213058419243988,0.07216494845360824,0.14432989690721648,0.048109965635738834,0.1683848797250859
belfry,0.15277777777777776,0.09722222222222222,0.1111111111111111,0.16666666666666666,0.06944444444444445,0.125,0.09722222222222222,0.18055555555555555
wooden,0.11627906976744186,0.13953488372093023,0.06976744186046512,0.11627906976744186,0.13953488372093023,0.09302325581395347,0.09302325581395347,0.23255813953488372
box,0.09523809523809525,0.14285714285714288,0.07142857142857144,0.09523809523809525,0.14285714285714288,0.09523809523809525,0.09523809523809525,0.2619047619047619
extra,0.1,0.16666666666666669,0.06666666666666667,0.1,0.13333333333333333,0.06666666666666667,0.13333333333333333,0.23333333333333334
turned,0.07049608355091384,0.15926892950391644,0.04177545691906005,0.1671018276762402,0.18276762402088773,0.10443864229765014,0.046997389033942565,0.22715404699738906
eyes,0.09090909090909091,0.15151515151515152,0.07323232323232323,0.15656565656565657,0.12373737373737373,0.10858585858585859,0.06818181818181818,0.22727272727272727
upon,0.09585121602288985,0.15593705293276108,0.07248450166905102,0.16165951359084407,0.13352408202193608,0.10920362422508345,0.05340963280877444,0.21793037672866
louise,0.07117437722419928,0.15302491103202848,0.07829181494661921,0.13167259786476868,0.13167259786476868,0.12099644128113879,0.13167259786476868,0.18149466192170818
riverview,0.056451612903225805,0.18548387096774194,0.04838709677419355,0.08064516129032258,0.17741935483870966,0.08870967741935483,0.06451612903225806,0.29838709677419356
persons,0.06593406593406594,0.18681318681318682,0.021978021978021976,0.13186813186813187,0.14285714285714285,0.06593406593406594,0.10989010989010989,0.27472527472527475
cars,0.027777777777777776,0.25,0.027777777777777776,0.16666666666666666,0.1111111111111111,0.1388888888888889,0.1111111111111111,0.16666666666666666
get,0.06043956043956044,0.2197802197802198,0.038461538461538464,0.1098901098901099,0.11538461538461539,0.06043956043956044,0.15384615384615385,0.24175824175824176
would,0.09361329833770778,0.16272965879265092,0.05249343832020997,0.14435695538057744,0.13910761154855644,0.0831146106736658,0.06911636045494313,0.2554680664916885
n't,0.10925449871465294,0.17095115681233933,0.06298200514138816,0.14010282776349614,0.12982005141388173,0.08354755784061696,0.11568123393316193,0.1876606683804627
think,0.1168831168831169,0.16883116883116883,0.07792207792207793,0.15584415584415587,0.1038961038961039,0.1168831168831169,0.1038961038961039,0.15584415584415587
policeman,0.031249999999999997,0.015624999999999998,0.031249999999999997,0.34374999999999994,0.031249999999999997,0.04687499999999999,0.06249999999999999,0.4375
could,0.09967845659163989,0.1559485530546624,0.06270096463022509,0.16720257234726688,0.11254019292604502,0.10932475884244375,0.07877813504823152,0.21382636655948556
something,0.05660377358490567,0.22641509433962267,0.05660377358490567,0.15094339622641512,0.13207547169811323,0.09433962264150945,0.07547169811320756,0.20754716981132076
oh,0.13084112149532712,0.08411214953271029,0.08411214953271029,0.12149532710280374,0.11214953271028039,0.14953271028037382,0.102803738317757,0.2149532710280374
wo,0.05405405405405404,0.13513513513513511,0.02702702702702702,0.08108108108108107,0.21621621621621617,0.02702702702702702,0.08108108108108107,0.37837837837837834
dollars,0.18604651162790695,0.23255813953488372,0.04651162790697674,0.16279069767441862,0.13953488372093023,0.02325581395348837,0.04651162790697674,0.16279069767441862
father,0.055956678700361015,0.1371841155234657,0.04151624548736463,0.09386281588447654,0.10830324909747292,0.05054151624548737,0.04693140794223827,0.4657039711191336
pay,0.07734806629834254,0.2430939226519337,0.03867403314917127,0.03867403314917127,0.22651933701657456,0.03314917127071823,0.03314917127071823,0.30939226519337015
dad,0.08130081300813008,0.16260162601626016,0.04878048780487805,0.14634146341463414,0.13821138211382114,0.0975609756097561,0.13008130081300812,0.1951219512195122
one,0.10229409552463334,0.15908236179014668,0.06807070327190674,0.15344114328695,0.14027830011282438,0.09138773975178639,0.04512974802557353,0.24031590823617904
car,0.09302325581395349,0.16279069767441862,0.054263565891472874,0.11627906976744186,0.14728682170542634,0.10077519379844961,0.07751937984496124,0.24806201550387597
good,0.022,0.226,0.016,0.036000000000000004,0.22400000000000003,0.022,0.20199999999999999,0.252
never,0.08670520231213873,0.1791907514450867,0.05202312138728323,0.12427745664739884,0.1531791907514451,0.07514450867052022,0.07225433526011561,0.25722543352601157
're,0.09210526315789475,0.17105263157894737,0.05263157894736842,0.13157894736842107,0.16447368421052633,0.125,0.13157894736842107,0.13157894736842107
star,0.03258145363408521,0.2756892230576441,0.025062656641604012,0.045112781954887216,0.26566416040100255,0.022556390977443608,0.025062656641604012,0.3082706766917293
yes,0.12499999999999999,0.18749999999999997,0.0,0.09374999999999999,0.18749999999999997,0.0,0.21875,0.18749999999999997
without,0.0975609756097561,0.18466898954703834,0.07317073170731707,0.1289198606271777,0.10452961672473868,0.0975609756097561,0.06968641114982578,0.2439024390243902
old,0.11384615384615386,0.15076923076923077,0.08923076923076922,0.12307692307692308,0.12923076923076923,0.09846153846153846,0.08923076923076922,0.20615384615384616
lena,0.054545454545454536,0.21818181818181814,0.036363636363636355,0.1818181818181818,0.12727272727272726,0.12727272727272726,0.07272727272727271,0.1818181818181818
wish,0.1346153846153846,0.16346153846153844,0.03846153846153846,0.11538461538461536,0.11538461538461536,0.04807692307692307,0.07692307692307691,0.30769230769230765
time,0.0853932584269663,0.31460674157303375,0.04831460674157304,0.12696629213483146,0.11348314606741573,0.09887640449438204,0.052808988764044947,0.15955056179775284
went,0.06593406593406595,0.20879120879120883,0.05494505494505496,0.08791208791208792,0.16483516483516486,0.1208791208791209,0.07692307692307694,0.21978021978021983
corner,0.06976744186046512,0.2558139534883721,0.023255813953488372,0.16279069767441862,0.13953488372093023,0.11627906976744187,0.046511627906976744,0.18604651162790697
broke,0.047619047619047616,0.09523809523809523,0.0,0.2857142857142857,0.07142857142857142,0.35714285714285715,0.023809523809523808,0.11904761904761905
much,0.07792207792207792,0.12987012987012986,0.07142857142857142,0.11688311688311688,0.14285714285714285,0.0974025974025974,0.0844155844155844,0.2792207792207792
another,0.10591133004926111,0.16502463054187194,0.07142857142857144,0.16502463054187194,0.1305418719211823,0.12315270935960594,0.056650246305418726,0.18226600985221678
knew,0.14606741573033707,0.10112359550561797,0.12359550561797752,0.20224719101123595,0.06741573033707865,0.1348314606741573,0.06741573033707865,0.15730337078651685
gave,0.11363636363636363,0.19318181818181818,0.03409090909090909,0.07954545454545454,0.1477272727272727,0.07954545454545454,0.1818181818181818,0.17045454545454544
way,0.08296943231441047,0.16593886462882093,0.08733624454148471,0.1353711790393013,0.1397379912663755,0.06550218340611352,0.07860262008733623,0.2445414847161572
'll,0.05555555555555555,0.26719576719576715,0.021164021164021163,0.11375661375661376,0.14285714285714285,0.06084656084656085,0.09259259259259259,0.24603174603174602
toward,0.0625,0.2569444444444445,0.020833333333333332,0.10416666666666667,0.18055555555555555,0.04861111111111111,0.07638888888888888,0.25
even,0.10829103214890017,0.1607445008460237,0.07445008460236886,0.1539763113367174,0.12013536379018613,0.1218274111675127,0.05583756345177665,0.2047377326565144
yet,0.08771929824561403,0.1695906432748538,0.07797270955165693,0.16179337231968813,0.1500974658869396,0.09941520467836257,0.037037037037037035,0.21637426900584794
stood,0.060606060606060615,0.060606060606060615,0.030303030303030307,0.09090909090909093,0.12121212121212123,0.24242424242424246,0.15151515151515155,0.24242424242424246
public,0.090625,0.29687500000000006,0.059375000000000004,0.11875000000000001,0.07187500000000001,0.07812500000000001,0.04687500000000001,0.23750000000000002
might,0.08185840707964602,0.19690265486725667,0.055309734513274346,0.13495575221238937,0.13274336283185842,0.06637168141592921,0.07300884955752213,0.2588495575221239
little,0.07936507936507937,0.25396825396825395,0.015873015873015872,0.06349206349206349,0.19047619047619047,0.07936507936507937,0.14285714285714285,0.1746031746031746
owner,0.19130434782608696,0.12173913043478263,0.060869565217391314,0.04347826086956522,0.052173913043478265,0.16521739130434784,0.008695652173913044,0.35652173913043483
young,0.0449438202247191,0.26123595505617975,0.03651685393258427,0.0449438202247191,0.22752808988764045,0.05898876404494382,0.24157303370786518,0.08426966292134831
interest,0.0898876404494382,0.1797752808988764,0.056179775280898875,0.15730337078651685,0.1348314606741573,0.07865168539325842,0.10112359550561797,0.20224719101123595
ca,0.09923664122137404,0.13740458015267176,0.04580152671755725,0.12977099236641224,0.13740458015267176,0.09923664122137404,0.13740458015267176,0.2137404580152672
go,0.05691056910569106,0.1869918699186992,0.04065040650406504,0.13821138211382114,0.16260162601626016,0.06504065040650406,0.06504065040650406,0.2845528455284553
left,0.10179640718562875,0.17365269461077845,0.07784431137724551,0.1437125748502994,0.11377245508982035,0.11976047904191618,0.08982035928143713,0.17964071856287425
thought,0.07430340557275542,0.5015479876160991,0.0588235294117647,0.10526315789473684,0.06191950464396285,0.06191950464396285,0.034055727554179564,0.1021671826625387
said,0.09574468085106383,0.17872340425531916,0.07659574468085106,0.11489361702127661,0.13404255319148936,0.09574468085106383,0.09574468085106383,0.20851063829787234
two,0.12121212121212122,0.13564213564213565,0.08513708513708514,0.1717171717171717,0.10822510822510822,0.12842712842712845,0.06060606060606061,0.18903318903318903
mind,0.08148148148148147,0.1851851851851852,0.06666666666666667,0.10370370370370371,0.14074074074074072,0.10370370370370371,0.08148148148148147,0.23703703703703702
take,0.08411214953271028,0.18224299065420557,0.04205607476635514,0.14018691588785046,0.12149532710280371,0.08878504672897194,0.0794392523364486,0.2616822429906542
afraid,0.07272727272727272,0.07272727272727272,0.027272727272727275,0.5,0.06363636363636364,0.06363636363636364,0.07272727272727272,0.1272727272727273
nothing,0.0642857142857143,0.18571428571428572,0.04285714285714286,0.12142857142857144,0.15714285714285714,0.07857142857142857,0.12142857142857144,0.22857142857142856
come,0.06761006289308176,0.17452830188679244,0.05660377358490566,0.13050314465408805,0.13364779874213836,0.07389937106918239,0.04716981132075472,0.3160377358490566
office,0.04477611940298508,0.21641791044776118,0.02238805970149254,0.02238805970149254,0.20149253731343283,0.05970149253731343,0.08208955223880597,0.35074626865671643
however,0.0864600326264274,0.1500815660685155,0.0701468189233279,0.1468189233278956,0.14518760195758565,0.0929853181076672,0.053833605220228384,0.25448613376835233
must,0.10334788937409026,0.18486171761280934,0.06986899563318777,0.13100436681222707,0.11790393013100436,0.08879184861717612,0.050946142649199416,0.25327510917030566
say,0.0593607305936073,0.136986301369863,0.0684931506849315,0.1004566210045662,0.14155251141552513,0.10502283105022832,0.0410958904109589,0.3470319634703196
home,0.07782101167315177,0.1906614785992218,0.05836575875486382,0.11284046692607004,0.14396887159533076,0.10894941634241247,0.08171206225680935,0.22568093385214008
friend,0.06837606837606837,0.1282051282051282,0.05128205128205128,0.15384615384615385,0.24786324786324784,0.05982905982905983,0.017094017094017092,0.2735042735042735
girl,0.0925925925925926,0.1111111111111111,0.037037037037037035,0.12037037037037036,0.17592592592592593,0.14814814814814814,0.12037037037037036,0.19444444444444445
many,0.08085106382978723,0.14468085106382977,0.06808510638297871,0.14893617021276592,0.11914893617021276,0.10638297872340426,0.05106382978723403,0.2808510638297872
years,0.12448132780082988,0.14661134163208853,0.08298755186721991,0.2019363762102351,0.1037344398340249,0.12586445366528354,0.044260027662517284,0.17012448132780084
housekeeper,0.07006369426751592,0.18471337579617836,0.038216560509554146,0.10191082802547771,0.15923566878980894,0.15923566878980894,0.07643312101910829,0.21019108280254778
high,0.08635097493036212,0.1448467966573816,0.04735376044568245,0.15598885793871867,0.1448467966573816,0.08913649025069637,0.052924791086350974,0.2785515320334262
street,0.024999999999999998,0.22499999999999998,0.049999999999999996,0.17500000000000002,0.09999999999999999,0.125,0.049999999999999996,0.25
several,0.07692307692307693,0.2153846153846154,0.07692307692307693,0.061538461538461535,0.15384615384615385,0.0923076923076923,0.07692307692307693,0.24615384615384614
back,0.13793103448275862,0.1206896551724138,0.08620689655172414,0.16666666666666666,0.10344827586206896,0.16091954022988506,0.05747126436781609,0.16666666666666666
make,0.0632603406326034,0.17761557177615572,0.0267639902676399,0.16058394160583941,0.1484184914841849,0.05596107055961071,0.0632603406326034,0.3041362530413625
see,0.07653061224489796,0.21938775510204084,0.05612244897959184,0.12244897959183675,0.10714285714285715,0.11224489795918367,0.11224489795918367,0.19387755102040816
hand,0.1245136186770428,0.14007782101167315,0.08949416342412453,0.17509727626459146,0.10894941634241247,0.11673151750972764,0.05058365758754864,0.1945525291828794
long,0.08229426433915213,0.341645885286783,0.057356608478803,0.14214463840399003,0.08977556109725686,0.1172069825436409,0.03491271820448878,0.1346633416458853
black,0.12987012987012986,0.10389610389610389,0.06493506493506493,0.14935064935064934,0.07792207792207792,0.2987012987012987,0.025974025974025972,0.14935064935064934
came,0.07335907335907335,0.16988416988416985,0.06949806949806948,0.13127413127413126,0.13127413127413126,0.10038610038610037,0.09652509652509653,0.2277992277992278
mr.,0.09645669291338581,0.17322834645669288,0.05118110236220472,0.1220472440944882,0.14763779527559054,0.10433070866141732,0.09448818897637795,0.2106299212598425
kohl,0.047619047619047616,0.12698412698412698,0.047619047619047616,0.11111111111111112,0.12698412698412698,0.11111111111111112,0.031746031746031744,0.39682539682539686
know,0.07516339869281045,0.17973856209150327,0.058823529411764705,0.13071895424836602,0.15359477124183005,0.05555555555555556,0.06209150326797385,0.28431372549019607
first,0.13653846153846153,0.14807692307692308,0.09423076923076922,0.16538461538461538,0.09807692307692308,0.10961538461538461,0.06538461538461539,0.18269230769230768
bank,0.12195121951219512,0.14634146341463414,0.024390243902439022,0.048780487804878044,0.09756097560975609,0.024390243902439022,0.07317073170731707,0.4634146341463414
made,0.0948051948051948,0.15584415584415584,0.0857142857142857,0.15584415584415584,0.11818181818181817,0.11168831168831168,0.05844155844155844,0.21948051948051947
moment,0.10897435897435898,0.12820512820512822,0.08974358974358974,0.20512820512820512,0.08974358974358974,0.09615384615384616,0.05128205128205128,0.23076923076923078
later,0.13309352517985615,0.12589928057553956,0.07553956834532374,0.19784172661870505,0.0827338129496403,0.11870503597122303,0.046762589928057555,0.21942446043165467
declared,0.0990990990990991,0.11711711711711711,0.0990990990990991,0.17567567567567569,0.0900900900900901,0.11711711711711711,0.06306306306306307,0.23873873873873874
remarked,0.11956521739130434,0.16304347826086957,0.08695652173913043,0.09782608695652173,0.13043478260869565,0.10869565217391304,0.09782608695652173,0.19565217391304346
've,0.08196721311475409,0.19672131147540983,0.07103825136612021,0.12568306010928962,0.14207650273224043,0.09836065573770492,0.09289617486338798,0.1912568306010929
right,0.12152777777777778,0.16319444444444445,0.05555555555555555,0.1076388888888889,0.14583333333333334,0.125,0.07638888888888888,0.20486111111111113
break,0.05405405405405406,0.08108108108108109,0.0,0.16216216216216217,0.10810810810810811,0.05405405405405406,0.35135135135135137,0.18918918918918923
telephone,0.08571428571428572,0.3142857142857143,0.02857142857142857,0.05714285714285714,0.14285714285714288,0.0,0.11428571428571428,0.2571428571428572
sure,0.08,0.18000000000000002,0.07000000000000002,0.07000000000000002,0.16,0.09000000000000001,0.14000000000000004,0.21000000000000002
going,0.025,0.2,0.025,0.17500000000000002,0.17500000000000002,0.07500000000000001,0.12500000000000003,0.2
immediately,0.08163265306122448,0.27755102040816326,0.07755102040816325,0.16326530612244897,0.11020408163265305,0.08571428571428572,0.05306122448979591,0.1510204081632653
work,0.15326251896813353,0.1866464339908953,0.03793626707132019,0.057663125948406675,0.11987860394537178,0.07738998482549317,0.048558421851289835,0.31866464339908956
room,0.06338028169014086,0.147887323943662,0.06338028169014086,0.16901408450704228,0.10563380281690142,0.18309859154929578,0.07746478873239437,0.19014084507042256
us,0.0880503144654088,0.16142557651991615,0.06498951781970651,0.14255765199161427,0.13836477987421383,0.0880503144654088,0.05660377358490566,0.25995807127882603
opportunity,0.027777777777777776,0.4166666666666667,0.027777777777777776,0.1388888888888889,0.08333333333333333,0.1111111111111111,0.027777777777777776,0.16666666666666666
hope,0.03047091412742382,0.22437673130193905,0.019390581717451522,0.03601108033240997,0.21606648199445982,0.027700831024930747,0.17174515235457063,0.2742382271468144
face,0.08571428571428572,0.1657142857142857,0.06095238095238095,0.17523809523809525,0.14095238095238097,0.09523809523809525,0.05714285714285714,0.21904761904761907
word,0.0726072607260726,0.12211221122112212,0.06600660066006601,0.13201320132013203,0.10891089108910891,0.0594059405940594,0.07590759075907591,0.363036303630363
purpose,0.09090909090909091,0.15151515151515152,0.04924242424242424,0.11363636363636363,0.18181818181818182,0.08712121212121213,0.03787878787878788,0.28787878787878785
questions,0.057142857142857134,0.2571428571428571,0.057142857142857134,0.057142857142857134,0.14285714285714285,0.0857142857142857,0.11428571428571427,0.22857142857142854
please,0.09090909090909091,0.18181818181818182,0.0,0.0606060606060606,0.18181818181818182,0.15151515151515152,0.15151515151515152,0.18181818181818182
like,0.08854166666666667,0.15104166666666666,0.06770833333333333,0.11979166666666667,0.11979166666666667,0.13020833333333334,0.08854166666666667,0.234375
days,0.11421911421911421,0.1794871794871795,0.07692307692307693,0.13053613053613056,0.15850815850815853,0.07925407925407926,0.06526806526806528,0.1958041958041958
learn,0.1016949152542373,0.15254237288135594,0.16949152542372883,0.15254237288135594,0.06779661016949153,0.06779661016949153,0.1016949152542373,0.1864406779661017
agree,0.18181818181818182,0.13636363636363635,0.05303030303030303,0.06818181818181818,0.08333333333333333,0.07575757575757576,0.045454545454545456,0.356060606060606
paid,0.21546961325966849,0.2044198895027624,0.011049723756906075,0.033149171270718224,0.16022099447513807,0.033149171270718224,0.10497237569060772,0.23756906077348064
presently,0.14634146341463414,0.14634146341463414,0.024390243902439022,0.17073170731707316,0.07317073170731707,0.17073170731707316,0.07317073170731707,0.19512195121951217
building,0.10256410256410256,0.14102564102564102,0.08333333333333333,0.15384615384615385,0.12179487179487179,0.14743589743589744,0.05128205128205128,0.19871794871794873
next,0.01818181818181818,0.2545454545454546,0.027272727272727275,0.08181818181818182,0.13636363636363638,0.06363636363636364,0.1,0.3181818181818182
tried,0.09523809523809523,0.19047619047619047,0.047619047619047616,0.09523809523809523,0.19047619047619047,0.047619047619047616,0.14285714285714285,0.19047619047619047
within,0.10679611650485438,0.16990291262135923,0.03640776699029127,0.1504854368932039,0.14077669902912623,0.09708737864077671,0.07281553398058253,0.22572815533980586
took,0.09523809523809523,0.2380952380952381,0.047619047619047616,0.21428571428571427,0.09523809523809523,0.14285714285714285,0.023809523809523808,0.14285714285714285
floor,0.10256410256410256,0.10256410256410256,0.07692307692307693,0.10256410256410256,0.12820512820512822,0.25641025641025644,0.07692307692307693,0.15384615384615385
jerry,0.10285714285714287,0.1542857142857143,0.045714285714285714,0.12571428571428572,0.13714285714285715,0.07428571428571429,0.10285714285714287,0.2571428571428572
reporter,0.0198019801980198,0.14851485148514848,0.0396039603960396,0.0792079207920792,0.099009900990099,0.0396039603960396,0.059405940594059396,0.5148514851485148
place,0.11515151515151514,0.15454545454545454,0.08787878787878788,0.1787878787878788,0.11515151515151514,0.10303030303030304,0.048484848484848485,0.196969696969697
tell,0.08035714285714286,0.16964285714285715,0.00892857142857143,0.08035714285714286,0.19642857142857145,0.04464285714285715,0.09821428571428573,0.32142857142857145
heard,0.10928961748633881,0.14754098360655737,0.07103825136612021,0.18032786885245902,0.12021857923497267,0.09289617486338798,0.08196721311475409,0.19672131147540983
dewitt,0.02222222222222222,0.26666666666666666,0.02222222222222222,0.2,0.11111111111111112,0.08888888888888888,0.06666666666666667,0.22222222222222224
unless,0.060240963855421686,0.20481927710843373,0.024096385542168672,0.18072289156626506,0.1325301204819277,0.060240963855421686,0.08433734939759037,0.25301204819277107
desk,0.0625,0.1875,0.041666666666666664,0.041666666666666664,0.20833333333333334,0.041666666666666664,0.125,0.2916666666666667
saw,0.10169491525423728,0.17796610169491525,0.0423728813559322,0.1271186440677966,0.16101694915254236,0.11864406779661017,0.1440677966101695,0.1271186440677966
began,0.020833333333333332,0.20833333333333334,0.020833333333333332,0.08333333333333333,0.25,0.041666666666666664,0.16666666666666666,0.20833333333333334
story,0.06481481481481483,0.12962962962962965,0.0925925925925926,0.12037037037037036,0.1111111111111111,0.10185185185185185,0.10185185185185185,0.2777777777777778
three,0.10160427807486631,0.12299465240641713,0.10695187165775402,0.15508021390374332,0.13903743315508021,0.12834224598930483,0.08021390374331551,0.16577540106951874
keep,0.11428571428571427,0.19999999999999998,0.0,0.057142857142857134,0.1714285714285714,0.028571428571428567,0.0857142857142857,0.3428571428571428
legal,0.16666666666666669,0.1,0.06666666666666667,0.03333333333333333,0.06666666666666667,0.13333333333333333,0.03333333333333333,0.4
support,0.06923076923076922,0.17692307692307693,0.061538461538461535,0.15384615384615385,0.13846153846153844,0.06923076923076922,0.04615384615384615,0.2846153846153846
try,0.10638297872340426,0.1276595744680851,0.021276595744680847,0.1276595744680851,0.10638297872340426,0.06382978723404255,0.10638297872340426,0.34042553191489355
promise,0.07017543859649122,0.1286549707602339,0.058479532163742694,0.1111111111111111,0.2046783625730994,0.0935672514619883,0.07017543859649122,0.2631578947368421
leave,0.038135593220338986,0.1016949152542373,0.03389830508474576,0.0805084745762712,0.0805084745762712,0.27542372881355937,0.2838983050847458,0.10593220338983053
full,0.1413427561837456,0.1696113074204947,0.060070671378091876,0.12720848056537104,0.11660777385159012,0.09540636042402827,0.08480565371024736,0.20494699646643108
someone,0.1470588235294118,0.1470588235294118,0.11764705882352942,0.17647058823529413,0.029411764705882356,0.11764705882352942,0.11764705882352942,0.1470588235294118
paper,0.07727272727272727,0.20909090909090908,0.07727272727272727,0.10909090909090907,0.1409090909090909,0.10454545454545454,0.07272727272727271,0.20909090909090908
save,0.060109289617486336,0.10928961748633881,0.03825136612021858,0.08196721311475409,0.273224043715847,0.060109289617486336,0.03278688524590164,0.3442622950819672
finally,0.09958506224066391,0.14730290456431536,0.1161825726141079,0.1286307053941909,0.13070539419087138,0.0975103734439834,0.09336099585062241,0.18672199170124482
found,0.06020066889632108,0.10702341137123746,0.016722408026755856,0.08695652173913043,0.27090301003344486,0.07023411371237459,0.020066889632107024,0.3678929765886288
eight,0.13698630136986303,0.16438356164383564,0.10273972602739727,0.17123287671232879,0.08904109589041095,0.13698630136986303,0.04794520547945206,0.1506849315068493
spirits,0.05454545454545455,0.23636363636363636,0.0,0.05454545454545455,0.2545454545454546,0.09090909090909093,0.23636363636363636,0.07272727272727272
police,0.05904059040590405,0.06642066420664205,0.04797047970479704,0.36900369003690037,0.04428044280442804,0.03690036900369004,0.02214022140221402,0.35424354243542433
evidence,0.058823529411764705,0.27450980392156865,0.0392156862745098,0.09803921568627451,0.13725490196078433,0.0784313725490196,0.09803921568627451,0.2156862745098039
provide,0.15,0.06999999999999999,0.03,0.0,0.09,0.0,0.06,0.6
means,0.17894736842105266,0.09473684210526316,0.052631578947368425,0.11578947368421053,0.052631578947368425,0.10526315789473685,0.08421052631578947,0.31578947368421056
told,0.07954545454545456,0.18181818181818182,0.06818181818181819,0.11363636363636365,0.15909090909090912,0.07954545454545456,0.10227272727272728,0.2159090909090909
spirit,0.04722222222222223,0.16944444444444443,0.04722222222222223,0.15555555555555556,0.16666666666666666,0.08055555555555555,0.04444444444444444,0.28888888888888886
allow,0.10843373493975905,0.1566265060240964,0.08433734939759037,0.1566265060240964,0.13253012048192772,0.10843373493975905,0.04819277108433735,0.20481927710843376
certain,0.12025316455696201,0.11392405063291139,0.11392405063291139,0.18987341772151897,0.08860759493670886,0.15189873417721517,0.07594936708860758,0.14556962025316456
seemed,0.10256410256410256,0.15384615384615385,0.05128205128205128,0.10256410256410256,0.12820512820512822,0.15384615384615385,0.07692307692307693,0.23076923076923078
contact,0.10526315789473684,0.0,0.0,0.10526315789473684,0.15789473684210528,0.15789473684210528,0.0,0.4736842105263158
delay,0.1627906976744186,0.09302325581395347,0.1395348837209302,0.2093023255813953,0.04651162790697674,0.1627906976744186,0.02325581395348837,0.1627906976744186
house,0.1059322033898305,0.13135593220338984,0.08050847457627118,0.1652542372881356,0.08898305084745763,0.15677966101694915,0.08050847457627118,0.1906779661016949
