,anger,anticipation,disgust,fear,joy,sadness,surprise,trust
project,0.12254570074475289,0.17129316181448884,0.05145565335138795,0.04536222071767096,0.0988490182802979,0.07379823967501693,0.016926201760324985,0.4197698036560596
gutenberg,0.08021390374331551,0.2459893048128342,0.053475935828877004,0.040106951871657755,0.053475935828877004,0.11229946524064172,0.010695187165775402,0.4037433155080214
mammals,0.0,0.2777777777777778,0.027777777777777783,0.027777777777777783,0.08333333333333334,0.027777777777777783,0.027777777777777783,0.5277777777777778
northwestern,0.054794520547945216,0.19178082191780824,0.04109589041095891,0.06849315068493152,0.12328767123287673,0.08219178082191782,0.04109589041095891,0.3972602739726028
south,0.05128205128205129,0.14102564102564105,0.04487179487179487,0.08333333333333334,0.10256410256410257,0.14743589743589744,0.05128205128205129,0.37820512820512825
dakota,0.04132231404958678,0.15702479338842976,0.04132231404958678,0.05785123966942148,0.12396694214876033,0.09917355371900827,0.049586776859504134,0.4297520661157025
use,0.12320916905444124,0.18624641833810884,0.07449856733524354,0.10888252148997132,0.1432664756446991,0.051575931232091685,0.014326647564469911,0.29799426934097417
may,0.11287758346581875,0.17488076311605721,0.08108108108108107,0.07949125596184418,0.10174880763116056,0.11764705882352941,0.05246422893481716,0.27980922098569155
copy,0.19343065693430658,0.12408759124087591,0.07664233576642336,0.05474452554744526,0.04014598540145986,0.06204379562043796,0.025547445255474453,0.4233576642335766
terms,0.12811387900355872,0.13167259786476868,0.03914590747330961,0.05338078291814946,0.11387900355871886,0.03914590747330961,0.046263345195729534,0.44839857651245546
license,0.10471204188481674,0.2408376963350785,0.05759162303664921,0.07853403141361257,0.10994764397905758,0.08376963350785341,0.03664921465968586,0.28795811518324604
7,0.04069767441860465,0.1744186046511628,0.029069767441860465,0.10465116279069768,0.12790697674418605,0.05813953488372093,0.03488372093023256,0.4302325581395349
distributed,0.03289473684210526,0.2894736842105263,0.05263157894736842,0.07236842105263158,0.11184210526315788,0.05921052631578947,0.013157894736842105,0.36842105263157887
kansas,0.08695652173913045,0.4347826086956522,0.02173913043478261,0.02173913043478261,0.03260869565217391,0.02173913043478261,0.04347826086956522,0.3369565217391305
18,0.08910891089108912,0.16831683168316833,0.0297029702970297,0.15841584158415842,0.0594059405940594,0.18811881188118812,0.0594059405940594,0.24752475247524752
's,0.08064516129032256,0.14746543778801843,0.057603686635944694,0.14746543778801843,0.10368663594470044,0.14746543778801843,0.05299539170506911,0.2626728110599078
western,0.058823529411764705,0.1764705882352941,0.0,0.11764705882352941,0.058823529411764705,0.1764705882352941,0.058823529411764705,0.3529411764705882
adjacent,0.07352941176470588,0.16176470588235295,0.04411764705882353,0.08823529411764706,0.08823529411764706,0.17647058823529413,0.04411764705882353,0.3235294117647059
montana,0.02,0.18,0.0,0.08,0.06,0.2,0.04,0.42000000000000004
relatively,0.05590062111801242,0.18012422360248445,0.049689440993788817,0.10559006211180123,0.13043478260869565,0.12422360248447203,0.049689440993788817,0.30434782608695654
known,0.010638297872340427,0.15957446808510642,0.03191489361702128,0.09574468085106384,0.14893617021276598,0.13829787234042556,0.03191489361702128,0.3829787234042554
part,0.06299212598425198,0.1456692913385827,0.07480314960629922,0.1377952755905512,0.10236220472440946,0.1377952755905512,0.05511811023622047,0.28346456692913385
plains,0.03703703703703704,0.1851851851851852,0.07407407407407408,0.1851851851851852,0.14814814814814817,0.1851851851851852,0.03703703703703704,0.14814814814814817
area,0.05118110236220473,0.1889763779527559,0.03149606299212599,0.15748031496062992,0.0984251968503937,0.1437007874015748,0.0610236220472441,0.2677165354330709
present,0.007380073800738007,0.2029520295202952,0.014760147601476014,0.055350553505535055,0.1992619926199262,0.06642066420664207,0.17343173431734318,0.28044280442804426
information,0.0202020202020202,0.18686868686868685,0.0202020202020202,0.060606060606060594,0.14141414141414138,0.0808080808080808,0.0404040404040404,0.4494949494949494
harding,0.030150753768844223,0.11557788944723618,0.02512562814070352,0.05025125628140704,0.1105527638190955,0.11557788944723618,0.030150753768844223,0.5226130653266332
county,0.03293413173652695,0.12275449101796407,0.023952095808383235,0.05089820359281437,0.08982035928143713,0.11377245508982035,0.03592814371257485,0.5299401197604791
species,0.05581395348837209,0.16279069767441862,0.03255813953488372,0.10697674418604651,0.12558139534883722,0.10232558139534885,0.051162790697674425,0.36279069767441857
occur,0.04347826086956522,0.2608695652173913,0.02173913043478261,0.02173913043478261,0.13043478260869565,0.10869565217391305,0.08695652173913045,0.32608695652173914
miles,0.027397260273972605,0.1917808219178082,0.06164383561643836,0.10273972602739727,0.07534246575342467,0.17808219178082194,0.07534246575342467,0.28767123287671237
1,0.024122807017543865,0.20833333333333337,0.057017543859649134,0.16447368421052633,0.11842105263157897,0.15570175438596492,0.03289473684210527,0.2390350877192983
missouri,0.019607843137254905,0.09803921568627452,0.0,0.03921568627450981,0.13725490196078433,0.11764705882352941,0.11764705882352941,0.47058823529411764
one,0.06177156177156176,0.15384615384615383,0.058275058275058265,0.13636363636363633,0.11888111888111885,0.13170163170163168,0.06759906759906759,0.2715617715617715
hills,0.05555555555555556,0.16161616161616163,0.025252525252525252,0.09595959595959595,0.09595959595959595,0.25252525252525254,0.05555555555555556,0.25757575757575757
short,0.047619047619047616,0.1523809523809524,0.02857142857142857,0.12380952380952381,0.08571428571428572,0.20952380952380953,0.0380952380952381,0.3142857142857143
buttes,0.09374999999999999,0.10937499999999999,0.023437499999999997,0.1015625,0.0859375,0.203125,0.078125,0.3046875
late,0.039735099337748346,0.09933774834437087,0.033112582781456956,0.07284768211920531,0.11920529801324506,0.3841059602649007,0.06622516556291391,0.18543046357615894
slim,0.11864406779661016,0.0847457627118644,0.0,0.15254237288135591,0.0847457627118644,0.20338983050847456,0.11864406779661016,0.23728813559322032
north,0.034482758620689655,0.1793103448275862,0.055172413793103454,0.06896551724137931,0.10344827586206896,0.11034482758620691,0.08275862068965517,0.36551724137931035
cave,0.0945945945945946,0.08108108108108109,0.04054054054054054,0.14864864864864868,0.12162162162162163,0.1891891891891892,0.0945945945945946,0.22972972972972974
east,0.023809523809523808,0.19047619047619047,0.0,0.023809523809523808,0.21428571428571427,0.16666666666666666,0.047619047619047616,0.3333333333333333
west,0.0,0.175,0.025,0.05,0.05,0.275,0.025,0.4
pine,0.026086956521739126,0.21739130434782605,0.008695652173913042,0.04347826086956521,0.09565217391304347,0.3304347826086956,0.04347826086956521,0.23478260869565215
long,0.03333333333333333,0.3190476190476191,0.004761904761904762,0.09523809523809523,0.08095238095238096,0.15714285714285714,0.06190476190476191,0.24761904761904763
camp,0.07142857142857142,0.19047619047619047,0.023809523809523808,0.19047619047619047,0.0,0.2619047619047619,0.047619047619047616,0.21428571428571427
crook,0.07142857142857142,0.19047619047619047,0.023809523809523808,0.19047619047619047,0.0,0.2619047619047619,0.047619047619047616,0.21428571428571427
river,0.03278688524590164,0.09836065573770492,0.03278688524590164,0.06557377049180328,0.0819672131147541,0.1639344262295082,0.06557377049180328,0.45901639344262296
several,0.049999999999999996,0.17142857142857143,0.03571428571428571,0.08571428571428572,0.1142857142857143,0.17142857142857143,0.04285714285714286,0.32857142857142857
july,0.10185185185185186,0.12037037037037036,0.037037037037037035,0.07407407407407407,0.12962962962962962,0.19444444444444445,0.09259259259259259,0.25
average,0.07563025210084034,0.20168067226890757,0.033613445378151266,0.1050420168067227,0.14705882352941177,0.1596638655462185,0.054621848739495805,0.22268907563025211
year,0.06122448979591836,0.2040816326530612,0.0,0.06122448979591836,0.22448979591836735,0.12244897959183672,0.22448979591836735,0.1020408163265306
united,0.010050251256281409,0.22613065326633167,0.010050251256281409,0.08542713567839197,0.040201005025125636,0.05025125628140704,0.0050251256281407045,0.5728643216080402
states,0.017857142857142856,0.19642857142857142,0.03928571428571429,0.09285714285714286,0.0642857142857143,0.08928571428571429,0.024999999999999998,0.47500000000000003
little,0.061538461538461535,0.1692307692307692,0.046153846153846156,0.13333333333333333,0.09230769230769231,0.13333333333333333,0.08205128205128205,0.28205128205128205
2,0.035398230088495575,0.2153392330383481,0.05604719764011799,0.13569321533923304,0.10324483775811209,0.08259587020648967,0.04424778761061947,0.3274336283185841
areas,0.049450549450549455,0.11538461538461539,0.049450549450549455,0.09890109890109891,0.1208791208791209,0.18681318681318682,0.054945054945054944,0.3241758241758242
found,0.018975332068311198,0.0872865275142315,0.024667931688804556,0.06641366223908919,0.29411764705882354,0.08159392789373815,0.036053130929791274,0.39089184060721066
along,0.022727272727272728,0.09090909090909091,0.03409090909090909,0.056818181818181816,0.19318181818181815,0.17045454545454544,0.056818181818181816,0.37499999999999994
many,0.06070287539936102,0.15654952076677317,0.02875399361022364,0.14696485623003194,0.11182108626198083,0.12460063897763578,0.06389776357827476,0.30670926517571884
4,0.05014749262536873,0.18879056047197643,0.04129793510324484,0.1415929203539823,0.11209439528023599,0.09734513274336283,0.05014749262536873,0.31858407079646023
draw,0.16666666666666666,0.02777777777777778,0.0,0.19444444444444442,0.05555555555555556,0.2777777777777778,0.16666666666666666,0.11111111111111112
deer,0.05494505494505495,0.14194139194139196,0.04487179487179488,0.19230769230769232,0.08974358974358976,0.18223443223443225,0.041208791208791215,0.2527472527472528
within,0.13402061855670103,0.19587628865979378,0.03608247422680412,0.07731958762886597,0.13917525773195877,0.10824742268041236,0.10309278350515463,0.20618556701030927
associated,0.08108108108108109,0.1945945945945946,0.032432432432432434,0.07567567567567567,0.14594594594594595,0.05945945945945946,0.02702702702702703,0.38378378378378375
small,0.09602649006622517,0.10596026490066227,0.056291390728476824,0.16887417218543047,0.09271523178807947,0.1556291390728477,0.09602649006622517,0.228476821192053
although,0.047808764940239036,0.1952191235059761,0.03187250996015936,0.099601593625498,0.11553784860557768,0.1195219123505976,0.08764940239043825,0.3027888446215139
august,0.0425531914893617,0.0851063829787234,0.02127659574468085,0.0425531914893617,0.2553191489361702,0.1702127659574468,0.1276595744680851,0.2553191489361702
robert,0.013157894736842106,0.13157894736842105,0.09210526315789473,0.07894736842105263,0.13157894736842105,0.052631578947368425,0.052631578947368425,0.4473684210526316
obtained,0.01948051948051948,0.2012987012987013,0.03896103896103896,0.1038961038961039,0.14285714285714288,0.1038961038961039,0.08441558441558442,0.3051948051948052
field,0.043478260869565216,0.16304347826086954,0.05434782608695651,0.05434782608695651,0.14130434782608695,0.15217391304347824,0.05434782608695651,0.33695652173913043
parties,0.11111111111111113,0.11111111111111113,0.055555555555555566,0.08333333333333334,0.1388888888888889,0.08333333333333334,0.027777777777777783,0.3888888888888889
collected,0.06944444444444445,0.1527777777777778,0.05555555555555556,0.06944444444444445,0.11111111111111112,0.18055555555555555,0.08333333333333333,0.2777777777777778
june,0.05789473684210527,0.13157894736842105,0.021052631578947368,0.05263157894736842,0.17368421052631577,0.15789473684210525,0.14736842105263157,0.2578947368421053
1961,0.06451612903225806,0.16129032258064516,0.0,0.06451612903225806,0.2258064516129032,0.0967741935483871,0.16129032258064516,0.2258064516129032
1963,0.045454545454545456,0.11363636363636363,0.0,0.09090909090909091,0.18181818181818182,0.13636363636363635,0.045454545454545456,0.3863636363636363
1968,0.11842105263157895,0.1118421052631579,0.019736842105263157,0.16447368421052633,0.08552631578947369,0.13157894736842105,0.125,0.24342105263157898
also,0.054131054131054124,0.16809116809116809,0.05128205128205128,0.1282051282051282,0.11396011396011396,0.15669515669515668,0.06267806267806268,0.26495726495726496
1970,0.024691358024691357,0.18518518518518515,0.024691358024691357,0.16049382716049382,0.061728395061728385,0.2098765432098765,0.07407407407407406,0.25925925925925924
visher,0.056338028169014086,0.08450704225352111,0.028169014084507043,0.11267605633802817,0.11267605633802817,0.1408450704225352,0.028169014084507043,0.43661971830985913
early,0.057324840764331204,0.12738853503184713,0.03184713375796178,0.10828025477707005,0.12101910828025476,0.1337579617834395,0.057324840764331204,0.3630573248407643
young,0.027624309392265192,0.23204419889502761,0.011049723756906077,0.04419889502762431,0.27071823204419887,0.07734806629834252,0.20994475138121543,0.12707182320441987
10,0.07317073170731707,0.19999999999999998,0.04878048780487805,0.14146341463414633,0.10731707317073172,0.12682926829268293,0.07804878048780488,0.224390243902439
specimens,0.10671936758893281,0.1739130434782609,0.04743083003952569,0.10276679841897234,0.10671936758893281,0.11067193675889327,0.09486166007905138,0.25691699604743085
examined,0.06153846153846154,0.12307692307692308,0.1,0.13076923076923078,0.15384615384615385,0.11538461538461539,0.05384615384615384,0.26153846153846155
total,0.041841004184100423,0.19665271966527198,0.0794979079497908,0.1297071129707113,0.13807531380753138,0.14644351464435149,0.08786610878661089,0.1799163179916318
noted,0.06896551724137931,0.13793103448275862,0.034482758620689655,0.034482758620689655,0.13793103448275862,0.2068965517241379,0.034482758620689655,0.3448275862068965
embryos,0.07317073170731708,0.1585365853658537,0.02439024390243903,0.06097560975609757,0.13414634146341467,0.08536585365853659,0.12195121951219513,0.34146341463414637
20,0.08602150537634408,0.1935483870967742,0.07526881720430106,0.06451612903225806,0.12903225806451613,0.16129032258064516,0.04301075268817204,0.24731182795698922
mi,0.12903225806451613,0.12903225806451613,0.04838709677419355,0.12903225806451613,0.14516129032258066,0.0967741935483871,0.08064516129032258,0.24193548387096772
16,0.028571428571428574,0.19999999999999998,0.05714285714285715,0.15714285714285717,0.15714285714285717,0.08571428571428572,0.09999999999999999,0.21428571428571427
limited,0.2524271844660194,0.07766990291262137,0.061488673139158574,0.01941747572815534,0.0970873786407767,0.2621359223300971,0.05501618122977346,0.17475728155339806
individual,0.0606060606060606,0.2424242424242424,0.010101010101010102,0.1414141414141414,0.0606060606060606,0.10101010101010101,0.04040404040404041,0.3434343434343434
specimen,0.10465116279069767,0.1395348837209302,0.05813953488372092,0.12790697674418602,0.12790697674418602,0.16279069767441856,0.08139534883720928,0.19767441860465113
taken,0.058823529411764705,0.14215686274509803,0.02450980392156863,0.05392156862745099,0.15686274509803924,0.16176470588235295,0.09803921568627452,0.303921568627451
summer,0.034482758620689655,0.17241379310344826,0.034482758620689655,0.034482758620689655,0.12068965517241377,0.2586206896551724,0.051724137931034475,0.29310344827586204
bat,0.10810810810810811,0.10810810810810811,0.0,0.10810810810810811,0.05405405405405406,0.27027027027027023,0.10810810810810811,0.24324324324324323
set,0.18974358974358976,0.11282051282051284,0.035897435897435895,0.07179487179487179,0.1076923076923077,0.11794871794871795,0.020512820512820513,0.3435897435897436
females,0.05158730158730159,0.17460317460317462,0.07142857142857144,0.07142857142857144,0.18253968253968253,0.13095238095238096,0.10317460317460318,0.2142857142857143
17,0.02247191011235955,0.20224719101123595,0.0449438202247191,0.056179775280898875,0.1797752808988764,0.10112359550561797,0.07865168539325842,0.3146067415730337
carried,0.06299212598425197,0.14173228346456693,0.031496062992125984,0.10236220472440945,0.12598425196850394,0.1653543307086614,0.07874015748031496,0.29133858267716534
measured,0.043859649122807015,0.05263157894736842,0.008771929824561403,0.03508771929824561,0.043859649122807015,0.07017543859649122,0.07017543859649122,0.6754385964912281
respectively,0.03333333333333333,0.13333333333333333,0.03333333333333333,0.06666666666666667,0.09999999999999999,0.06666666666666667,0.09999999999999999,0.4666666666666666
male,0.09322033898305086,0.23305084745762714,0.012711864406779662,0.07203389830508475,0.1610169491525424,0.10593220338983052,0.04661016949152543,0.27542372881355937
adult,0.05365853658536586,0.16585365853658537,0.029268292682926828,0.08292682926829269,0.1902439024390244,0.13170731707317074,0.11707317073170731,0.22926829268292684
testes,0.043478260869565216,0.13043478260869565,0.014492753623188406,0.028985507246376812,0.043478260869565216,0.11594202898550725,0.043478260869565216,0.5797101449275363
two,0.05555555555555556,0.16319444444444445,0.059027777777777776,0.11458333333333333,0.1267361111111111,0.11805555555555555,0.07118055555555555,0.2916666666666667
males,0.06435643564356436,0.19306930693069307,0.04950495049504951,0.09900990099009901,0.12376237623762376,0.1485148514851485,0.08415841584158416,0.2376237623762376
another,0.08333333333333334,0.10416666666666667,0.020833333333333336,0.125,0.125,0.14583333333333334,0.14583333333333334,0.25
adults,0.008403361344537815,0.22689075630252098,0.042016806722689065,0.10924369747899158,0.15126050420168066,0.21848739495798317,0.042016806722689065,0.2016806722689075
three,0.03754266211604096,0.18771331058020477,0.058020477815699655,0.08532423208191126,0.1706484641638225,0.13310580204778155,0.08873720136518772,0.23890784982935154
pelage,0.026315789473684213,0.19736842105263158,0.026315789473684213,0.026315789473684213,0.18421052631578946,0.19736842105263158,0.13157894736842105,0.2105263157894737
molt,0.0,0.2105263157894737,0.052631578947368425,0.0,0.2368421052631579,0.15789473684210525,0.052631578947368425,0.2894736842105263
shot,0.19672131147540983,0.032786885245901634,0.01092896174863388,0.1912568306010929,0.04371584699453552,0.20218579234972678,0.21311475409836064,0.1092896174863388
six,0.03125,0.09374999999999999,0.0625,0.09374999999999999,0.09374999999999999,0.25,0.125,0.25
probably,0.06498194945848376,0.1516245487364621,0.05776173285198556,0.1588447653429603,0.09025270758122744,0.1444043321299639,0.05054151624548736,0.2815884476534296
reported,0.09933774834437087,0.152317880794702,0.046357615894039736,0.09271523178807947,0.11920529801324506,0.09933774834437087,0.06622516556291391,0.3245033112582782
owner,0.21739130434782608,0.09316770186335403,0.06211180124223602,0.03105590062111801,0.03726708074534161,0.18633540372670807,0.0,0.37267080745341613
lactating,0.04081632653061224,0.2040816326530612,0.02040816326530612,0.0,0.24489795918367344,0.1020408163265306,0.16326530612244897,0.22448979591836735
female,0.08461538461538462,0.22307692307692306,0.015384615384615385,0.07692307692307693,0.1769230769230769,0.11153846153846153,0.06923076923076923,0.2423076923076923
seen,0.04854368932038835,0.0970873786407767,0.06796116504854369,0.16504854368932037,0.08737864077669903,0.1844660194174757,0.038834951456310676,0.3106796116504854
individuals,0.022222222222222223,0.17777777777777778,0.011111111111111112,0.1,0.14444444444444446,0.18888888888888888,0.1,0.25555555555555554
spring,0.060606060606060594,0.12121212121212119,0.030303030303030297,0.060606060606060594,0.24242424242424238,0.1515151515151515,0.060606060606060594,0.27272727272727265
five,0.0078125,0.10937499999999999,0.05468749999999999,0.09374999999999999,0.15625,0.234375,0.1015625,0.2421875
winter,0.04098360655737705,0.13114754098360656,0.03278688524590164,0.1639344262295082,0.0819672131147541,0.22950819672131148,0.04918032786885246,0.27049180327868855
local,0.1388888888888889,0.08333333333333333,0.05555555555555556,0.16666666666666666,0.11111111111111112,0.05555555555555556,0.0,0.38888888888888884
provide,0.0996309963099631,0.08118081180811808,0.04059040590405904,0.055350553505535055,0.08118081180811808,0.03690036900369004,0.05904059040590406,0.5461254612546126
full,0.15810276679841898,0.21343873517786563,0.04743083003952569,0.08695652173913045,0.10276679841897234,0.10671936758893281,0.07509881422924901,0.20948616600790512
replacement,0.22380952380952382,0.0761904761904762,0.06666666666666667,0.02857142857142857,0.1,0.17142857142857143,0.07142857142857142,0.2619047619047619
kriege,0.027777777777777776,0.08333333333333331,0.0,0.08333333333333331,0.16666666666666663,0.05555555555555555,0.08333333333333331,0.49999999999999994
distribution,0.072992700729927,0.23357664233576642,0.0218978102189781,0.058394160583941604,0.1021897810218978,0.014598540145985401,0.0072992700729927005,0.4890510948905109
trapped,0.0,0.13157894736842105,0.0,0.02631578947368421,0.13157894736842105,0.07894736842105263,0.10526315789473684,0.5263157894736842
length,0.11083123425692695,0.23551637279596974,0.08942065491183877,0.08690176322418136,0.1397984886649874,0.10201511335012593,0.10579345088161209,0.1297229219143577
state,0.05084745762711864,0.11864406779661016,0.00847457627118644,0.13559322033898305,0.0423728813559322,0.11016949152542373,0.03389830508474576,0.5
killed,0.0782608695652174,0.1565217391304348,0.06956521739130435,0.19999999999999998,0.09999999999999999,0.14347826086956522,0.05652173913043478,0.1956521739130435
agreement,0.12466124661246612,0.07046070460704608,0.04336043360433605,0.029810298102981032,0.05420054200542006,0.08401084010840108,0.013550135501355014,0.5799457994579945
foundation,0.11019283746556474,0.1652892561983471,0.027548209366391185,0.013774104683195593,0.07162534435261708,0.13774104683195593,0.0,0.4738292011019284
provided,0.09550561797752809,0.12359550561797754,0.07303370786516854,0.11235955056179775,0.11797752808988764,0.1348314606741573,0.03932584269662921,0.30337078651685395
works,0.12149532710280374,0.17757009345794392,0.06542056074766354,0.04672897196261682,0.1308411214953271,0.018691588785046728,0.018691588785046728,0.4205607476635514
public,0.007092198581560284,0.46099290780141844,0.0,0.03546099290780142,0.07801418439716312,0.007092198581560284,0.007092198581560284,0.4042553191489362
copyright,0.09523809523809523,0.19047619047619047,0.09523809523809523,0.047619047619047616,0.047619047619047616,0.09523809523809523,0.0,0.42857142857142855
without,0.08571428571428572,0.18285714285714286,0.08,0.10285714285714286,0.09142857142857143,0.09714285714285714,0.022857142857142857,0.3371428571428572
forth,0.22602739726027393,0.0821917808219178,0.0410958904109589,0.047945205479452045,0.1095890410958904,0.13013698630136986,0.00684931506849315,0.3561643835616438
distributing,0.16666666666666666,0.16666666666666666,0.06666666666666667,0.03333333333333333,0.1,0.1,0.0,0.36666666666666664
gutenberg-tm,0.14084507042253522,0.15023474178403756,0.051643192488262914,0.046948356807511735,0.11267605633802817,0.06103286384976526,0.018779342723004695,0.41784037558685444
electronic,0.18095238095238095,0.13333333333333333,0.06666666666666667,0.0380952380952381,0.10476190476190476,0.0761904761904762,0.0380952380952381,0.3619047619047619
trademark,0.1891891891891892,0.10810810810810811,0.05405405405405406,0.02702702702702703,0.08108108108108109,0.16216216216216217,0.0,0.3783783783783784
copies,0.20114942528735633,0.13793103448275862,0.1149425287356322,0.08620689655172414,0.08620689655172414,0.0,0.0,0.37356321839080464
work,0.15494393476044852,0.1875637104994903,0.03363914373088685,0.05300713557594292,0.10601427115188584,0.08053007135575943,0.044852191641182475,0.33944954128440363
agree,0.1977401129943503,0.14124293785310735,0.05649717514124294,0.06214689265536724,0.05649717514124294,0.08474576271186442,0.02824858757062147,0.3728813559322034
must,0.1767676767676768,0.1767676767676768,0.09090909090909093,0.12121212121212123,0.060606060606060615,0.10606060606060608,0.015151515151515154,0.25252525252525254
paid,0.30303030303030304,0.18181818181818182,0.0,0.0,0.12121212121212122,0.06060606060606061,0.12121212121212122,0.21212121212121213
fee,0.35294117647058826,0.11764705882352941,0.058823529411764705,0.0,0.11764705882352941,0.0,0.0,0.35294117647058826
access,0.1991150442477876,0.13716814159292035,0.09734513274336283,0.07079646017699115,0.11061946902654866,0.048672566371681415,0.022123893805309734,0.3141592920353982
refund,0.24615384615384617,0.12307692307692308,0.046153846153846156,0.015384615384615385,0.12307692307692308,0.12307692307692308,0.09230769230769231,0.23076923076923078
paragraph,0.3142857142857143,0.05714285714285714,0.05714285714285714,0.02857142857142857,0.05714285714285714,0.17142857142857143,0.02857142857142857,0.2857142857142857
literary,0.13793103448275862,0.13793103448275862,0.034482758620689655,0.0,0.034482758620689655,0.20689655172413793,0.0,0.4482758620689655
archive,0.13793103448275862,0.13793103448275862,0.034482758620689655,0.0,0.034482758620689655,0.20689655172413793,0.0,0.4482758620689655
right,0.13712374581939799,0.15719063545150502,0.033444816053511704,0.05016722408026755,0.11705685618729096,0.19732441471571907,0.09364548494983277,0.2140468227424749
fees,0.13636363636363635,0.13636363636363635,0.045454545454545456,0.0,0.045454545454545456,0.13636363636363635,0.0,0.5
including,0.11555555555555556,0.16444444444444445,0.022222222222222223,0.044444444444444446,0.07555555555555556,0.12000000000000001,0.008888888888888889,0.4488888888888889
donations,0.0,0.23333333333333334,0.0,0.0,0.1,0.1,0.0,0.5666666666666667
damages,0.18181818181818182,0.030303030303030304,0.12121212121212122,0.06060606060606061,0.0,0.3333333333333333,0.0,0.2727272727272727
wright,0.030487804878048783,0.23170731707317074,0.03353658536585367,0.11585365853658537,0.11585365853658537,0.06097560975609757,0.06707317073170734,0.34451219512195125
brothers,0.03333333333333333,0.19999999999999998,0.049999999999999996,0.11666666666666665,0.09999999999999999,0.03333333333333333,0.06666666666666667,0.39999999999999997
engines,0.03367875647668394,0.2253886010362694,0.025906735751295335,0.12176165803108809,0.11398963730569948,0.08290155440414508,0.05181347150259067,0.344559585492228
design,0.03928571428571429,0.16071428571428573,0.049999999999999996,0.15714285714285717,0.11071428571428572,0.09999999999999999,0.08214285714285714,0.3
s.,0.05405405405405406,0.18918918918918917,0.02702702702702703,0.16216216216216214,0.10810810810810811,0.05405405405405406,0.08108108108108107,0.3243243243243243
cost,0.09523809523809526,0.23809523809523814,0.09523809523809526,0.11904761904761907,0.07142857142857144,0.09523809523809526,0.07142857142857144,0.21428571428571433
almost,0.04854368932038835,0.13592233009708737,0.07766990291262135,0.1262135922330097,0.08737864077669903,0.14563106796116504,0.0970873786407767,0.2815533980582524
author,0.0,0.2142857142857143,0.0,0.03571428571428572,0.07142857142857144,0.03571428571428572,0.03571428571428572,0.6071428571428572
date,0.03125,0.23958333333333331,0.052083333333333336,0.07291666666666667,0.125,0.125,0.052083333333333336,0.3020833333333333
produced,0.0,0.3157894736842105,0.0,0.18421052631578946,0.10526315789473685,0.052631578947368425,0.0,0.34210526315789475
p.,0.026455026455026457,0.14814814814814814,0.04761904761904762,0.14285714285714288,0.10582010582010583,0.1375661375661376,0.05820105820105821,0.33333333333333337
http,0.0,0.3,0.0,0.0,0.15,0.0,0.0,0.55
publications,0.02777777777777778,0.19444444444444442,0.02777777777777778,0.05555555555555556,0.11111111111111112,0.0,0.0,0.5833333333333334
smithsonian,0.034722222222222224,0.22222222222222224,0.006944444444444445,0.11111111111111112,0.041666666666666664,0.020833333333333332,0.034722222222222224,0.5277777777777778
institution,0.04615384615384615,0.27692307692307694,0.015384615384615385,0.10769230769230768,0.03076923076923077,0.04615384615384615,0.015384615384615385,0.46153846153846156
upon,0.13103448275862067,0.20689655172413793,0.055172413793103454,0.11724137931034483,0.0896551724137931,0.11034482758620691,0.04827586206896552,0.2413793103448276
means,0.07894736842105263,0.13157894736842105,0.0,0.07894736842105263,0.02631578947368421,0.05263157894736842,0.07894736842105263,0.5526315789473684
knowledge,0.0,0.3111111111111111,0.0,0.022222222222222223,0.1111111111111111,0.044444444444444446,0.044444444444444446,0.4666666666666667
first,0.05744125326370758,0.21409921671018275,0.04177545691906006,0.185378590078329,0.08093994778067885,0.11488250652741516,0.07571801566579635,0.22976501305483032
henry,0.06976744186046512,0.0930232558139535,0.023255813953488375,0.13953488372093023,0.06976744186046512,0.023255813953488375,0.023255813953488375,0.5581395348837209
following,0.07954545454545453,0.17613636363636362,0.03409090909090909,0.13068181818181815,0.07954545454545453,0.11931818181818181,0.08522727272727272,0.2954545454545454
series,0.06250000000000001,0.11250000000000002,0.05000000000000001,0.12500000000000003,0.06250000000000001,0.11250000000000002,0.11250000000000002,0.36250000000000004
giving,0.02777777777777778,0.1388888888888889,0.11111111111111112,0.11111111111111112,0.11111111111111112,0.08333333333333333,0.05555555555555556,0.3611111111111111
new,0.043103448275862065,0.23275862068965517,0.025862068965517238,0.13793103448275862,0.12068965517241377,0.08620689655172413,0.060344827586206885,0.29310344827586204
science,0.02564102564102564,0.2564102564102564,0.0,0.07692307692307691,0.1282051282051282,0.02564102564102564,0.02564102564102564,0.4615384615384615
made,0.06720430107526883,0.12365591397849462,0.06182795698924731,0.1774193548387097,0.07795698924731183,0.11559139784946237,0.08064516129032259,0.2956989247311828
professional,0.0,0.15625,0.0625,0.09374999999999999,0.09374999999999999,0.0625,0.0625,0.46875
basic,0.08181818181818182,0.16363636363636364,0.02727272727272727,0.17272727272727273,0.09090909090909091,0.08181818181818182,0.09090909090909091,0.29090909090909095
years,0.02692307692307692,0.18846153846153849,0.038461538461538464,0.15,0.12307692307692308,0.12307692307692308,0.057692307692307696,0.29230769230769227
contributions,0.0,0.21212121212121213,0.0,0.0,0.0,0.030303030303030307,0.0,0.7575757575757576
flight,0.045,0.185,0.02,0.175,0.11499999999999999,0.095,0.06999999999999999,0.29500000000000004
history,0.022727272727272728,0.20454545454545453,0.045454545454545456,0.022727272727272728,0.18181818181818182,0.022727272727272728,0.045454545454545456,0.45454545454545453
original,0.04430379746835443,0.18354430379746836,0.06329113924050633,0.16455696202531647,0.12025316455696203,0.10759493670886076,0.0759493670886076,0.24050632911392406
data,0.07874015748031496,0.11023622047244094,0.06299212598425198,0.14173228346456693,0.06299212598425198,0.2440944881889764,0.03937007874015748,0.25984251968503935
available,0.05714285714285714,0.21904761904761902,0.0,0.09523809523809523,0.14285714285714285,0.06666666666666667,0.047619047619047616,0.37142857142857144
illustration,0.09937888198757763,0.13043478260869565,0.049689440993788817,0.16149068322981366,0.09316770186335403,0.14285714285714282,0.05590062111801242,0.26708074534161486
kitty,0.0746268656716418,0.16417910447761197,0.029850746268656723,0.34328358208955223,0.059701492537313446,0.08955223880597016,0.08955223880597016,0.1492537313432836
hawk,0.0746268656716418,0.16417910447761197,0.029850746268656723,0.34328358208955223,0.059701492537313446,0.08955223880597016,0.08955223880597016,0.1492537313432836
engine,0.036269430051813475,0.190846286701209,0.037132987910189985,0.15544041450777205,0.11312607944732299,0.10189982728842835,0.07081174438687393,0.2944732297063904
near,0.06666666666666667,0.12222222222222223,0.08888888888888889,0.18888888888888888,0.022222222222222223,0.2,0.03333333333333333,0.2777777777777778
1903,0.0495049504950495,0.11881188118811879,0.0396039603960396,0.2574257425742574,0.0495049504950495,0.1584158415841584,0.029702970297029698,0.29702970297029696
wrights,0.05405405405405406,0.24710424710424714,0.02702702702702703,0.1312741312741313,0.10424710424710426,0.07722007722007722,0.05405405405405406,0.3050193050193051
powered,0.04651162790697675,0.23255813953488372,0.04651162790697675,0.23255813953488372,0.0930232558139535,0.11627906976744186,0.0930232558139535,0.13953488372093023
national,0.0125,0.1375,0.0125,0.1625,0.1125,0.0375,0.075,0.45
institute,0.06122448979591836,0.08163265306122448,0.02040816326530612,0.1020408163265306,0.04081632653061224,0.02040816326530612,0.02040816326530612,0.6530612244897959
park,0.09090909090909091,0.11363636363636363,0.022727272727272728,0.15909090909090906,0.06818181818181818,0.022727272727272728,0.022727272727272728,0.5
service,0.0136986301369863,0.21232876712328766,0.047945205479452045,0.11643835616438354,0.10273972602739725,0.0821917808219178,0.047945205479452045,0.37671232876712324
number,0.05177111716621253,0.18528610354223432,0.043596730245231606,0.11171662125340598,0.11716621253405993,0.12806539509536785,0.06811989100817438,0.29427792915531337
5,0.054187192118226604,0.15270935960591134,0.059113300492610835,0.14778325123152708,0.09359605911330049,0.12315270935960591,0.04926108374384236,0.32019704433497537
air,0.09638554216867469,0.12048192771084336,0.024096385542168672,0.14457831325301204,0.09638554216867469,0.06024096385542168,0.07228915662650602,0.38554216867469876
space,0.0,0.16129032258064516,0.03225806451612903,0.12903225806451613,0.12903225806451613,0.0967741935483871,0.0967741935483871,0.3548387096774194
museum,0.099009900990099,0.18316831683168316,0.02475247524752475,0.10891089108910891,0.059405940594059396,0.03465346534653465,0.04455445544554455,0.4455445544554455
washington,0.09374999999999999,0.0625,0.0625,0.18749999999999997,0.0625,0.03125,0.09374999999999999,0.40625
airplane,0.06451612903225806,0.14193548387096774,0.04516129032258064,0.2,0.0967741935483871,0.11612903225806452,0.0967741935483871,0.23870967741935484
figures,0.011363636363636366,0.09090909090909093,0.05681818181818182,0.1931818181818182,0.11363636363636365,0.14772727272727276,0.05681818181818182,0.3295454545454546
model,0.08823529411764705,0.2647058823529412,0.0,0.14705882352941174,0.058823529411764705,0.1764705882352941,0.0,0.2647058823529412
37,0.0,0.09090909090909091,0.0,0.24242424242424246,0.09090909090909091,0.0,0.0,0.5757575757575758
3,0.047021943573667714,0.22570532915360503,0.04075235109717869,0.09717868338557994,0.14420062695924765,0.05642633228840126,0.02821316614420063,0.3605015673981191
aircraft,0.03846153846153846,0.16025641025641024,0.03205128205128205,0.12179487179487178,0.11538461538461538,0.05769230769230769,0.07692307692307691,0.3974358974358974
piston,0.05732484076433121,0.10828025477707007,0.03821656050955414,0.21656050955414013,0.07643312101910828,0.15286624203821655,0.050955414012738856,0.2993630573248408
point,0.0,0.16666666666666666,0.047619047619047616,0.21428571428571427,0.09523809523809523,0.07142857142857142,0.11904761904761904,0.2857142857142857
whose,0.20454545454545453,0.15909090909090906,0.06818181818181818,0.17045454545454544,0.07954545454545453,0.07954545454545453,0.10227272727272727,0.13636363636363635
experience,0.030303030303030307,0.12121212121212123,0.030303030303030307,0.18181818181818182,0.10606060606060606,0.07575757575757576,0.12121212121212123,0.33333333333333337
development,0.041666666666666664,0.19999999999999998,0.03333333333333333,0.18333333333333335,0.13333333333333333,0.08333333333333333,0.075,0.25
later,0.048387096774193554,0.18548387096774194,0.03225806451612904,0.14516129032258066,0.10483870967741937,0.08064516129032259,0.06451612903225808,0.33870967741935487
vertical,0.05982905982905982,0.21367521367521367,0.025641025641025637,0.10256410256410255,0.1111111111111111,0.09401709401709402,0.034188034188034185,0.358974358974359
6-cylinder,0.04838709677419355,0.1935483870967742,0.016129032258064516,0.14516129032258066,0.08064516129032258,0.14516129032258066,0.03225806451612903,0.33870967741935487
designed,0.029411764705882353,0.2647058823529412,0.058823529411764705,0.029411764705882353,0.14705882352941174,0.08823529411764705,0.058823529411764705,0.3235294117647059
power,0.04149377593360996,0.19087136929460577,0.04979253112033195,0.15767634854771784,0.10788381742738588,0.11618257261410787,0.08713692946058091,0.24896265560165973
gas,0.03571428571428572,0.17857142857142858,0.07142857142857144,0.2142857142857143,0.07142857142857144,0.17857142857142858,0.0,0.25
became,0.0,0.175,0.05,0.15,0.125,0.175,0.075,0.25
dayton,0.11607142857142859,0.10714285714285715,0.026785714285714288,0.13392857142857142,0.07142857142857144,0.07142857142857144,0.0625,0.4107142857142857
ohio,0.13709677419354835,0.08064516129032256,0.04032258064516128,0.12096774193548385,0.08064516129032256,0.04838709677419354,0.05645161290322579,0.4354838709677419
time,0.027290448343079917,0.45419103313840153,0.013645224171539959,0.07212475633528265,0.08771929824561403,0.06042884990253411,0.04483430799220272,0.23976608187134502
operation,0.004901960784313726,0.10294117647058824,0.03431372549019608,0.23529411764705882,0.09803921568627452,0.08333333333333334,0.04901960784313726,0.3921568627450981
engineering,0.025641025641025644,0.23076923076923078,0.0,0.025641025641025644,0.25641025641025644,0.07692307692307693,0.05128205128205129,0.33333333333333337
complete,0.05050505050505051,0.14141414141414144,0.07070707070707072,0.17171717171717174,0.08080808080808083,0.13131313131313133,0.07070707070707072,0.2828282828282829
final,0.0,0.19999999999999998,0.0,0.13333333333333333,0.13333333333333333,0.0,0.09999999999999999,0.43333333333333335
utilized,0.058823529411764705,0.21176470588235294,0.03529411764705882,0.1411764705882353,0.07058823529411765,0.07058823529411765,0.07058823529411765,0.3411764705882353
forces,0.04,0.08,0.04,0.26,0.06,0.13999999999999999,0.12,0.26
large,0.06280193236714975,0.16425120772946858,0.07246376811594202,0.1256038647342995,0.08695652173913042,0.11594202898550722,0.07246376811594202,0.29951690821256033
used,0.0746268656716418,0.1567164179104478,0.02238805970149254,0.16417910447761197,0.06716417910447763,0.1119402985074627,0.059701492537313446,0.34328358208955223
powerplant,0.029411764705882353,0.20588235294117643,0.0,0.058823529411764705,0.058823529411764705,0.029411764705882353,0.058823529411764705,0.5588235294117646
a.,0.05660377358490565,0.1132075471698113,0.018867924528301886,0.16981132075471697,0.09433962264150943,0.05660377358490565,0.03773584905660377,0.4528301886792452
v,0.0,0.15625,0.0,0.15625,0.125,0.03125,0.03125,0.5
acknowledgments,0.0,0.25000000000000006,0.0,0.08333333333333334,0.16666666666666669,0.08333333333333334,0.08333333333333334,0.33333333333333337
ix,0.0,0.11475409836065574,0.0,0.1885245901639344,0.10655737704918034,0.00819672131147541,0.00819672131147541,0.5737704918032788
9,0.05339805825242719,0.20388349514563106,0.07281553398058252,0.1553398058252427,0.11650485436893203,0.06796116504854369,0.06796116504854369,0.2621359223300971
mastered,0.08571428571428572,0.17142857142857143,0.028571428571428574,0.19999999999999998,0.1142857142857143,0.1142857142857143,0.05714285714285715,0.2285714285714286
art,0.038461538461538464,0.23076923076923078,0.012820512820512822,0.06410256410256411,0.21794871794871795,0.12820512820512822,0.11538461538461539,0.19230769230769232
flying,0.047058823529411764,0.19999999999999998,0.011764705882352941,0.24705882352941178,0.10588235294117647,0.09411764705882353,0.058823529411764705,0.23529411764705882
production,0.024390243902439022,0.39024390243902435,0.0,0.048780487804878044,0.1219512195121951,0.048780487804878044,0.024390243902439022,0.34146341463414626
47,0.0,0.14285714285714285,0.0,0.16666666666666666,0.11904761904761904,0.023809523809523808,0.023809523809523808,0.5238095238095238
