,anger,anticipation,disgust,fear,joy,sadness,surprise,trust
gutenberg,0.0892608089260809,0.23035797303579733,0.046954904695490476,0.06415620641562064,0.07624360762436076,0.11552766155276616,0.026731752673175267,0.35076708507670856
's,0.09765455110282696,0.15574712643678162,0.07053432743087916,0.13016464740602673,0.13255669462566017,0.1149425287356322,0.07965206585896242,0.21874805840323086
ypres,0.15263157894736842,0.17631578947368423,0.06315789473684211,0.13947368421052633,0.11578947368421053,0.06315789473684211,0.0736842105263158,0.21578947368421053
best-dunkley,0.09746588693957116,0.1364522417153996,0.06432748538011697,0.07212475633528265,0.11306042884990253,0.06237816764132554,0.09161793372319688,0.3625730994152047
thomas,0.09478021978021978,0.13186813186813187,0.08104395604395605,0.12912087912087913,0.1263736263736264,0.09340659340659342,0.07005494505494506,0.2733516483516484
hope,0.050283732660781844,0.20176544766708704,0.03530895334174023,0.06683480453972258,0.1937263556116015,0.058322824716267346,0.1558953341740227,0.23786254728877682
floyd,0.015625,0.203125,0.125,0.015625,0.171875,0.0,0.125,0.34375
ebook,0.06990291262135921,0.20388349514563106,0.05485436893203883,0.09611650485436893,0.11116504854368932,0.07864077669902912,0.06262135922330096,0.3228155339805825
use,0.12524850894632206,0.17020951215782232,0.077228934087781,0.11622572258755161,0.13365958097568437,0.07952286282306163,0.054289646734974766,0.24361523168680227
anyone,0.11498708010335919,0.17312661498708012,0.054263565891472874,0.11111111111111112,0.1227390180878553,0.08914728682170543,0.04263565891472869,0.29198966408268734
almost,0.10147962032384142,0.15843104410943606,0.07300390843104411,0.14419318816303742,0.1239530988274707,0.1360971524288107,0.076214405360134,0.18662758235622556
may,0.10938892740417946,0.16287015945330297,0.07710210953748639,0.12464098247004061,0.1144894523125681,0.1042388828364861,0.06437555709616719,0.24289392888976924
copy,0.18332251784555487,0.11161583387410773,0.08079169370538612,0.08144062297209605,0.04737183646982479,0.07170668397144712,0.03634003893575601,0.3874107722258274
give,0.08997824139255088,0.1863560732113145,0.056444387559196216,0.11148086522462564,0.1349033661845642,0.09970561884039422,0.07346729809292206,0.24766414949443238
away,0.10695946684147273,0.1636621872610073,0.07057795258385229,0.14334098109909318,0.11165738009395827,0.12542335846170655,0.0869660220692669,0.19141265158964274
terms,0.10948741007194245,0.13489208633093525,0.041816546762589925,0.08250899280575538,0.12927158273381295,0.05530575539568345,0.05373201438848921,0.39298561151079137
project,0.12242002063983488,0.17047213622291021,0.049277605779153764,0.05224458204334365,0.10455366357069144,0.07565789473684212,0.021671826625386997,0.403702270381837
license,0.10797034291010196,0.21918443002780355,0.05699721964782206,0.09175162187210381,0.12233549582947174,0.08526413345690455,0.042168674698795185,0.2743280815569972
online,0.05409582689335394,0.21792890262751158,0.0571870170015456,0.09428129829984544,0.12210200927357033,0.06800618238021638,0.07418856259659969,0.3122102009273571
author,0.06401384083044984,0.17517301038062286,0.054930795847750874,0.09904844290657441,0.12067474048442908,0.07439446366782007,0.060553633217993084,0.35121107266435986
date,0.06177606177606178,0.21138996138996138,0.042471042471042476,0.09073359073359073,0.1332046332046332,0.09266409266409266,0.055984555984555984,0.3117760617760618
english,0.08373091603053434,0.17891221374045801,0.05868320610687022,0.11832061068702289,0.1257156488549618,0.08492366412213741,0.06965648854961831,0.2800572519083969
produced,0.07550761421319796,0.182741116751269,0.05139593908629442,0.1262690355329949,0.14213197969543148,0.08121827411167512,0.07741116751269035,0.2633248730964467
distributed,0.06873977086743045,0.2528641571194763,0.05237315875613749,0.11129296235679216,0.12356792144026188,0.06873977086743045,0.04091653027823241,0.281505728314239
http,0.03727714748784441,0.2528363047001621,0.03727714748784441,0.06320907617504053,0.12965964343598055,0.05834683954619125,0.042139384116693684,0.3792544570502431
file,0.12663755458515283,0.11499272197962154,0.10771470160116448,0.13828238719068411,0.10043668122270741,0.12081513828238719,0.08005822416302766,0.21106259097525473
made,0.09642015744411883,0.16652301327357352,0.06745963339654083,0.13480434407860714,0.13106935585818535,0.10480951560075848,0.08010113198873757,0.21881284835947823
service,0.09070109495015526,0.15067821539467235,0.05932341885929073,0.16326197091027947,0.11619545677398269,0.11439777741461024,0.07631966007517568,0.22912240562183364
series,0.07356715141146278,0.13515825491873396,0.06415739948674079,0.0932420872540633,0.10094097519247218,0.07869974337040204,0.05731394354148845,0.3969204448246364
john,0.07841644461362772,0.12409592691282832,0.24857251617815,0.10392082223068139,0.10087552341073468,0.0803197563760944,0.049105443471640656,0.21469356680624285
lane,0.10670731707317072,0.14024390243902438,0.14939024390243902,0.1676829268292683,0.08231707317073171,0.14329268292682926,0.048780487804878044,0.16158536585365854
head,0.10781438675176816,0.14576505088839053,0.0843539761945834,0.14542004485078489,0.11471450750388133,0.1376574090046576,0.07607383129204762,0.1882007935138865
new,0.09526083956907075,0.17709494241893542,0.06442710820994535,0.1294910576872048,0.1263599214562437,0.09733057368784165,0.07334288595234305,0.23669267101841537
company,0.08268839103869653,0.16822810590631362,0.07657841140529531,0.12586558044806517,0.13116089613034623,0.10142566191446029,0.07820773930753563,0.23584521384928717
garden,0.058900523560209424,0.12827225130890052,0.037958115183246065,0.09031413612565443,0.35602094240837695,0.07591623036649213,0.058900523560209424,0.19371727748691098
city,0.10450698681361935,0.1574493209998032,0.06612871481991733,0.15528439283605588,0.11611887423735485,0.10588466837236764,0.07537886242865577,0.21924817949222594
lancashire,0.14427860696517414,0.1492537313432836,0.03980099502487563,0.14427860696517414,0.11442786069651743,0.08955223880597016,0.09452736318407962,0.2238805970149254
fusiliers,0.17283950617283952,0.1419753086419753,0.037037037037037035,0.12345679012345678,0.10493827160493827,0.10493827160493827,0.08641975308641976,0.22839506172839505
july,0.13095238095238096,0.1471861471861472,0.05952380952380953,0.1634199134199134,0.10606060606060605,0.11471861471861472,0.06277056277056277,0.21536796536796537
1917,0.14790996784565918,0.12861736334405147,0.09003215434083603,0.18971061093247588,0.07877813504823152,0.15434083601286175,0.06109324758842444,0.1495176848874598
book,0.07787481804949054,0.17030567685589518,0.06938379427462396,0.11693352741387678,0.13901018922852987,0.0984958757884522,0.07593401261523532,0.2520621057738962
...,0.0905726872246696,0.15348017621145377,0.06995594713656388,0.12722466960352422,0.14237885462555067,0.12193832599118942,0.08546255506607929,0.20898678414096916
upon,0.10945375990124473,0.1556938586565168,0.07000308610225285,0.14134348318074272,0.11670610019545313,0.11691184034564345,0.07519802489455817,0.2146898467235881
yet,0.10474843878873571,0.16024508071167667,0.07163897725933781,0.1418640273359255,0.12572169199952868,0.11370331094615294,0.07859078590785908,0.20348768705078354
good,0.03906486814186118,0.21525462261291303,0.030198545013640502,0.04899211882388603,0.2073734464989391,0.04228554107305245,0.17141558047893304,0.2454152773567748
one,0.100392173311243,0.16360128347629135,0.06675335025061342,0.1318079818803347,0.13126271417486318,0.10991338632216932,0.07765870436004446,0.21861040622444058
hour,0.10380622837370243,0.1726643598615917,0.0657439446366782,0.14844290657439446,0.12006920415224914,0.12387543252595157,0.08166089965397924,0.18373702422145327
sure,0.0905562742561449,0.1759379042690815,0.06683915480810695,0.12246658042259595,0.14316515739542907,0.11297973264338078,0.08365674859853385,0.20439844760672707
knew,0.10631286853971558,0.17291016302462714,0.07075962539021853,0.14134582032604928,0.12469649670482139,0.11914672216441208,0.0785639958376691,0.186264308012487
hell,0.19705882352941176,0.056372549019607844,0.18284313725490198,0.2161764705882353,0.05147058823529412,0.19166666666666668,0.03774509803921569,0.06666666666666668
hold,0.10694489729377242,0.1705249429409847,0.053146397130746655,0.11444408216498207,0.12292142158461038,0.08999021845451581,0.07597000326051517,0.26605803716987286
us,0.10347985347985349,0.15947148090005234,0.065279958137101,0.1435766614338043,0.13075614861329146,0.10249869178440607,0.08045525902668761,0.21448194662480377
men,0.10522277109011557,0.15855354659248957,0.06354611289626397,0.1433983981583617,0.1331830607644717,0.10973094815596372,0.08124310584624239,0.2051220564960913
1,0.10446503791069925,0.14714967705700646,0.07497893850042123,0.15276607694467847,0.09800617803987645,0.09969109800617804,0.06683515866329683,0.2561078348778433
thought,0.07471132522749867,0.3505391144757973,0.04955264969029595,0.10101705284086566,0.10942876806607021,0.0874818383421274,0.06752313221686933,0.15974611914047568
necessary,0.10129431626336523,0.15672481710748454,0.05346088913899831,0.14800225098480585,0.12127180641530669,0.09510410804727068,0.06133933595948228,0.26280247608328644
public,0.07638402242466713,0.2817098808689559,0.04805285814395835,0.11732906196816499,0.10111122234457903,0.07288016818500351,0.05956552207428171,0.24296726399038943
matter,0.1013246572158959,0.15779688589356264,0.06902161282825936,0.13966999767603996,0.10922612131071345,0.1031838252382059,0.06832442481989309,0.2514524750174297
many,0.09810342475098924,0.16216400600354758,0.06726702142174922,0.13535270841861102,0.13241915677445765,0.10881429935871198,0.07463501159776231,0.22124437167417113
feel,0.09449715370018975,0.16280834914611006,0.07020872865275142,0.12903225806451613,0.1476280834914611,0.11499051233396583,0.08766603415559772,0.19316888045540795
way,0.09917563930013458,0.16916218034993272,0.06855652759084792,0.13324360699865412,0.12617765814266488,0.10775572005383581,0.0797442799461642,0.21618438761776582
concerned,0.05312499999999999,0.11874999999999997,0.04479166666666666,0.2489583333333333,0.09270833333333332,0.21874999999999997,0.048958333333333326,0.1739583333333333
quite,0.08268566493955096,0.1662348877374784,0.06541450777202072,0.12262521588946458,0.14486183074265976,0.11398963730569948,0.08678756476683937,0.21740069084628671
action,0.13306631063640412,0.1370716510903427,0.06898086337338674,0.17378727191811305,0.10035603026257232,0.1081441922563418,0.08299955496217179,0.19559412550066754
view,0.0916030534351145,0.1682859125607217,0.059333795975017346,0.12491325468424705,0.12526023594725885,0.09958362248438585,0.08188757807078417,0.2491325468424705
always,0.09486970684039088,0.16693811074918566,0.06908251900108577,0.12567861020629748,0.14508686210640606,0.11034201954397393,0.08007600434310531,0.2079261672095548
felt,0.11817726589884826,0.14321482223335003,0.08362543815723585,0.1483892505424804,0.12652311801034885,0.1387080620931397,0.0814555166082457,0.15990652645635117
read,0.10731034482758621,0.16882758620689656,0.07613793103448276,0.12,0.11889655172413792,0.11172413793103447,0.0673103448275862,0.22979310344827586
kind,0.0740285670403932,0.10121333128551684,0.04807249270465367,0.08785132852096454,0.24927046536630323,0.08370450007679314,0.05790201197972663,0.29795730302564893
forth,0.15172217477939084,0.11984059208653573,0.05351551380586394,0.1021918588101338,0.12866495872473668,0.11414745231995446,0.04696840307429548,0.28294904639908913
leading,0.09273903666427032,0.13803019410496045,0.053199137311286844,0.12437095614665708,0.10567936736161035,0.0704529115744069,0.054636951833213515,0.3608914450035945
times,0.1077831681079941,0.15271039865007383,0.06960556844547564,0.14364058215566333,0.12929761653659563,0.10651761231807634,0.07677705125500948,0.21366800253111157
enough,0.10300359125040809,0.17205354227881162,0.06513222331047992,0.128632060071825,0.12912177603656547,0.10316682990532158,0.08651648710414626,0.21237349004244205
personal,0.08139963167587476,0.13922651933701655,0.04640883977900552,0.12338858195211785,0.1149171270718232,0.0858195211786372,0.06998158379373848,0.33885819521178634
get,0.10238868274582559,0.18703617810760664,0.06458719851576994,0.12929035250463822,0.12210111317254173,0.10238868274582559,0.09056122448979591,0.20164656771799627
opinion,0.10893032384690873,0.18891069676153088,0.06378802747791952,0.15063788027477917,0.10500490677134444,0.0902845927379784,0.06820412168792933,0.2242394504416094
better,0.07895254971451073,0.18566646977751525,0.052766292577278995,0.1147863752707226,0.14097263240795432,0.0929316794644615,0.08781256152785982,0.2461114392596968
know,0.08923406534547403,0.17118371719335834,0.06181039100160685,0.12533476164970542,0.13883235136582756,0.09769683985002678,0.088055704338511,0.2278521692554901
everybody,0.07758620689655171,0.20197044334975367,0.05665024630541871,0.12807881773399013,0.1502463054187192,0.0899014778325123,0.09975369458128078,0.19581280788177338
whether,0.09905381431105854,0.15759905381431105,0.06534594914251922,0.138675340035482,0.11295091661738615,0.10703725606150208,0.07539917208752217,0.2439384979302188
see,0.09091668058106529,0.17966271497745867,0.06503589914843881,0.1289029888128235,0.1355819001502755,0.11337451995324763,0.0827350141926866,0.203790282184004
war,0.09562062710546775,0.12887622009156086,0.060119201865768336,0.29316748725922087,0.0959661397598687,0.09665716506867064,0.05165414183294464,0.17793901701649825
well,0.08954622390585959,0.16974288707987426,0.05948255017328927,0.12895945837027484,0.1383896187636012,0.10058837752881437,0.08374304827919722,0.22954783589908923
following,0.1103869653767821,0.17128309572301428,0.06843177189409369,0.1323828920570265,0.10000000000000002,0.10957230142566192,0.06456211812627292,0.24338085539714868
striking,0.11935483870967742,0.13870967741935483,0.08387096774193549,0.15483870967741933,0.11612903225806451,0.1032258064516129,0.08709677419354839,0.1967741935483871
thing,0.09683635779669184,0.15641560944274932,0.07355066645254538,0.12991809860285852,0.13666291954392162,0.10438413361169104,0.09057330977999037,0.21165890476955196
much,0.09481022463206815,0.16994577846630518,0.06452362509682416,0.1225406661502711,0.13555383423702555,0.1059643687064291,0.0876839659178931,0.21897753679318355
world,0.0980392156862745,0.15820143318371524,0.06630443341995432,0.139066068194346,0.14024726356406014,0.09992912827781714,0.08118749507835263,0.21702496259547993
little,0.08807474797147775,0.16774034915170888,0.06751905581509712,0.1215146299483649,0.14816818293582493,0.11851487582985003,0.0891566265060241,0.19931153184165235
wish,0.09474717722140402,0.1713303878252332,0.06185567010309278,0.117820324005891,0.1369661266568483,0.10702012763868435,0.07461953853706431,0.235640648011782
heart,0.11425539441103645,0.14220021223912274,0.065263530244075,0.15104350902016273,0.1345949770074284,0.14149274849663956,0.08348072161301734,0.16766890696851788
edward,0.0707070707070707,0.14747474747474745,0.08282828282828282,0.11919191919191918,0.1414141414141414,0.08484848484848484,0.06262626262626263,0.2909090909090909
said,0.08995670532898606,0.16623015660911863,0.0667058634881608,0.12400448981773479,0.13907744935592498,0.10898498049067296,0.08840664920626437,0.21663370570313756
wished,0.11267605633802819,0.15915492957746477,0.06478873239436621,0.1507042253521127,0.13521126760563382,0.1028169014084507,0.07605633802816902,0.19859154929577463
people,0.09332227291580256,0.16134384072998753,0.063528273192313,0.14267938614682701,0.13341628646481402,0.09297663486796624,0.07133969307341351,0.24139361260887596
feeling,0.11068643938235745,0.13789940376089282,0.10380675737654793,0.1301024308209754,0.1288793762421648,0.12322274881516589,0.10915762115884421,0.15624522244305153
end,0.10270951480781347,0.16288594833018272,0.06159420289855072,0.1447700063011972,0.1280718336483932,0.11436672967863894,0.07860743541272841,0.20699432892249528
life,0.09113475177304965,0.16595744680851063,0.0638888888888889,0.1281323877068558,0.15070921985815605,0.11028368794326242,0.07789598108747045,0.21199763593380613
think,0.0913531998045921,0.1734245236932096,0.0687184497638821,0.12473538511643056,0.13662269988601206,0.10877707213808827,0.08891060087933561,0.20745806871844977
experience,0.08635097493036212,0.17150815758058097,0.053720652606446484,0.12136888181456426,0.1408674890569041,0.10385992837246319,0.0831675288499801,0.23915638678869877
person,0.14455100261551873,0.15379250217959897,0.07044463818657368,0.13687881429816914,0.1049694856146469,0.0938099389712293,0.06765475152571927,0.22789886660854405
would,0.10672276511038725,0.16094372059355772,0.06765743756786101,0.14768820123054652,0.12309989142236699,0.11816865725660514,0.08050579080709373,0.1952135360115816
put,0.11319046181708423,0.1669182010262602,0.07032900694234834,0.1436764261998189,0.11002112888620587,0.11168125565952311,0.0760639903410806,0.20811952912767887
work,0.11601171482274775,0.18275997726974694,0.04489224985793592,0.09446168640993138,0.12414215150587928,0.09013419591729686,0.06456266118809285,0.2830353630283691
rather,0.09246371047922053,0.1662358321733943,0.06800556770729767,0.12726188108967987,0.1338238218333665,0.11572877311592762,0.07595943527540266,0.22052097832571088
things,0.08917621967475341,0.16755531858171155,0.06984804052252733,0.12516662223407093,0.14102905891762196,0.10410557184750734,0.0841109037589976,0.21900826446280994
play,0.08292201382033564,0.1855873642645607,0.05528134254689043,0.11994076999012836,0.16584402764067127,0.09822309970384996,0.09081934846989143,0.2013820335636723
letters,0.08181818181818183,0.19595959595959597,0.055555555555555566,0.11515151515151516,0.15303030303030304,0.09393939393939396,0.0686868686868687,0.23585858585858588
let,0.09629883481836875,0.16792323509252916,0.0635709389993146,0.13022618231665523,0.13502398903358465,0.1065798492117889,0.08361891706648389,0.21675805346127486
house,0.08310163731850477,0.16821130676552362,0.06703738029039233,0.12094531974050045,0.1422613531047266,0.11183194315724435,0.07707754093296261,0.22953351869014516
diary,0.0375,0.12083333333333333,0.025,0.09583333333333334,0.2875,0.0625,0.05416666666666667,0.3166666666666667
home,0.07964338781575038,0.18662704309063893,0.059732540861812775,0.11471025260029717,0.14695393759286776,0.11768202080237741,0.07548291233283805,0.21916790490341753
memorable,0.07762557077625572,0.0958904109589041,0.04566210045662101,0.09132420091324202,0.20091324200913244,0.07305936073059362,0.17808219178082194,0.23744292237442924
days,0.12070254110612855,0.17650722471350275,0.05293971101145989,0.11796213253612357,0.13801694070752366,0.11136023916292974,0.09417040358744394,0.18834080717488788
spent,0.07991803278688525,0.2069672131147541,0.05737704918032788,0.10655737704918034,0.1526639344262295,0.10963114754098362,0.08709016393442623,0.19979508196721313
salient,0.16551724137931034,0.16551724137931034,0.06206896551724138,0.16551724137931034,0.09655172413793105,0.07586206896551724,0.07586206896551724,0.1931034482758621
vicinity,0.180327868852459,0.11475409836065573,0.08196721311475409,0.16393442622950818,0.08196721311475409,0.11475409836065573,0.12295081967213112,0.13934426229508196
battle,0.286916281026504,0.11863693731594446,0.053428691628102654,0.14177534707614642,0.09297433740008414,0.10180900294488851,0.055952881783761045,0.14850652082456878
messines,0.18947368421052632,0.17894736842105266,0.010526315789473686,0.09473684210526316,0.17894736842105266,0.052631578947368425,0.0736842105263158,0.22105263157894736
third,0.10838227442605444,0.14895888948211425,0.06727175654030966,0.1430859583555793,0.11105178857447945,0.10304324612920449,0.07154297917778965,0.24666310731446878
period,0.08159480760315252,0.19888734353268428,0.04775150672229949,0.13259156235512284,0.1312007417709782,0.10106629578117757,0.08623087621696801,0.22067686601761705
great,0.09272489434493862,0.16784061179311732,0.05775810022137252,0.13413161601931978,0.14595492050714431,0.10082511571744818,0.0851277923123365,0.21563694908432282
battalion,0.2914364640883978,0.13259668508287292,0.038674033149171276,0.11740331491712708,0.09668508287292818,0.059392265193370174,0.07734806629834255,0.18646408839779008
course,0.0716037273173124,0.1783962726826876,0.04291319274153997,0.11059342815105443,0.13511525257479157,0.09171162334477685,0.07258460029426189,0.2970819028935753
noticed,0.07352941176470588,0.19362745098039216,0.06862745098039216,0.12009803921568626,0.15196078431372548,0.14215686274509803,0.09068627450980392,0.15931372549019607
whole,0.10512747063878546,0.15468347178458897,0.06932111142938986,0.14236608421655686,0.12632483529074764,0.1064164995703237,0.07719851045545689,0.2185620166141507
looking,0.09473237043330501,0.16822429906542055,0.0713678844519966,0.12786745964316057,0.14103653355989804,0.1274426508071368,0.09345794392523366,0.17587085811384875
forward,0.11438784629133153,0.1554959785522788,0.07059874888293119,0.1595174262734584,0.11260053619302948,0.11885612153708668,0.09830205540661305,0.17024128686327075
day,0.09420818144997976,0.17286350749291213,0.06156338598622924,0.12782503037667073,0.1357634669906845,0.11526933981368977,0.08383961117861483,0.20866747671121916
far,0.09819367105799268,0.15727285074018743,0.0639684911041695,0.14722259948390604,0.1264430259405134,0.11639277468423198,0.08013038163791934,0.21037620535107973
none,0.11370262390670553,0.14358600583090378,0.07507288629737609,0.1399416909620991,0.13921282798833817,0.10714285714285714,0.06705539358600583,0.21428571428571427
time,0.07523510971786834,0.3544061302681992,0.05022640195053988,0.10595611285266457,0.10195053988157435,0.08665970045280388,0.062243120863810515,0.16332288401253917
perhaps,0.10901027077497664,0.1687675070028011,0.07469654528478058,0.1426237161531279,0.1223155929038282,0.11391223155929037,0.07679738562091502,0.19187675070028012
man,0.10597423748889548,0.15527835356825587,0.07099496594610602,0.140250222090613,0.1340316849274504,0.10971276280722536,0.08235860230974239,0.20139917086171158
colonel,0.08195637805684071,0.1335095836087244,0.05221414408460013,0.13945803040317248,0.07402511566424323,0.08460013218770654,0.06212822207534699,0.37210839391936545
going,0.09061672342035566,0.19088157396897465,0.05732122587968218,0.1345062429057889,0.12902005297010974,0.10991297767688232,0.09572455542943624,0.19201664774877034
glory,0.05409060175794456,0.222447599729547,0.044624746450304266,0.07640297498309669,0.23394185260311023,0.06896551724137931,0.060175794455713326,0.2393509127789047
ever,0.09784172661870504,0.15879659908436888,0.06854153041203401,0.1342053629823414,0.14153041203400915,0.11013734466971876,0.0854153041203401,0.20353172007848266
name,0.09456104716768224,0.14691943127962084,0.0719927781539156,0.12886481606860753,0.13902053712480253,0.09614082599864589,0.06589934552019859,0.2566012186865267
months,0.11564625850340135,0.14780457637600494,0.061842918985776124,0.18058132343846628,0.10760667903525045,0.14533085961657388,0.06617192331478046,0.17501546072974644
story,0.09756995581737851,0.17341678939617086,0.0622238586156112,0.11966126656848308,0.14617083946980858,0.09609720176730487,0.0894698085419735,0.21539027982326953
saw,0.09695453876710314,0.17066352802707077,0.07135500956304251,0.12799764602030306,0.14153302927762249,0.12696777990289834,0.08636163013094013,0.17816683831101957
came,0.10501608276101887,0.15795879335825438,0.06685212553246979,0.14361470920629402,0.12240285143006173,0.12761888203077457,0.0875423802486308,0.18899417543249586
late,0.08594164456233423,0.12997347480106103,0.050397877984084884,0.11087533156498675,0.09814323607427057,0.2923076923076923,0.0610079575596817,0.17135278514588861
appeared,0.09428223844282238,0.17335766423357662,0.06386861313868612,0.1362530413625304,0.12773722627737225,0.11496350364963502,0.0875912408759124,0.2019464720194647
others,0.1047317362898436,0.15858245891902595,0.06810532567808356,0.13541872896456147,0.1360126707582657,0.10393981389823798,0.06652148089487231,0.22668778459710948
believe,0.09403862300587743,0.1582703610411419,0.06213266162888329,0.13056255247691015,0.1351805205709488,0.09697732997481108,0.07388748950461797,0.24895046179680938
right,0.12766740250183958,0.1545253863134658,0.057579102281089034,0.12408020603384842,0.11423841059602649,0.11552612214863871,0.0712840323767476,0.23509933774834435
hero,0.04761904761904762,0.21073961499493415,0.030395136778115502,0.05876393110435664,0.2137791286727457,0.06281661600810537,0.1651469098277609,0.21073961499493415
certainly,0.1036988110964333,0.1499339498018494,0.06010568031704095,0.1532364597093791,0.12879788639365916,0.10964332892998678,0.07067371202113606,0.2239101717305152
ask,0.09109874826147428,0.16063977746870656,0.06884561891515995,0.12239221140472879,0.13212795549374132,0.09527121001390822,0.06954102920723228,0.2600834492350487
asked,0.09136468774094064,0.17270624518118738,0.06515034695451041,0.12451811873554357,0.14186584425597534,0.10408635312259061,0.08750963762528914,0.212798766383963
brilliant,0.057953144266337846,0.24907521578298394,0.024660912453760786,0.06535141800246609,0.23057953144266335,0.04438964241676941,0.061652281134401965,0.2663378545006165
young,0.053363431151241536,0.22952595936794584,0.03855530474040632,0.07006772009029345,0.23015801354401805,0.06103837471783295,0.18600451467268625,0.13128668171557561
remarkable,0.04007820136852395,0.10166177908113391,0.019550342130987292,0.06256109481915934,0.22971652003910067,0.04594330400782013,0.19745845552297164,0.30303030303030304
must,0.10854850839809477,0.1647029330659313,0.06542993231386313,0.13875658059664076,0.11794936074204061,0.10691902732514413,0.06981699674103786,0.22787666081724742
commanded,0.11808118081180813,0.1070110701107011,0.059040590405904064,0.22878228782287824,0.09963099630996311,0.08856088560885608,0.09963099630996311,0.19926199261992622
since,0.09735973597359736,0.1762009534286762,0.06435643564356436,0.13751375137513752,0.1266960029336267,0.10377704437110379,0.08085808580858087,0.21323799046571326
death,0.14468941235644228,0.1537429792941571,0.12867801156844663,0.17117947858160784,0.04987844748092883,0.15047363567776006,0.11778019951378993,0.0835778355268673
still,0.10075893748751748,0.15767924905132813,0.07219892150988616,0.1438985420411424,0.1294188136608748,0.11753545036948272,0.07659277012182944,0.20191731575793886
brighten,0.05434782608695653,0.07608695652173914,0.025362318840579715,0.03623188405797102,0.24275362318840582,0.03623188405797102,0.213768115942029,0.31521739130434784
never,0.09919499105545618,0.16171735241502683,0.06475849731663685,0.13658318425760285,0.14141323792486585,0.11949910554561717,0.08076923076923076,0.19606440071556352
led,0.09941520467836257,0.14736842105263157,0.07660818713450292,0.15555555555555556,0.12631578947368421,0.1216374269005848,0.06959064327485379,0.20350877192982456
glorious,0.10373443983402489,0.1673582295988935,0.06500691562932226,0.12033195020746887,0.1839557399723375,0.10096818810511755,0.07468879668049792,0.1839557399723375
de,0.11154489682097045,0.177356385945343,0.04852203011712214,0.11600669269380927,0.1461238148354713,0.09871723368655884,0.08142777467930842,0.22030117122141663
corps,0.0967741935483871,0.12096774193548386,0.040322580645161296,0.20967741935483872,0.06451612903225806,0.0967741935483871,0.07258064516129031,0.29838709677419356
2/5th,0.14166666666666666,0.16666666666666666,0.033333333333333326,0.11666666666666665,0.1333333333333333,0.05833333333333333,0.09166666666666666,0.2583333333333333
served,0.1033434650455927,0.1656534954407295,0.05319148936170212,0.1398176291793313,0.1534954407294833,0.08966565349544073,0.07142857142857142,0.22340425531914893
remember,0.09085992428339641,0.17414818820984315,0.05840995132504056,0.12060573282855597,0.1427798810167658,0.09680908599242834,0.09140075716603568,0.224986479177934
fact,0.0853658536585366,0.12825431625102768,0.05289120306933407,0.11482597972047139,0.09756097560975611,0.0865990682378734,0.061249657440394636,0.3732529460126062
certain,0.09348659003831417,0.15900383141762453,0.07796934865900383,0.13869731800766283,0.11934865900383142,0.12011494252873561,0.06992337164750957,0.221455938697318
however,0.10024509803921569,0.15637254901960784,0.059803921568627454,0.13897058823529412,0.11838235294117648,0.10220588235294119,0.07573529411764707,0.24828431372549023
impressed,0.09424083769633508,0.16230366492146597,0.06282722513089005,0.1518324607329843,0.11518324607329844,0.09947643979057592,0.052356020942408384,0.2617801047120419
old,0.08596965776784664,0.1648241797012819,0.06644713630483359,0.11942843702222744,0.1540632717864283,0.129601317182171,0.06821121956956368,0.2114547806656474
fully,0.07142857142857141,0.12474849094567403,0.05231388329979879,0.1358148893360161,0.08651911468812876,0.0925553319919517,0.05835010060362172,0.37826961770623735
shall,0.08615049073064339,0.15200067108464055,0.05855213488801275,0.12482174314235382,0.11920140927774515,0.08355003774851104,0.06383692643234627,0.311886586695747
chapter,0.12653651482284886,0.133646661846228,0.08833453844299831,0.18703302000482042,0.09086526873945529,0.1475054229934924,0.0878524945770065,0.13822607857315017
page,0.1076923076923077,0.14280936454849497,0.07591973244147157,0.13946488294314383,0.1117056856187291,0.11204013377926422,0.07157190635451506,0.23879598662207357
front,0.12494341330918966,0.16432775011317338,0.0583974649162517,0.16387505658669083,0.0995925758261657,0.11543684925305567,0.09099139882299682,0.18243549117247623
ii,0.12593444508338125,0.15756181713628523,0.08683151236342726,0.17193789534215068,0.09833237492811961,0.11213341000575043,0.07130534790109258,0.17596319723979298
prison,0.20643939393939395,0.09343434343434344,0.059343434343434344,0.22537878787878787,0.06818181818181819,0.2032828282828283,0.04166666666666667,0.10227272727272728
iii,0.1251798561151079,0.15251798561151078,0.08345323741007193,0.16546762589928055,0.09352517985611511,0.1158273381294964,0.07985611510791367,0.1841726618705036
iv,0.13703284258210646,0.15402038505096263,0.08946772366930918,0.17893544733861835,0.08154020385050963,0.1279728199320498,0.08380520951302378,0.14722536806342015
v,0.12308715901530273,0.14105123087159016,0.08649367930805058,0.17232202262142382,0.09381237524950099,0.13040585495675316,0.08649367930805058,0.16633399866932802
march,0.12586445366528357,0.136468418626095,0.08298755186721993,0.16274781005071462,0.09820193637621025,0.12586445366528357,0.06546795758414016,0.20239741816505302
general,0.08258308324997221,0.13860175614093587,0.042347449149716575,0.11503834611537178,0.10447927086806715,0.07046793375569635,0.05112815382905413,0.39535400689118594
speech,0.09475620975160993,0.16835326586936522,0.053357865685372576,0.1057957681692732,0.15455381784728608,0.07451701931922723,0.06623735050597976,0.28242870285188587
back,0.1112866420923293,0.16605230823240305,0.0667017728629103,0.14244339125855715,0.11857117781288397,0.1289275057047569,0.0796032999824469,0.18641390205371247
bilge,0.1891891891891892,0.08108108108108109,0.02702702702702703,0.10810810810810811,0.13513513513513514,0.10810810810810811,0.05405405405405406,0.2972972972972973
trench,0.16450216450216454,0.16450216450216454,0.06926406926406928,0.14718614718614723,0.09956709956709958,0.05194805194805195,0.04761904761904763,0.2554112554112554
ramparts,0.19230769230769232,0.11538461538461538,0.019230769230769232,0.07692307692307693,0.21153846153846154,0.05769230769230769,0.05769230769230769,0.2692307692307693
trenches,0.1752136752136752,0.13675213675213677,0.06837606837606838,0.1965811965811966,0.1153846153846154,0.08547008547008549,0.07264957264957266,0.14957264957264957
relief,0.1024343544857768,0.13689824945295404,0.07453501094091904,0.1686269146608315,0.10393873085339167,0.12089715536105032,0.10175054704595186,0.19091903719912473
watou,0.12903225806451613,0.16129032258064518,0.06451612903225806,0.1935483870967742,0.0967741935483871,0.12903225806451613,0.03225806451612903,0.1935483870967742
murray,0.05660377358490566,0.13836477987421386,0.006289308176100629,0.050314465408805034,0.169811320754717,0.10062893081761007,0.08176100628930819,0.39622641509433965
allenby,0.06,0.12,0.01,0.1,0.18,0.05,0.05,0.43
infantry,0.09803921568627451,0.0784313725490196,0.058823529411764705,0.27450980392156865,0.11764705882352941,0.058823529411764705,0.0,0.3137254901960784
minden,0.23076923076923075,0.11538461538461538,0.0,0.15384615384615385,0.11538461538461538,0.11538461538461538,0.0,0.2692307692307693
rawlinson,0.19999999999999998,0.09999999999999999,0.0,0.125,0.049999999999999996,0.024999999999999998,0.0,0.5
ostend,0.2222222222222222,0.07407407407407407,0.0,0.1111111111111111,0.037037037037037035,0.037037037037037035,0.0,0.5185185185185185
order,0.10195449241540257,0.1543173862310385,0.06928238039673279,0.14964994165694281,0.11887397899649942,0.09801633605600933,0.08036756126021002,0.22753792298716452
garter,0.18666666666666668,0.08,0.12,0.16,0.06666666666666667,0.09333333333333334,0.09333333333333334,0.19999999999999998
goldfish,0.11940298507462686,0.1791044776119403,0.08955223880597014,0.10447761194029852,0.09701492537313433,0.11940298507462686,0.09701492537313433,0.19402985074626866
château,0.11811023622047244,0.15748031496062992,0.06299212598425197,0.10236220472440945,0.14173228346456693,0.11811023622047244,0.047244094488188976,0.25196850393700787
france,0.11337524387600262,0.1552135269889443,0.047257749837416006,0.16735313245176675,0.11510947322783438,0.11944504660741384,0.06481682202471278,0.2174290049859094
1916,0.14935064935064934,0.17532467532467533,0.025974025974025972,0.09090909090909091,0.09090909090909091,0.07792207792207792,0.03896103896103896,0.35064935064935066
somme,0.32,0.08,0.1,0.2,0.04,0.06,0.0,0.2
officer,0.10004952947003468,0.11490837048043587,0.05943536404160476,0.12828132738979695,0.08221892025755324,0.09559187716691432,0.055473006438831116,0.36404160475482916
royal,0.07188940092165899,0.13732718894009216,0.04884792626728111,0.12442396313364057,0.1336405529953917,0.0912442396313364,0.0792626728110599,0.31336405529953915
received,0.10775112964893988,0.18004866180048662,0.04935696906499826,0.09419534237052485,0.143204727146333,0.10184219673270768,0.08481056656239137,0.23879040667361837
orders,0.09670079635949942,0.18885096700796355,0.051194539249146756,0.14562002275312855,0.12059158134243458,0.09215017064846416,0.07281001137656427,0.23208191126279862
return,0.11061061061061063,0.1581581581581582,0.0830830830830831,0.14914914914914917,0.12512512512512514,0.10660660660660662,0.06106106106106107,0.20620620620620625
proceed,0.10400000000000001,0.20800000000000002,0.04,0.088,0.088,0.128,0.11200000000000002,0.23199999999999998
able,0.101994851994852,0.16377091377091377,0.06113256113256113,0.14092664092664092,0.1287001287001287,0.10231660231660233,0.08011583011583012,0.22104247104247104
like,0.10731279161084677,0.15267704531805792,0.07553009654917542,0.13992701067122465,0.13461449623504412,0.11752205848385458,0.08356816187000508,0.18884833926179148
first,0.09362859362859363,0.1842046842046842,0.06116106116106115,0.1358086358086358,0.12565212565212566,0.09862359862359862,0.0768120768120768,0.22410922410922413
fire,0.10464344941956882,0.12189054726368159,0.06169154228855722,0.32786069651741295,0.08590381426202322,0.09502487562189056,0.07230514096185739,0.1306799336650083
seen,0.09044444444444445,0.17466666666666666,0.066,0.1348888888888889,0.13311111111111112,0.11577777777777777,0.08399999999999999,0.20111111111111113
heard,0.11379392780301219,0.1639971312455176,0.0700454219459718,0.13746115228305045,0.11618455653836961,0.12311737987090607,0.09275639493186708,0.18264403538130528
magnificent,0.05337078651685393,0.21910112359550563,0.03089887640449438,0.07584269662921349,0.20786516853932585,0.03932584269662922,0.16292134831460672,0.21067415730337077
line,0.09793211080764729,0.20639875146312917,0.061256340226297314,0.14514241123683186,0.0944206008583691,0.1072961373390558,0.06047600468201327,0.22707764338665629
amongst,0.09772727272727272,0.16136363636363635,0.07045454545454545,0.1409090909090909,0.13409090909090907,0.1068181818181818,0.09545454545454544,0.19318181818181815
two,0.10137133638074752,0.16039257865017478,0.06695348211884916,0.13955364345254104,0.11871470825490724,0.11716859370798602,0.07824684054853456,0.21759881688625973
already,0.11002292144196708,0.1710773077724526,0.06938945613669514,0.1404459262346322,0.1327359866638883,0.10835590748072516,0.07543238174619712,0.19254011252344239
observed,0.0909090909090909,0.1576994434137291,0.07235621521335807,0.13172541743970315,0.14100185528756956,0.10204081632653061,0.09276437847866419,0.21150278293135433
england,0.09099126242844231,0.1765592045796927,0.05302802048809883,0.13588430250075323,0.13467912021693282,0.09159385357035252,0.06357336547152757,0.2536908707442001
summer,0.08200836820083682,0.17656903765690377,0.058577405857740586,0.1087866108786611,0.15648535564853558,0.12384937238493725,0.09037656903765691,0.20334728033472807
last,0.10671977124183006,0.17453022875816993,0.06311274509803921,0.14307598039215685,0.12591911764705882,0.12602124183006536,0.07904411764705882,0.18157679738562094
long,0.07459058341862845,0.3504350051177073,0.05060133060388946,0.10612845445240533,0.10676816786079837,0.09352610030706243,0.05859774820880246,0.15935261003070625
second-lieutenant,0.0,0.0,0.1111111111111111,0.037037037037037035,0.037037037037037035,0.18518518518518517,0.1111111111111111,0.5185185185185185
reported,0.12994350282485875,0.11581920903954801,0.08192090395480225,0.15819209039548024,0.0847457627118644,0.1384180790960452,0.04519774011299435,0.24576271186440676
duty,0.09496494582536648,0.16188655194391333,0.06437221159974506,0.14595283620140218,0.12045889101338432,0.0898661567877629,0.0592734225621415,0.26322498406628425
reserve,0.0918918918918919,0.14414414414414414,0.06126126126126127,0.15315315315315314,0.11351351351351352,0.10090090090090091,0.10090090090090091,0.23423423423423426
south,0.09981167608286252,0.14500941619585686,0.06967984934086628,0.13841807909604517,0.13653483992467041,0.1007532956685499,0.08286252354048963,0.22693032015065911
camp,0.10136674259681092,0.17312072892938493,0.06833712984054668,0.1583143507972665,0.1184510250569476,0.13667425968109337,0.06264236902050113,0.18109339407744873
hospital,0.06752827140549272,0.08852988691437803,0.039418416801292405,0.24006462035541196,0.053634894991922456,0.21938610662358643,0.04297253634894992,0.24846526655896609
place,0.09396605908233815,0.1568196103079824,0.06316781898177247,0.14016341923318668,0.1332495285983658,0.11449821914938192,0.07720511208883302,0.2209302325581395
shortly,0.09649122807017545,0.29385964912280704,0.07675438596491228,0.15789473684210528,0.06578947368421052,0.10964912280701755,0.06578947368421052,0.1337719298245614
returned,0.08741258741258741,0.1818181818181818,0.05856643356643356,0.12937062937062935,0.13199300699300698,0.11013986013986013,0.08129370629370629,0.21940559440559437
leave,0.06306990881458968,0.10891590678824722,0.037740628166160084,0.08763931104356637,0.07801418439716312,0.2563323201621074,0.23606889564336375,0.13221884498480244
happy,0.03607610575735112,0.2525327403014579,0.030887076847047196,0.05164319248826291,0.25871015567086736,0.05584383493946132,0.048183839881393624,0.26612305411415865
manchester,0.020408163265306124,0.20408163265306123,0.061224489795918366,0.0816326530612245,0.163265306122449,0.10204081632653061,0.061224489795918366,0.30612244897959184
father,0.0700789622109419,0.13310772701635645,0.0559785673998872,0.09334461364918217,0.12648054145516074,0.09475465313028764,0.06274675690919346,0.3635081782289904
mother,0.03215855633531271,0.21554715817074108,0.027839901287884626,0.04418909539600524,0.21994293205830182,0.18886403948484612,0.03593737950181229,0.23552093776509597
station,0.11502029769959404,0.17050067658998647,0.06089309878213803,0.1786197564276049,0.10554803788903926,0.13802435723951287,0.058186738836265225,0.17320703653585928
