,anger,anticipation,disgust,fear,joy,sadness,surprise,trust
project,0.11360677083333333,0.19759114583333331,0.045572916666666664,0.045572916666666664,0.10579427083333333,0.07649739583333333,0.0244140625,0.3909505208333333
gutenberg,0.0759753593429158,0.2761806981519507,0.04517453798767966,0.0379876796714579,0.09958932238193018,0.08624229979466118,0.03285420944558521,0.34599589322381924
ebook,0.10230179028132992,0.21909633418584828,0.042625745950554135,0.05541346973572038,0.057971014492753624,0.13043478260869568,0.02728047740835465,0.3648763853367434
world,0.08629737609329445,0.16501457725947521,0.06326530612244897,0.12623906705539356,0.1507288629737609,0.09766763848396501,0.07259475218658891,0.23819241982507286
country,0.08042255920940534,0.15863009030499234,0.059294598739137845,0.13000511160333958,0.13511671494292044,0.10086897256772875,0.06679161697052309,0.2688703356619526
first,0.08925370317954524,0.18907444098499857,0.05302387017643174,0.11718086611944521,0.13718275308991412,0.0914237192187942,0.07302575714690064,0.24983489008397014
seen,0.08402800933644547,0.181727242414138,0.06268756252084028,0.1290430143381127,0.136378792930977,0.10370123374458153,0.07935978659553183,0.2230743581193731
please,0.055865921787709494,0.2053072625698324,0.051675977653631286,0.08519553072625698,0.15223463687150837,0.0893854748603352,0.07541899441340782,0.2849162011173184
change,0.05668016194331983,0.15114709851551958,0.04093567251461988,0.2564102564102564,0.11740890688259109,0.08367071524966262,0.07287449392712551,0.22087269455690506
without,0.09817464232856439,0.16240749876665023,0.05989146521953627,0.1426739023186976,0.12767636901825358,0.10587074494326591,0.06847557967439567,0.23482979773063642
legal,0.13145539906103287,0.12363067292644757,0.04381846635367762,0.1048513302034429,0.057902973395931145,0.16431924882629106,0.0297339593114241,0.34428794992175277
small,0.08118254340685126,0.18488972313467858,0.06006569685593619,0.12247770999530738,0.1309244486156734,0.11590802440168936,0.07836696386672924,0.22618488972313472
may,0.08211220431232992,0.18662340380992257,0.05589281976135651,0.1186414067406322,0.130364245342265,0.09085199916265439,0.06688298095038728,0.26863093992045217
used,0.09568812758417011,0.1730655640874188,0.05729474305965741,0.11045481393975193,0.11990549320732427,0.09332545776727702,0.06792675723567632,0.28233904311872415
also,0.07194397283531409,0.1926994906621392,0.04881154499151104,0.10674872665534806,0.13943123938879456,0.08255517826825128,0.06897283531409168,0.2888370118845501
find,0.07543722265726964,0.1829809449229966,0.05377186113286349,0.11641868963717045,0.1534847298355521,0.09423127120856174,0.07282693813625685,0.25084834246932913
make,0.0824372759856631,0.1802150537634409,0.055770609318996425,0.1181362007168459,0.1459498207885305,0.09261648745519716,0.07684587813620074,0.24802867383512547
free,0.08782527881040891,0.16310408921933084,0.05390334572490706,0.13382899628252787,0.12592936802973978,0.09293680297397769,0.056226765799256506,0.2862453531598513
plain,0.08657047724750278,0.17203107658157604,0.059933407325194234,0.097669256381798,0.1120976692563818,0.09322974472807992,0.06215316315205327,0.316315205327414
ebooks,0.0,0.449438202247191,0.0,0.028089887640449437,0.0842696629213483,0.0,0.028089887640449437,0.41011235955056174
readable,0.0591715976331361,0.2366863905325444,0.0,0.0591715976331361,0.02958579881656805,0.0591715976331361,0.0,0.5562130177514792
since,0.0862627197039778,0.19125809435707675,0.05758556891766882,0.11817761332099906,0.12812210915818684,0.09481961147086031,0.07493061979648473,0.2488436632747456
2,0.12149532710280375,0.13084112149532712,0.07476635514018692,0.04672897196261683,0.03738317757009346,0.22429906542056077,0.0,0.36448598130841126
author,0.06855791962174941,0.17572892040977148,0.05200945626477541,0.08510638297872342,0.10717100078802207,0.07880220646178093,0.06382978723404256,0.3687943262411348
yes,0.058064516129032254,0.18064516129032257,0.09032258064516129,0.0935483870967742,0.1774193548387097,0.1032258064516129,0.054838709677419356,0.24193548387096772
one,0.09044956728191775,0.17281917745270736,0.06253350693114805,0.12782415562533508,0.1365551045416252,0.1004059125373363,0.07233667764417555,0.2370758979857548
produced,0.09289617486338798,0.18989071038251365,0.06284153005464481,0.14071038251366122,0.12704918032786885,0.09084699453551912,0.059426229508196725,0.23633879781420766
would,0.09466068469342387,0.17553857968554223,0.060749363404874496,0.13564528515419746,0.12271128895355887,0.10339113212885494,0.06782264257709873,0.23948102340244937
know,0.08318514127642758,0.17407626951195415,0.06382137917407626,0.12270302311796087,0.13396561944279786,0.10393202924323255,0.07053941908713693,0.24777711914641376
must,0.08854961832061069,0.1797709923664122,0.05737913486005089,0.12086513994910941,0.1346055979643766,0.09631043256997456,0.07582697201017811,0.24669211195928753
home,0.0797277588721439,0.18522119591638309,0.06271268838113758,0.11667476908118618,0.14000972289742344,0.11229946524064172,0.0690325717063685,0.23432182790471565
men,0.1044562258203181,0.16234417538329277,0.0726465109614558,0.13898839375268662,0.1379853847256054,0.10603238286287434,0.07207336294598081,0.20547356354778623
left,0.09216152019002374,0.16009501187648456,0.06318289786223277,0.14251781472684083,0.11947743467933492,0.12470308788598575,0.0676959619952494,0.23016627078384794
clarence,0.08677337826453244,0.16427969671440606,0.060657118786857624,0.12299915754001685,0.14658803706823925,0.10951979780960404,0.11036225779275484,0.19882055602358886
little,0.09012510627960646,0.17211223126442365,0.06316045184015547,0.13360864812340578,0.13907445645572694,0.10761569294303414,0.07299890683833353,0.22130450625531398
whether,0.08647677700795484,0.1760328457788042,0.0544008211444701,0.1354888375673595,0.11752630228380806,0.09443161406209905,0.06902745701821915,0.2666153451372851
certain,0.08794041821827557,0.18218275565740474,0.06044113434545975,0.1240332283013463,0.1349183615010026,0.09137782870237754,0.07906044113434546,0.24004583213978803
night,0.08975676601575883,0.1719767043508051,0.05892428914011648,0.14559780746831108,0.1301815690304899,0.12915381980130183,0.08221993833504625,0.19218910585817062
brief,0.08863636363636364,0.18636363636363634,0.05454545454545455,0.1090909090909091,0.17500000000000002,0.09999999999999999,0.06818181818181818,0.2181818181818182
rose,0.12781954887218044,0.15939849624060148,0.08872180451127819,0.13533834586466167,0.11127819548872181,0.13834586466165413,0.07819548872180451,0.16090225563909774
early,0.08190618019359643,0.18615040953090095,0.058078927773641105,0.11988086373790023,0.1548771407297096,0.09158600148920328,0.07892777364110201,0.2285927029039464
mr.,0.06199588802783489,0.1987980389055828,0.057883915862723394,0.09141230428594022,0.10406452633243714,0.08002530444409299,0.054404554799936736,0.3514154673414519
de,0.06716981132075471,0.19849056603773582,0.04735849056603773,0.10584905660377357,0.10924528301886792,0.08226415094339622,0.06358490566037735,0.3260377358490566
warens,0.07894736842105263,0.23684210526315785,0.07894736842105263,0.15789473684210525,0.07894736842105263,0.10526315789473684,0.10526315789473684,0.15789473684210525
three,0.08499399759903963,0.18199279711884755,0.054741896758703494,0.11836734693877551,0.13613445378151262,0.10252100840336136,0.06674669867947179,0.2545018007202881
copperas,0.07514450867052024,0.18497109826589597,0.06358381502890174,0.08670520231213873,0.22543352601156072,0.04046242774566474,0.10982658959537572,0.21387283236994223
called,0.09075458871515976,0.1825288919102651,0.05710401087695445,0.13494221617946975,0.1264445955132563,0.09857239972807613,0.06322229775662815,0.24643099932019033
took,0.08314020857473928,0.18047508690614134,0.05359212050984936,0.11935110081112399,0.1384704519119351,0.10283893395133255,0.08864426419466977,0.23348783314020857
bound,0.10443864229765012,0.16884247171453437,0.054830287206266315,0.134029590948651,0.11575282854656221,0.10356832027850303,0.05918189730200174,0.25935596170583114
two,0.08591793488730494,0.18233481024850703,0.05451743402041996,0.11924484685031785,0.12897322288576382,0.0980543247929108,0.06829127335773454,0.26266615295704104
reader,0.08742004264392322,0.2036247334754797,0.05650319829424306,0.10660980810234541,0.11940298507462685,0.09594882729211086,0.07995735607675905,0.2505330490405117
place,0.0850190114068441,0.1729277566539924,0.052927756653992394,0.13596958174904944,0.12517110266159695,0.10479087452471483,0.07832699619771863,0.24486692015209124
towards,0.0920451814467676,0.18312905551550107,0.05743811583753904,0.12881518865657293,0.13602499399182888,0.0973323720259553,0.07209805335255948,0.23311703917327564
window,0.10985915492957746,0.12394366197183097,0.0647887323943662,0.16338028169014082,0.1436619718309859,0.11267605633802817,0.09295774647887323,0.18873239436619718
infant,0.05392156862745098,0.18137254901960786,0.056372549019607844,0.15686274509803924,0.21323529411764708,0.09803921568627452,0.12990196078431374,0.11029411764705883
new,0.08142589118198874,0.19437148217636022,0.05046904315196998,0.11538461538461538,0.12795497185741087,0.08818011257035648,0.06397748592870543,0.2782363977485929
's,0.08556268949527378,0.17745675049045836,0.06768325307651152,0.1161048689138577,0.13358302122347068,0.09835919386481184,0.06696985910469057,0.25428036383092567
hour,0.0874178878221324,0.18292066700353715,0.06366851945426984,0.13340070742799393,0.12885295603840324,0.12481051035876706,0.07731177362304195,0.20161697827185449
mrs.,0.029494382022471913,0.16713483146067415,0.03370786516853933,0.049157303370786526,0.2064606741573034,0.07162921348314606,0.06882022471910113,0.3735955056179775
succeeded,0.10654685494223365,0.16431322207958923,0.0680359435173299,0.14249037227214378,0.11553273427471118,0.13350449293966624,0.09114249037227215,0.17843388960205392
well,0.07844123192960402,0.1790069138906348,0.05606536769327467,0.11552482715273414,0.14494028912633564,0.09151477058453802,0.07140163419233186,0.26310496543054684
master,0.0919757759273278,0.1797880393641181,0.0639666919000757,0.11430734292202877,0.13209689629068888,0.08327024981074943,0.07607872823618471,0.25851627554882667
adolphus,0.046153846153846156,0.23076923076923075,0.06153846153846154,0.06153846153846154,0.24615384615384617,0.07692307692307693,0.09230769230769231,0.18461538461538463
method,0.09195402298850575,0.2309299895506792,0.052246603970741906,0.08150470219435738,0.14002089864158832,0.09195402298850575,0.07001044932079416,0.2413793103448276
least,0.09492753623188405,0.16666666666666666,0.06304347826086956,0.12355072463768114,0.14202898550724635,0.10181159420289855,0.08079710144927535,0.22717391304347825
mixture,0.171875,0.10937499999999999,0.078125,0.125,0.140625,0.10937499999999999,0.125,0.140625
become,0.10201149425287355,0.1671455938697318,0.06609195402298851,0.1388888888888889,0.11973180076628352,0.10871647509578543,0.06704980842911878,0.2303639846743295
black,0.07051762940735183,0.15753938484621152,0.06601650412603151,0.0967741935483871,0.12753188297074267,0.2468117029257314,0.06451612903225805,0.1702925731432858
bitter,0.13028169014084506,0.13380281690140844,0.09154929577464789,0.14084507042253522,0.15845070422535212,0.1267605633802817,0.06690140845070422,0.15140845070422534
could,0.10161621573354762,0.16671131351013482,0.06723814626305918,0.1371551031342084,0.12313599428520403,0.10768818644521831,0.07107777480132155,0.225377265827306
possibly,0.08423326133909288,0.20734341252699787,0.04967602591792657,0.13390928725701945,0.13174946004319657,0.09287257019438445,0.06911447084233262,0.23110151187904968
suddenly,0.10380881254667662,0.13144137415982077,0.05825242718446602,0.1426437640029873,0.09634055265123227,0.11277072442120985,0.22031366691560866,0.13442867811799852
poured,0.14049586776859505,0.1322314049586777,0.08264462809917356,0.17355371900826444,0.09917355371900827,0.07438016528925619,0.11570247933884296,0.1818181818181818
forth,0.1206208425720621,0.13392461197339248,0.06917960088691796,0.15388026607538804,0.1312638580931264,0.11263858093126387,0.07849223946784922,0.2
conversation,0.06255666364460562,0.18404351767905713,0.050770625566636446,0.09428830462375341,0.15503173164097916,0.08884859474161379,0.07252946509519494,0.2919310970081596
began,0.09983633387888707,0.1734860883797054,0.07201309328968904,0.14729950900163666,0.132569558101473,0.09656301145662848,0.08401527550463721,0.19421713038734315
fine,0.07393715341959335,0.17744916820702406,0.0656192236598891,0.09704251386321627,0.17744916820702406,0.09519408502772644,0.05914972273567468,0.2541589648798521
lady,0.0645784996133024,0.1740139211136891,0.061484918793503485,0.08855375096674402,0.17440061871616397,0.09164733178654293,0.08043310131477185,0.26488785769528234
manner,0.08169094544415881,0.1776635247072265,0.05398457583547558,0.12996286775207083,0.13396172522136532,0.09625821193944586,0.08454727220794059,0.2419308768923165
stock-jobber,0.053571428571428575,0.2142857142857143,0.03571428571428572,0.0892857142857143,0.26785714285714285,0.03571428571428572,0.0892857142857143,0.2142857142857143
wit,0.08776266996291716,0.1606922126081582,0.04944375772558714,0.11619283065512977,0.16934487021013594,0.10259579728059331,0.06056860321384424,0.2533992583436341
good,0.0420249653259362,0.20714285714285713,0.035159500693481276,0.06067961165048543,0.19840499306518722,0.05409153952843273,0.14264909847434118,0.25984743411927874
round,0.08333333333333334,0.2013556618819777,0.049043062200956944,0.12400318979266349,0.12998405103668262,0.0944976076555024,0.09968102073365231,0.2181020733652313
short,0.08096535616971583,0.1992993382639159,0.05760996496691319,0.13935383417672245,0.12105877773452704,0.10626702997275203,0.0724017127286882,0.22304398598676525
much,0.08550636749545179,0.17717808772993732,0.061653527390337574,0.12219526986052152,0.14463311097634932,0.09338993329290479,0.07519708914493632,0.24024661410956133
like,0.10247698377904428,0.1564007014467339,0.06937746602367383,0.14039894782989917,0.13798772468215695,0.10905304690925033,0.08384480491012714,0.2004603244191144
saw,0.09421000981354269,0.16519463526333006,0.07523716061498201,0.14556754988550868,0.1256133464180569,0.13804383382401045,0.06934903500163558,0.18678442917893356
features,0.11061946902654868,0.1338495575221239,0.08296460176991151,0.15707964601769914,0.15376106194690264,0.12278761061946904,0.08628318584070797,0.15265486725663718
mind,0.09979685119349924,0.17369222955815136,0.06576942610462164,0.13661757237176234,0.13737938039614017,0.10741493143727782,0.07567293042153378,0.20365667851701372
love,0.07461594732991952,0.15727871250914413,0.055230431602048276,0.09034381858083394,0.29279444038039504,0.08302852962692026,0.06382589612289685,0.18288222384784197
said,0.09491599389046475,0.15295657866026618,0.07076878318423156,0.12975489126481923,0.13026401920139646,0.09906174994545057,0.0741144810531675,0.2481635028002036
linden,0.07196029776674938,0.228287841191067,0.06451612903225806,0.08436724565756824,0.1761786600496278,0.07444168734491315,0.09925558312655088,0.20099255583126552
allow,0.06907894736842106,0.17763157894736845,0.07127192982456142,0.12500000000000003,0.13815789473684212,0.11732456140350878,0.0800438596491228,0.22149122807017546
rather,0.1041804910418049,0.1585932315859323,0.06801592568015927,0.13702720637027208,0.1353682813536828,0.10915726609157266,0.07465162574651625,0.21300597213005973
whole,0.09306190278354799,0.17511425010386372,0.056501869547154145,0.13876194432904032,0.1279601163273785,0.09908599916909017,0.07166597424179477,0.2378479434981305
moment,0.10002169668040789,0.16728140594489044,0.06552397483185073,0.14905619440225645,0.1271425471902799,0.11390757214146235,0.0783250162725103,0.19874159253634194
house,0.08238459946180915,0.17180707927965225,0.05982198302628855,0.12005795901469674,0.1374456634237218,0.0997723038708342,0.07037880356033947,0.25833160836265784
friend,0.04536222071767096,0.12232001805461523,0.040397201534642296,0.06070864364703228,0.24757391108102011,0.06635071090047394,0.045587903407808626,0.3716993906567367
miss,0.10357142857142858,0.15357142857142858,0.1,0.10714285714285714,0.18571428571428572,0.1,0.03928571428571429,0.21071428571428572
barbara,0.02857142857142857,0.14285714285714285,0.14285714285714285,0.05714285714285714,0.3142857142857143,0.05714285714285714,0.05714285714285714,0.19999999999999998
york,0.06382978723404256,0.22978723404255322,0.05390070921985816,0.07801418439716312,0.124822695035461,0.0723404255319149,0.056737588652482275,0.32056737588652484
door,0.0930930930930931,0.15765765765765766,0.06681681681681682,0.15915915915915915,0.11861861861861862,0.12012012012012013,0.08933933933933934,0.1951951951951952
minutes,0.10794297352342157,0.20366598778004072,0.07535641547861506,0.1670061099796334,0.09979633401221995,0.11608961303462322,0.06924643584521384,0.16089613034623215
come,0.08287165281625115,0.19182825484764543,0.05124653739612188,0.1105724838411819,0.1458910433979686,0.0881809787626962,0.07663896583564174,0.25277008310249305
another,0.08938893476465731,0.18435177539223785,0.055532617671346006,0.13625103220478943,0.1300578034682081,0.10301403798513627,0.07101568951279934,0.23038810900082576
take,0.07790762381747357,0.1880912632164719,0.05008347245409015,0.12205527731404192,0.13708031905026896,0.08848080133555927,0.0803190502689668,0.2559821925431275
never,0.09159412758217488,0.16370014291282317,0.06509029492009874,0.12576328439651813,0.14369234766792258,0.105625568403274,0.07158633233727427,0.23294790177991426
put,0.08728599494807746,0.19477968004490598,0.05921975863036766,0.12910468706146505,0.12068481616615212,0.09374122930115071,0.06455234353073253,0.25063149031714843
till,0.07987126974839087,0.20977179637214746,0.054125219426565244,0.11088355763604447,0.12492685781158573,0.10093622001170276,0.07811585722644823,0.24136922176711528
really,0.08524590163934426,0.16939890710382513,0.06666666666666667,0.11584699453551911,0.13770491803278687,0.09180327868852459,0.06120218579234972,0.2721311475409836
school,0.08791208791208792,0.13626373626373625,0.08351648351648351,0.1010989010989011,0.11868131868131869,0.09890109890109891,0.05714285714285714,0.31648351648351647
learn,0.0712809917355372,0.2004132231404959,0.052685950413223145,0.1084710743801653,0.14772727272727273,0.09607438016528927,0.08057851239669422,0.24276859504132234
manners,0.07039106145251396,0.16312849162011173,0.06927374301675979,0.09273743016759778,0.1709497206703911,0.09720670391061453,0.08938547486033521,0.246927374301676
best,0.07267441860465117,0.18378552971576229,0.054263565891472874,0.11434108527131784,0.14954780361757106,0.0849483204134367,0.06944444444444446,0.27099483204134367
young,0.05621425582368531,0.21871948667875576,0.04142837215790208,0.08076440228762728,0.2205328497698424,0.0679313711814758,0.15232249965127634,0.16208676244943507
thoughts,0.1080797481636936,0.15320041972717732,0.06610703043022036,0.1322140608604407,0.14690451206715635,0.11647429171038824,0.07974816369359916,0.19727177334732424
lucretius,0.025000000000000005,0.275,0.05000000000000001,0.07500000000000001,0.20000000000000004,0.10000000000000002,0.10000000000000002,0.17500000000000002
look,0.09675009338812104,0.1494209936496078,0.07396339185655584,0.13746731415763916,0.14680612626073963,0.11468061262607399,0.07919312663429212,0.2017183414269705
liberty,0.045016077170418,0.20940514469453378,0.03135048231511254,0.07355305466237942,0.1804662379421222,0.0594855305466238,0.13745980707395497,0.2632636655948553
room,0.07612712490761271,0.14929785661492978,0.0679970436067997,0.1426459719142646,0.1130820399113082,0.1345158906134516,0.08203991130820398,0.2342941611234294
still,0.09064374898654126,0.16296416409923786,0.0627533646829901,0.14707313118209828,0.13053348467650397,0.11512891195070536,0.07086103453867358,0.22004215988324954
poor,0.10048309178743961,0.13816425120772946,0.09758454106280194,0.12512077294685992,0.12801932367149757,0.13429951690821257,0.07004830917874395,0.20628019323671498
many,0.08147766765349465,0.1758270047625177,0.06075427983009396,0.11533015832153429,0.14892521560046337,0.1049041060625563,0.07130904878362723,0.24147251898571245
time,0.06744186046511629,0.2987521270561543,0.04866704480998298,0.10107770845150311,0.11747022121384006,0.0848553601815088,0.06840612592172433,0.21332955190017017
people,0.09247054124226084,0.16476932294787297,0.0647094068304374,0.1360095865787897,0.14000399440782904,0.09686438985420412,0.07229878170561214,0.23287397643299382
life,0.08667760704162317,0.1775324481575414,0.06638818439504701,0.11875279725496049,0.15963001641056246,0.10741459048187381,0.07026704460689245,0.21333731165149936
servant,0.006855836983431727,0.11502570938868786,0.07198628832603314,0.016187392877547134,0.1807274804799086,0.13387926109312515,0.019234431536850123,0.4561035993144163
invariably,0.11363636363636363,0.13636363636363635,0.0909090909090909,0.14204545454545453,0.13636363636363635,0.11931818181818181,0.06818181818181818,0.19318181818181815
known,0.08135942327497424,0.17748026089941638,0.059388946103673186,0.1393752145554411,0.11877789220734637,0.10607621009268794,0.07415036045314109,0.2433916924133196
tell,0.09049255441008017,0.16151202749140892,0.06586483390607102,0.11626575028636883,0.14375715922107674,0.11340206185567009,0.07674684994272622,0.23195876288659792
ever,0.07981388690050108,0.17501789549033644,0.05833929849677882,0.1186471009305655,0.1621331424481031,0.09395132426628491,0.07247673586256263,0.23962061560486758
see,0.07815213615838833,0.1783605418548107,0.05765890934352206,0.12035428968391802,0.1524835012156999,0.09256686349426885,0.07346300798888504,0.24696075026050712
better,0.07594534477279949,0.1893867175087385,0.05020654591674611,0.10676835081029552,0.14744200826183668,0.08738481093104544,0.08261836669844297,0.26024785510009535
fault,0.08463949843260188,0.12539184952978055,0.07523510971786834,0.11598746081504702,0.12852664576802506,0.2664576802507837,0.04702194357366771,0.1567398119122257
words,0.23233582709891934,0.13840399002493764,0.05153782211138819,0.11679135494596841,0.10640066500415628,0.09143807148794679,0.06691604322527016,0.1961762261014131
age,0.06990881458966564,0.18338399189463017,0.051671732522796346,0.10942249240121579,0.18541033434650453,0.08713272543059776,0.07902735562310029,0.23404255319148934
every,0.0946354574980401,0.16496808153208647,0.06450890357262852,0.13439354910964274,0.13383357598835255,0.10180311345055437,0.06574084443946691,0.2401164744092284
knew,0.10362116991643454,0.16601671309192198,0.06518105849582172,0.13481894150417825,0.13259052924791084,0.10417827298050138,0.08077994428969358,0.21281337047353757
sir,0.03942861916297719,0.1273911953888564,0.06858240748475483,0.059894745635285275,0.12889482917049536,0.09439478740289031,0.03984629521343246,0.4415671205413082
seemed,0.1049218980253463,0.14942528735632185,0.06955496610669024,0.1632773356911288,0.12791040377247276,0.13321544356027112,0.08517536103743,0.16651930445033894
existence,0.0884476534296029,0.16696750902527074,0.06949458483754513,0.13267148014440436,0.14891696750902528,0.10920577617328521,0.08393501805054153,0.20036101083032493
character,0.09234029669996971,0.15591886164093247,0.06811989100817438,0.12352406902815621,0.13533151680290645,0.09022101120193762,0.07084468664850135,0.2636996669694217
family,0.07151780137414117,0.1830106183635228,0.057776389756402244,0.11836352279825109,0.14959400374765772,0.09556527170518427,0.06995627732667083,0.25421611492816987
qualities,0.06573426573426573,0.17202797202797204,0.061538461538461535,0.0993006993006993,0.1846153846153846,0.08951048951048951,0.0923076923076923,0.23496503496503496
imagination,0.0889894419306184,0.17345399698340877,0.058823529411764705,0.12518853695324283,0.17496229260935145,0.10558069381598795,0.0889894419306184,0.18401206636500755
right,0.10763980047256498,0.15017064846416384,0.05775794171698609,0.1386190601207666,0.10317668679443423,0.10947755316356,0.05697033342084537,0.2761879758466789
us,0.08016143622573237,0.1754923109039037,0.05260594252313687,0.13054067218704335,0.1419525433164011,0.09400876765708718,0.07612553058242294,0.24911279660427244
years,0.07778855480116392,0.1837051406401552,0.05994180407371485,0.12143549951503396,0.15324927255092144,0.10087293889427741,0.07041707080504366,0.23258971871968964
seems,0.08553459119496855,0.16792452830188678,0.05345911949685534,0.13270440251572324,0.1371069182389937,0.08867924528301886,0.06981132075471697,0.2647798742138365
last,0.08546080028969763,0.18902770233568714,0.06083650190114069,0.11624117327539382,0.12837226145210937,0.10012674271229406,0.07676987144667753,0.24316494658699983
pleasure,0.07160019221528112,0.1710716001922153,0.04949543488707353,0.11532916866890917,0.1753964440172994,0.09514656415185008,0.07400288322921673,0.24795771263815475
dear,0.029840993247658463,0.14005663254192988,0.047048573295578315,0.05271182748856459,0.16880853844478327,0.10433456763232413,0.03593988237856676,0.42125898497059466
great,0.07526250091783537,0.1670460386225127,0.05800719582935605,0.10801086717086425,0.1475879286291211,0.09875908657023277,0.07063661061751965,0.2746897716425582
sometimes,0.06867924528301886,0.17584905660377356,0.07622641509433961,0.11622641509433962,0.14037735849056604,0.11396226415094338,0.0830188679245283,0.22566037735849054
society,0.07560815253122946,0.18211702827087442,0.05982905982905983,0.0973044049967127,0.1702827087442472,0.0861275476660092,0.07692307692307693,0.25180802103879024
talbot,0.04607508532423208,0.1945392491467577,0.04607508532423208,0.08191126279863481,0.2098976109215017,0.06996587030716722,0.08532423208191126,0.2662116040955631
gentleman,0.05875576036866359,0.15264976958525345,0.05357142857142857,0.07258064516129031,0.13652073732718892,0.06509216589861751,0.06682027649769585,0.3940092165898617
fortune,0.04955478126209834,0.21099496709252807,0.03871467286101433,0.06929926442121565,0.19473480449090208,0.06387921022067364,0.13821138211382114,0.23461091753774682
quite,0.08613617719442165,0.17063166529942575,0.0771123872026251,0.13125512715340443,0.1353568498769483,0.11320754716981131,0.08203445447087776,0.20426579163248562
true,0.07215777262180974,0.1368909512761021,0.04663573085846868,0.0888631090487239,0.22157772621809746,0.07030162412993039,0.05336426914153133,0.3102088167053364
dress,0.08648648648648649,0.15945945945945944,0.1054054054054054,0.1324324324324324,0.127027027027027,0.13513513513513514,0.05135135135135135,0.2027027027027027
days,0.0846917080085046,0.20800850460666195,0.04323175053153792,0.1009922041105599,0.14316087880935507,0.10807937632884479,0.08043940467753366,0.23139617292700215
garden,0.07894736842105263,0.15550239234449761,0.05263157894736842,0.11244019138755981,0.27511961722488043,0.07177033492822966,0.07177033492822966,0.18181818181818182
humble,0.007163323782234956,0.11986628462273159,0.09909264565425023,0.014804202483285575,0.17072588347659978,0.1587870105062082,0.019579751671442214,0.4099808978032473
board,0.06773526370217166,0.32213029989658737,0.05222337125129266,0.11530506721820061,0.0951396070320579,0.08790072388831437,0.05532574974146845,0.20423991726990692
mine,0.08150851581508516,0.17457420924574207,0.05900243309002433,0.12043795620437955,0.15024330900243307,0.10948905109489052,0.08029197080291971,0.22445255474452552
high,0.07819804504887377,0.16447088822779432,0.059923501912452194,0.12324691882702932,0.14874628134296644,0.09774755631109223,0.07564810879728007,0.25201869953251166
retreat,0.10399999999999998,0.15599999999999997,0.05599999999999999,0.18,0.13599999999999998,0.09199999999999998,0.09599999999999999,0.18
think,0.082687338501292,0.16960300681230914,0.06225041108762039,0.11956777073056143,0.13718581160441626,0.09607704956542165,0.06976744186046512,0.262861169837914
old,0.0857322967009876,0.15759613364152134,0.06492960706030679,0.12103383063668838,0.16137844084891784,0.10548434545072494,0.07858793864257196,0.22525740701828115
alone,0.09340394800192585,0.1593644679826673,0.06066441983630235,0.1410688493018777,0.13288396726047183,0.11506981222917669,0.08136735676456427,0.21617717862301397
fear,0.19558823529411765,0.11985294117647059,0.056617647058823536,0.24080882352941177,0.0985294117647059,0.0875,0.06507352941176471,0.13602941176470587
thought,0.0749159596606371,0.28205538658556106,0.050104049943973106,0.11333440051224587,0.11541539939170802,0.08884264446934528,0.06531134944773491,0.2100208099887946
shall,0.08081111528351485,0.17341344348479162,0.05490048817123546,0.12467142320690952,0.12354487420202781,0.09733383402177996,0.06594066841907624,0.2793841532106647
say,0.079644412191582,0.17761248185776488,0.05878084179970972,0.12282293178519595,0.14023947750362845,0.09361393323657474,0.07166182873730043,0.25562409288824384
philosophy,0.08414634146341463,0.18170731707317073,0.05853658536585366,0.08292682926829267,0.1573170731707317,0.07682926829268291,0.07926829268292683,0.27926829268292686
command,0.09090909090909093,0.1647727272727273,0.053977272727272735,0.12784090909090912,0.12215909090909093,0.09375,0.07007575757575758,0.2765151515151515
circumstances,0.07881316643486325,0.18915159944367177,0.04404265183124711,0.12100139082058416,0.12007417709782106,0.10292072322670376,0.07278627723690312,0.27121001390820587
upon,0.09554447482708703,0.17516487051632623,0.0675566993726878,0.12763390702911373,0.12972494772398266,0.10752774650152808,0.07479491716261863,0.22205243686665596
might,0.09345509893455098,0.1719939117199391,0.06382546930492136,0.1463216641298833,0.12186707255200406,0.10786402841197362,0.06950786402841197,0.22516489091831554
honour,0.06606606606606606,0.17267267267267267,0.05705705705705705,0.10585585585585586,0.1509009009009009,0.1021021021021021,0.06981981981981981,0.2755255255255255
various,0.07037643207855973,0.18003273322422259,0.058919803600654665,0.10801963993453355,0.1734860883797054,0.09819967266775777,0.058919803600654665,0.2520458265139116
though,0.0957195820694304,0.1564992697449725,0.06459948320413438,0.14211886304909563,0.13211998651836873,0.11560498820357265,0.07280080889787666,0.22053701831254918
indeed,0.0850900728248371,0.1728631659639709,0.05787658106554235,0.1257186661556152,0.1310847067842085,0.10808738980452282,0.07397470295132236,0.24530471444998087
found,0.06831297812374178,0.12870755603274728,0.044289357133270695,0.09958394846329352,0.22198362635887797,0.07730505972352704,0.0540866997718427,0.30573077439269897
something,0.08858858858858859,0.1796796796796797,0.058558558558558564,0.11961961961961962,0.14564564564564564,0.11561561561561563,0.07807807807807808,0.21421421421421422
either,0.10631307204881484,0.15700539779394507,0.07204881483219902,0.14433231635766253,0.11781272001877492,0.09598685754517718,0.06430415395447078,0.24219666744895565
interest,0.07164080554638495,0.18025751072961374,0.04324859689666557,0.10597556949488281,0.1432816110927699,0.0822053482997689,0.07560250907890394,0.29778804886101023
group,0.10218978102189781,0.1386861313868613,0.09124087591240876,0.14598540145985403,0.12408759124087591,0.14233576642335766,0.09124087591240876,0.1642335766423358
human,0.0959040959040959,0.15534465534465536,0.08491508491508491,0.13636363636363635,0.13936063936063936,0.1273726273726274,0.06493506493506493,0.1958041958041958
part,0.09264261878277452,0.1835372636262514,0.061179087875417135,0.12585412362942952,0.11902113459399333,0.1056729699666296,0.062291434927697446,0.2498013665978071
long,0.07281253856596322,0.2968036529680365,0.05072195483154387,0.1171171171171171,0.11637665062322594,0.09305195606565468,0.06010119708749845,0.19301493274096013
full,0.10875433860393367,0.17778634785962205,0.056305437716930196,0.12456613960663325,0.1349787890474354,0.09255688391824142,0.07288854608561512,0.2321635171615889
effect,0.09480249480249481,0.17629937629937628,0.05197505197505197,0.1318087318087318,0.1288981288981289,0.10187110187110188,0.0760914760914761,0.23825363825363827
seldom,0.08900523560209425,0.18673647469458987,0.06282722513089006,0.14136125654450263,0.15532286212914487,0.08376963350785341,0.07504363001745201,0.20593368237347295
ardour,0.07368421052631578,0.21052631578947367,0.06315789473684211,0.14736842105263157,0.14736842105263157,0.10526315789473684,0.09473684210526315,0.15789473684210523
felt,0.1081782778018174,0.15404586758978797,0.08048463868455215,0.1622674167027261,0.12418866291648636,0.12721765469493726,0.07356122890523582,0.17005625270445693
artist,0.09905660377358491,0.17452830188679247,0.06132075471698114,0.11792452830188681,0.169811320754717,0.12028301886792453,0.09905660377358491,0.15801886792452832
warner,0.06060606060606061,0.1818181818181818,0.06565656565656565,0.0808080808080808,0.2121212121212121,0.1111111111111111,0.06565656565656565,0.2222222222222222
man,0.09614600326264275,0.16262234910277326,0.06943311582381731,0.13132137030995109,0.1480424143556281,0.10440456769983689,0.07901712887438826,0.2090130505709625
birth,0.04627766599597586,0.18511066398390344,0.044265593561368215,0.15090543259557346,0.2002012072434608,0.07545271629778673,0.05130784708249497,0.24647887323943665
graceful,0.04938271604938273,0.17283950617283952,0.061728395061728406,0.04938271604938273,0.1975308641975309,0.12345679012345681,0.07407407407407408,0.271604938271605
however,0.08797437161163132,0.17989157220305568,0.056678166584524396,0.12740266140956133,0.12345983242976835,0.09659931000492852,0.06875308033514045,0.2592410054213898
always,0.08343680158927241,0.17606158430593494,0.0628259250062081,0.11174571641420411,0.15371244102309412,0.09485969704494661,0.07474546809038987,0.24261236652594986
share,0.05804749340369393,0.21987686895338612,0.03518029903254178,0.09058927000879509,0.20492524186455588,0.07739665787159192,0.059806508355321024,0.25417766051011437
whenever,0.09233449477351915,0.16898954703832753,0.06794425087108014,0.13588850174216027,0.12195121951219513,0.10452961672473866,0.08885017421602787,0.21951219512195122
save,0.08095605242868156,0.1171935235158057,0.06322282189668466,0.12413261372397841,0.20046260601387816,0.10717039321511178,0.052428681572860444,0.2544333076329992
present,0.04110147883732789,0.20693523712391634,0.03171851096379398,0.07037225905150434,0.18398776134625192,0.05068842427332993,0.1417644059153493,0.2734319224885262
latter,0.09068627450980393,0.17156862745098042,0.0627450980392157,0.12303921568627452,0.1215686274509804,0.10098039215686276,0.07401960784313726,0.25539215686274513
slender,0.08571428571428572,0.2571428571428571,0.08571428571428572,0.05714285714285714,0.17142857142857143,0.05714285714285714,0.08571428571428572,0.19999999999999998
means,0.09099772505687359,0.16477088072798182,0.055573610659733506,0.1303217419564511,0.13844653883652908,0.0880727981800455,0.06662333441663959,0.26519337016574585
spoke,0.10245310245310246,0.15295815295815296,0.06637806637806638,0.13275613275613277,0.1341991341991342,0.12554112554112554,0.07503607503607504,0.21067821067821066
air,0.09683794466403163,0.1656126482213439,0.05810276679841898,0.12766798418972333,0.13715415019762847,0.12490118577075099,0.08063241106719367,0.2090909090909091
perhaps,0.092896174863388,0.17395264116575596,0.05555555555555556,0.12568306010928965,0.14055859137826351,0.09077109896782029,0.07923497267759563,0.24134790528233155
soon,0.08448540706605223,0.1827956989247312,0.053763440860215055,0.12980030721966207,0.12672811059907835,0.1098310291858679,0.07629288274449565,0.2363031233998976
day,0.07515836329395652,0.18969354562574903,0.059236432117788056,0.11299435028248588,0.14518061975689095,0.09364834788563604,0.07892484163670604,0.24516349940078758
return,0.07357973990417523,0.20431211498973303,0.05646817248459959,0.12080766598220397,0.13039014373716631,0.10472279260780289,0.07597535934291581,0.23374401095140315
acquaintance,0.06801470588235295,0.19485294117647056,0.05330882352941176,0.08639705882352941,0.15625,0.07536764705882353,0.08088235294117647,0.2849264705882353
readily,0.08576642335766424,0.16605839416058393,0.06386861313868614,0.1094890510948905,0.13686131386861314,0.104014598540146,0.06386861313868614,0.27007299270072993
dull,0.09278350515463916,0.12371134020618557,0.051546391752577324,0.15463917525773194,0.13402061855670103,0.2654639175257732,0.051546391752577324,0.12628865979381443
therefore,0.08654750705550328,0.18179680150517402,0.05738476011288805,0.12253057384760113,0.12041392285983067,0.09877704609595483,0.06326434619002823,0.26928504233301975
whose,0.08679188124810663,0.17085731596485915,0.06649500151469251,0.12238715540745228,0.15222659800060587,0.09360799757649198,0.07770372614359285,0.22993032414419873
opened,0.08220858895705521,0.1754601226993865,0.05644171779141104,0.1570552147239264,0.13496932515337423,0.10184049079754602,0.08588957055214724,0.20613496932515338
almost,0.10438542310067944,0.1575046324891909,0.07906114885731934,0.1522544780728845,0.12106238418777023,0.1263125386040766,0.07906114885731934,0.1803582458307597
led,0.07804878048780488,0.17012195121951218,0.04939024390243902,0.14146341463414633,0.13597560975609754,0.10548780487804878,0.07621951219512195,0.24329268292682926
person,0.09519299076485911,0.16078617096850584,0.05777883021548663,0.11934643618280844,0.12668718920198913,0.08382666350935354,0.07246033625384798,0.28392138290314944
fate,0.09261083743842365,0.25517241379310346,0.060098522167487685,0.1270935960591133,0.11625615763546797,0.12216748768472906,0.07586206896551724,0.15073891625615765
hair,0.07620528771384137,0.18662519440124417,0.060653188180404355,0.1135303265940902,0.16329704510108864,0.13996889580093314,0.09331259720062209,0.16640746500777603
gave,0.0818434644417958,0.1795788637266587,0.060389352403655144,0.11402463249900675,0.14183551847437426,0.09972189114024632,0.07906237584425904,0.24354390147000396
even,0.10398961284230408,0.15533522190745988,0.07058545797922569,0.14010859301227574,0.12795089707271012,0.12334749763928236,0.07459867799811143,0.2040840415486308
eyes,0.0938818565400844,0.15330520393811534,0.07172995780590717,0.13255977496483826,0.15084388185654007,0.11954992967651196,0.07770745428973277,0.20042194092827004
youthful,0.0810810810810811,0.1621621621621622,0.05855855855855857,0.09459459459459461,0.1936936936936937,0.09909909909909911,0.0765765765765766,0.23423423423423428
somewhat,0.09478168264110756,0.1767838125665602,0.057507987220447296,0.14164004259850904,0.12034078807241747,0.11288604898828541,0.07561235356762513,0.22044728434504793
nothing,0.0848456280933302,0.1720480791892529,0.06504831487155315,0.11996229083195853,0.1437662031581428,0.09545133160499647,0.07376855998114543,0.24510959226962056
ease,0.09523809523809525,0.15873015873015875,0.07407407407407408,0.1322751322751323,0.15873015873015875,0.10052910052910054,0.04761904761904762,0.23280423280423282
rich,0.08397790055248619,0.1701657458563536,0.06187845303867403,0.0861878453038674,0.1712707182320442,0.11381215469613261,0.07955801104972375,0.23314917127071821
fashion,0.078125,0.171875,0.059895833333333336,0.10416666666666669,0.16145833333333334,0.09895833333333333,0.078125,0.24739583333333334
nevertheless,0.07169117647058823,0.20955882352941177,0.049632352941176475,0.10294117647058823,0.15257352941176472,0.06985294117647059,0.07536764705882353,0.26838235294117646
became,0.10881392818280738,0.14961915125136013,0.07453754080522305,0.13764961915125132,0.1284004352557127,0.12459194776931445,0.06909684439608269,0.20729053318824806
certainly,0.08321167883211679,0.17226277372262772,0.06642335766423357,0.11824817518248175,0.13211678832116788,0.10218978102189781,0.07810218978102189,0.24744525547445254
vain,0.08994197292069632,0.1818181818181818,0.06576402321083172,0.13636363636363635,0.1334622823984526,0.11992263056092842,0.07640232108317213,0.19632495164410055
less,0.09047619047619049,0.16883116883116883,0.0632034632034632,0.13463203463203463,0.14047619047619048,0.10476190476190478,0.07121212121212121,0.22640692640692645
replied,0.0989867498051442,0.14575214341387374,0.06780982073265783,0.12626656274356976,0.13795791114575215,0.083398285268901,0.08106001558846454,0.2587685113016368
