,anger,anticipation,disgust,fear,joy,sadness,surprise,trust
project,0.12339945598089301,0.17156505008956413,0.051283752404962524,0.05307503483049161,0.1055529755191402,0.07662708153652227,0.02083195117096796,0.3976646984674584
gutenberg,0.09195402298850576,0.224580017683466,0.055481874447391694,0.06476569407603891,0.08664898320070735,0.11096374889478339,0.024756852343059244,0.3408488063660478
ebook,0.0861049519586105,0.18699186991869918,0.0713229859571323,0.09016999260901701,0.10864745011086475,0.09164818920916483,0.050997782705099776,0.3141167775314117
mother,0.050506387767260214,0.19904679949692197,0.04382074534983783,0.06665784073608262,0.20162838419275833,0.17150989607466738,0.04203349440656649,0.22479645197590523
's,0.09798184942693614,0.1541662524321484,0.06980443396628369,0.13027793952649447,0.14573007058556192,0.1083069406768829,0.07696240644217524,0.21677010694351737
list,0.05321507760532151,0.2239467849223947,0.03991130820399113,0.06651884700665188,0.1485587583148559,0.13082039911308205,0.07317073170731708,0.2638580931263858
books,0.052159739201304,0.1817440912795436,0.05134474327628362,0.07008964955175224,0.19233903830480847,0.10839445802770988,0.07742461287693561,0.2665036674816626
children,0.08811663304602971,0.16871446909957818,0.07353750229231615,0.12002567394094993,0.15816981478085457,0.11782505043095542,0.06060883917109848,0.2130020172382175
gertrude,0.04210526315789474,0.2105263157894737,0.010526315789473686,0.06315789473684211,0.15789473684210525,0.15789473684210525,0.04210526315789474,0.3157894736842105
weld,0.03797468354430379,0.24050632911392406,0.0,0.03797468354430379,0.17721518987341772,0.17721518987341772,0.03797468354430379,0.2911392405063291
arnold,0.07333333333333333,0.19999999999999998,0.08,0.09999999999999999,0.16666666666666666,0.11,0.04666666666666667,0.22333333333333336
use,0.12713692946058092,0.16995850622406639,0.07186721991701245,0.12365145228215768,0.14307053941908712,0.0846473029045643,0.054439834024896265,0.22522821576763485
anyone,0.09981684981684982,0.1794871794871795,0.05586080586080586,0.09706959706959707,0.13095238095238096,0.09065934065934066,0.0641025641025641,0.28205128205128205
almost,0.10611735330836454,0.14903245942571786,0.07833957553058676,0.150749063670412,0.12421972534332085,0.1321785268414482,0.07709113607990013,0.1822721598002497
may,0.10619946091644204,0.16960398092473564,0.07468380675927846,0.12394775036284471,0.13004354136429608,0.10752643582832262,0.06925150321376736,0.21874352063031308
copy,0.1836876960613454,0.11188567445102825,0.08400139421401186,0.07075636110142906,0.05123736493551761,0.0718020216103172,0.03799233182293483,0.38863715580341585
give,0.090702947845805,0.18140589569161,0.062244897959183684,0.1140589569160998,0.1433106575963719,0.10861678004535148,0.07687074829931974,0.22278911564625853
away,0.09665831244778614,0.16934001670843776,0.07234753550543024,0.13968253968253966,0.13216374269005848,0.1202172096908939,0.0846282372598162,0.1849624060150376
re-use,0.05208333333333333,0.20833333333333331,0.031249999999999997,0.08333333333333333,0.14583333333333334,0.12499999999999999,0.07291666666666667,0.28125
terms,0.12015503875968993,0.1284237726098191,0.04857881136950904,0.08372093023255814,0.12480620155038759,0.05994832041343669,0.05193798449612402,0.38242894056847543
license,0.11359315589353614,0.21720532319391636,0.06321292775665399,0.09505703422053233,0.12024714828897339,0.08602661596958175,0.0408745247148289,0.2637832699619772
included,0.0633147113594041,0.21229050279329606,0.054003724394785846,0.08007448789571694,0.14338919925512103,0.1005586592178771,0.07076350093109869,0.2756052141527002
online,0.07386990077177509,0.18302094818081585,0.054024255788313116,0.0804851157662624,0.1300992282249173,0.08930540242557883,0.06504961411245865,0.3241455347298787
www.gutenberg.org,0.0981012658227848,0.17721518987341772,0.056962025316455694,0.08227848101265822,0.11392405063291139,0.09177215189873417,0.06329113924050633,0.3164556962025316
title,0.05774278215223097,0.1496062992125984,0.04461942257217848,0.09448818897637795,0.11548556430446194,0.09711286089238845,0.06299212598425197,0.3779527559055118
author,0.08491076257436452,0.12979989183342344,0.045429962141698206,0.11790156841535965,0.112493239588967,0.08491076257436452,0.07030827474310437,0.3542455381287182
date,0.07077625570776255,0.1993911719939117,0.0502283105022831,0.1080669710806697,0.1202435312024353,0.0882800608828006,0.05555555555555555,0.3074581430745814
september,0.07017543859649122,0.2280701754385965,0.04093567251461989,0.11695906432748539,0.12280701754385964,0.07017543859649122,0.08187134502923978,0.2690058479532164
1,0.09923011120615911,0.19760479041916168,0.05132591958939264,0.13088109495295125,0.09067579127459367,0.09666381522668947,0.05303678357570573,0.2805816937553464
language,0.08578856152513,0.17157712305026,0.05979202772963605,0.11178509532062393,0.14991334488734837,0.08665511265164645,0.08058925476603121,0.2538994800693241
english,0.11403739794574665,0.14774822228074797,0.0592573084013695,0.15722939162496707,0.12615222544113774,0.09533842507242561,0.06320779562812746,0.237029233605478
start,0.06037735849056603,0.38280922431865827,0.0469601677148847,0.08427672955974841,0.09685534591194968,0.06121593291404612,0.07337526205450734,0.1941299790356394
produced,0.08618181818181818,0.16436363636363635,0.06618181818181819,0.13272727272727272,0.14,0.10981818181818181,0.06218181818181818,0.23854545454545453
christine,0.044444444444444446,0.22222222222222224,0.0,0.044444444444444446,0.17777777777777778,0.17777777777777778,0.044444444444444446,0.2888888888888889
p.,0.07743134420813547,0.19326863514350612,0.0658682634730539,0.13070410902333265,0.1346272971298782,0.07082386950237457,0.08424530249845139,0.24303117902126783
travers,0.09808612440191387,0.1411483253588517,0.07655502392344499,0.11722488038277512,0.15311004784688997,0.11483253588516747,0.0861244019138756,0.21291866028708137
suzanne,0.09473684210526315,0.1473684210526316,0.05263157894736842,0.09473684210526315,0.17894736842105263,0.16842105263157894,0.042105263157894736,0.22105263157894733
shell,0.17197452229299362,0.08421797593772115,0.05166312809624911,0.19320594479830147,0.0665251238499646,0.15852795470629866,0.13658881811748053,0.13729653220099078
distributed,0.0628140703517588,0.24455611390284757,0.05025125628140704,0.10217755443886098,0.1340033500837521,0.0695142378559464,0.036013400335008376,0.30067001675041877
proofreading,0.09128630705394192,0.15767634854771787,0.053941908713692956,0.07053941908713694,0.17427385892116184,0.11618257261410792,0.049792531120331954,0.28630705394190875
team,0.08575085324232082,0.14206484641638226,0.04308873720136519,0.09641638225255973,0.09428327645051195,0.07380546075085324,0.07508532423208192,0.38950511945392496
http,0.04878048780487805,0.2086720867208672,0.04065040650406504,0.07046070460704608,0.16260162601626016,0.06639566395663957,0.03794037940379404,0.36449864498644985
//www.pgdp.net,0.0970873786407767,0.1407766990291262,0.05339805825242718,0.0825242718446602,0.1553398058252427,0.1359223300970874,0.04854368932038835,0.28640776699029125
note,0.10270080673447912,0.16471413539109084,0.08502279901788845,0.12963872325499823,0.1373553139249386,0.13090143809189758,0.03556646790599789,0.2141003156787092
name,0.09626110307787648,0.16009089031191903,0.07167940508159472,0.10204503201817808,0.1534806858087172,0.08737864077669905,0.0846932451972733,0.24437099772774223
zitkala-sa,0.030303030303030307,0.27272727272727276,0.0,0.030303030303030307,0.18181818181818182,0.15151515151515155,0.060606060606060615,0.27272727272727276
written,0.10057288351368555,0.18523233609166137,0.03691915977084659,0.07829408020369191,0.14894971355824313,0.09102482495225969,0.09548058561425843,0.2635264162953532
two,0.09823429727218061,0.16487180888864592,0.06477887716612912,0.13830426939266385,0.13054173727655385,0.11042475263762094,0.07718799540807958,0.21565626195812607
non,0.030303030303030307,0.24242424242424246,0.0,0.030303030303030307,0.15151515151515155,0.18181818181818182,0.030303030303030307,0.33333333333333337
bishop,0.08629441624365482,0.17258883248730963,0.09390862944162436,0.11167512690355329,0.13197969543147206,0.12436548223350252,0.04568527918781725,0.23350253807106597
library,0.06451612903225806,0.19892473118279572,0.03225806451612903,0.08064516129032258,0.19086021505376344,0.0967741935483871,0.051075268817204304,0.2849462365591398
england,0.13670581150255948,0.13670581150255948,0.04998494429388738,0.1960252935862692,0.10358325805480277,0.1020776874435411,0.049683830171635045,0.22523336344474557
chicago,0.030303030303030307,0.27272727272727276,0.0,0.030303030303030307,0.15151515151515155,0.15151515151515155,0.030303030303030307,0.33333333333333337
a.c.,0.03333333333333333,0.26666666666666666,0.0,0.03333333333333333,0.16666666666666669,0.16666666666666669,0.03333333333333333,0.3
mcclurg,0.03333333333333333,0.26666666666666666,0.0,0.03333333333333333,0.16666666666666669,0.16666666666666669,0.03333333333333333,0.3
co.,0.05555555555555556,0.22649572649572652,0.10683760683760685,0.047008547008547015,0.13675213675213677,0.0982905982905983,0.038461538461538464,0.2905982905982906
1909,0.07555555555555556,0.2111111111111111,0.04,0.0911111111111111,0.15777777777777777,0.05555555555555555,0.07111111111111111,0.2977777777777778
copyright,0.09433962264150943,0.20344544708777687,0.088597210828548,0.052502050861361775,0.06070549630844955,0.09105824446267434,0.009844134536505332,0.39950779327317476
hall,0.08846153846153845,0.1769230769230769,0.06043956043956043,0.11263736263736261,0.16098901098901097,0.11208791208791208,0.07197802197802197,0.21648351648351644
london,0.10933062880324544,0.1614604462474645,0.06957403651115619,0.14239350912778906,0.11663286004056796,0.11744421906693712,0.0539553752535497,0.2292089249492901
published,0.07107843137254902,0.18137254901960784,0.024509803921568627,0.11274509803921569,0.11764705882352941,0.07598039215686274,0.044117647058823525,0.37254901960784315
university,0.043859649122807015,0.2478070175438596,0.03728070175438596,0.05482456140350877,0.1951754385964912,0.03508771929824561,0.03508771929824561,0.3508771929824561
little,0.08792898234477287,0.16628645110097204,0.07711763538980362,0.11832969648879191,0.15522713747272368,0.11470938305891688,0.0855485022812934,0.19485221186272567
preface,0.05166051660516606,0.23800738007380073,0.02029520295202952,0.055350553505535055,0.20664206642066424,0.049815498154981555,0.08302583025830258,0.2952029520295203
ix,0.11235955056179775,0.15730337078651685,0.07865168539325842,0.15168539325842695,0.09550561797752809,0.14606741573033707,0.056179775280898875,0.20224719101123592
book,0.06699751861042183,0.1790145338532435,0.05281814959234314,0.09783764622474299,0.16696207018787662,0.0879120879120879,0.07160581354129741,0.2768521800779865
one,0.09580724720166953,0.16459874786568018,0.064048567634225,0.13208119901346996,0.13894896604059953,0.10819578827546956,0.0811420982735724,0.21517738569531403
printed,0.08414239482200649,0.2233009708737864,0.05177993527508091,0.0744336569579288,0.1423948220064725,0.07766990291262137,0.06472491909385114,0.2815533980582524
years,0.08882783882783883,0.1723901098901099,0.06353021978021978,0.131753663003663,0.13942307692307693,0.11595695970695971,0.07692307692307693,0.21119505494505494
ago,0.09218366631615842,0.19628461268839817,0.07220469681037504,0.13669821240799157,0.12022432527164388,0.11917280056081317,0.07150368033648791,0.19172800560813177
prepared,0.06533575317604355,0.2637628554143981,0.03629764065335753,0.09074410163339382,0.09739866908650938,0.0822746521476104,0.0689655172413793,0.2952208106473079
home,0.08698521647307285,0.17317845828933473,0.062170010559662085,0.11153643083421329,0.16169482576557548,0.10559662090813093,0.08012143611404435,0.2187170010559662
reason,0.10715441890579476,0.15377144707024926,0.06312722563936549,0.13985108449336356,0.1298154742635157,0.1120103593395921,0.07316283586921334,0.2211071544189058
classification,0.09836065573770492,0.16885245901639345,0.09016393442622953,0.13934426229508198,0.15737704918032788,0.1,0.029508196721311476,0.21639344262295085
made,0.09449037341175165,0.17544249015147312,0.07090939355268268,0.1269488986295289,0.14309493425067968,0.10813959940076567,0.07656882871885923,0.204405481884259
according,0.08419243986254295,0.17010309278350513,0.07130584192439862,0.12714776632302405,0.13917525773195877,0.09707903780068727,0.0859106529209622,0.22508591065292097
age,0.08032424465733236,0.16764922623434045,0.06632277081798084,0.11864406779661017,0.15327929255711129,0.13596168017686072,0.06153279292557111,0.21628592483419307
school,0.0633687653311529,0.14104660670482422,0.04538021259198692,0.1017988552739166,0.13246116107931316,0.07113654946852004,0.06827473426001635,0.37653311529026984
child,0.05932914046121593,0.26142557651991616,0.0560796645702306,0.08480083857442347,0.2574423480083857,0.09266247379454925,0.048218029350104816,0.140041928721174
fairy,0.05263157894736841,0.17105263157894735,0.04824561403508772,0.06140350877192982,0.23684210526315788,0.11403508771929824,0.08333333333333333,0.23245614035087717
tales,0.09281961471103328,0.18213660245183888,0.06830122591943959,0.08931698774080561,0.18388791593695272,0.07530647985989491,0.10157618213660244,0.20665499124343256
free,0.09038682497127537,0.16353887399463807,0.0482573726541555,0.13098429720413635,0.13558023745691306,0.10187667560321717,0.07545001914975105,0.25392569896591344
animals,0.11380443714050943,0.1458504519309778,0.07847165160230073,0.15365653245686112,0.1306491372226787,0.1257189811010682,0.05751848808545603,0.1943303204601479
star,0.038034865293185414,0.24722662440570523,0.02297939778129952,0.06656101426307448,0.23296354992076068,0.06576862123613311,0.06576862123613311,0.2606973058637084
ones,0.07841328413284132,0.16051660516605165,0.05811808118081181,0.11439114391143912,0.16328413284132842,0.12730627306273062,0.09686346863468635,0.20110701107011072
given,0.08753709198813056,0.18842729970326408,0.05619436201780415,0.12462908011869435,0.14614243323442136,0.0899480712166172,0.07770771513353117,0.22941394658753708
less,0.0961103107635316,0.15558756945873636,0.06462235027783496,0.1358304177814365,0.13727104342457297,0.1080469232352336,0.07944021403580984,0.22309117102284423
time,0.07437048604333399,0.34038649228967405,0.05207886004294359,0.10302557095451885,0.11235604138200275,0.08760491899277768,0.0706226820222526,0.15955494827249658
miss,0.08564356435643565,0.17202970297029704,0.0655940594059406,0.10643564356435643,0.15915841584158416,0.10495049504950496,0.08440594059405941,0.2217821782178218
new,0.0817451205510907,0.2024110218140069,0.05786452353616533,0.12181400688863375,0.14833524684270954,0.09552238805970151,0.07818599311136624,0.21412169919632607
york,0.07776049766718507,0.2161741835147745,0.0552099533437014,0.09797822706065319,0.13530326594090203,0.08164852255054433,0.08864696734059098,0.24727838258164855
public,0.06509584664536741,0.3093051118210863,0.04652555910543131,0.09964057507987222,0.11002396166134185,0.06529552715654953,0.039936102236421724,0.2641773162939297
kind,0.07288365776369399,0.10095065640561342,0.045118454806096275,0.07695789950203712,0.2601478798853176,0.0851063829787234,0.057793873547608274,0.30104119511090993
enough,0.1005410279531109,0.16666666666666666,0.07724676886083558,0.12383528704538622,0.14036669672377516,0.11316501352569883,0.0846107604448452,0.1935677787796814
read,0.09575971731448764,0.18197879858657248,0.08374558303886927,0.10000000000000002,0.1413427561837456,0.10777385159010601,0.07420494699646644,0.21519434628975267
wish,0.08037274315666859,0.1624927198602213,0.052417006406523,0.1019219569015725,0.1683168316831683,0.0943506115317414,0.099009900990099,0.24111822947000577
boston,0.1083743842364532,0.18719211822660095,0.09852216748768472,0.07389162561576354,0.14285714285714282,0.11822660098522166,0.04926108374384236,0.22167487684729062
collection,0.05673758865248227,0.17375886524822692,0.06028368794326241,0.07801418439716311,0.17375886524822692,0.08510638297872339,0.06382978723404255,0.3085106382978723
john,0.06408966805575514,0.13378358959620634,0.27058485414571054,0.10403793648512717,0.12429946831441299,0.06222158356085644,0.041097858887771226,0.19988504095416007
three,0.1024103468547913,0.16601998824221045,0.06948853615520283,0.1295708406819518,0.13686067019400353,0.10840681951793064,0.08383303938859495,0.20340975896531455
hundred,0.11000332336324359,0.16051844466600199,0.06547025589896975,0.1422399468261881,0.12695247590561645,0.10834164174144233,0.07643735460285808,0.2100365569956796
must,0.1092993488786243,0.16383772051867104,0.0660582113640158,0.13718070009460737,0.1249373921754132,0.11191496466136124,0.06884078134565084,0.21793088096165616
learn,0.09574468085106383,0.1881648936170213,0.06715425531914894,0.11901595744680853,0.14361702127659576,0.10172872340425533,0.08178191489361702,0.20279255319148937
go,0.09262759924385633,0.17238275272301737,0.06706274192096498,0.13610586011342155,0.13502565487442614,0.11252137906202178,0.08038527320190836,0.20388873886038344
write,0.087248322147651,0.18456375838926176,0.06375838926174497,0.11241610738255034,0.11912751677852348,0.10906040268456377,0.07550335570469799,0.2483221476510067
brief,0.07142857142857142,0.20068027210884354,0.04081632653061224,0.0782312925170068,0.1870748299319728,0.1054421768707483,0.1054421768707483,0.2108843537414966
far,0.10001338867318249,0.15557638238050608,0.06506895166688982,0.14901593252108716,0.13361895836122642,0.12799571562458162,0.07457490962645602,0.19413576114607042
find,0.09625453080950463,0.1700899449590549,0.06430393341388106,0.12431198818633374,0.14981876761981475,0.10551751913008459,0.0873942811115586,0.20230903476976778
first,0.0948122780314561,0.1782724505327245,0.06881024860476914,0.12798072044647385,0.13299086757990866,0.10711567732115677,0.07680111618467782,0.21321664129883305
yet,0.09749365131942143,0.1532516285745832,0.07143645798829634,0.1394501490559788,0.13801479518604393,0.121232196091421,0.07651540245114276,0.2026057193331125
teaching,0.06995884773662553,0.1748971193415638,0.051440329218107005,0.10288065843621401,0.17078189300411523,0.10082304526748972,0.08436213991769548,0.24485596707818932
joy,0.06500956022944551,0.12523900573613767,0.05066921606118547,0.10133843212237094,0.3164435946462715,0.11089866156787762,0.08126195028680687,0.14913957934990438
upon,0.10500349080754012,0.1584826623225506,0.06707004887130555,0.14270421224109842,0.13032348149872003,0.10830812194554339,0.0732138701419595,0.21489411217128226
nearly,0.09361702127659575,0.16643026004728134,0.07754137115839244,0.14420803782505912,0.12198581560283689,0.11631205673758865,0.07375886524822696,0.20614657210401893
fifty,0.10862619808306709,0.14589989350372737,0.07774227902023428,0.18104366347177847,0.10330138445154419,0.11821086261980832,0.0724174653887114,0.19275825346112885
writing,0.12725546058879392,0.16429249762583095,0.06362773029439696,0.11490978157644822,0.13675213675213674,0.10351377018043684,0.059829059829059825,0.22981956315289645
north,0.09380234505862646,0.15326633165829145,0.06448911222780569,0.14154103852596314,0.14740368509212728,0.09212730318257956,0.07621440536013399,0.2311557788944723
american,0.09762100082034454,0.16858080393765384,0.061936013125512716,0.1435602953240361,0.1333059885151764,0.07342083675143561,0.08039376538146022,0.24118129614438064
year,0.07851355127130483,0.19810002794076553,0.05588153115395361,0.10813076278290024,0.16987985470801897,0.0944397876501816,0.0813076278290025,0.21374685666387255
professor,0.07584722969338353,0.11726734803657882,0.046799354491662185,0.13932221624529317,0.08875739644970414,0.08068854222700376,0.06939214631522324,0.3819257665411511
charles,0.08313725490196079,0.16,0.07058823529411765,0.12470588235294118,0.16627450980392158,0.0996078431372549,0.03764705882352941,0.2580392156862745
see,0.10756506705294146,0.1530769590206065,0.067613662912948,0.14457268351946173,0.13667585626839868,0.10770524741834495,0.08471566749217325,0.19807485631512547
like,0.1030267442481183,0.15817007420060852,0.07831100197512411,0.1407142475844766,0.14343671595579993,0.11936155447605828,0.0801793626221107,0.1768002989377035
day,0.08192457737321197,0.18891778644704524,0.0638636035255021,0.11385637913596303,0.15763617974281174,0.10634301401531572,0.08503106487501806,0.20242739488513223
faithful,0.05855855855855856,0.14414414414414414,0.02477477477477477,0.09009009009009009,0.15765765765765763,0.09909909909909909,0.06306306306306306,0.36261261261261263
put,0.10410002907822041,0.16225646990404188,0.07269555103227682,0.13594068043035765,0.13056120965396917,0.1078801977318988,0.07865658621692352,0.20790927595231173
together,0.08333333333333334,0.17619825708061002,0.05610021786492375,0.12200435729847496,0.15059912854030502,0.11111111111111112,0.08387799564270153,0.2167755991285403
early,0.09275022013501615,0.1728793660111535,0.06926915174640445,0.12180804226592311,0.14646316407396537,0.11652480187848548,0.07513941884355738,0.20516583504549457
stories,0.06922435362802334,0.17514595496246874,0.0683903252710592,0.09591326105087572,0.18765638031693077,0.07923269391159299,0.09090909090909091,0.23352793994995827
work,0.11704716053217372,0.17834032199616917,0.050887819019516486,0.08443340063156804,0.1359942019982399,0.09421752860174974,0.06289796552259667,0.2761816016979862
boys,0.06725946192430461,0.19197446420428638,0.04263565891472869,0.09621523027815777,0.16484268125854995,0.1014591883264934,0.13109895120839032,0.20451436388508892
even,0.11358860611720757,0.1434742003268737,0.073838431006304,0.1498365631566659,0.12759747840298857,0.12567125846369367,0.0711533971515293,0.19484006537473736
pretty,0.043784445805266387,0.25107164727495407,0.04409063074096755,0.0578689528475199,0.24617268830373545,0.05450091855480711,0.05419473361910595,0.24831598285364362
story,0.08987517337031901,0.16171983356449376,0.06990291262135923,0.11234396671289876,0.16976421636615813,0.09209431345353676,0.08515950069348127,0.21914008321775313
well,0.09033996354703226,0.17037800142642048,0.06307948331880497,0.12037403914731754,0.15112132498613204,0.10238529201996989,0.08328710674379904,0.21903478881052382
except,0.12892561983471076,0.11768595041322316,0.06446280991735538,0.11239669421487604,0.10611570247933885,0.1590082644628099,0.05685950413223141,0.2545454545454546
seven,0.07306590257879655,0.20057306590257878,0.055873925501432664,0.10315186246418337,0.15902578796561606,0.09025787965616046,0.061604584527220625,0.25644699140401145
sisters,0.05581395348837209,0.1813953488372093,0.027906976744186046,0.0930232558139535,0.2418604651162791,0.10697674418604652,0.06976744186046512,0.22325581395348837
live,0.0938697318007663,0.1624521072796935,0.06551724137931035,0.12222222222222223,0.1681992337164751,0.11762452107279694,0.06590038314176246,0.2042145593869732
seen,0.09591871878767004,0.16273463061821936,0.06113311520578611,0.13862579645255727,0.14017565007749266,0.113311520578612,0.08265885999655587,0.20544170828310657
thus,0.09604043807919123,0.16196293176074136,0.05770850884582982,0.13921651221566975,0.13605728727885424,0.10804549283909014,0.07561078348778433,0.22535804549283905
better,0.0910151691948658,0.16161026837806303,0.058148580318942045,0.11901983663943991,0.15246985608712563,0.1059898872034228,0.08693115519253208,0.2248152469856087
period,0.08992506244796003,0.15570358034970858,0.07160699417152372,0.160699417152373,0.12156536219816817,0.11407160699417151,0.08409658617818483,0.20233139050791007
arranged,0.04864864864864865,0.23423423423423426,0.04684684684684685,0.08288288288288288,0.19279279279279282,0.05765765765765766,0.08288288288288288,0.25405405405405407
readers,0.06321839080459771,0.20689655172413796,0.028735632183908053,0.06321839080459771,0.20689655172413796,0.06321839080459771,0.14942528735632185,0.2183908045977012
old,0.09044715447154472,0.14881859756097562,0.0743140243902439,0.12550813008130082,0.15421747967479676,0.11407520325203253,0.07780741869918699,0.2148119918699187
fourteen,0.10156250000000001,0.19140625000000003,0.07031250000000001,0.11328125000000001,0.12500000000000003,0.12109375000000001,0.04296875000000001,0.23437500000000003
whole,0.0990399191510864,0.14401212733703891,0.06872157655381506,0.15125484251305374,0.12918982651170624,0.11706248947279771,0.07276402223345124,0.21795519622705067
number,0.08652822151224707,0.1813099041533546,0.060170394036208726,0.13391906283280086,0.11741214057507987,0.09371671991480297,0.08146964856230031,0.24547390841320554
large,0.10088495575221239,0.1526057030481809,0.06666666666666667,0.1376597836774828,0.13726647000983286,0.10442477876106193,0.088102261553589,0.21238938053097345
forms,0.09309967141292444,0.15279299014238776,0.06571741511500548,0.13253012048192772,0.13855421686746988,0.12705366922234393,0.08159912376779847,0.20865279299014242
simple,0.09083469721767595,0.17594108019639934,0.04091653027823241,0.09901800327332243,0.17184942716857612,0.09328968903436989,0.08592471358428806,0.24222585924713586
every,0.09945155393053016,0.1683363802559415,0.06647166361974406,0.13074954296160876,0.14486288848263254,0.10457038391224864,0.08080438756855576,0.20475319926873858
childish,0.1270718232044199,0.11049723756906078,0.06629834254143646,0.16574585635359115,0.1270718232044199,0.12154696132596685,0.1270718232044199,0.1546961325966851
excellent,0.03130755064456722,0.13812154696132597,0.025782688766114184,0.06445672191528545,0.30570902394106814,0.053406998158379376,0.06998158379373849,0.31123388581952116
study,0.09237074401008828,0.17875157629255992,0.07061790668348046,0.1210592686002522,0.14155107187894075,0.12011349306431274,0.056116015132408575,0.21941992433795712
among,0.09544433750401027,0.15527751042669233,0.06384343920436317,0.13346166185434713,0.15383381456528714,0.11341033044594162,0.07828039781841514,0.2064485081809432
hubbard,0.05555555555555555,0.18518518518518517,0.037037037037037035,0.037037037037037035,0.2962962962962963,0.12962962962962962,0.037037037037037035,0.2222222222222222
shakespeare,0.09580838323353294,0.16167664670658685,0.08183632734530938,0.1217564870259481,0.14970059880239522,0.11776447105788423,0.04790419161676647,0.22355289421157687
still,0.10709242967307483,0.1519496035625068,0.0753774302161399,0.14097968936678615,0.12924948408819378,0.11762789182144022,0.0801564027370479,0.19756706853481049
world,0.09643884096438841,0.15737668657376686,0.05850475558504756,0.14299933642999335,0.1510727715107277,0.10484406104844061,0.07266091572660915,0.21610263216102632
literature,0.07947976878612717,0.16329479768786126,0.07369942196531792,0.12861271676300579,0.15028901734104047,0.1199421965317919,0.07658959537572255,0.20809248554913296
proper,0.10714285714285715,0.16620879120879123,0.06043956043956045,0.13736263736263737,0.12774725274725277,0.10164835164835166,0.09478021978021978,0.2046703296703297
fancy,0.05539906103286384,0.27887323943661974,0.036619718309859155,0.06666666666666667,0.27793427230046946,0.06948356807511737,0.06572769953051642,0.14929577464788732
fact,0.08725182863113896,0.12160397074190178,0.05903866248693834,0.1333594566353187,0.10462382445141065,0.09979101358411703,0.06047544409613375,0.3338557993730407
would,0.0988348370131931,0.16296413836877183,0.06494536881715555,0.14136101917758534,0.1320215804506506,0.1142041075395566,0.07784376841818924,0.2078251802148978
much,0.09173457508731081,0.16189367481567712,0.06713232440822661,0.12122623205277451,0.14427629025999222,0.11594877764842838,0.0835079549864183,0.21428017074117187
adventures,0.05600000000000001,0.184,0.068,0.1,0.172,0.06,0.124,0.236
seem,0.09734042553191491,0.1542553191489362,0.07872340425531917,0.13085106382978726,0.1420212765957447,0.11755319148936172,0.08031914893617023,0.198936170212766
need,0.09640421574705518,0.15654060756354618,0.057656540607563554,0.12430254184748915,0.14383137011779293,0.11035337879727217,0.07439553626782393,0.23651580905145692
told,0.09160024524831391,0.16701410177805023,0.07590435315757203,0.12225628448804414,0.147271612507664,0.11146535867565908,0.08007357449417535,0.20441446965052115
days,0.11117381489841988,0.18665349887133184,0.057138826185101584,0.1073645598194131,0.146303611738149,0.11738148984198647,0.09029345372460498,0.18369074492099324
hold,0.11480730223123733,0.16308316430020284,0.06612576064908722,0.12778904665314403,0.12210953346855984,0.09330628803245436,0.06490872210953348,0.24787018255578097
jack,0.12471448149840109,0.1439013248058474,0.07217907720420283,0.1448149840109639,0.13111009593421655,0.0968478757423481,0.10644129739607126,0.17999086340794881
people,0.0914665835152271,0.16994075459931401,0.06662509094688701,0.122128676852718,0.1523750129924124,0.09728718428437791,0.08346325745764473,0.21671343935141876
found,0.06778839495914692,0.10891843235009001,0.054770807367400635,0.09285417532197755,0.24712643678160914,0.0802520426533721,0.05449383741864007,0.29379587314776345
know,0.09564075199080536,0.1572120515557015,0.07511698546917331,0.12191117313849438,0.14768902388966423,0.11189557507593795,0.08373696740825877,0.20679747147196456
lives,0.08910162002945508,0.1516936671575847,0.05817378497790869,0.12223858615611193,0.15390279823269512,0.11045655375552282,0.08762886597938144,0.2268041237113402
reader,0.07845579078455792,0.18181818181818182,0.04981320049813201,0.09339975093399752,0.1444582814445828,0.09962640099626402,0.09589041095890412,0.25653798256537985
never,0.09438729471214583,0.16856163147446307,0.06036816459122902,0.12624075076700955,0.14816820068579678,0.11333694279011008,0.08789027251398664,0.20104674246525897
bring,0.0989010989010989,0.16568047337278105,0.07480980557903635,0.13947590870667792,0.14623837700760778,0.1073541842772612,0.07142857142857142,0.19611158072696533
present,0.05613889177669197,0.20033267491423226,0.03441106144089822,0.08192119762969123,0.181931593720761,0.06300031188273209,0.14065911217382263,0.2416051564611706
writer,0.052777777777777785,0.19444444444444445,0.013888888888888892,0.11111111111111113,0.16944444444444445,0.06944444444444445,0.10555555555555557,0.2833333333333334
eyes,0.09119423791821561,0.1549721189591078,0.07481412639405205,0.1275557620817844,0.152067843866171,0.13847583643122677,0.09270446096654275,0.16821561338289964
although,0.09315068493150686,0.15968688845401177,0.07279843444227008,0.13776908023483367,0.1315068493150685,0.1178082191780822,0.08571428571428572,0.20156555772994134
since,0.09054163298302345,0.17623282134195634,0.053556992724333057,0.14187550525464832,0.14187550525464832,0.11519805982215035,0.07154405820533548,0.20917542441390458
ten,0.11561866125760648,0.15502752825268035,0.07099391480730223,0.15792523906114167,0.11185163720660676,0.1159084323384526,0.08229498696030134,0.1903796001159084
famous,0.09635036496350366,0.16642335766423358,0.06277372262773723,0.15036496350364964,0.11970802919708029,0.10802919708029197,0.06277372262773723,0.23357664233576644
history,0.08369160217827458,0.147176841501863,0.06979077099455432,0.12424763542562338,0.16322728575523074,0.09472628260246489,0.049154485525938665,0.2679850960160504
place,0.09218151995626025,0.1706943685073811,0.06342263531984692,0.12258064516129034,0.14335702569710226,0.10410060142154183,0.07709130672498633,0.22657189721159104
might,0.09622725255215268,0.1688415446071904,0.06569019085663559,0.14567243675099867,0.13217931646693298,0.11868619618286727,0.08415446071904127,0.18854860186418107
us,0.09552102376599635,0.16321983546617916,0.0638711151736746,0.13179844606946983,0.14573811700182818,0.11654478976234003,0.07952468007312614,0.20378199268738575
flowers,0.1147203947368421,0.16159539473684212,0.06949013157894736,0.09786184210526315,0.1800986842105263,0.09087171052631579,0.10197368421052631,0.18338815789473684
atmosphere,0.0823045267489712,0.16049382716049382,0.04526748971193415,0.14814814814814814,0.1316872427983539,0.11934156378600821,0.0823045267489712,0.23045267489711935
works,0.11184318893098336,0.17756547521001478,0.06275737110854883,0.052874320540273426,0.14132762312633831,0.03442595947949266,0.0316257618184813,0.3875802997858672
bad,0.16529917950770462,0.08425055033019813,0.16169701821092655,0.18391034620772462,0.08064838903342006,0.17290374224534721,0.0532319391634981,0.09805883530118072
boy,0.0644948562384595,0.1308361909786336,0.2825112107623319,0.09390662094434188,0.11711949353732526,0.08968609865470853,0.06739646531258245,0.154049063571617
william,0.09719626168224299,0.15763239875389407,0.07165109034267912,0.13395638629283488,0.12897196261682242,0.10529595015576323,0.047975077881619935,0.2573208722741433
henry,0.0747074707470747,0.1269126912691269,0.06480648064806481,0.08820882088208822,0.13231323132313233,0.08370837083708371,0.052205220522052204,0.37713771377137717
mrs.,0.08907849829351536,0.17440273037542664,0.06382252559726963,0.10409556313993175,0.15631399317406144,0.12013651877133107,0.0696245733788396,0.2225255972696246
long,0.0725092960635979,0.33433773560712915,0.05346839338376715,0.10546223874855751,0.11245031414283883,0.09783305551993846,0.06225157071419414,0.16168739581997693
look,0.0848841625522218,0.1614128370679833,0.07235093049753133,0.12210406380554499,0.15666540068363083,0.1110900113938473,0.08640334219521457,0.20508925180402582
lang,0.09615384615384616,0.19230769230769232,0.13461538461538464,0.09615384615384616,0.125,0.09615384615384616,0.07692307692307693,0.18269230769230768
introduced,0.09294320137693632,0.14974182444061962,0.09810671256454387,0.1308089500860585,0.12220309810671255,0.0963855421686747,0.06368330464716006,0.2461273666092943
think,0.09590088712144387,0.16197613949219947,0.06867543591312329,0.11930253900275314,0.14744570204955645,0.11884368308351177,0.08810033649434078,0.1997552768430713
adapted,0.04666666666666667,0.16,0.12666666666666668,0.07333333333333333,0.18000000000000002,0.06666666666666667,0.06,0.2866666666666667
....,0.11529051987767583,0.1434250764525994,0.07155963302752293,0.136697247706422,0.13975535168195719,0.09938837920489296,0.07308868501529052,0.2207951070336391
many,0.09085796915167096,0.1663721079691517,0.059768637532133684,0.12234897172236506,0.1485379177377892,0.1085314910025707,0.08868894601542417,0.21489395886889462
form,0.09909420289855073,0.15887681159420292,0.06485507246376812,0.12119565217391307,0.1298913043478261,0.10054347826086957,0.07028985507246377,0.25525362318840583
quite,0.08306709265175719,0.16425483931591806,0.05732005262168765,0.11877466641608721,0.15053561360646495,0.11689532042849088,0.0860740462319113,0.22307836872768275
subject,0.09915748541801686,0.15618924173687623,0.06286454957874271,0.1477640959170447,0.11406351263771873,0.11082307193778354,0.06675307841866494,0.24238496435515233
whose,0.09392265193370167,0.1550414364640884,0.06957872928176796,0.12879834254143646,0.1541781767955801,0.112396408839779,0.07441298342541436,0.21167127071823202
point,0.0971249093984054,0.1625996617540469,0.06257550132882338,0.14013046629620682,0.12370137714423773,0.09978255617298865,0.08359507127325441,0.2304904566320367
view,0.10267288926601612,0.16164616037335597,0.06406448875689436,0.1463725074246924,0.1285532456512516,0.09800593975392448,0.07085277895630038,0.2278319898175647
call,0.08848167539267014,0.17460732984293192,0.06832460732984293,0.12015706806282721,0.15549738219895287,0.0931937172774869,0.08272251308900523,0.21701570680628268
however,0.09770306258322238,0.16744340878828232,0.06657789613848203,0.12916111850865514,0.12982689747003995,0.10818908122503329,0.07340213049267644,0.22769640479360853
great,0.08920255413125928,0.1630899227039224,0.05881223294445244,0.12304959431561763,0.1580488741658265,0.10379758989869893,0.08459359546785732,0.21940563637236543
back,0.10892752162593432,0.16998404299991599,0.07256235827664399,0.13781809019904256,0.1288317796254304,0.12068531116150162,0.08037288989669941,0.1808180062148316
good,0.04727038203270231,0.2083918206305247,0.033878371713646195,0.05906900868773474,0.2018665351492849,0.051215903486475214,0.1665844683030464,0.2317235099965856
add,0.10297029702970298,0.14257425742574256,0.0594059405940594,0.10693069306930694,0.13465346534653466,0.11485148514851484,0.08316831683168317,0.25544554455445545
take,0.09240622140896615,0.17810308020738028,0.06150249059672664,0.13174748398902106,0.1395750737013317,0.1045034055098099,0.0836637186133984,0.20849852597336588
thought,0.07878090856814261,0.325570251102166,0.0599961663791451,0.10839562967222542,0.11845888441633122,0.08903584435499327,0.07312631780716887,0.1466359976998275
ground,0.09542296689824276,0.1203514507560278,0.06538618716796077,0.11238250919493258,0.09930527176134042,0.09542296689824276,0.06906416019615856,0.3426644871270944
seeing,0.0951086956521739,0.1691576086956522,0.07404891304347826,0.1453804347826087,0.15421195652173914,0.09850543478260869,0.08763586956521739,0.17595108695652173
shall,0.0896480863087593,0.15733367582840993,0.06319034163883892,0.12316979193424092,0.14063704084253786,0.10544567171846904,0.08142820446956073,0.23914718725918313
.........................................,0.09195402298850575,0.14942528735632185,0.10344827586206896,0.1149425287356322,0.1839080459770115,0.10344827586206896,0.04597701149425287,0.20689655172413793
...,0.06944623725313025,0.15283335484703756,0.21104943849231964,0.14147411901381182,0.12959855427907577,0.048018587840454374,0.04827675229120951,0.19930295598296113
.................................,0.10638297872340426,0.14893617021276595,0.0851063829787234,0.0425531914893617,0.14893617021276595,0.1702127659574468,0.02127659574468085,0.2765957446808511
................................,0.04477611940298508,0.1940298507462687,0.02985074626865672,0.02985074626865672,0.17910447761194032,0.1492537313432836,0.05970149253731344,0.31343283582089554
21,0.049999999999999996,0.11136363636363636,0.05909090909090909,0.06818181818181818,0.24318181818181817,0.05227272727272727,0.022727272727272728,0.39318181818181813
..............................,0.027272727272727268,0.19999999999999998,0.01818181818181818,0.054545454545454536,0.1909090909090909,0.14545454545454545,0.0818181818181818,0.2818181818181818
four,0.08787413660782808,0.17421335379892555,0.059478127398311584,0.12778204144282423,0.1427475057559478,0.10360706062931696,0.08211818879508825,0.22217958557175746
...............................,0.0,0.1836734693877551,0.04081632653061225,0.0,0.20408163265306123,0.20408163265306123,0.020408163265306124,0.34693877551020413
28,0.10195227765726682,0.1887201735357918,0.06290672451193059,0.11930585683297182,0.14967462039045554,0.11496746203904558,0.034707158351409986,0.22776572668112802
five,0.09137994820569738,0.16870144284128744,0.06696263411024787,0.14243433222345542,0.1372549019607843,0.11986681465038845,0.06992230854605992,0.20347761746207915
six,0.09479686386315041,0.19101924447612262,0.05345687811831789,0.12045616535994298,0.1518175338560228,0.11047754811119032,0.06557377049180328,0.21240199572344975
50,0.10583153347732183,0.15032397408207343,0.0695464362850972,0.13822894168466524,0.14773218142548597,0.11360691144708424,0.0470842332613391,0.22764578833693305
eight,0.05807622504537204,0.20326678765880218,0.07259528130671505,0.10889292196007258,0.15426497277676948,0.1234119782214156,0.07078039927404718,0.20871143375680576
............................,0.02898550724637681,0.21739130434782605,0.05797101449275362,0.07246376811594203,0.15942028985507245,0.14492753623188406,0.08695652173913042,0.23188405797101447
twelve,0.07177033492822966,0.17862838915470497,0.054226475279106866,0.10845295055821373,0.16586921850079747,0.09409888357256778,0.06379585326953749,0.2631578947368421
..........................,0.0,0.19999999999999998,0.01818181818181818,0.0,0.23636363636363636,0.1272727272727273,0.10909090909090907,0.3090909090909091
baby,0.05695611577964518,0.15406162464985992,0.04388422035480859,0.10084033613445378,0.30158730158730157,0.11111111111111109,0.061624649859943974,0.1699346405228758
pictures,0.06415094339622641,0.19433962264150942,0.035849056603773584,0.07169811320754717,0.21886792452830184,0.11132075471698111,0.09433962264150943,0.20943396226415092
