,anger,anticipation,disgust,fear,joy,sadness,surprise,trust
project,0.12036199095022625,0.17285067873303167,0.047058823529411764,0.05128205128205128,0.1028657616892911,0.08024132730015084,0.02262443438914027,0.4027149321266968
gutenberg,0.07834101382488479,0.23271889400921658,0.04377880184331798,0.056451612903225805,0.0771889400921659,0.10368663594470046,0.03110599078341014,0.37672811059907835
ebook,0.03896103896103896,0.19220779220779222,0.05454545454545455,0.09350649350649351,0.13506493506493508,0.05454545454545455,0.07012987012987013,0.36103896103896105
hyborian,0.07407407407407407,0.09876543209876544,0.0617283950617284,0.17283950617283952,0.08641975308641976,0.19753086419753088,0.02469135802469136,0.2839506172839506
age,0.06989795918367347,0.18520408163265306,0.036734693877551024,0.12142857142857143,0.16122448979591836,0.08316326530612245,0.06173469387755102,0.28061224489795916
use,0.12131147540983607,0.1901639344262295,0.08087431693989071,0.107103825136612,0.14863387978142076,0.059016393442622946,0.029508196721311473,0.2633879781420765
almost,0.10089020771513355,0.1543026706231454,0.08407517309594462,0.15924826904055392,0.12561819980217606,0.13649851632047477,0.0741839762611276,0.1651829871414441
may,0.08108108108108109,0.1837837837837838,0.05045045045045045,0.10945945945945945,0.15923423423423422,0.07229729729729731,0.06283783783783783,0.2808558558558559
copy,0.17329093799682035,0.11128775834658187,0.08267090620031797,0.07154213036565978,0.047694753577106515,0.07313195548489666,0.041335453100158986,0.3990461049284579
terms,0.11688311688311688,0.1334120425029516,0.048406139315230225,0.08146399055489964,0.12514757969303425,0.053128689492325853,0.049586776859504134,0.39197166469893746
license,0.11893203883495145,0.2038834951456311,0.06796116504854369,0.10194174757281554,0.1092233009708738,0.08495145631067962,0.0412621359223301,0.27184466019417475
distributed,0.03703703703703703,0.27777777777777773,0.043209876543209874,0.12345679012345678,0.11728395061728394,0.06172839506172839,0.04938271604938271,0.2901234567901234
's,0.09920239282153538,0.15912263210368893,0.08045862412761715,0.1288135593220339,0.13549351944167498,0.09890329012961116,0.07108673978065802,0.22691924227318044
first,0.07220748600058946,0.19599174771588565,0.054818744473916894,0.10963748894783379,0.1417624521072797,0.07515473032714413,0.0601237842617153,0.29030356616563513
copyright,0.08670520231213873,0.19364161849710984,0.08092485549132948,0.052023121387283246,0.08670520231213873,0.07225433526011561,0.031791907514450865,0.3959537572254336
history,0.07720254314259764,0.16530426884650318,0.05177111716621253,0.13896457765667575,0.1298819255222525,0.08719346049046321,0.05267938237965485,0.2970027247956403
years,0.08246913580246913,0.17679012345679013,0.05530864197530864,0.13629629629629628,0.13580246913580246,0.09777777777777778,0.07259259259259258,0.24296296296296296
found,0.05284191829484902,0.10079928952042629,0.04706927175843694,0.08436944937833037,0.2682060390763765,0.07015985790408524,0.049289520426287745,0.32726465364120777
real,0.08579088471849868,0.11260053619302951,0.056300268096514755,0.08042895442359249,0.13136729222520108,0.0777479892761394,0.06166219839142091,0.39410187667560326
kingdoms,0.1851851851851852,0.05555555555555556,0.07407407407407408,0.1851851851851852,0.0925925925925926,0.22222222222222224,0.05555555555555556,0.12962962962962965
set,0.11391492429704399,0.14131218457101657,0.06777217015140591,0.12472963229992791,0.13482335976928625,0.10886806056236482,0.04470079307858688,0.26387887527036774
except,0.09826589595375722,0.12524084778420036,0.04624277456647398,0.11560693641618495,0.14643545279383427,0.13680154142581885,0.04046242774566474,0.29094412331406544
latter,0.09677419354838711,0.17836812144212524,0.047438330170778,0.12144212523719167,0.12903225806451613,0.09677419354838711,0.07590132827324478,0.25426944971537
civilization,0.08300907911802853,0.1517509727626459,0.04928664072632944,0.15564202334630348,0.11543450064850844,0.09727626459143969,0.057068741893644616,0.29053177691309984
civilized,0.07103825136612021,0.12568306010928962,0.0546448087431694,0.12568306010928962,0.21311475409836064,0.03825136612021858,0.06557377049180327,0.30601092896174864
races,0.06855791962174941,0.16548463356973994,0.06382978723404256,0.09692671394799054,0.19148936170212766,0.08747044917257683,0.035460992907801414,0.29078014184397166
barbarians,0.1818181818181818,0.0909090909090909,0.0909090909090909,0.21212121212121213,0.07575757575757576,0.1818181818181818,0.015151515151515152,0.15151515151515152
picts,0.08928571428571429,0.08928571428571429,0.0625,0.1875,0.14285714285714288,0.11607142857142858,0.0625,0.25
far,0.08485958485958486,0.1807081807081807,0.051892551892551896,0.13003663003663005,0.1526251526251526,0.10561660561660562,0.0695970695970696,0.22466422466422467
western,0.10379746835443038,0.1848101265822785,0.06329113924050633,0.14936708860759493,0.12658227848101267,0.0810126582278481,0.06329113924050633,0.2278481012658228
atlanteans,0.1935483870967742,0.06451612903225808,0.0967741935483871,0.32258064516129037,0.0,0.1935483870967742,0.0,0.12903225806451615
continent,0.06955530216647664,0.19612314709236034,0.04561003420752566,0.11174458380843785,0.16875712656784495,0.07639680729760548,0.04446978335233752,0.28734321550741165
pictish,0.1791044776119403,0.08955223880597014,0.08955223880597014,0.1791044776119403,0.04477611940298507,0.16417910447761194,0.02985074626865672,0.22388059701492535
though,0.08450046685340802,0.17320261437908493,0.04948646125116713,0.146125116713352,0.15779645191409894,0.10504201680672268,0.059290382819794575,0.2245564892623716
whole,0.08623969562460367,0.18452758402029168,0.04692454026632847,0.11731135066582116,0.1686746987951807,0.07545973367152821,0.06467977171845275,0.2561826252377933
kingdom,0.06408345752608048,0.18777943368107303,0.04470938897168405,0.12816691505216096,0.19076005961251863,0.06259314456035768,0.03725782414307005,0.2846497764530551
east,0.07057256990679094,0.17709720372836218,0.05059920106524633,0.118508655126498,0.15446071904127828,0.08122503328894806,0.051930758988015975,0.2956058588548602
whose,0.08065395095367849,0.18038147138964578,0.04686648501362398,0.12043596730245232,0.1656675749318801,0.08501362397820164,0.05885558583106267,0.262125340599455
people,0.08945686900958466,0.17292332268370608,0.06309904153354633,0.1429712460063898,0.13698083067092653,0.09305111821086264,0.06309904153354633,0.2384185303514377
among,0.07411696583671107,0.1806601042269832,0.04806022003474233,0.12101910828025478,0.1673422119281992,0.08222350897510132,0.05848291835552982,0.2680949623624783
mountains,0.11940298507462685,0.11194029850746266,0.08955223880597013,0.14925373134328357,0.08208955223880596,0.15671641791044774,0.044776119402985065,0.24626865671641787
clans,0.11363636363636363,0.18181818181818182,0.045454545454545456,0.11363636363636363,0.13636363636363635,0.13636363636363635,0.045454545454545456,0.22727272727272727
tribes,0.08185538881309685,0.07639836289222374,0.32332878581173263,0.1500682128240109,0.01637107776261937,0.07639836289222374,0.002728512960436562,0.2728512960436562
savages,0.11363636363636363,0.13636363636363635,0.06818181818181818,0.18181818181818182,0.11363636363636363,0.1590909090909091,0.0,0.22727272727272727
south,0.07801418439716312,0.17494089834515367,0.06619385342789598,0.13002364066193853,0.12056737588652483,0.10165484633569741,0.10638297872340426,0.2222222222222222
culture,0.10416666666666667,0.16666666666666669,0.08333333333333334,0.20833333333333334,0.0625,0.10416666666666667,0.04166666666666667,0.22916666666666669
race,0.09470752089136492,0.17084493964716807,0.057567316620241414,0.13370473537604458,0.15134633240482823,0.0872794800371402,0.04642525533890437,0.25812441968430827
human,0.09675405742821475,0.15917602996254684,0.06367041198501873,0.14794007490636707,0.14731585518102372,0.08988764044943821,0.0536828963795256,0.24157303370786518
came,0.10493506493506494,0.17142857142857143,0.06441558441558443,0.1283116883116883,0.13350649350649352,0.11272727272727272,0.08519480519480518,0.19948051948051945
contact,0.038674033149171276,0.1270718232044199,0.027624309392265196,0.04972375690607735,0.18232044198895028,0.038674033149171276,0.05524861878453039,0.4806629834254144
armies,0.18584070796460175,0.035398230088495575,0.09734513274336283,0.2831858407079646,0.06194690265486725,0.10619469026548671,0.04424778761061946,0.18584070796460175
barbarian,0.10810810810810811,0.08108108108108107,0.10810810810810811,0.27027027027027023,0.05405405405405406,0.18918918918918917,0.08108108108108107,0.10810810810810811
mercenaries,0.11764705882352942,0.14705882352941177,0.05882352941176471,0.20588235294117646,0.14705882352941177,0.05882352941176471,0.08823529411764705,0.1764705882352941
wars,0.13571428571428573,0.10714285714285714,0.1,0.18571428571428572,0.07857142857142857,0.16428571428571428,0.08571428571428572,0.14285714285714285
world,0.08120035304501323,0.1853486319505737,0.04310091203295087,0.13386290085319213,0.1488673139158576,0.07737569873492203,0.05325095616357752,0.2769932333039129
new,0.08462929475587705,0.1956600361663653,0.05605786618444847,0.11681735985533455,0.13200723327305605,0.07269439421338156,0.056781193490054255,0.2853526220614829
great,0.07895292379142918,0.1724720287101541,0.051509394131306736,0.12961790162550138,0.15917247202871015,0.08866371120962635,0.055098163394553513,0.2645134051087186
inland,0.19999999999999996,0.06666666666666667,0.09999999999999998,0.16666666666666666,0.03333333333333333,0.19999999999999996,0.06666666666666667,0.16666666666666666
forth,0.10304942166140904,0.16824395373291273,0.03680336487907466,0.09989484752891693,0.17560462670872765,0.07150368033648791,0.03890641430073607,0.305993690851735
cities,0.08363636363636363,0.16727272727272727,0.06909090909090909,0.14909090909090908,0.13454545454545455,0.12727272727272726,0.061818181818181814,0.20727272727272728
destroyed,0.1984732824427481,0.07633587786259541,0.061068702290076333,0.24427480916030533,0.015267175572519083,0.22900763358778622,0.061068702290076333,0.11450381679389311
thousands,0.18750000000000003,0.10000000000000002,0.08750000000000001,0.30000000000000004,0.05000000000000001,0.18750000000000003,0.037500000000000006,0.05000000000000001
many,0.08992416034669556,0.17172264355362946,0.05850487540628386,0.11971830985915492,0.13867822318526546,0.10075839653304443,0.05579631635969664,0.2648970747562297
ancient,0.07142857142857142,0.16250000000000003,0.04285714285714286,0.1375,0.1875,0.07678571428571429,0.0625,0.25892857142857145
life,0.08169195996125282,0.17759121730707134,0.05295447206974491,0.11914756215692605,0.17371649983855342,0.07910881498224087,0.0629641588634162,0.25282531482079434
sea,0.12244897959183673,0.15873015873015872,0.06575963718820861,0.14965986394557823,0.14965986394557823,0.11564625850340136,0.06575963718820861,0.17233560090702946
ruins,0.11764705882352942,0.05882352941176471,0.11764705882352942,0.23529411764705885,0.08823529411764705,0.1764705882352941,0.08823529411764705,0.11764705882352942
state,0.08563273073263558,0.14652711703139867,0.059942911512844914,0.14652711703139867,0.10085632730732635,0.09039010466222645,0.04662226450999048,0.3235014272121789
stone,0.3137697516930023,0.1015801354401806,0.08352144469525961,0.07449209932279911,0.09706546275395035,0.08803611738148985,0.05191873589164786,0.18961625282167047
artistic,0.15151515151515152,0.0909090909090909,0.0909090909090909,0.24242424242424243,0.06060606060606061,0.0909090909090909,0.0909090909090909,0.1818181818181818
back,0.10482062780269058,0.17600896860986548,0.06278026905829596,0.14237668161434977,0.125,0.117152466367713,0.07679372197309417,0.19506726457399104
barbaric,0.22222222222222224,0.02777777777777778,0.19444444444444445,0.3055555555555556,0.02777777777777778,0.05555555555555556,0.08333333333333333,0.08333333333333333
west,0.061248527679623084,0.20318021201413425,0.0630153121319199,0.08657243816254416,0.17550058892815074,0.05771495877502944,0.0535924617196702,0.2991755005889281
one,0.08047351428913069,0.1806767906253737,0.048666746382876956,0.12256367332297023,0.16274064330981705,0.08250627765156045,0.0672007652756188,0.25517158914265214
north,0.09621451104100946,0.17350157728706622,0.06466876971608831,0.138801261829653,0.13722397476340692,0.09621451104100946,0.044164037854889586,0.24921135646687695
much,0.08529048207663782,0.16687268232385663,0.0661310259579728,0.11866501854140914,0.15203955500618047,0.10754017305315204,0.07601977750309023,0.22744128553770085
ferocious,0.14634146341463414,0.09756097560975609,0.14634146341463414,0.21951219512195122,0.1219512195121951,0.14634146341463414,0.024390243902439022,0.09756097560975609
completed,0.09782608695652174,0.1739130434782609,0.05434782608695652,0.10869565217391304,0.1739130434782609,0.09782608695652174,0.06521739130434782,0.2282608695652174
hills,0.1032258064516129,0.14838709677419354,0.11612903225806452,0.1032258064516129,0.12903225806451613,0.11612903225806452,0.07741935483870967,0.2064516129032258
without,0.09890109890109891,0.1631868131868132,0.06538461538461539,0.13571428571428573,0.13021978021978023,0.1065934065934066,0.06703296703296704,0.232967032967033
come,0.07999999999999999,0.18481012658227847,0.050126582278481005,0.12759493670886074,0.15848101265822784,0.0911392405063291,0.06987341772151898,0.23797468354430376
upon,0.0890435403283369,0.17255531763026408,0.05139186295503212,0.11795146324054247,0.15239114917915775,0.07958600999286224,0.06192005710206995,0.27516059957173444
stygia,0.2222222222222222,0.05555555555555555,0.08333333333333333,0.19444444444444442,0.0,0.3055555555555555,0.08333333333333333,0.05555555555555555
even,0.10240078392944633,0.15678588926996567,0.057324840764331204,0.11268985791278785,0.1558059774620284,0.11317981381675649,0.060264576188143064,0.2415482606565409
hyborians,0.125,0.08333333333333334,0.0625,0.22916666666666669,0.10416666666666667,0.16666666666666669,0.04166666666666667,0.18750000000000003
chief,0.07772020725388601,0.16925734024179617,0.03799654576856649,0.09671848013816925,0.16062176165803108,0.055267702936096716,0.05181347150259066,0.3506044905008635
days,0.10651558073654391,0.19150141643059493,0.04872521246458924,0.10424929178470256,0.15184135977337113,0.09518413597733712,0.08441926345609066,0.21756373937677054
centuries,0.10784313725490195,0.14705882352941174,0.06862745098039215,0.17647058823529413,0.1372549019607843,0.08333333333333333,0.06862745098039215,0.2107843137254902
tribe,0.08843537414965986,0.14285714285714288,0.047619047619047616,0.108843537414966,0.12244897959183675,0.09523809523809523,0.07482993197278912,0.31972789115646255
warriors,0.11340206185567013,0.15463917525773196,0.05154639175257733,0.1443298969072165,0.1443298969072165,0.12371134020618559,0.07216494845360825,0.19587628865979384
conquest,0.2,0.1,0.05,0.25,0.125,0.075,0.05,0.15
conquered,0.13513513513513514,0.10810810810810813,0.16216216216216217,0.10810810810810813,0.054054054054054064,0.21621621621621626,0.027027027027027032,0.1891891891891892
long,0.07575165950800469,0.3596251464271769,0.04802811401796173,0.1108941819601718,0.10152284263959391,0.0878563061304178,0.0554470909800859,0.16087465833658726
borders,0.28125,0.03125,0.15625,0.18749999999999997,0.0,0.15625,0.09374999999999999,0.09374999999999999
shem,0.17857142857142858,0.03571428571428572,0.07142857142857144,0.25,0.03571428571428572,0.25,0.07142857142857144,0.10714285714285714
rude,0.24390243902439027,0.07317073170731708,0.12195121951219513,0.21951219512195128,0.02439024390243903,0.09756097560975611,0.09756097560975611,0.12195121951219513
hyperborea,0.325,0.0,0.14999999999999997,0.27499999999999997,0.0,0.09999999999999999,0.024999999999999998,0.12499999999999999
naked,0.1818181818181818,0.06060606060606061,0.12121212121212122,0.21212121212121213,0.0909090909090909,0.15151515151515152,0.06060606060606061,0.12121212121212122
defeated,0.1323529411764706,0.11764705882352942,0.044117647058823525,0.1764705882352941,0.07352941176470588,0.2647058823529412,0.044117647058823525,0.14705882352941177
war,0.08634111818825195,0.10049539985845717,0.0629865534324133,0.31422505307855625,0.07643312101910828,0.09200283085633404,0.044585987261146494,0.22292993630573246
northern,0.0942622950819672,0.1885245901639344,0.05737704918032786,0.13934426229508196,0.12704918032786885,0.06557377049180328,0.05327868852459016,0.2745901639344262
lands,0.09369676320272573,0.16865417376490632,0.07666098807495741,0.1294718909710392,0.10902896081771722,0.09710391822827939,0.05281090289608178,0.272572402044293
koth,0.12903225806451613,0.12903225806451613,0.03225806451612903,0.16129032258064516,0.12903225806451613,0.19354838709677416,0.0,0.22580645161290322
power,0.07560439560439561,0.17978021978021977,0.04527472527472527,0.13582417582417583,0.16131868131868135,0.06901098901098901,0.06021978021978022,0.27296703296703295
zingara,0.16666666666666666,0.1388888888888889,0.08333333333333333,0.16666666666666666,0.08333333333333333,0.1388888888888889,0.05555555555555556,0.16666666666666666
aquilonia,0.19148936170212763,0.12765957446808507,0.11702127659574467,0.23404255319148934,0.06382978723404253,0.14893617021276592,0.021276595744680847,0.09574468085106382
nemedia,0.17021276595744683,0.06382978723404255,0.10638297872340426,0.2553191489361702,0.08510638297872342,0.1276595744680851,0.04255319148936171,0.14893617021276595
right,0.12610229276895943,0.16137566137566137,0.05731922398589065,0.09259259259259259,0.12433862433862433,0.11728395061728396,0.06790123456790123,0.2530864197530864
cimmerians,0.18333333333333332,0.15,0.04999999999999999,0.2333333333333333,0.08333333333333333,0.19999999999999996,0.03333333333333333,0.06666666666666667
wilderness,0.08494208494208494,0.20077220077220076,0.05791505791505791,0.2162162162162162,0.08108108108108109,0.16988416988416988,0.03474903474903475,0.15444015444015444
hyrkanians,0.13924050632911392,0.06329113924050633,0.1139240506329114,0.25316455696202533,0.06329113924050633,0.16455696202531647,0.08860759493670886,0.1139240506329114
hyrkanian,0.36666666666666664,0.0,0.03333333333333333,0.26666666666666666,0.03333333333333333,0.2333333333333333,0.0,0.06666666666666667
zingarans,0.15151515151515152,0.06060606060606061,0.15151515151515152,0.27272727272727276,0.06060606060606061,0.15151515151515152,0.06060606060606061,0.0909090909090909
eyes,0.08869075551384328,0.1595495072735805,0.05818864382918818,0.1313937118723604,0.17081182543406853,0.12060065696855936,0.08540591271703427,0.18535898639136555
empire,0.13414634146341464,0.14634146341463414,0.07317073170731707,0.21951219512195125,0.0975609756097561,0.08536585365853659,0.06707317073170732,0.17682926829268292
bossonian,0.13333333333333336,0.0888888888888889,0.06666666666666668,0.2666666666666667,0.06666666666666668,0.22222222222222227,0.06666666666666668,0.0888888888888889
bossonians,0.15789473684210528,0.08771929824561403,0.15789473684210528,0.2280701754385965,0.07017543859649124,0.14035087719298248,0.07017543859649124,0.08771929824561403
savage,0.28571428571428575,0.14285714285714288,0.03174603174603175,0.2698412698412699,0.09523809523809525,0.03174603174603175,0.07936507936507937,0.0634920634920635
aquilonians,0.18367346938775508,0.1020408163265306,0.1020408163265306,0.16326530612244897,0.1020408163265306,0.16326530612244897,0.06122448979591836,0.12244897959183672
man,0.08390596745027123,0.16455696202531647,0.05786618444846293,0.13200723327305605,0.16853526220614828,0.09403254972875226,0.07269439421338156,0.2264014466546112
ways,0.07305936073059362,0.21004566210045664,0.05022831050228311,0.12785388127853883,0.15525114155251143,0.08219178082191782,0.06392694063926942,0.23744292237442927
arus,0.08888888888888889,0.15555555555555556,0.06666666666666667,0.17777777777777778,0.1111111111111111,0.1111111111111111,0.06666666666666667,0.2222222222222222
priest,0.025,0.1,0.075,0.075,0.125,0.125,0.05,0.425
work,0.12936700103770318,0.18505707367692836,0.03908682116914562,0.06779661016949151,0.1265997924593566,0.08509166378415771,0.052231061916291927,0.3147699757869249
gorm,0.09411764705882354,0.10588235294117648,0.05882352941176471,0.2,0.11764705882352942,0.07058823529411765,0.08235294117647059,0.2705882352941177
provided,0.11659192825112108,0.13452914798206275,0.06278026905829596,0.06278026905829596,0.13452914798206275,0.08071748878923767,0.04035874439461883,0.3677130044843049
works,0.11592994161801501,0.17597998331943288,0.061718098415346125,0.05587989991659716,0.1409507923269391,0.024186822351959965,0.0250208507089241,0.4003336113427856
glittering,0.14705882352941177,0.08823529411764705,0.11764705882352942,0.20588235294117646,0.11764705882352942,0.11764705882352942,0.05882352941176471,0.14705882352941177
pict,0.16666666666666669,0.04761904761904762,0.16666666666666669,0.2380952380952381,0.09523809523809525,0.14285714285714285,0.02380952380952381,0.11904761904761905
paid,0.20212765957446807,0.18237082066869298,0.019756838905775075,0.04103343465045592,0.1382978723404255,0.054711246200607896,0.10334346504559269,0.2583586626139817
information,0.01530612244897959,0.1964285714285714,0.02040816326530612,0.0510204081632653,0.1377551020408163,0.05357142857142857,0.022959183673469385,0.5025510204081632
cause,0.0696311616683902,0.17890382626680454,0.04584625991037573,0.11616683902102723,0.1678731471906239,0.06204756980351602,0.05205101689072733,0.307480179248535
full,0.0958046336881653,0.19411396368190356,0.04383218534752661,0.10895428929242329,0.16092673763306198,0.08140262993112085,0.06700062617407639,0.24796493425172197
united,0.04299889746416758,0.20507166482910694,0.028665931642778388,0.08599779492833516,0.09812568908489526,0.05622932745314222,0.03969128996692392,0.44321940463065046
including,0.12520868113522537,0.15692821368948245,0.02337228714524207,0.05509181969949917,0.08681135225375626,0.14190317195325544,0.008347245409015025,0.4023372287145242
associated,0.06770833333333334,0.19531250000000003,0.03125,0.08203125000000001,0.16796875,0.055989583333333336,0.052083333333333336,0.34765625000000006
public,0.04963680387409201,0.3571428571428571,0.02784503631961259,0.08716707021791768,0.09564164648910412,0.05205811138014528,0.035108958837772396,0.2953995157384988
states,0.044903777619387034,0.18959372772630081,0.03349964362081254,0.11404133998574484,0.10691375623663579,0.0698503207412687,0.03278688524590164,0.4084105488239487
foundation,0.09644670050761421,0.1634517766497462,0.03147208121827411,0.03959390862944162,0.09949238578680202,0.11370558375634518,0.018274111675126905,0.43756345177664974
distributing,0.14577259475218662,0.16909620991253643,0.05830903790087464,0.02915451895043732,0.12536443148688048,0.08746355685131195,0.0,0.3848396501457726
gutenberg-tm,0.14057142857142857,0.152,0.05028571428571429,0.046857142857142854,0.10971428571428571,0.06742857142857142,0.018285714285714287,0.41485714285714287
electronic,0.18129770992366412,0.1316793893129771,0.06679389312977098,0.038167938931297704,0.1049618320610687,0.07633587786259541,0.038167938931297704,0.36259541984732824
trademark,0.1891891891891892,0.10810810810810811,0.05405405405405406,0.02702702702702703,0.08108108108108109,0.16216216216216217,0.0,0.3783783783783784
copies,0.18229166666666666,0.13541666666666669,0.10677083333333333,0.0859375,0.10937500000000001,0.002604166666666667,0.002604166666666667,0.37500000000000006
distribution,0.08771929824561403,0.23245614035087722,0.0,0.043859649122807015,0.09649122807017545,0.0,0.0,0.5394736842105263
agree,0.17647058823529413,0.14915966386554622,0.06092436974789916,0.07983193277310924,0.0546218487394958,0.09033613445378151,0.03571428571428571,0.35294117647058826
agreement,0.1203585147247119,0.07810499359795135,0.040973111395646605,0.03329065300896287,0.06017925736235595,0.07938540332906531,0.015364916773367477,0.5723431498079385
must,0.07957244655581946,0.198812351543943,0.04608076009501187,0.12066508313539191,0.14370546318289784,0.07600950118764845,0.056294536817102135,0.2788598574821853
fee,0.31742243436754175,0.1312649164677804,0.052505966587112166,0.007159904534606204,0.12171837708830549,0.00477326968973747,0.00954653937947494,0.35560859188544147
access,0.20449438202247194,0.13932584269662923,0.09438202247191012,0.07191011235955057,0.11460674157303372,0.04719101123595506,0.024719101123595506,0.30337078651685395
refund,0.24068767908309457,0.1318051575931232,0.04011461318051576,0.017191977077363897,0.12607449856733524,0.12607449856733524,0.09742120343839542,0.22063037249283668
paragraph,0.3116147308781869,0.06232294617563739,0.05665722379603399,0.028328611898016994,0.05665722379603399,0.16997167138810196,0.031161473087818695,0.28328611898017
literary,0.13707165109034267,0.14330218068535824,0.03426791277258567,0.006230529595015576,0.04361370716510903,0.19003115264797507,0.015576323987538939,0.4299065420560747
archive,0.14012738853503187,0.14012738853503187,0.03184713375796179,0.0,0.04458598726114651,0.1910828025477707,0.012738853503184716,0.4394904458598727
fees,0.1382636655948553,0.12540192926045016,0.04180064308681672,0.019292604501607715,0.04501607717041801,0.15434083601286172,0.01607717041800643,0.45980707395498394
provide,0.12093862815884478,0.12454873646209387,0.028880866425992784,0.03068592057761733,0.10649819494584838,0.012635379061371842,0.05776173285198557,0.5180505415162455
owner,0.1969309462915601,0.1176470588235294,0.05370843989769821,0.03324808184143223,0.056265984654731455,0.16368286445012786,0.020460358056265983,0.3580562659846547
donations,0.006410256410256411,0.23076923076923078,0.0,0.0,0.10256410256410257,0.09615384615384615,0.006410256410256411,0.5576923076923077
replacement,0.2388059701492537,0.07960199004975124,0.04975124378109452,0.004975124378109453,0.09950248756218905,0.18407960199004975,0.07462686567164178,0.26865671641791045
limited,0.25259515570934254,0.06747404844290657,0.06228373702422146,0.02422145328719723,0.09342560553633218,0.2664359861591695,0.04152249134948097,0.19204152249134948
damages,0.1826086956521739,0.0391304347826087,0.09130434782608696,0.06521739130434782,0.0,0.3695652173913043,0.0,0.25217391304347825
moon,0.04,0.216,0.016,0.056,0.184,0.112,0.10400000000000001,0.272
reach,0.06578947368421052,0.19736842105263158,0.043859649122807015,0.11842105263157895,0.12280701754385966,0.10964912280701755,0.09649122807017545,0.2456140350877193
margaret,0.0606060606060606,0.1696969696969697,0.1696969696969697,0.08484848484848485,0.11515151515151516,0.1272727272727273,0.05454545454545455,0.2181818181818182
pedler,0.09523809523809523,0.2142857142857143,0.047619047619047616,0.07142857142857142,0.11904761904761904,0.07142857142857142,0.11904761904761904,0.2619047619047619
anyone,0.09153318077803202,0.18535469107551483,0.07551487414187642,0.09610983981693362,0.14187643020594964,0.09153318077803202,0.04805491990846681,0.27002288329519447
cost,0.12307692307692308,0.16538461538461538,0.0923076923076923,0.06923076923076923,0.09615384615384616,0.08846153846153845,0.06538461538461539,0.3
give,0.08610086100861009,0.19065190651906522,0.04551045510455105,0.08241082410824109,0.14514145141451415,0.11193111931119312,0.07011070110701106,0.26814268142681424
away,0.08372404554588078,0.18486269256530477,0.060951105157401216,0.11788345612860014,0.159410582719357,0.10247823174815807,0.08640321500334897,0.2042866711319491
release,0.05813953488372093,0.18604651162790697,0.05813953488372093,0.12790697674418605,0.13953488372093023,0.09302325581395349,0.0813953488372093,0.2558139534883721
date,0.04060913705583757,0.2436548223350254,0.020304568527918784,0.06091370558375635,0.15736040609137059,0.04568527918781727,0.06598984771573606,0.36548223350253817
english,0.13322368421052633,0.14967105263157898,0.06578947368421054,0.1611842105263158,0.11513157894736843,0.09703947368421054,0.06250000000000001,0.2154605263157895
start,0.047619047619047616,0.46520146520146516,0.036630036630036625,0.09157509157509158,0.07692307692307691,0.05494505494505494,0.07326007326007325,0.15384615384615383
house,0.08128078817733991,0.166256157635468,0.05295566502463055,0.11268472906403942,0.13115763546798032,0.07204433497536947,0.05233990147783252,0.3312807881773399
splendid,0.0718954248366013,0.1111111111111111,0.058823529411764705,0.0915032679738562,0.2156862745098039,0.0915032679738562,0.1372549019607843,0.2222222222222222
fate,0.10355029585798817,0.257396449704142,0.047337278106508875,0.1390532544378698,0.10650887573964497,0.13313609467455623,0.07692307692307693,0.13609467455621302
made,0.08487555839183154,0.1697511167836631,0.05169112954690492,0.1311423101467773,0.15092533503509895,0.08008934269304403,0.06477345245692406,0.26675175494575626
america,0.06555863342566942,0.16989843028624188,0.048938134810710986,0.11911357340720219,0.16805170821791318,0.06740535549399815,0.05540166204986149,0.30563250230840255
chapter,0.09324324324324323,0.17567567567567566,0.06486486486486485,0.13783783783783782,0.14054054054054052,0.09594594594594592,0.08783783783783783,0.20405405405405402
shining,0.04814814814814815,0.27037037037037037,0.03333333333333333,0.07407407407407407,0.23703703703703702,0.04074074074074074,0.07037037037037036,0.22592592592592592
ship,0.08461538461538462,0.4538461538461539,0.030769230769230774,0.06153846153846155,0.11538461538461539,0.06153846153846155,0.06923076923076925,0.1230769230769231
good,0.03704974271012007,0.21646655231560893,0.025385934819897087,0.05351629502572899,0.21132075471698114,0.04082332761578045,0.17427101200686104,0.24116638078902228
samaritan,0.09302325581395349,0.20930232558139536,0.046511627906976744,0.06976744186046512,0.1627906976744186,0.06976744186046512,0.1627906976744186,0.18604651162790697
question,0.10588235294117648,0.16764705882352943,0.04411764705882353,0.12647058823529414,0.15000000000000002,0.10882352941176472,0.07941176470588236,0.21764705882352944
forgotten,0.09574468085106384,0.14893617021276595,0.05851063829787234,0.20744680851063832,0.08510638297872342,0.17553191489361702,0.05851063829787234,0.17021276595744683
fan,0.1276595744680851,0.14893617021276595,0.06382978723404255,0.1276595744680851,0.10638297872340426,0.17021276595744683,0.08510638297872342,0.17021276595744683
side,0.10993377483443709,0.1390728476821192,0.050331125827814564,0.152317880794702,0.12847682119205298,0.12052980132450332,0.08344370860927153,0.21589403973509932
door,0.10412573673870335,0.17485265225933203,0.06286836935166994,0.15127701375245578,0.10019646365422398,0.15717092337917485,0.07269155206286837,0.17681728880157171
middle,0.12413793103448277,0.22758620689655173,0.07586206896551724,0.09655172413793103,0.07586206896551724,0.0896551724137931,0.08275862068965517,0.22758620689655173
ix,0.08545034642032334,0.15011547344110857,0.20785219399538107,0.06235565819861433,0.13163972286374134,0.053117782909930716,0.03233256351039261,0.2771362586605081
skirmish,0.15789473684210528,0.1842105263157895,0.07894736842105264,0.10526315789473686,0.07894736842105264,0.13157894736842107,0.13157894736842107,0.13157894736842107
death,0.12884834663626,0.16875712656784495,0.1151653363740023,0.15621436716077539,0.06955530216647664,0.13797035347776512,0.10490307867730901,0.11858608893956672
going,0.10028653295128939,0.19627507163323785,0.055873925501432664,0.12177650429799428,0.15759312320916904,0.08882521489971347,0.09455587392550144,0.18481375358166188
tide,0.125,0.18181818181818182,0.07954545454545454,0.13636363636363635,0.14772727272727273,0.13068181818181818,0.07386363636363637,0.125
double,0.18987341772151897,0.13924050632911392,0.06329113924050633,0.1518987341772152,0.1139240506329114,0.0759493670886076,0.06329113924050633,0.20253164556962025
barrier,0.24489795918367344,0.16326530612244897,0.06122448979591836,0.08163265306122448,0.12244897959183672,0.1020408163265306,0.06122448979591836,0.16326530612244897
lovers,0.10714285714285714,0.17857142857142858,0.07142857142857144,0.08928571428571429,0.17857142857142858,0.125,0.08928571428571429,0.16071428571428573
bridge,0.12837837837837837,0.16891891891891891,0.060810810810810814,0.16891891891891891,0.11486486486486486,0.12837837837837837,0.08108108108108107,0.14864864864864866
king,0.09177215189873418,0.1661392405063291,0.09968354430379747,0.10917721518987342,0.10917721518987342,0.07120253164556962,0.07436708860759493,0.27848101265822783
arthur,0.11347517730496454,0.11347517730496454,0.19858156028368792,0.12056737588652482,0.04964539007092198,0.05673758865248227,0.028368794326241134,0.3191489361702128
castle,0.11627906976744186,0.17441860465116277,0.10465116279069768,0.17441860465116277,0.05813953488372093,0.1511627906976744,0.03488372093023256,0.18604651162790697
troth,0.09999999999999999,0.175,0.07499999999999998,0.12499999999999999,0.14999999999999997,0.12499999999999999,0.09999999999999999,0.14999999999999997
keys,0.10256410256410255,0.19658119658119658,0.06837606837606837,0.15384615384615385,0.15384615384615385,0.08547008547008546,0.07692307692307693,0.1623931623931624
heaven,0.04182509505703422,0.1964512040557668,0.031685678073510776,0.1280101394169835,0.23193916349809884,0.04435994930291508,0.04435994930291508,0.2813688212927757
till,0.1023391812865497,0.2046783625730994,0.06140350877192983,0.10526315789473685,0.14619883040935674,0.09649122807017545,0.0847953216374269,0.19883040935672514
us,0.0888045540796964,0.18747628083491458,0.05426944971537002,0.123719165085389,0.14003795066413663,0.11537001897533206,0.0857685009487666,0.20455407969639466
part,0.09512195121951218,0.16731707317073172,0.06390243902439023,0.1302439024390244,0.1219512195121951,0.09219512195121951,0.06829268292682926,0.2609756097560975
price,0.10655737704918035,0.18032786885245902,0.09016393442622951,0.0819672131147541,0.13934426229508198,0.09016393442622951,0.05737704918032787,0.25409836065573776
xx,0.11764705882352942,0.1764705882352941,0.11764705882352942,0.08823529411764705,0.08823529411764705,0.14705882352941177,0.08823529411764705,0.1764705882352941
lady,0.09870550161812297,0.1715210355987055,0.11003236245954691,0.09385113268608412,0.12135922330097086,0.12135922330097086,0.0825242718446602,0.20064724919093851
gertrude,0.11392405063291138,0.16202531645569618,0.08860759493670885,0.11139240506329112,0.11645569620253163,0.1493670886075949,0.07848101265822784,0.17974683544303793
point,0.11403508771929824,0.1871345029239766,0.06432748538011696,0.1286549707602339,0.0935672514619883,0.1198830409356725,0.07309941520467836,0.21929824561403508
view,0.11036789297658864,0.17056856187290972,0.0568561872909699,0.14715719063545152,0.12040133779264216,0.09030100334448161,0.06020066889632108,0.24414715719063548
offering,0.0970873786407767,0.1650485436893204,0.06796116504854369,0.14563106796116504,0.0970873786407767,0.06796116504854369,0.11650485436893203,0.24271844660194178
honour,0.09142857142857144,0.18285714285714288,0.02857142857142857,0.09714285714285714,0.14857142857142858,0.06857142857142857,0.06857142857142857,0.3142857142857143
flight,0.12000000000000001,0.17,0.04000000000000001,0.12000000000000001,0.17,0.12000000000000001,0.07,0.19000000000000003
unexpected,0.020618556701030927,0.24742268041237112,0.010309278350515464,0.17525773195876287,0.18556701030927836,0.05154639175257732,0.2268041237113402,0.08247422680412371
meeting,0.07002801120448181,0.1568627450980392,0.07282913165266107,0.11204481792717087,0.1708683473389356,0.08123249299719888,0.056022408963585436,0.28011204481792723
width,0.05882352941176471,0.29411764705882354,0.029411764705882356,0.08823529411764705,0.20588235294117646,0.11764705882352942,0.08823529411764705,0.11764705882352942
dark,0.08083140877598152,0.15242494226327946,0.05080831408775982,0.09699769053117785,0.11085450346420324,0.302540415704388,0.07621247113163973,0.12933025404157045
angel,0.045454545454545456,0.18181818181818182,0.022727272727272728,0.045454545454545456,0.20454545454545456,0.11363636363636363,0.20454545454545456,0.18181818181818182
thin,0.10038610038610038,0.15444015444015444,0.05791505791505791,0.13127413127413126,0.14285714285714285,0.14285714285714285,0.07722007722007722,0.19305019305019305
forget,0.07453416149068322,0.20496894409937888,0.055900621118012424,0.13043478260869565,0.20496894409937888,0.08074534161490683,0.043478260869565216,0.20496894409937888
towards,0.07520143240823635,0.19068934646374217,0.042076991942703666,0.13070725156669652,0.1790510295434199,0.07967770814682185,0.05371530886302596,0.24888093106535364
unknown,0.06611570247933884,0.3057851239669422,0.04958677685950413,0.23140495867768596,0.11570247933884298,0.08264462809917356,0.01652892561983471,0.1322314049586777
green,0.06118546845124283,0.10325047801147227,0.06118546845124283,0.05927342256214149,0.27915869980879543,0.08604206500956023,0.05353728489483747,0.2963671128107075
car,0.0824175824175824,0.21428571428571427,0.04395604395604395,0.0879120879120879,0.2032967032967033,0.06593406593406592,0.0989010989010989,0.2032967032967033
keeping,0.0707070707070707,0.18686868686868688,0.0606060606060606,0.08080808080808081,0.17676767676767677,0.06565656565656566,0.0606060606060606,0.29797979797979796
faith,0.05612689559002964,0.2128290047062925,0.03137528324908489,0.09011678577653827,0.20376503398989018,0.04967753181105108,0.046365696356981005,0.30974376852013247
white,0.04289544235924933,0.24473381846036002,0.052470317885867486,0.047108387590961316,0.24358483339716583,0.05591727307545002,0.029107621600919186,0.2841823056300268
flame,0.07055214723926381,0.19938650306748468,0.052147239263803685,0.11656441717791413,0.17791411042944785,0.08895705521472393,0.06748466257668713,0.22699386503067487
gates,0.13513513513513511,0.2972972972972973,0.02702702702702703,0.13513513513513511,0.16216216216216214,0.10810810810810811,0.02702702702702703,0.10810810810810811
roger,0.08927173061863744,0.17776037588097104,0.05638214565387628,0.12764291307752546,0.1597494126859828,0.12372748629600627,0.09240407204385279,0.17306186374314803
refusal,0.02777777777777778,0.3055555555555556,0.02777777777777778,0.05555555555555556,0.22222222222222224,0.08333333333333333,0.05555555555555556,0.22222222222222224
empty,0.05504587155963302,0.2293577981651376,0.03669724770642201,0.09633027522935779,0.2110091743119266,0.1055045871559633,0.059633027522935776,0.20642201834862384
hands,0.07334963325183373,0.1817440912795436,0.05134474327628362,0.13528932355338225,0.15729421352893236,0.09453952730236348,0.06438467807660961,0.24205378973105135
sky,0.05483870967741936,0.21290322580645166,0.04193548387096775,0.07419354838709678,0.1903225806451613,0.15806451612903227,0.07419354838709678,0.19354838709677422
high,0.08920704845814978,0.17180616740088106,0.06718061674008811,0.1222466960352423,0.16850220264317178,0.08259911894273128,0.048458149779735685,0.25
heads,0.09420289855072464,0.21739130434782605,0.02898550724637681,0.12318840579710143,0.14492753623188404,0.08695652173913042,0.07246376811594202,0.23188405797101447
like,0.10771401693320791,0.1552210724365005,0.08090310442144874,0.14675446848541865,0.13311382878645345,0.12982126058325494,0.07855126999059267,0.16792097836312325
seen,0.08362369337979093,0.22473867595818814,0.04878048780487805,0.10627177700348434,0.1602787456445993,0.050522648083623695,0.07839721254355402,0.24738675958188153
hearts,0.07538461538461537,0.17692307692307693,0.03538461538461538,0.10307692307692307,0.1923076923076923,0.07384615384615384,0.07384615384615384,0.2692307692307692
break,0.07317073170731708,0.15447154471544716,0.028455284552845527,0.10162601626016261,0.13821138211382114,0.08130081300813008,0.25609756097560976,0.16666666666666666
cry,0.10273972602739725,0.11301369863013698,0.05821917808219178,0.1643835616438356,0.1095890410958904,0.2842465753424658,0.06164383561643836,0.10616438356164383
sometimes,0.08130081300813007,0.12737127371273713,0.04607046070460704,0.12466124661246611,0.18428184281842816,0.11653116531165311,0.08401084010840108,0.23577235772357724
god,0.036247334754797446,0.20073103868413036,0.024520255863539446,0.1585440146207737,0.2121535181236674,0.04112092598233324,0.034724337496192505,0.29195857447456597
throne,0.03632478632478632,0.19444444444444445,0.03205128205128205,0.10470085470085469,0.22435897435897434,0.04487179487179487,0.034188034188034185,0.32905982905982906
