,anger,anticipation,disgust,fear,joy,sadness,surprise,trust
project,0.12405362228241992,0.166284642633882,0.050705007987775226,0.050843925817878714,0.10245189970132666,0.0788358685837327,0.01868444814891991,0.4081405848440647
gutenberg,0.08968489092378132,0.2205763533530838,0.050363587395636955,0.05305682736331807,0.06733099919202801,0.12658227848101267,0.013466199838405604,0.3789388634527337
ebook,0.06777572396796055,0.17128773875539124,0.057917436845348114,0.06223043746149106,0.09242144177449167,0.09858287122612445,0.03512014787430684,0.414664202094886
constitutional,0.08597014925373135,0.10865671641791044,0.07104477611940298,0.11522388059701492,0.08417910447761194,0.07522388059701493,0.056119402985074625,0.4035820895522388
history,0.07963291888691533,0.15911782119597395,0.05950266429840142,0.11530491415038484,0.13114268798105388,0.10671995263469508,0.07075192421551214,0.2778271166370634
england,0.09431289212709977,0.16059502125075892,0.07032989273426432,0.13468933414288603,0.13317142278890912,0.10018214936247723,0.06314511232544019,0.24357417526816433
1760,0.034482758620689655,0.06896551724137931,0.10344827586206896,0.034482758620689655,0.034482758620689655,0.06896551724137931,0.0,0.6551724137931034
1860,0.12813370473537605,0.10167130919220056,0.11977715877437325,0.16434540389972144,0.0766016713091922,0.12116991643454038,0.03342618384401114,0.25487465181058494
charles,0.08038753600418957,0.1358994501178319,0.09766954700183295,0.11311861743912018,0.11626080125687353,0.09924063891070961,0.04765645456925897,0.3097669547001833
duke,0.08526413345690455,0.15075687364843993,0.09298733395118938,0.11214087117701575,0.1189372876119864,0.09298733395118938,0.06425702811244981,0.28266913809082483
use,0.11529299666507861,0.16924726060028586,0.07027155788470701,0.11517389232968081,0.14542639352072417,0.08909004287756075,0.057408289661743696,0.23808956646021917
cost,0.11047120418848168,0.1649214659685864,0.06439790575916231,0.1382198952879581,0.11832460732984294,0.09319371727748692,0.05549738219895289,0.2549738219895288
almost,0.10225940114142756,0.1557345008208897,0.06832929403486827,0.13892580720819325,0.13274958955515598,0.1268079118129935,0.07145649284653273,0.20373700257993904
restrictions,0.12006578947368422,0.12828947368421054,0.07072368421052631,0.1513157894736842,0.09210526315789473,0.12006578947368422,0.054276315789473686,0.26315789473684215
may,0.09651309340428511,0.16370256266629327,0.06788965130934044,0.12323204033048593,0.13244643607337908,0.10715586052373617,0.06971012463240442,0.23935023106007564
copy,0.1646415552855407,0.12120291616038881,0.07624544349939247,0.07746051032806804,0.05164034021871203,0.0789793438639125,0.03493317132442285,0.39489671931956255
give,0.09451627284886312,0.16852429781542574,0.06137613315500074,0.11405855253380888,0.1402883043542874,0.10893149056323376,0.07259622529350572,0.23970872343587454
away,0.10438512869399427,0.16428344455036542,0.06800127105179535,0.14315220845249443,0.1290911979663171,0.13187162376866857,0.08142675564029234,0.17778836987607244
terms,0.11269324654190398,0.13730675345809598,0.05349877949552481,0.0921480878763222,0.12184703010577705,0.0711960943856794,0.050650935720097635,0.36065907241659884
license,0.10850000000000001,0.21850000000000003,0.061000000000000006,0.08900000000000001,0.11800000000000001,0.09200000000000001,0.034,0.279
included,0.0871670702179177,0.18401937046004846,0.05690072639225183,0.12106537530266347,0.11016949152542375,0.08837772397094433,0.04842615012106539,0.3038740920096853
title,0.07979002624671916,0.13333333333333333,0.06456692913385827,0.10078740157480315,0.11076115485564304,0.07611548556430446,0.05616797900262467,0.3784776902887139
author,0.07643944407677035,0.128722700198544,0.054599602911978816,0.09199205823957643,0.12144275314361348,0.07809397749834546,0.05890138980807412,0.3898080741230973
release,0.10570824524312895,0.16913319238900634,0.080338266384778,0.1331923890063425,0.08668076109936575,0.09725158562367864,0.05285412262156448,0.27484143763213525
date,0.07044137316094516,0.18858671422202408,0.05260811413285778,0.1127953633526527,0.11948283548818546,0.1069995541685243,0.07044137316094516,0.27864467231386536
january,0.10828025477707007,0.13284804367606917,0.08280254777070065,0.1555959963603276,0.09463148316651503,0.10009099181073704,0.05368516833484987,0.2720655141037307
language,0.10166204986149585,0.14736842105263162,0.07091412742382272,0.11135734072022162,0.12493074792243769,0.10138504155124656,0.07202216066481995,0.27036011080332417
english,0.10389119758216851,0.14368467447424757,0.06611258027956177,0.1487218234479285,0.12781765520715277,0.10540234227427277,0.06661629517692987,0.23775343155773834
produced,0.08183118741058655,0.1659513590844063,0.06037195994277539,0.11502145922746781,0.1402002861230329,0.10042918454935623,0.08125894134477826,0.2549356223175966
king,0.09362855851784908,0.13032083145051965,0.10790781744238592,0.1947582467239042,0.1042928151830095,0.09118843199277,0.06000903750564845,0.21789426118391328
distributed,0.07394957983193277,0.20840336134453782,0.060504201680672276,0.11932773109243698,0.11176470588235295,0.0773109243697479,0.028571428571428574,0.3201680672268908
modern,0.09454912516823688,0.15646029609690446,0.06998654104979812,0.11911170928667564,0.15107671601615075,0.12449528936742933,0.0800807537012113,0.20423956931359355
queen,0.06598785980027413,0.12903857450558057,0.12629723908361074,0.23732132367338946,0.10789112982181319,0.08517720775406304,0.05306442138241629,0.19522224397885254
's,0.10218744408975772,0.15138845730105369,0.07100953887586278,0.14216032467960488,0.12737647956156953,0.11025735190259613,0.06517133252351762,0.23044907106603765
college,0.08954393770856507,0.14738598442714126,0.06507230255839823,0.1407119021134594,0.12513904338153506,0.10233592880978866,0.05005561735261402,0.27975528364849833
british,0.14244696123783696,0.13056308821183601,0.04594034136225873,0.20697080874142607,0.09076407720529589,0.11493061094273409,0.04825330993778912,0.22013080236082308
navy,0.12169503802969937,0.13256066642520825,0.04491126403477001,0.18507787033683448,0.08982252806954003,0.10865628395508874,0.04273813835566824,0.27453821079319085
life,0.08505625736219993,0.16674113489581216,0.06689954912872172,0.1212884357609976,0.15219952069539788,0.1184857224095211,0.08006011617043746,0.2092692635769121
etc,0.08308895405669599,0.15249266862170088,0.052785923753665684,0.13000977517106552,0.1378299120234604,0.0967741935483871,0.059628543499511244,0.2873900293255132
mr.,0.09488800853268321,0.13267560566813955,0.09500228554014932,0.15720706993752856,0.10471583117476763,0.10113515160749656,0.059385951546548826,0.25499009599268624
hallam,0.07843137254901962,0.14379084967320263,0.08496732026143793,0.11111111111111112,0.09150326797385622,0.08496732026143793,0.04575163398692811,0.35947712418300654
well,0.09208955936410942,0.1618847567670788,0.06139303957607295,0.12187902802310593,0.15338711987396764,0.10665011696185611,0.08001145748794578,0.22270492194586336
known,0.0923270836615724,0.16243894753426819,0.06538522136442414,0.1195840554592721,0.13975106349456437,0.10319836143059714,0.06932409012131716,0.24799117693398456
death,0.1352233045396067,0.1511670648777798,0.11808491086197391,0.16159713287998528,0.06855357471053115,0.15272927770630398,0.11082521595294983,0.10181951847086933
george,0.0932613551749814,0.11355174981384958,0.08693224125093076,0.14091586001489204,0.08172002978406553,0.09419210722263589,0.04951600893521966,0.3399106478034251
ii,0.1152777777777778,0.1763888888888889,0.061111111111111116,0.16805555555555557,0.08888888888888889,0.10416666666666667,0.058333333333333334,0.2277777777777778
reformation,0.10245901639344263,0.19262295081967212,0.06147540983606557,0.13524590163934425,0.15163934426229506,0.10655737704918034,0.0942622950819672,0.15573770491803277
great,0.09231053019922,0.1601401918414673,0.06068831031938443,0.1250395277748498,0.14609465584484033,0.10730473279224204,0.07557710551280701,0.23284494571518924
rebellion,0.16138469039492928,0.09068746952705997,0.14041930765480254,0.21160409556313992,0.07411019015114577,0.08239882983910286,0.046806435884934175,0.19258898098488542
revolution,0.1424644983967018,0.17498854786990384,0.03710490151168118,0.16399450297755383,0.07237746220797069,0.14338066880439762,0.13147045350435183,0.13421896472743933
period,0.09157250470809793,0.15866290018832394,0.06120527306967985,0.12829566854990584,0.11911487758945387,0.10640301318267421,0.06756120527306968,0.2671845574387947
events,0.09610802223987291,0.1636219221604448,0.06314535345512311,0.14336775218427325,0.12470214455917394,0.10802223987291501,0.07823669579030977,0.2227958697378872
surpassing,0.14965986394557823,0.14965986394557823,0.09523809523809523,0.19727891156462585,0.08843537414965986,0.1292517006802721,0.07482993197278912,0.11564625850340136
importance,0.07475695608447872,0.2916526986255447,0.043245055313442846,0.10023466309084814,0.10459269192088501,0.07542742205833054,0.05933623868588669,0.25075427422058333
influence,0.09528063123418193,0.15185350602947742,0.07220485335715349,0.12178055679618875,0.13905017120738425,0.10019353878219442,0.07012058954890575,0.24951615304451394
subsequent,0.10577971646673937,0.13958560523446017,0.07851690294438386,0.14830970556161394,0.10359869138495091,0.09487459105779716,0.05452562704471101,0.2748091603053435
transactions,0.10702341137123746,0.12040133779264214,0.0903010033444816,0.15384615384615385,0.06354515050167224,0.137123745819398,0.0568561872909699,0.27090301003344486
ever,0.09278204035237284,0.15892298948564934,0.06940892298948564,0.1270957658425689,0.15323955669224212,0.11516055697641377,0.07566069906223359,0.20772946859903382
entirely,0.10618651892890119,0.14804555247768542,0.07633117882425362,0.13911972914742998,0.11695906432748537,0.12003693444136658,0.0680209295167744,0.2253000923361034
equal,0.11080332409972299,0.1492382271468144,0.055055401662049856,0.1450831024930748,0.12707756232686981,0.10976454293628808,0.06405817174515235,0.2389196675900277
attention,0.08756314649987972,0.16911234063026218,0.06062063988453211,0.12051960548472455,0.1397642530671157,0.10680779408227085,0.07553524176088525,0.24007697859032956
yet,0.09627920392269974,0.15638880876838765,0.06807037784828382,0.128987597346409,0.14312085376406114,0.12206518603980387,0.07695413902509374,0.20813383328526103
century,0.07467994310099574,0.1631104788999526,0.0514461830251304,0.11095305832147939,0.1541014698909436,0.10312944523470839,0.07871028923660503,0.26386913229018494
elapsed,0.1111111111111111,0.14444444444444446,0.08888888888888888,0.2222222222222222,0.1,0.1111111111111111,0.08888888888888888,0.13333333333333333
since,0.09201514059120405,0.17609949531362654,0.06669069935111753,0.13013698630136988,0.12500000000000003,0.12049387166546503,0.0700252343186734,0.21953857245854363
accession,0.10432569974554709,0.1424936386768448,0.08651399491094149,0.13231552162849874,0.08905852417302801,0.11195928753180663,0.08651399491094149,0.2468193384223919
iii,0.12582781456953643,0.13907284768211922,0.04856512141280354,0.18101545253863136,0.09492273730684327,0.11699779249448125,0.04856512141280354,0.2450331125827815
also,0.09141395232746787,0.15437414201921879,0.06539373518033197,0.12535879196306005,0.13484337950829903,0.10539123923624111,0.06545613378260327,0.257768625982778
witnessed,0.12933025404157045,0.11778290993071594,0.10623556581986143,0.17551963048498845,0.09699769053117782,0.12933025404157045,0.053117782909930716,0.19168591224018477
occurrences,0.084070796460177,0.11061946902654869,0.06637168141592921,0.1415929203539823,0.05752212389380532,0.11061946902654869,0.03982300884955753,0.3893805309734514
full,0.10541280539174389,0.1758635214827296,0.05897219882055603,0.11415332771693346,0.1426916596461668,0.10509688289806236,0.07940185341196294,0.21840775063184498
exciting,0.07875457875457875,0.21245421245421245,0.04578754578754579,0.1043956043956044,0.19230769230769232,0.07142857142857142,0.14102564102564102,0.15384615384615385
interest,0.07520253610426206,0.17770341669601972,0.056886227544910184,0.11007396970764355,0.15533638605142655,0.10320535399788658,0.08242338851708349,0.2391687213807679
moment,0.10524320909665193,0.1531269740998105,0.0710044219835755,0.14655716993051168,0.12571067593177512,0.12975363234365128,0.08490208464939987,0.18370183196462414
calculated,0.11982570806100216,0.14923747276688454,0.07734204793028322,0.13943355119825707,0.11982570806100216,0.09803921568627451,0.06753812636165578,0.22875816993464052
affect,0.0955223880597015,0.15820895522388062,0.08059701492537313,0.13432835820895522,0.1492537313432836,0.12238805970149255,0.056716417910447764,0.20298507462686569
policy,0.10162067455102936,0.10381077529566361,0.07884362680683313,0.1537450722733246,0.08409986859395534,0.10950503723171268,0.04511607533946562,0.32325886990801583
kingdom,0.09194265941670787,0.14137419673751853,0.07118141374196738,0.13544241225902126,0.11913000494315373,0.09243697478991597,0.061789421651013345,0.28670291646070195
condition,0.10860058309037901,0.13002915451895045,0.07696793002915452,0.15728862973760932,0.11137026239067056,0.13134110787172013,0.060058309037900874,0.22434402332361517
people,0.0887942176056675,0.15949451917093485,0.06471686372121965,0.12110478196352495,0.14891580106265856,0.11220142645158201,0.07692307692307691,0.22784931310133547
future,0.07813603200753118,0.17933631442692397,0.06142621793363144,0.11885149446928688,0.14073899741115556,0.09390444810543656,0.07790068251353259,0.24970581313250176
time,0.07729172824388801,0.29937085673267744,0.05377274838491745,0.1089600135118017,0.11662373854663682,0.0964404847358865,0.06580669678672466,0.18173373305746734
degree,0.08763172490293955,0.1500277315585136,0.0704381586245147,0.1228508042151969,0.1392124237382141,0.10732113144758737,0.07681641708264005,0.2457016084303938
second,0.09877500387657001,0.17103426887889595,0.06218018297410452,0.13676538998294308,0.11055977670956738,0.10621801829741044,0.06093968057063111,0.2535276787098775
indeed,0.09349554555034008,0.15786952773254143,0.06696043682345053,0.13104703515662422,0.14196762141967623,0.12137177890602549,0.07864738001724303,0.20864067439409906
change,0.06953172511656193,0.14271234542874517,0.050070950739914855,0.26555848368132984,0.1141293330630448,0.10277721467666733,0.07176160551388606,0.18345834177985
leading,0.07648546144121365,0.14664981036662453,0.0493046776232617,0.10872313527180784,0.11188369152970923,0.08027812895069532,0.05815423514538559,0.36852085967130216
principles,0.09564570152586528,0.13211760327502792,0.06103461109043543,0.12206922218087086,0.12095273539263118,0.09304056568663938,0.05991812430219575,0.31522143654633417
constitution,0.12728522336769757,0.1161512027491409,0.06515463917525773,0.16893470790378007,0.08646048109965636,0.11821305841924397,0.04536082474226804,0.27243986254295527
reform,0.10187353629976581,0.1364168618266979,0.0971896955503513,0.1252927400468384,0.11124121779859486,0.10421545667447307,0.05971896955503514,0.2640515222482436
bill,0.10595638811649348,0.12000585394409483,0.09337040831260061,0.1325918337479877,0.10010244402165959,0.10215132445485145,0.04858773598712132,0.29723401141519096
1832,0.07534246575342467,0.14726027397260275,0.058219178082191785,0.11986301369863014,0.11643835616438357,0.08561643835616439,0.08561643835616439,0.3116438356164384
enacted,0.1132208157524613,0.1350210970464135,0.06258790436005625,0.15260196905766527,0.07735583684950773,0.10056258790436004,0.02320675105485232,0.3354430379746835
rights,0.11602373887240357,0.1373887240356083,0.053412462908011875,0.1652818991097923,0.11810089020771515,0.10356083086053412,0.04896142433234422,0.25727002967359053
act,0.11562338334195552,0.1243317813416106,0.09286083807553026,0.15485428522158992,0.08958441110536298,0.10950163821348508,0.047766856354543884,0.2654768063459217
settlement,0.09617097061442564,0.1442564559216385,0.08637577916295637,0.14870881567230634,0.1068566340160285,0.09082813891362423,0.05966162065894925,0.26714158504007124
absolutely,0.1056142301278488,0.14730405780989436,0.08060033351862145,0.12618121178432462,0.14007782101167315,0.13229571984435795,0.062256809338521395,0.2056698165647582
new,0.08918918918918918,0.1623733108108108,0.06089527027027026,0.12221283783783783,0.12884290540540538,0.1007179054054054,0.06410472972972972,0.2716638513513513
principle,0.09549712904200666,0.12481112118464795,0.05983680870353581,0.13297068600785736,0.12450891508008462,0.09338168631006347,0.05681474765790269,0.3121789060139015
introduced,0.06873315363881402,0.14555256064690025,0.07884097035040433,0.11388140161725067,0.11994609164420486,0.09838274932614556,0.06671159029649595,0.3079514824797844
1688,0.06818181818181818,0.22727272727272727,0.04545454545454545,0.1590909090909091,0.0909090909090909,0.11363636363636363,0.06818181818181818,0.22727272727272727
establishment,0.09286898839137644,0.14179104477611942,0.06301824212271974,0.15339966832504145,0.10530679933665009,0.09369817578772803,0.0472636815920398,0.30265339966832505
protestant,0.07399103139013452,0.14013452914798205,0.053811659192825115,0.2062780269058296,0.12780269058295965,0.07399103139013452,0.04932735426008969,0.27466367713004486
contained,0.1157796451914099,0.1503267973856209,0.08403361344537816,0.1437908496732026,0.09337068160597572,0.10084033613445377,0.05695611577964519,0.2549019607843137
clause,0.0900537634408602,0.1411290322580645,0.06586021505376344,0.09946236559139783,0.12634408602150538,0.08467741935483872,0.059139784946236555,0.3333333333333333
disabled,0.12676056338028166,0.10093896713615023,0.04460093896713615,0.2676056338028169,0.03990610328638498,0.20657276995305163,0.05633802816901408,0.1572769953051643
roman,0.07745010425975574,0.15877271373249927,0.06255585344057193,0.11051534107834377,0.14507000297885017,0.096514745308311,0.0631516234733393,0.2859696157283289
catholic,0.08435072142064372,0.15205327413984462,0.07214206437291897,0.11376248612652608,0.13762486126526083,0.0904550499445061,0.06048834628190899,0.2891231964483907
crown,0.0924181247196052,0.13638402871242708,0.07761327949753252,0.12427097353073126,0.10722296994167789,0.08479138627187079,0.05293853746074473,0.3243606998654105
statutes,0.12105263157894738,0.11578947368421053,0.10526315789473685,0.2,0.06315789473684211,0.08947368421052632,0.026315789473684213,0.27894736842105267
much,0.09457493244647683,0.16254416961130744,0.06634102404212569,0.12485276796230861,0.1447377537587473,0.11969098593501004,0.07572923162197742,0.2115291346220467
introduction,0.1,0.14306569343065692,0.07226277372262772,0.14087591240875913,0.10875912408759124,0.1,0.05766423357664233,0.2773722627737226
recognition,0.06810035842293906,0.14874551971326164,0.05555555555555555,0.13620071684587812,0.14157706093189965,0.07347670250896057,0.05734767025089605,0.3189964157706093
privileges,0.11,0.12625,0.0725,0.13375,0.11125,0.11125,0.054375,0.280625
long,0.08229218091368247,0.3217635666274257,0.051076595906277306,0.11267231230775075,0.10963429916834391,0.0980138989101128,0.05981088368207194,0.16473626248433526
established,0.09312445604873804,0.11923411662315059,0.053307223672758926,0.13620539599651874,0.18342036553524807,0.0920365535248042,0.043733681462140996,0.2789382071366406
many,0.09584295612009239,0.16213326490462748,0.06171413908134463,0.12607989051407065,0.1434436746215037,0.11573004875545291,0.0754854161320674,0.2195706098708408
instances,0.12103980503655565,0.11941510966693744,0.0926076360682372,0.17303005686433795,0.0926076360682372,0.12591389114541024,0.0463038180341186,0.2290820471161657
disregarded,0.11333333333333334,0.10666666666666666,0.18666666666666668,0.16,0.09333333333333334,0.13999999999999999,0.026666666666666665,0.17333333333333337
violated,0.12068965517241378,0.12931034482758622,0.09482758620689655,0.12931034482758622,0.06896551724137931,0.12068965517241378,0.034482758620689655,0.3017241379310345
conferred,0.09163346613545816,0.14741035856573703,0.05179282868525896,0.11553784860557767,0.09163346613545816,0.0796812749003984,0.05577689243027888,0.3665338645418326
political,0.10625345877144438,0.1452684006640841,0.07581627006087438,0.12977310459324848,0.12147205312672939,0.10127282789153293,0.06723851687880465,0.2529053680132817
power,0.10261640798226163,0.14013303769401328,0.06607538802660753,0.13942350332594233,0.12949002217294897,0.10261640798226163,0.068470066518847,0.25117516629711745
classes,0.10929853181076671,0.1460032626427406,0.08115823817292006,0.12683523654159867,0.12846655791190864,0.1231647634584013,0.07137030995106036,0.21370309951060357
never,0.09464906952344138,0.16477994367441604,0.06438787343309957,0.12303274614832405,0.15224474018443868,0.11568833176873378,0.07664697111933293,0.20857032414821358
admitted,0.10246856078248719,0.11970190964136004,0.0768514205868654,0.14997671169073126,0.09967396367023754,0.11690731252911038,0.050302748020493705,0.2841173730787145
entitled,0.09513274336283187,0.13827433628318586,0.06858407079646019,0.11946902654867257,0.12002212389380533,0.09845132743362833,0.054756637168141595,0.30530973451327437
enfranchisement,0.0909090909090909,0.1818181818181818,0.0909090909090909,0.0909090909090909,0.06818181818181818,0.13636363636363635,0.022727272727272724,0.3181818181818182
could,0.10051412546738679,0.15935292895720815,0.06600540091400083,0.1335947237224761,0.1368923971749065,0.11565226422933111,0.07496364769422517,0.21302451184046528
fail,0.09241172051089407,0.16904583020285502,0.067618332081142,0.12246431254695718,0.14800901577761083,0.11495116453794141,0.07062359128474831,0.21487603305785125
wholly,0.09032943676939426,0.15196599362380447,0.06057385759829968,0.12964930924548354,0.12964930924548354,0.11477151965993623,0.07332624867162593,0.24973432518597238
government,0.0959912308174131,0.11580018791105545,0.0675696836830567,0.23575007829627312,0.09168493579705607,0.08706545568430943,0.04783902286251175,0.2582994049483245
effect,0.1186664466083512,0.14061726357484733,0.07162898168014524,0.14853936293117675,0.11536557187654728,0.11156956593497276,0.06535731968971777,0.2282554877042416
administrations,0.07228915662650602,0.12048192771084339,0.12048192771084339,0.15662650602409642,0.12048192771084339,0.07228915662650602,0.0963855421686747,0.24096385542168677
besides,0.09576742197520308,0.14878153056861906,0.06584010260795212,0.12056434373663959,0.14963659683625483,0.10303548525010689,0.07823856348867038,0.2381359555365541
measure,0.09025107441755258,0.13345396969011536,0.06536982583125989,0.10925130061072155,0.11241800497624971,0.08640579054512554,0.05383397421397873,0.34901605971499655
passing,0.09986382206082613,0.17294598275079437,0.0640036314117113,0.12482977757603268,0.1311847480708125,0.10712664548343168,0.08306854289605084,0.21697684975034046
often,0.09628961994892593,0.16103349857293073,0.06504431425567071,0.12317860898302538,0.14511041009463724,0.11972359921886735,0.07465825446898001,0.2149616944569626
called,0.09215573456079784,0.16100882240122744,0.0682777138473341,0.12303413885692366,0.13588415803605677,0.10864978902953586,0.07192174913693901,0.23906789413118526
reforms,0.12323943661971831,0.13732394366197181,0.11267605633802816,0.12323943661971831,0.08450704225352113,0.13028169014084506,0.035211267605633804,0.2535211267605634
municipal,0.08522727272727273,0.10227272727272728,0.125,0.11931818181818181,0.10227272727272728,0.0625,0.017045454545454544,0.38636363636363635
ecclesiastical,0.09983633387888707,0.13747954173486088,0.05891980360065467,0.10638297872340426,0.1342062193126023,0.10474631751227495,0.06873977086743044,0.2896890343698854
immediate,0.11557539682539683,0.158234126984127,0.07738095238095238,0.15029761904761907,0.10763888888888891,0.12251984126984128,0.059027777777777776,0.20932539682539683
inevitable,0.1061299176578225,0.15096065873741993,0.07410795974382434,0.14089661482159194,0.11710887465690757,0.15096065873741993,0.06861848124428178,0.19121683440073192
fruits,0.054794520547945195,0.136986301369863,0.0821917808219178,0.06164383561643835,0.19863013698630136,0.0684931506849315,0.0821917808219178,0.3150684931506849
followed,0.10255808495658297,0.1687397324571697,0.0643041539544708,0.13517953532034735,0.13212860830790896,0.1128842994602206,0.08073222248298521,0.20347336306031447
marked,0.11676082862523542,0.13998744507219085,0.06528562460765852,0.13873195229127436,0.1211550533584432,0.10797237915881984,0.0571249215317012,0.25298179535467674
irish,0.11267056530214425,0.1216374269005848,0.09239766081871345,0.15633528265107213,0.0962962962962963,0.10370370370370371,0.044834307992202733,0.27212475633528266
union,0.1184002806525171,0.11559375548149448,0.08068759866690055,0.1662866163830907,0.10103490615681461,0.1269952639887739,0.040343799333450274,0.25065777933695843
abolition,0.12833545108005082,0.10101651842439643,0.11435832274459974,0.14167725540025414,0.0806861499364676,0.13151207115628968,0.03811944091486658,0.26429479034307496
slavery,0.1668013740149525,0.08405738533036977,0.1439684784805011,0.18498686603354214,0.06587189331178016,0.16346736714487778,0.028995756718528994,0.16185087896544756
universal,0.08618421052631578,0.16052631578947368,0.051315789473684204,0.11578947368421051,0.15855263157894736,0.10789473684210527,0.07039473684210526,0.24934210526315786
religious,0.08716854617494667,0.15909783602560199,0.05882352941176471,0.10941786040841209,0.157269125266687,0.09875038098140812,0.07162450472416947,0.2578482170070101
toleration,0.08387096774193549,0.16129032258064516,0.10322580645161289,0.0967741935483871,0.16129032258064516,0.11612903225806452,0.03225806451612903,0.24516129032258063
loss,0.1870788162906534,0.10020509815411663,0.04600058599472605,0.21535306182244363,0.07837679460884853,0.18766481101670085,0.04058013477878699,0.144740697333724
one,0.09666475415970265,0.15935340634120787,0.06716641305161274,0.13120213535560157,0.13721405942075984,0.11225584354029984,0.07261705789906953,0.22352633023174595
collection,0.049350649350649346,0.1766233766233766,0.03766233766233766,0.0896103896103896,0.1571428571428571,0.0844155844155844,0.06233766233766233,0.3428571428571428
colonies,0.08431163287086446,0.1248665955176094,0.0768409818569904,0.144076840981857,0.10458911419423693,0.09391675560298826,0.05016008537886873,0.32123799359658484
grant,0.06363961387200572,0.18877368609224168,0.059349302824454775,0.11798355380765105,0.16767965677511618,0.06578476939578119,0.03575259206292456,0.30103682516982483
constitutions,0.11764705882352941,0.09558823529411765,0.058823529411764705,0.15441176470588236,0.125,0.10294117647058823,0.022058823529411766,0.3235294117647059
others,0.09559819413092549,0.1574492099322799,0.07020316027088036,0.12866817155756208,0.13634311512415348,0.11557562076749434,0.0674943566591422,0.22866817155756206
inferior,0.10147172734314484,0.11309062742060418,0.05964368706429124,0.13710302091402013,0.11463981409759874,0.23315259488768394,0.0557707203718048,0.18512780790085204
magnitude,0.09282700421940929,0.15611814345991562,0.03375527426160337,0.11814345991561181,0.1350210970464135,0.10548523206751055,0.0759493670886076,0.28270042194092826
even,0.10107269696310792,0.15325795462781766,0.07291440168152498,0.12923099224469087,0.13669638327172576,0.12158440240632024,0.07273320287018918,0.21250996593462348
come,0.0846738554003889,0.18001296329031877,0.0659949325319663,0.12226739732484826,0.1464262565553002,0.10989334747510458,0.08172765305521183,0.20900359436686108
existence,0.09195133364529715,0.15793167992512866,0.06902199344875994,0.13897987833411324,0.13617220402433317,0.11956013102480112,0.07089377632194666,0.21548900327562
commencement,0.10472279260780289,0.12525667351129363,0.10061601642710473,0.13552361396303902,0.09856262833675565,0.09856262833675565,0.045174537987679675,0.2915811088295688
growth,0.08275862068965516,0.15073891625615762,0.07093596059113301,0.11625615763546797,0.14778325123152708,0.11527093596059114,0.06995073891625615,0.2463054187192118
dominion,0.10824742268041238,0.09793814432989692,0.046391752577319596,0.21134020618556704,0.077319587628866,0.11340206185567012,0.06701030927835053,0.27835051546391754
india,0.08851351351351351,0.14256756756756755,0.07162162162162163,0.1608108108108108,0.12635135135135137,0.08243243243243244,0.05675675675675675,0.27094594594594595
eventual,0.13043478260869565,0.1847826086956522,0.03260869565217391,0.17391304347826086,0.08695652173913043,0.16304347826086957,0.06521739130434782,0.16304347826086957
transfer,0.07094594594594594,0.14864864864864866,0.07770270270270271,0.14189189189189189,0.0945945945945946,0.09797297297297297,0.05067567567567568,0.3175675675675676
authority,0.09203466776723071,0.10709863805200166,0.06685926537350392,0.13660751134956667,0.08439950474618242,0.08914568716467189,0.048080891456871645,0.3757738340899711
country,0.08991243681924967,0.1518473695450986,0.06506727415106428,0.13632804157471345,0.1391756246885456,0.10507581690040578,0.06819961557627963,0.24439382074464297
minor,0.08006535947712419,0.16993464052287585,0.06045751633986928,0.09803921568627452,0.1388888888888889,0.08006535947712419,0.07679738562091504,0.2957516339869281
enactments,0.1286764705882353,0.13602941176470587,0.07720588235294118,0.16911764705882354,0.07720588235294118,0.11764705882352941,0.05514705882352941,0.2389705882352941
must,0.09797894736842107,0.16926315789473687,0.0648421052631579,0.13317894736842106,0.13073684210526318,0.11553684210526317,0.07178947368421053,0.21667368421052632
regarded,0.11303234069804674,0.13160422670509125,0.08005123278898495,0.14569324367595263,0.11143131604226704,0.1095100864553314,0.05699647774575728,0.2516810758885687
less,0.09668109668109669,0.15545935545935546,0.06253006253006253,0.1267917267917268,0.13920153920153922,0.11803751803751805,0.0734006734006734,0.2278980278980279
changes,0.08835027365129008,0.15559030492572323,0.06098514464425333,0.13213448006254888,0.13213448006254888,0.10867865519937452,0.07818608287724786,0.24394057857701332
understood,0.0903790087463557,0.17103984450923226,0.062196307094266275,0.1107871720116618,0.14382896015549076,0.11564625850340135,0.07725947521865889,0.22886297376093293
statesmen,0.0857843137254902,0.12009803921568626,0.07352941176470588,0.14215686274509803,0.11519607843137254,0.11519607843137254,0.06862745098039215,0.2794117647058823
seemed,0.0979718497173889,0.16568768702205475,0.06904577191621411,0.1275628948243378,0.1416380361298903,0.12279729579962319,0.08622409398204588,0.1890723706084451
therefore,0.09459068556551922,0.15982065374602256,0.06349435927104426,0.13132774081573617,0.12944749783048887,0.10934336129592132,0.06768874746890367,0.24428695400636388
volume,0.07195767195767196,0.17777777777777778,0.05714285714285714,0.09947089947089947,0.18095238095238098,0.08783068783068784,0.06878306878306878,0.2560846560846561
historical,0.09410112359550561,0.16292134831460675,0.06179775280898876,0.10112359550561799,0.14606741573033707,0.10674157303370786,0.07443820224719101,0.25280898876404495
connection,0.08836395450568679,0.16185476815398078,0.06999125109361332,0.1303587051618548,0.11373578302712162,0.1067366579177603,0.0647419072615923,0.26421697287839024
frequently,0.10093348891481915,0.15227537922987167,0.07351225204200701,0.13418903150525088,0.13885647607934656,0.10560093348891482,0.058926487747957994,0.23570595099183198
existed,0.08272058823529412,0.15165441176470587,0.0744485294117647,0.14154411764705882,0.1286764705882353,0.10294117647058823,0.06709558823529413,0.2509191176470588
show,0.07878989361702127,0.136469414893617,0.05402260638297872,0.10887632978723404,0.12533244680851063,0.09059175531914894,0.06914893617021277,0.3367686170212766
instance,0.09601873536299765,0.13850786216125793,0.061893609902977584,0.13850786216125793,0.12947474071595852,0.11140849782535965,0.07393777183004349,0.2502509200401472
repeal,0.12608695652173912,0.09999999999999999,0.11195652173913043,0.1358695652173913,0.07065217391304347,0.13913043478260867,0.06304347826086956,0.2532608695652174
poynings,0.08333333333333333,0.16666666666666666,0.0625,0.11458333333333334,0.10416666666666667,0.08333333333333333,0.041666666666666664,0.34375
regency,0.07589285714285715,0.14285714285714285,0.07589285714285715,0.10267857142857144,0.09375,0.08482142857142858,0.053571428571428575,0.3705357142857143
1788,0.07843137254901959,0.2156862745098039,0.09803921568627451,0.09803921568627451,0.15686274509803919,0.09803921568627451,0.07843137254901959,0.17647058823529413
emancipation,0.1021551724137931,0.17198275862068965,0.07801724137931035,0.1392241379310345,0.14267241379310344,0.11594827586206896,0.034482758620689655,0.21551724137931033
brought,0.10823675496688741,0.15355960264900662,0.07233029801324503,0.14248758278145696,0.1273799668874172,0.1150662251655629,0.06995033112582781,0.21098923841059603
parliamentary,0.09704641350210971,0.1420534458509142,0.08016877637130802,0.12658227848101267,0.08860759493670887,0.09142053445850915,0.06469760900140648,0.30942334739803096
led,0.09863672814755413,0.1515637530072173,0.07030205827318899,0.14488104784816894,0.12082330927559476,0.11708099438652765,0.06976744186046512,0.22694466720128306
might,0.09708959656417053,0.1666285923150729,0.0683967652030886,0.1398547082743181,0.12125919495590991,0.11312651345547586,0.07269155206286837,0.22095307716909582
without,0.10202598734826467,0.15464181911437852,0.06928534792272184,0.13968199692255087,0.12348264660625748,0.12288425371858437,0.06868695503504872,0.21931099333219353
present,0.054836371168185585,0.19992750621375313,0.03805923777961889,0.07881110190555096,0.17797224523612262,0.06643537696768849,0.13887738193869098,0.2450807787903894
reports,0.11111111111111112,0.13932980599647266,0.07583774250440917,0.15520282186948853,0.07583774250440917,0.09171075837742505,0.026455026455026457,0.3245149911816579
unimportant,0.04545454545454545,0.12727272727272726,0.027272727272727268,0.11818181818181818,0.0909090909090909,0.309090909090909,0.04545454545454545,0.23636363636363636
novelty,0.09999999999999999,0.19999999999999998,0.0,0.16666666666666666,0.06666666666666667,0.16666666666666666,0.09999999999999999,0.19999999999999998
iii.,0.08039647577092511,0.1145374449339207,0.1288546255506608,0.1552863436123348,0.08920704845814978,0.08149779735682819,0.03634361233480176,0.31387665198237885
enabled,0.1320754716981132,0.13522012578616352,0.06184486373165619,0.15828092243186584,0.11215932914046121,0.10587002096436059,0.04821802935010482,0.24633123689727465
objections,0.12931034482758622,0.117816091954023,0.06609195402298851,0.13793103448275862,0.09195402298850575,0.11206896551724138,0.05172413793103449,0.2931034482758621
different,0.09638776262440102,0.14448949502395872,0.055105049760412826,0.1349060081091043,0.13140434942867674,0.11150018429782528,0.07003317360855141,0.2561739771470697
words,0.249744219357479,0.12850419480253733,0.05524861878453039,0.10292613055043993,0.11837528135870677,0.09750358092899529,0.06568446899938613,0.18201350521792511
legislators,0.04651162790697675,0.13953488372093026,0.04651162790697675,0.023255813953488375,0.0930232558139535,0.11627906976744189,0.0930232558139535,0.44186046511627913
proposed,0.09854327335047129,0.14281633818908884,0.0728363324764353,0.1328191945158526,0.10825478434732934,0.10139960011425307,0.05027135104255927,0.2930591259640103
resisted,0.1545454545454545,0.1227272727272727,0.07272727272727271,0.11363636363636362,0.08636363636363635,0.09545454545454543,0.05909090909090909,0.2954545454545454
desirable,0.08974358974358974,0.15954415954415954,0.07977207977207977,0.13817663817663817,0.11396011396011396,0.1111111111111111,0.0527065527065527,0.254985754985755
chapter,0.12934863064396745,0.14248704663212436,0.04126572908956329,0.18467801628423394,0.11250925240562547,0.11454478164322725,0.05236861584011844,0.22279792746113994
i.,0.08684546615581099,0.10600255427841636,0.13282247765006386,0.20434227330779056,0.07535121328224777,0.08939974457215837,0.030651340996168584,0.27458492975734355
view,0.08851224105461392,0.15324858757062146,0.06520715630885121,0.13159133709981166,0.1205273069679849,0.11252354048964218,0.0713276836158192,0.25706214689265533
development,0.05371248025276461,0.2140600315955766,0.04502369668246445,0.1066350710900474,0.16824644549763032,0.0924170616113744,0.07582938388625592,0.24407582938388622
approaching,0.0975609756097561,0.24168514412416853,0.0665188470066519,0.1441241685144124,0.11973392461197338,0.09312638580931264,0.05986696230598669,0.17738359201773837
state,0.09843249620765211,0.1333782796786336,0.07090285971121973,0.13854710938816786,0.10416315523344008,0.10848924096859373,0.05421652901848418,0.2918703297938086
improvement,0.06971514242878561,0.13718140929535233,0.052473763118440785,0.08845577211394304,0.20914542728635685,0.0712143928035982,0.06296851574212893,0.30884557721139433
law,0.1004379017981925,0.10984813192956304,0.06950526413863785,0.13127736886238703,0.08245597689369236,0.09046864809466132,0.04239262088884749,0.3736140873940184
affecting,0.09328358208955224,0.13432835820895522,0.06716417910447761,0.12686567164179105,0.10074626865671642,0.1082089552238806,0.04477611940298507,0.3246268656716418
commissions,0.08730158730158731,0.16666666666666669,0.08730158730158731,0.11904761904761907,0.11507936507936509,0.08730158730158731,0.06349206349206349,0.27380952380952384
restoration,0.08695652173913043,0.17184265010351968,0.053830227743271224,0.10973084886128365,0.14078674948240164,0.13250517598343683,0.09109730848861283,0.21325051759834365
lord,0.07134651678017562,0.10486584064987284,0.1825715926807254,0.10301961106096663,0.08734717321736278,0.07659801427750883,0.04049396898334291,0.3337572823500452
bute,0.0815450643776824,0.1072961373390558,0.16738197424892703,0.08583690987124465,0.09012875536480687,0.06866952789699571,0.03862660944206009,0.3605150214592275
becomes,0.09736180904522614,0.1400753768844221,0.08542713567839195,0.1444723618090452,0.1099246231155779,0.114321608040201,0.07160804020100502,0.23680904522613064
case,0.08256954494291686,0.10966393310821676,0.05563595433349413,0.23315645602186846,0.07967518893712815,0.2059012703006914,0.05298279466152114,0.18041485769416302
mr,0.07798742138364781,0.12955974842767295,0.08427672955974844,0.12578616352201258,0.11446540880503146,0.11572327044025159,0.06540880503144655,0.28679245283018867
luttrell,0.1320754716981132,0.07547169811320754,0.07547169811320754,0.09433962264150944,0.09433962264150944,0.11320754716981134,0.03773584905660377,0.37735849056603776
seated,0.11940298507462686,0.1529850746268657,0.06902985074626865,0.1287313432835821,0.11940298507462686,0.11380597014925374,0.0746268656716418,0.2220149253731343
middlesex,0.13186813186813187,0.0695970695970696,0.11721611721611722,0.20146520146520147,0.0695970695970696,0.1391941391941392,0.04395604395604396,0.22710622710622713
house,0.09226753083085787,0.14974345125573857,0.07268881087406608,0.12516878206859303,0.1343055180484292,0.10815554955441534,0.06323701503285624,0.25443334233504367
grenville,0.10294117647058823,0.09491978609625669,0.16176470588235292,0.15508021390374332,0.06951871657754011,0.09090909090909091,0.03074866310160428,0.2941176470588235
trying,0.10514665190924183,0.16325401217487548,0.07249584947426674,0.1322634200332042,0.12949640287769784,0.1306032097399004,0.08467072495849474,0.18206972883231876
election,0.10431654676258993,0.1211031175059952,0.09232613908872903,0.12470023980815349,0.10191846522781775,0.10191846522781775,0.055155875299760196,0.2985611510791367
disfranchisement,0.08928571428571429,0.14285714285714285,0.125,0.08928571428571429,0.10714285714285715,0.053571428571428575,0.07142857142857142,0.32142857142857145
corrupt,0.1368421052631579,0.07368421052631578,0.15789473684210525,0.1368421052631579,0.07368421052631578,0.1368421052631579,0.04210526315789473,0.24210526315789474
voters,0.0845771144278607,0.13432835820895522,0.0746268656716418,0.0945273631840796,0.15920398009950248,0.06965174129353234,0.05472636815920398,0.3283582089552239
shoreham,0.1794871794871795,0.10256410256410256,0.10256410256410256,0.20512820512820512,0.10256410256410256,0.12820512820512822,0.05128205128205128,0.12820512820512822
