,anger,anticipation,disgust,fear,joy,sadness,surprise,trust
project,0.12520525451559936,0.16666666666666666,0.05062944718117132,0.050492610837438424,0.10413245758073345,0.07676518883415435,0.015873015873015872,0.4102353585112206
gutenberg,0.09351047521716914,0.22023505365355134,0.052631578947368425,0.06029637199795605,0.07715891670924885,0.12212570260602965,0.007153806847215126,0.3668880940214614
ebook,0.08751334044823905,0.16115261472785483,0.06723585912486658,0.08964781216648877,0.10032017075773744,0.10672358591248665,0.013874066168623266,0.3735325506937033
little,0.07000773177760597,0.1913263513038589,0.053770998805088926,0.09749068672242919,0.18450832923314825,0.10297321993392847,0.07731777605960499,0.22260490616433545
frankie,0.02399232245681382,0.2072936660268714,0.046065259117082535,0.05950095969289827,0.21113243761996164,0.07005758157389635,0.08637236084452975,0.29558541266794625
school,0.04660587639311043,0.1641337386018237,0.041540020263424515,0.048632218844984795,0.13779128672745694,0.06788247213779128,0.05369807497467072,0.43971631205673756
use,0.1168372749735263,0.1814331097776209,0.08012707377338511,0.10801270737733852,0.1503706318390399,0.07553829862336746,0.05471231909636428,0.23296858453935756
may,0.09381546588942528,0.17387740231350762,0.06767465160761454,0.11731487385007744,0.14063211585754623,0.10055560615720922,0.06858548137353129,0.23754440295108845
copy,0.1963608794541319,0.0940106141015921,0.08415466262319939,0.07354056103108414,0.035633055344958295,0.0720242608036391,0.024260803639120546,0.4200151630022744
give,0.08068810157689944,0.18758959655949212,0.0509932418595126,0.09707147245545772,0.1535941019864837,0.09789064099938563,0.07986893303297153,0.25230391152979725
away,0.09199522102747908,0.1783154121863799,0.06317204301075269,0.13291517323775387,0.13918757467144563,0.1212664277180406,0.08094384707287933,0.19220430107526879
terms,0.11881693013768486,0.13462519122896482,0.04742478327383988,0.07802141764405916,0.1300356960734319,0.062213156552779196,0.0479347271800102,0.38092809790923
license,0.11770726714431934,0.20880245649948825,0.06141248720573183,0.09825997952917093,0.11975435005117707,0.09211873080859775,0.030706243602865915,0.2712384851586489
distributed,0.06378986866791746,0.24202626641651032,0.05440900562851782,0.10131332082551596,0.13133208255159473,0.07317073170731707,0.016885553470919325,0.3170731707317073
https,0.048275862068965524,0.23448275862068968,0.048275862068965524,0.034482758620689655,0.13793103448275862,0.07586206896551724,0.006896551724137932,0.41379310344827586
made,0.09190790102226043,0.17827457724276297,0.06095347281933696,0.12859463074424382,0.14875322441960448,0.10709850004776919,0.07576191841024171,0.20865577529378046
mrs.,0.04957599478147423,0.21559034572733202,0.051532941943900845,0.07827788649706456,0.19960861056751467,0.1014350945857795,0.07045009784735812,0.23352902804957598
's,0.07687811480957361,0.1803051744293361,0.05482064849566234,0.10724173998646404,0.16516950716790746,0.10988740540207961,0.07180212883775303,0.23389528087122377
children,0.08325736858097844,0.16104527499240354,0.07383773928896993,0.12944393801276208,0.15192950470981467,0.12184746277727135,0.07079914919477363,0.20783956244302645
youth,0.13835125448028673,0.1698924731182796,0.05017921146953405,0.16200716845878135,0.1770609318996416,0.06666666666666668,0.12616487455197134,0.10967741935483871
boy,0.054838709677419356,0.14838709677419354,0.21733870967741933,0.06693548387096773,0.15322580645161288,0.09596774193548387,0.06733870967741935,0.19596774193548389
girl,0.07449316360207449,0.17208863743517208,0.06647807637906647,0.09995285242809995,0.17868929750117868,0.11928335690711928,0.08958038661008957,0.19943422913719944
god,0.042595613558093166,0.20536523472901938,0.03588907014681892,0.16893239079209715,0.20699655609932935,0.054739894870400575,0.04150806597788653,0.24397317382635492
life,0.08700251223059632,0.16369165674996697,0.0687557847415047,0.12957820970514347,0.15496496099431445,0.11543038476794924,0.07787914848605051,0.20269734232447442
home,0.06975633062589584,0.205685618729097,0.04849498327759197,0.08934543717152413,0.17654085045389392,0.110606784519828,0.07859531772575251,0.22097467749641664
teacher,0.03125000000000001,0.19642857142857145,0.04464285714285715,0.03571428571428572,0.19196428571428573,0.07142857142857144,0.04464285714285715,0.38392857142857145
young,0.04731127197518098,0.23595311961392623,0.036625301620130994,0.06109962082040676,0.23500517063081697,0.058686659772492246,0.18131678731471906,0.1440020682523268
friends,0.0786699107866991,0.18369829683698297,0.05150040551500405,0.11313868613138686,0.16342254663422548,0.10340632603406326,0.09083536090835362,0.21532846715328466
love,0.05795751024972046,0.14852776742452478,0.04379426015654119,0.08926574729780097,0.3307864330972792,0.08777487886693999,0.0657845695117406,0.17610883339545286
one,0.08692595196684305,0.1685601154572031,0.06401953891129779,0.1254486918550864,0.15046441919846054,0.10853717203863374,0.07889575546756467,0.21714835510491062
mother,0.030655720669229974,0.21781149329730856,0.026602930479060587,0.047802140704561985,0.22165644809311028,0.1807128754026811,0.03657902940870831,0.23817936194533934
father,0.0701480904130943,0.14315406599116653,0.05053260587165497,0.09314107560405299,0.13172252533125486,0.09781761496492596,0.06352299298519096,0.34996102883865937
new,0.07934027777777779,0.19375,0.05277777777777778,0.11493055555555555,0.15989583333333335,0.08854166666666666,0.07899305555555555,0.23177083333333331
gray,0.05128205128205128,0.12820512820512822,0.1778846153846154,0.0689102564102564,0.1378205128205128,0.21474358974358976,0.05769230769230769,0.16346153846153846
old,0.07796451914098973,0.1739028944911298,0.05882352941176471,0.11029411764705882,0.16293183940242767,0.11216153127917834,0.07714752567693745,0.22677404295051357
lady,0.04955456570155902,0.1984966592427617,0.0537305122494432,0.0757238307349666,0.20016703786191536,0.08880846325167037,0.1071826280623608,0.22633630289532294
called,0.09090909090909091,0.1663189269746647,0.0631892697466468,0.11862891207153503,0.15141579731743668,0.10789865871833086,0.07064083457526081,0.2309985096870343
upon,0.10022284440889093,0.16073367236157934,0.06479629735443689,0.13507799554311184,0.13456373921490203,0.11822181589623451,0.07610993657505286,0.21027369864579165
much,0.08145340236686391,0.17159763313609466,0.0595414201183432,0.11464497041420119,0.16623520710059173,0.10160872781065089,0.08006656804733728,0.22485207100591717
pleased,0.04290822407628128,0.1609058402860548,0.04052443384982122,0.06078665077473182,0.3456495828367103,0.0703218116805721,0.06555423122765197,0.2133492252681764
nelly,0.04788732394366197,0.17183098591549295,0.05352112676056338,0.07323943661971831,0.23098591549295772,0.11830985915492956,0.05352112676056338,0.2507042253521127
grant,0.03598484848484848,0.23484848484848483,0.043560606060606064,0.0625,0.240530303030303,0.05492424242424242,0.03787878787878788,0.28977272727272724
said,0.06342150910667822,0.19102341717259322,0.046292281006071107,0.09139202081526451,0.1899934952298352,0.08884431916738941,0.07859930615784907,0.25043365134431916
always,0.08152312803475595,0.17710196779964224,0.06440071556350627,0.11551239458216203,0.16330181446460518,0.09838998211091236,0.07896754408382316,0.22080245336059293
think,0.07687420584498093,0.18360864040660738,0.05273189326556545,0.10482846251588311,0.1736552308343922,0.10207539178314275,0.07878017789072428,0.22744599745870395
great,0.08968942257801497,0.171447631754503,0.05714921058483433,0.1292713660959158,0.15425098213623897,0.09984434067155883,0.07834852864872878,0.21999851753020533
saw,0.08811717458067565,0.1873375856366643,0.060949681077250184,0.1261516654854713,0.15497283250649657,0.111268603827073,0.08764469643278999,0.18355776045357902
long,0.07063162747810052,0.3227293683725219,0.053019824804057175,0.11000461041954819,0.11433840479483634,0.09949285384970033,0.05818349469801752,0.17159981558321807
time,0.07346780949925887,0.33653412386414894,0.04556293097892634,0.1024038151704582,0.11883740413739768,0.09022362570084423,0.06276986530901592,0.17020042533994972
many,0.09336690017513136,0.16473292469352016,0.06644045534150614,0.13134851138353767,0.14448336252189142,0.11175569176882665,0.0757443082311734,0.21212784588441333
thought,0.06616862326574173,0.3294709559384052,0.04680591553590486,0.09162982161914925,0.13584387864003658,0.08964781216648879,0.06525384967220613,0.17517914316206737
good,0.039567530850220765,0.21300803803917132,0.032038944865843993,0.0519642250650968,0.20893241254386957,0.04981320049813201,0.1610438129740745,0.24363183516359108
miss,0.04905335628227194,0.20740103270223756,0.042168674698795185,0.06045611015490534,0.21837349397590364,0.08046471600688469,0.07594664371772805,0.2661359724612737
house,0.07981220657276997,0.1855480710349051,0.057971014492753624,0.12594407021841192,0.14962237191263525,0.10818534394774444,0.07062665850173505,0.22229026331904475
bright,0.06073082861554297,0.19094184251158003,0.03499742665980443,0.08646423057128153,0.2233659289758106,0.09212557900154401,0.09933093154915079,0.21204323211528564
large,0.08522599505284462,0.17090173150438498,0.06588711490892737,0.12840116932763662,0.14616595457611872,0.10568922869350124,0.075556554980886,0.2221722509557005
work,0.12481203007518796,0.18114517061885482,0.04673221515326778,0.08374783111625217,0.13325621746674376,0.09172932330827067,0.05540775014459225,0.28316946211683053
day,0.07693153093746566,0.1915595120342895,0.05429168040444005,0.10726453456423783,0.16727112869546107,0.10715463237718431,0.08462468403121223,0.21090229695570945
see,0.07048065127690421,0.19638675142188025,0.05174528827924613,0.10940113750418202,0.1750864280138285,0.1048288167726107,0.08230177316828372,0.20976915356306458
asked,0.0752628666297731,0.18151632540121748,0.05810736026563365,0.10846707249584947,0.16436081903707803,0.0996126175982291,0.0813503043718871,0.23132263420033203
must,0.09206534422403735,0.176779463243874,0.06254375729288215,0.11610268378063011,0.14189031505250876,0.10956826137689617,0.0691948658109685,0.23185530921820308
scholars,0.05128205128205128,0.20512820512820512,0.05128205128205128,0.0,0.23076923076923075,0.07692307692307691,0.05128205128205128,0.3333333333333333
shall,0.08152591908937087,0.18027995692970317,0.05491462851868944,0.11305952930318414,0.15043839409321644,0.09829257037378866,0.08137209660052301,0.24011690509152442
help,0.07421052631578946,0.19631578947368422,0.049999999999999996,0.10631578947368421,0.16052631578947368,0.1168421052631579,0.07368421052631578,0.22210526315789472
like,0.09320098383696415,0.1651440618411806,0.06878074490513,0.1300948699929726,0.15398805340829236,0.11524947294448347,0.07809205903021785,0.19544975404075896
leave,0.05423838908736603,0.11757063981812277,0.03540110425462813,0.08671646638519,0.10035725885027606,0.2455342643715492,0.2143553101656382,0.14582656706722963
say,0.08085106382978723,0.18315602836879433,0.05726950354609929,0.10567375886524823,0.15939716312056737,0.0978723404255319,0.0774822695035461,0.23829787234042554
take,0.08020219039595619,0.1892165122156698,0.05543386689132267,0.11996630160067398,0.15046335299073296,0.0970513900589722,0.08138163437236733,0.226284751474305
friend,0.053342816500711245,0.10953058321479377,0.03982930298719773,0.0768136557610242,0.26766239924134666,0.06827880512091039,0.05855855855855857,0.32598387861545763
giving,0.0859325270528326,0.16804583068109485,0.06556333545512412,0.11394016549968172,0.1502227880330999,0.1158497772119669,0.08338637810311904,0.21705919796308085
would,0.09101837540786535,0.176498368538554,0.06160913618409754,0.12875665464537178,0.14283874291602267,0.1103383135840632,0.07813841662373346,0.21080199210029194
come,0.07717268623024831,0.19201467268623026,0.05276523702031603,0.10665914221218961,0.15744920993227993,0.10341422121896163,0.08436794582392777,0.22615688487584654
go,0.07040229885057472,0.21120689655172417,0.050466954022988515,0.1057830459770115,0.15625,0.10686063218390807,0.07866379310344829,0.22036637931034486
well,0.07408912366246782,0.18244616009752135,0.04970879046458079,0.10984694568603548,0.16957876202085873,0.09115535690098876,0.07652715698225654,0.24664770418529056
child,0.04753555425676992,0.27819988310929283,0.04363919735047731,0.07364114552893045,0.28034287940775376,0.08903175530878629,0.05162672900837717,0.13598285602961233
happy,0.044324324324324316,0.24576576576576575,0.029909909909909906,0.05621621621621621,0.2468468468468468,0.05693693693693693,0.05045045045045044,0.2695495495495495
without,0.10580961269248718,0.15573961735884273,0.061829211385907606,0.1460569295380308,0.12470835277648157,0.12190853943070461,0.06696220251983201,0.2169855342977135
make,0.0853457738748628,0.18317782656421516,0.05570801317233809,0.11553238199780462,0.14914928649835346,0.10236004390779364,0.08150384193194293,0.22722283205268934
suppose,0.08385744234800836,0.17120894479385043,0.056603773584905655,0.10971348707197763,0.1767994409503843,0.09713487071977636,0.07756813417190775,0.22711390635918935
morning,0.06558704453441297,0.2026990553306343,0.046423751686909584,0.09554655870445344,0.17705802968960865,0.10364372469635628,0.08771929824561404,0.2213225371120108
prayers,0.09022556390977443,0.16290726817042608,0.06766917293233084,0.10776942355889725,0.1854636591478697,0.08771929824561403,0.07769423558897244,0.2205513784461153
ran,0.09121621621621623,0.18355855855855857,0.055180180180180186,0.12612612612612614,0.15765765765765766,0.09346846846846847,0.0686936936936937,0.2240990990990991
face,0.08029197080291971,0.16074983410749832,0.05988719309887193,0.11728599867285999,0.17650962176509621,0.12259455872594557,0.079628400796284,0.20305242203052423
clean,0.02935010482180294,0.1278825995807128,0.04612159329140462,0.07337526205450734,0.2976939203354298,0.06918238993710693,0.06079664570230608,0.29559748427672955
went,0.06774613809789688,0.21217197096594081,0.045598362181276754,0.09491903964265772,0.17848501768099756,0.10013028103480363,0.07891308393820956,0.222036106458217
hair,0.07513416815742398,0.17471675611210497,0.07155635062611806,0.10673822301729279,0.16636851520572452,0.15146094215861658,0.062015503875969,0.19200954084675018
n't,0.07000917150718435,0.1945888107612351,0.05395903393457658,0.08988077040660349,0.18174870070314889,0.09813512687251605,0.08086212167532865,0.2308162641394069
aunt,0.05563282336578582,0.1599443671766342,0.03616133518776078,0.06954102920723228,0.1432545201668985,0.0917941585535466,0.05146036161335188,0.39221140472879
could,0.09000181455271275,0.17601161313736163,0.05830762716990262,0.12943809350994978,0.14945865844069436,0.11746204560575818,0.0760297586644892,0.20329038891913143
bore,0.11591962905718702,0.13446676970633695,0.07573415765069552,0.15610510046367854,0.13446676970633695,0.11746522411128285,0.07264296754250386,0.19319938176197837
dear,0.05284831846259437,0.21139327385037748,0.03980782429649966,0.07618393960192177,0.22031571722717913,0.08613589567604667,0.075840768702814,0.2374742621825669
early,0.08385093167701863,0.1937888198757764,0.054037267080745334,0.12236024844720496,0.17080745341614906,0.0968944099378882,0.08136645962732919,0.19689440993788818
far,0.08667736757624397,0.1653290529695024,0.05658105939004815,0.1312199036918138,0.1544943820224719,0.10794542536115569,0.07945425361155697,0.21829855537720708
every,0.10001077702338615,0.15809893307468478,0.06660200452634983,0.14171785752775085,0.15033947623666344,0.1049682077810109,0.06983511154219206,0.20842763228796207
read,0.08693693693693694,0.1954954954954955,0.06441441441441441,0.0972972972972973,0.1518018018018018,0.10720720720720721,0.06756756756756757,0.22927927927927927
way,0.08203530633437175,0.17847871235721702,0.054906542056074766,0.12240394600207682,0.15745067497403945,0.10501038421599168,0.08177570093457943,0.217938733125649
taught,0.05734767025089606,0.15591397849462366,0.03942652329749104,0.06451612903225806,0.17383512544802868,0.08064516129032258,0.06989247311827958,0.35842293906810035
hitty,0.0392156862745098,0.16339869281045752,0.09150326797385622,0.06535947712418301,0.20261437908496732,0.10457516339869281,0.032679738562091505,0.3006535947712418
poor,0.09759547383309758,0.15723715228665722,0.08227251296558227,0.12824139556812825,0.13437057991513437,0.14214992927864215,0.06294200848656294,0.19519094766619516
kind,0.05545068428504011,0.1149126946672959,0.03680981595092024,0.06276545540349221,0.2784332232184993,0.07503539405379896,0.050731477111845204,0.3258612553091081
brother,0.061217948717948716,0.13461538461538464,0.04455128205128205,0.09455128205128206,0.11987179487179488,0.09775641025641026,0.06057692307692308,0.3868589743589744
never,0.08756242016026011,0.173963535013355,0.05841365695041226,0.11241435373359654,0.1617698292881198,0.11183370108001393,0.07827197770293809,0.2157705260713041
dress,0.06923076923076923,0.19316239316239314,0.04871794871794872,0.08547008547008547,0.19658119658119658,0.10512820512820513,0.06153846153846154,0.24017094017094018
wear,0.05197505197505198,0.1496881496881497,0.037422037422037424,0.08731808731808732,0.14345114345114346,0.10395010395010396,0.05405405405405406,0.37214137214137216
money,0.15538688593717057,0.18785578747628084,0.026565464895635674,0.03795066413662239,0.1830065359477124,0.047016656124815516,0.14864010120177104,0.21357790427999157
told,0.0779890428617467,0.1923944569771189,0.05059619722848856,0.10248146954560103,0.16210119239445697,0.10989365130518852,0.07186593619078312,0.23267805349661616
provide,0.13470993117010818,0.08161258603736479,0.03736479842674533,0.022615535889872175,0.09636184857423795,0.027531956735496563,0.058997050147492625,0.5408062930186824
days,0.10364214128574922,0.19432901491077978,0.04815448545587876,0.10706428746027867,0.1515521877291616,0.10559765338548034,0.08995355658763139,0.19970667318504035
voice,0.09381898454746136,0.16519499632082416,0.04856512141280354,0.1254598969830758,0.1615158204562178,0.12178072111846946,0.08057395143487858,0.2030905077262693
heart,0.08658095620731217,0.15869827239855364,0.06247488951386099,0.12253917235837684,0.1679389312977099,0.12856568903173965,0.07593411008437123,0.19726797910807553
full,0.10439289239881543,0.18065153010858837,0.046890424481737414,0.1152517275419546,0.15424481737413626,0.10488647581441264,0.08045409674234946,0.21322803553800596
unkindly,0.06666666666666667,0.17777777777777778,0.08888888888888889,0.11111111111111112,0.19999999999999998,0.044444444444444446,0.11111111111111112,0.19999999999999998
angry,0.21779141104294478,0.11963190184049081,0.19631901840490798,0.08588957055214726,0.11656441717791412,0.06748466257668712,0.03680981595092025,0.15950920245398775
right,0.11802853437094683,0.1543450064850843,0.054734111543450065,0.10298313878080416,0.1309987029831388,0.12036316472114138,0.06796368352788587,0.25058365758754864
even,0.10136092996881202,0.15863339948965124,0.06620357244116812,0.1333994896512617,0.1356677062659484,0.12801247519138076,0.07187411397788489,0.2048483130138928
following,0.09224489795918367,0.19265306122448977,0.05755102040816326,0.12571428571428572,0.12,0.08938775510204082,0.056734693877551014,0.2657142857142857
property,0.1366906474820144,0.13052415210688592,0.09044193216855087,0.13052415210688592,0.10071942446043165,0.14285714285714285,0.06885919835560124,0.19938335046248715
obliged,0.102803738317757,0.16021361815754337,0.06008010680907877,0.14419225634178906,0.11214953271028037,0.1295060080106809,0.07343124165554073,0.21762349799732975
man,0.094453125,0.1596875,0.0696875,0.126796875,0.144375,0.110625,0.088359375,0.206015625
public,0.06945317410433689,0.3120678818353237,0.04996857322438718,0.10245128849780012,0.10182275298554369,0.06756756756756756,0.04431175361407919,0.2523570081709616
pray,0.021897810218978103,0.19812304483837329,0.014598540145985403,0.17101147028154326,0.1970802919708029,0.043795620437956206,0.145985401459854,0.20750782064650677
support,0.06700507614213198,0.16142131979695432,0.06091370558375635,0.11979695431472082,0.13502538071065992,0.07817258883248732,0.050761421319796954,0.32690355329949244
set,0.10578136834132795,0.16990658924514013,0.056298914415551626,0.11840444332239335,0.13481444079777835,0.11234536733148195,0.060338298409492556,0.24211057813683412
freely,0.027777777777777776,0.11666666666666665,0.029629629629629627,0.037037037037037035,0.25740740740740736,0.03148148148148148,0.05185185185185185,0.44814814814814813
hope,0.043071568414183165,0.2144877093756798,0.02740917989993474,0.05982162279747662,0.2066565151185556,0.05416576027844247,0.16162714814009135,0.23276049597563628
associated,0.09447236180904522,0.17889447236180905,0.044221105527638194,0.07738693467336684,0.14170854271356784,0.07336683417085428,0.03718592964824121,0.3527638190954774
works,0.11142147734326505,0.17411545623836128,0.0633147113594041,0.0611421477343265,0.13625077591558038,0.03165735567970205,0.03041589075108628,0.39168218497827434
united,0.049427679500520294,0.18262226847034338,0.039021852237252866,0.09989594172736732,0.08688865764828305,0.06347554630593133,0.036420395421436005,0.4422476586888658
states,0.05009345794392523,0.17607476635514016,0.047476635514018685,0.1061682242990654,0.10093457943925233,0.0758878504672897,0.03626168224299065,0.4071028037383177
copyright,0.09411764705882353,0.19215686274509805,0.09411764705882353,0.047058823529411764,0.05098039215686275,0.09411764705882353,0.0,0.4274509803921569
foundation,0.10973084886128363,0.15631469979296064,0.02743271221532091,0.023291925465838505,0.08333333333333333,0.1381987577639751,0.010869565217391302,0.45082815734989645
forth,0.1359278059785674,0.14608009024252677,0.044557247602932885,0.08403835307388606,0.13931190073322053,0.10377890580936266,0.06429780033840947,0.2820078962210942
distributing,0.16666666666666669,0.16527777777777777,0.06666666666666667,0.03333333333333333,0.1,0.10138888888888889,0.0,0.3666666666666667
gutenberg-tm,0.14082792207792208,0.15036525974025974,0.05133928571428571,0.046875,0.11201298701298701,0.06209415584415584,0.018668831168831168,0.4178165584415584
electronic,0.18102421595871376,0.1329892814608972,0.0666931321953156,0.03811036125446606,0.10480349344978167,0.07622072250893212,0.03811036125446606,0.3620484319174275
trademark,0.1891891891891892,0.10810810810810811,0.05405405405405406,0.02702702702702703,0.08108108108108109,0.16216216216216217,0.0,0.3783783783783784
copies,0.2046004842615012,0.12469733656174335,0.11743341404358354,0.09079903147699758,0.09443099273607748,0.0012106537530266344,0.002421307506053269,0.3644067796610169
distribution,0.09252669039145908,0.21708185053380782,0.005338078291814946,0.048042704626334524,0.09252669039145908,0.008896797153024912,0.0,0.5355871886120996
agree,0.18013631937682573,0.14897760467380722,0.05647517039922103,0.065238558909445,0.07400194741966894,0.08763388510223954,0.03992210321324245,0.3476144109055501
agreement,0.12282608695652174,0.06956521739130435,0.04402173913043479,0.035869565217391305,0.05597826086956522,0.08641304347826088,0.01684782608695652,0.5684782608695653
paid,0.17291220556745182,0.17237687366167026,0.024625267665952893,0.04978586723768737,0.21841541755888652,0.05835117773019272,0.09421841541755889,0.20931477516059957
fee,0.3388157894736842,0.11951754385964912,0.05811403508771929,0.01425438596491228,0.11622807017543858,0.01206140350877193,0.008771929824561403,0.3322368421052631
access,0.19154443485763592,0.14754098360655737,0.08628127696289906,0.0724762726488352,0.12079378774805867,0.04918032786885246,0.02933563416738568,0.30284728213977563
refund,0.24494949494949494,0.125,0.04482323232323232,0.015782828282828284,0.12373737373737374,0.12373737373737374,0.09343434343434344,0.22853535353535354
paragraph,0.3076923076923077,0.061771561771561775,0.057109557109557105,0.027972027972027972,0.05944055944055944,0.168997668997669,0.029137529137529136,0.2878787878787879
literary,0.13022113022113022,0.14864864864864863,0.0343980343980344,0.00737100737100737,0.05282555282555282,0.18427518427518427,0.01474201474201474,0.4275184275184275
archive,0.13315217391304346,0.13858695652173914,0.03260869565217391,0.001358695652173913,0.03940217391304347,0.19701086956521738,0.002717391304347826,0.45516304347826086
fees,0.1349911190053286,0.13321492007104796,0.04973357015985791,0.007104795737122558,0.04795737122557727,0.13676731793960925,0.0,0.49023090586145646
including,0.13110539845758354,0.1619537275064267,0.03170522707797772,0.04198800342759211,0.0968294772922022,0.13453299057412166,0.016281062553556123,0.38560411311053977
owner,0.20060180541624872,0.10932798395185557,0.06118355065195586,0.05416248746238716,0.05416248746238716,0.17251755265797392,0.0160481444332999,0.3319959879638917
information,0.03356890459363958,0.18992932862190812,0.03356890459363958,0.07862190812720848,0.13780918727915195,0.06802120141342756,0.05212014134275618,0.4063604240282685
donations,0.002699055330634278,0.23076923076923075,0.002699055330634278,0.0,0.1039136302294197,0.09986504723346828,0.004048582995951417,0.5560053981106613
replacement,0.23903508771929824,0.08223684210526315,0.05372807017543859,0.0032894736842105257,0.10964912280701754,0.16228070175438594,0.08004385964912279,0.2697368421052631
limited,0.25953627524308154,0.07030665669409125,0.06581899775617053,0.02169035153328347,0.10695587135377711,0.24981301421091998,0.05086013462976814,0.175018698578908
damages,0.18034682080924855,0.03352601156069364,0.11213872832369941,0.06127167630057803,0.0,0.34335260115606936,0.0,0.26936416184971096
duty,0.0980533525594809,0.14635904830569574,0.0684931506849315,0.1391492429704398,0.1283345349675559,0.10598413842826244,0.0684931506849315,0.24513338139870225
disobedience,0.20833333333333334,0.10833333333333334,0.15833333333333335,0.1,0.13333333333333333,0.11666666666666668,0.016666666666666666,0.15833333333333335
fugitive,0.19499999999999998,0.051666666666666666,0.13,0.205,0.03,0.19499999999999998,0.013333333333333334,0.18000000000000002
slave,0.21057884231536925,0.06087824351297405,0.09281437125748504,0.23153692614770457,0.04091816367265469,0.20459081836327345,0.013972055888223554,0.14471057884231536
act,0.13219178082191782,0.13013698630136986,0.0773972602739726,0.1582191780821918,0.1082191780821918,0.11917808219178082,0.05479452054794521,0.21986301369863015
maria,0.11272727272727273,0.16,0.09818181818181819,0.12000000000000001,0.16363636363636364,0.11636363636363636,0.09090909090909091,0.13818181818181818
anyone,0.10238907849829353,0.16382252559726965,0.061433447098976114,0.10921501706484643,0.13993174061433447,0.09215017064846417,0.054607508532423216,0.27645051194539255
almost,0.09542586750788644,0.17139852786540483,0.06729758149316509,0.13748685594111462,0.14353312302839116,0.11645636172450052,0.07570977917981073,0.1926919032597266
online,0.08791208791208792,0.15934065934065936,0.08241758241758242,0.13186813186813187,0.1043956043956044,0.13736263736263737,0.01098901098901099,0.28571428571428575
legislators,0.1794871794871795,0.15384615384615383,0.15384615384615383,0.1794871794871795,0.05128205128205128,0.1794871794871795,0.0,0.10256410256410256
massachusetts,0.1570680628272251,0.14136125654450263,0.09424083769633507,0.15183246073298426,0.08900523560209424,0.09947643979057591,0.04712041884816753,0.21989528795811517
unto,0.047619047619047616,0.1984126984126984,0.07936507936507937,0.10317460317460318,0.15873015873015875,0.07936507936507937,0.03968253968253969,0.29365079365079366
master,0.10828440965427266,0.16242661448140902,0.07305936073059362,0.11806914546640575,0.14024787997390736,0.11024135681669928,0.06914546640574039,0.21852576647097197
escaped,0.09846153846153846,0.10307692307692308,0.06615384615384615,0.3076923076923077,0.07076923076923078,0.1276923076923077,0.06923076923076923,0.15692307692307692
boston,0.14705882352941177,0.14705882352941177,0.058823529411764705,0.20588235294117646,0.08823529411764705,0.1568627450980392,0.0196078431372549,0.1764705882352941
says,0.06662312214239059,0.17962116263879815,0.06401045068582625,0.11495754408883083,0.16067929457870672,0.10124101894186806,0.0744611365120836,0.23840627041149573
truth,0.06969696969696969,0.14,0.050909090909090904,0.09454545454545454,0.13333333333333333,0.08787878787878788,0.06606060606060607,0.3575757575757576
heaven,0.08693009118541034,0.15987841945288753,0.06261398176291794,0.11428571428571428,0.1696048632218845,0.11246200607902737,0.06869300911854102,0.22553191489361704
committed,0.12236286919831223,0.12447257383966244,0.07383966244725737,0.14135021097046413,0.09282700421940927,0.10759493670886075,0.04219409282700422,0.2953586497890295
however,0.1006478482184174,0.16288755205923183,0.06177695511337344,0.13789912077741787,0.13489125404905136,0.1059694585839889,0.07959278111985192,0.21633503007866728
world,0.08198562443845463,0.16486972147349507,0.06109613656783469,0.11433063791554358,0.1707097933513028,0.09681042228212039,0.08153638814016173,0.22866127583108717
power,0.10524987380111056,0.15825340737001514,0.06764260474507826,0.14512872286723877,0.13780918727915195,0.09540636042402827,0.06890459363957598,0.22160524987380112
required,0.10532687651331717,0.1840193704600484,0.05811138014527844,0.1452784503631961,0.11016949152542371,0.10048426150121063,0.05811138014527844,0.23849878934624694
attempt,0.10611854684512428,0.27437858508604207,0.05831739961759082,0.15583173996175906,0.09942638623326959,0.1080305927342256,0.05353728489483748,0.14435946462715105
men,0.10096266729279173,0.16294904907255223,0.06362996008452688,0.14076074195820615,0.13489081944118336,0.10248884714721765,0.07947875088048836,0.21483916412303355
humanity,0.08885298869143782,0.10339256865912763,0.06138933764135703,0.10662358642972537,0.19709208400646205,0.09854604200323103,0.050080775444264945,0.2940226171243942
common,0.09022556390977443,0.14285714285714285,0.06954887218045114,0.13095238095238096,0.14411027568922305,0.10150375939849625,0.08521303258145364,0.23558897243107768
bill,0.11399999999999999,0.16399999999999998,0.08199999999999999,0.136,0.11399999999999999,0.10400000000000001,0.05600000000000001,0.22999999999999998
consequently,0.1021377672209026,0.166270783847981,0.07838479809976248,0.12826603325415678,0.12351543942992875,0.1163895486935867,0.05463182897862233,0.23040380047505937
yet,0.08415752562488761,0.1665168135227477,0.05988131631001618,0.12947311634598094,0.1555475633878799,0.11382844812084157,0.0767847509440748,0.21381046574357132
law,0.10386029411764706,0.09880514705882354,0.06250000000000001,0.13143382352941177,0.08869485294117647,0.09191176470588236,0.04779411764705883,0.37500000000000006
justice,0.08833151581243184,0.1297709923664122,0.05670665212649946,0.09814612868047982,0.12213740458015268,0.062159214830970554,0.05016357688113413,0.3925845147219193
liberty,0.06159769008662175,0.19056785370548604,0.039461020211742054,0.07940327237728584,0.17372473532242538,0.06352261790182868,0.13859480269489893,0.2531280076997112
trial,0.1368421052631579,0.13894736842105262,0.08,0.14526315789473684,0.0968421052631579,0.12,0.06315789473684211,0.21894736842105264
jury,0.11946902654867259,0.12389380530973454,0.05309734513274337,0.13274336283185842,0.09734513274336284,0.08849557522123895,0.06194690265486727,0.3230088495575221
slaves,0.0979591836734694,0.15510204081632656,0.06938775510204083,0.1306122448979592,0.15510204081632656,0.10204081632653063,0.0489795918367347,0.24081632653061225
brown,0.08742004264392325,0.15884861407249468,0.0650319829424307,0.1375266524520256,0.16737739872068233,0.13859275053304906,0.054371002132196165,0.19083155650319833
us,0.09106830122591944,0.1772513595723108,0.05880726334224352,0.13300765047469812,0.14102682274864042,0.1073831689556641,0.08590653516453128,0.20554889851599226
bondage,0.09803921568627451,0.058823529411764705,0.11764705882352941,0.29411764705882354,0.0392156862745098,0.29411764705882354,0.0,0.09803921568627451
legal,0.12209302325581395,0.13953488372093023,0.049418604651162795,0.07848837209302326,0.07848837209302326,0.13372093023255816,0.03488372093023256,0.3633720930232558
given,0.08915574963609899,0.17358078602620086,0.05640465793304221,0.12372634643377001,0.14556040756914118,0.10334788937409024,0.07641921397379912,0.23180494905385735
free,0.0862548692264886,0.16026711185308848,0.05620478575403451,0.12687813021702837,0.14357262103505844,0.104062326099054,0.06956037840845855,0.2531997774067891
commonwealth,0.07017543859649122,0.14035087719298245,0.06140350877192982,0.07017543859649122,0.14035087719298245,0.07894736842105261,0.05263157894736841,0.38596491228070173
laws,0.09209100758396532,0.11484290357529794,0.0628385698808234,0.14409534127843987,0.09317443120260022,0.10292524377031419,0.045503791982665215,0.3445287107258938
christian,0.07965299684542587,0.16719242902208203,0.06545741324921135,0.12460567823343849,0.17902208201892744,0.08280757097791798,0.0583596214511041,0.24290220820189276
country,0.08922363847045191,0.14484356894553882,0.06315179606025492,0.13904982618771727,0.1432985708767864,0.10969486288142138,0.07435303205870993,0.23638470451911936
thousand,0.11656441717791412,0.1511831726555653,0.06397896581945661,0.16126205083260298,0.12489044697633656,0.11831726555652937,0.07055214723926381,0.19325153374233128
five,0.09494451294697903,0.18618988902589392,0.06535141800246609,0.1319358816276202,0.1344019728729963,0.1097410604192355,0.07274969173859432,0.2046855733662145
hundred,0.09560550150956054,0.16370345521637034,0.06038242200603824,0.16169070781616907,0.12579671251257965,0.11472660181147265,0.07816169070781616,0.19993290841999328
years,0.09552742616033756,0.16877637130801687,0.06767932489451477,0.13856540084388186,0.13637130801687763,0.12658227848101267,0.06970464135021097,0.1967932489451477
ago,0.07923497267759562,0.23132969034608378,0.06466302367941712,0.11930783242258652,0.1384335154826958,0.11748633879781421,0.05646630236794171,0.1930783242258652
human,0.11881693013768486,0.14380418154003058,0.08363080061193269,0.15961244263131055,0.12034676185619582,0.1223865374808771,0.059663437021927584,0.1917389087200408
pay,0.07922272047832586,0.23467862481315396,0.04185351270553064,0.07573492775286497,0.2047832585949178,0.056302939711011454,0.052316890881913304,0.255107125062282
created,0.030769230769230767,0.23076923076923075,0.030769230769230767,0.0923076923076923,0.1846153846153846,0.0,0.1076923076923077,0.32307692307692304
whole,0.10458488228004956,0.15638166047087979,0.06418835192069393,0.1536555142503098,0.1298636926889715,0.10557620817843866,0.07657992565055761,0.20916976456009911
claim,0.09491525423728815,0.2033898305084746,0.0440677966101695,0.13898305084745763,0.11864406779661017,0.08474576271186442,0.0711864406779661,0.2440677966101695
thus,0.10678442392613409,0.1643918105178643,0.06663990365315134,0.14452027298273787,0.12685668406262546,0.11541549578482536,0.07486953030911281,0.20052187876354877
thousands,0.09987819732034103,0.1315468940316687,0.07308160779537148,0.15468940316686966,0.13276492082825822,0.13520097442143728,0.08647990255785626,0.1863580998781973
souls,0.07792207792207792,0.13636363636363635,0.06493506493506494,0.12337662337662338,0.16233766233766234,0.12987012987012989,0.045454545454545456,0.25974025974025977
freedom,0.06382978723404255,0.12588652482269502,0.03723404255319149,0.09751773049645392,0.25886524822695034,0.0673758865248227,0.0425531914893617,0.3067375886524823
race,0.10568295114656032,0.14656031904287137,0.07278165503489531,0.1385842472582253,0.14556331006979062,0.11665004985044863,0.06779661016949153,0.2063808574277168
sent,0.09652002626395273,0.18811556139198954,0.05351280367695338,0.12803676953381485,0.13854235062376888,0.09586342744583061,0.07058437294812869,0.2288246881155614
earth,0.10724233983286909,0.15181058495821728,0.057103064066852366,0.13649025069637882,0.13370473537604458,0.10120705663881152,0.07335190343546891,0.2390900649953575
light,0.0838230745437674,0.17197649242189916,0.05722239406124343,0.13918960717599754,0.15279925765542843,0.12743581812557997,0.07763686978038972,0.1899164862356944
agreed,0.07619047619047618,0.13968253968253969,0.04444444444444445,0.11428571428571428,0.07619047619047618,0.07301587301587302,0.05714285714285714,0.41904761904761906
among,0.09165786694825764,0.1529039070749736,0.06715945089757128,0.14720168954593452,0.146779303062302,0.11151003167898628,0.07349524815205913,0.20929250263991553
wages,0.015831134564643797,0.1424802110817942,0.005277044854881266,0.026385224274406333,0.5883905013192612,0.002638522427440633,0.029023746701846966,0.18997361477572558
protect,0.08607594936708861,0.17215189873417722,0.053164556962025315,0.17215189873417722,0.14936708860759493,0.10126582278481013,0.06329113924050632,0.20253164556962025
people,0.0901747444774151,0.1712825585229146,0.07154632377184306,0.12462908011869435,0.14457632706890866,0.10352786020441807,0.07467853610286845,0.2195845697329377
back,0.09646473618759993,0.17605258482856637,0.062355658198614314,0.13412684313377154,0.14389767276603305,0.11422988097352993,0.07781133416237342,0.19506128974951148
demand,0.2947368421052632,0.1298245614035088,0.05438596491228071,0.10701754385964914,0.08421052631578949,0.09122807017543862,0.06315789473684211,0.1754385964912281
blood,0.142668428005284,0.11162483487450461,0.09379128137384411,0.18428005284015853,0.10303830911492734,0.12945838837516513,0.071334214002642,0.16380449141347422
might,0.09173109684182938,0.1851657711964356,0.05582492464945616,0.14152797798453676,0.1353688900537282,0.10889791639365745,0.07600576595465862,0.2054776569256978
shame,0.1101190476190476,0.08035714285714285,0.1845238095238095,0.20535714285714282,0.06547619047619047,0.1994047619047619,0.04464285714285714,0.1101190476190476
state,0.09150622876557192,0.1406568516421291,0.0679501698754247,0.1245753114382786,0.1272933182332956,0.11121177802944508,0.06840317100792752,0.26840317100792754
let,0.08739985433357612,0.16873027433843168,0.055353241077931534,0.127215343529983,0.15125030347171645,0.116290361738286,0.07841709152706969,0.21534352998300557
slavery,0.18042813455657492,0.05963302752293578,0.14984709480122324,0.20948012232415902,0.05657492354740061,0.20795107033639146,0.018348623853211007,0.11773700305810397
consent,0.06687898089171974,0.1624203821656051,0.057324840764331204,0.12101910828025478,0.1464968152866242,0.09872611464968152,0.09554140127388534,0.2515923566878981
protection,0.10322580645161292,0.12903225806451615,0.08064516129032259,0.1870967741935484,0.12903225806451615,0.10322580645161292,0.041935483870967745,0.22580645161290325
sake,0.08148148148148147,0.18518518518518517,0.04814814814814815,0.14444444444444443,0.15185185185185182,0.12222222222222222,0.05,0.21666666666666665
ever,0.09087809036658141,0.16709292412617222,0.06206308610400682,0.12242114236999148,0.1597612958226769,0.11082693947144075,0.07399829497016197,0.21295822676896847
class,0.11341463414634145,0.14756097560975606,0.07926829268292682,0.15487804878048778,0.12317073170731706,0.10853658536585364,0.0646341463414634,0.20853658536585362
year,0.07824784724822163,0.18532384874578808,0.06027704979408462,0.1272931486334706,0.13815050542867838,0.11044552602021715,0.0760014975664545,0.22426057656308498
governor,0.1152263374485597,0.10493827160493828,0.06378600823045268,0.15226337448559674,0.0617283950617284,0.08436213991769548,0.0617283950617284,0.35596707818930046
know,0.07437770159487256,0.1872112088239678,0.054255477716500224,0.11372782829035623,0.1617230585780295,0.09941869131018034,0.07795498583991653,0.23133104784617675
south,0.0966824644549763,0.16113744075829384,0.05687203791469194,0.15924170616113742,0.15071090047393365,0.0976303317535545,0.07677725118483412,0.2009478672985782
makes,0.10008554319931563,0.15825491873396064,0.08383233532934131,0.13943541488451666,0.13344739093242086,0.11976047904191614,0.07442258340461932,0.1907613344739093
eyes,0.07570977917981073,0.1706975113915177,0.05765860497721696,0.11321416053277251,0.16876971608832808,0.13284262180161233,0.0804416403785489,0.20066596565019276
also,0.08829663962920045,0.15295480880648896,0.06280417149478562,0.1392815758980301,0.14461181923522595,0.10034762456546928,0.0746234067207416,0.2370799536500579
