,anger,anticipation,disgust,fear,joy,sadness,surprise,trust
project,0.1272285251215559,0.1580226904376013,0.04538087520259319,0.07455429497568881,0.09967585089141005,0.08752025931928688,0.017828200972447326,0.3897893030794165
gutenberg,0.10220994475138122,0.1850828729281768,0.03314917127071823,0.143646408839779,0.06353591160220995,0.15469613259668508,0.016574585635359115,0.3011049723756906
ebook,0.10679611650485436,0.10194174757281553,0.019417475728155338,0.24271844660194175,0.07281553398058252,0.1796116504854369,0.038834951456310676,0.23786407766990292
war,0.05589430894308943,0.13617886178861788,0.056910569105691054,0.24085365853658536,0.1016260162601626,0.037601626016260166,0.04573170731707317,0.3252032520325203
woodrow,0.0234375,0.171875,0.0546875,0.15625,0.125,0.015625,0.0546875,0.3984375
wilson,0.02142857142857143,0.15714285714285714,0.05714285714285714,0.14285714285714285,0.12142857142857143,0.014285714285714285,0.05714285714285714,0.42857142857142855
use,0.11740041928721175,0.16142557651991615,0.09014675052410902,0.14675052410901468,0.12159329140461216,0.0859538784067086,0.041928721174004195,0.2348008385744235
restrictions,0.04516129032258064,0.17419354838709677,0.08387096774193549,0.14838709677419354,0.11612903225806452,0.025806451612903226,0.05806451612903226,0.34838709677419355
may,0.09209157127991675,0.16337148803329865,0.07180020811654526,0.12539021852237253,0.11550468262226847,0.07440166493236212,0.06555671175858481,0.2918834547346514
copy,0.2037037037037037,0.08796296296296297,0.08333333333333333,0.10185185185185185,0.023148148148148147,0.08796296296296297,0.027777777777777776,0.38425925925925924
give,0.07397260273972603,0.16986301369863013,0.05342465753424658,0.13561643835616438,0.12876712328767123,0.0863013698630137,0.07808219178082192,0.273972602739726
terms,0.09725158562367865,0.13953488372093023,0.04439746300211417,0.10782241014799154,0.13530655391120508,0.07399577167019028,0.046511627906976744,0.35517970401691334
license,0.12195121951219512,0.20121951219512196,0.04878048780487805,0.13414634146341464,0.10365853658536585,0.11585365853658537,0.036585365853658534,0.23780487804878048
included,0.0967741935483871,0.22580645161290322,0.03225806451612903,0.1935483870967742,0.12903225806451613,0.06451612903225806,0.03225806451612903,0.22580645161290322
date,0.06870229007633588,0.13740458015267176,0.05343511450381679,0.2366412213740458,0.07633587786259542,0.09923664122137404,0.022900763358778626,0.3053435114503817
first,0.07681940700808626,0.18463611859838275,0.05660377358490566,0.12129380053908356,0.1280323450134771,0.1105121293800539,0.08355795148247978,0.238544474393531
february,0.04411764705882353,0.11764705882352941,0.1323529411764706,0.16911764705882354,0.08823529411764706,0.07352941176470588,0.03676470588235294,0.3382352941176471
congress,0.04421768707482993,0.09863945578231292,0.16326530612244897,0.1598639455782313,0.06462585034013606,0.03741496598639456,0.034013605442176874,0.3979591836734694
january,0.014492753623188406,0.08695652173913043,0.07246376811594203,0.18840579710144928,0.10144927536231885,0.028985507246376812,0.043478260869565216,0.463768115942029
april,0.06486486486486487,0.07027027027027027,0.08108108108108109,0.2918918918918919,0.06486486486486487,0.04864864864864865,0.05405405405405406,0.32432432432432434
1917,0.04827586206896552,0.08275862068965517,0.14482758620689656,0.19310344827586207,0.05517241379310345,0.034482758620689655,0.020689655172413793,0.4206896551724138
president,0.06986899563318777,0.1324599708879185,0.09170305676855896,0.17467248908296942,0.07569141193595343,0.048034934497816595,0.03202328966521106,0.37554585152838427
united,0.05568627450980392,0.14352941176470588,0.0611764705882353,0.17882352941176471,0.09058823529411765,0.03490196078431373,0.04274509803921569,0.39254901960784316
states,0.05686345526982977,0.141615356754799,0.06265845708076784,0.17710974284679465,0.08909815284317277,0.03839188699746469,0.04310032596885187,0.39116262223831944
's,0.09381071329447682,0.13849569802941994,0.08381903968914793,0.15487094088259784,0.12017762975298363,0.12461837357757424,0.07188454066056064,0.21232306411323898
proclamation,0.03496503496503497,0.14335664335664336,0.06643356643356643,0.17132867132867133,0.0944055944055944,0.013986013986013986,0.05244755244755245,0.4230769230769231
6,0.04878048780487805,0.024390243902439025,0.0975609756097561,0.34146341463414637,0.0,0.0,0.0,0.4878048780487805
message,0.030927835051546393,0.13402061855670103,0.14432989690721648,0.14432989690721648,0.09278350515463918,0.041237113402061855,0.041237113402061855,0.3711340206185567
american,0.03715170278637771,0.15170278637770898,0.08359133126934984,0.12693498452012383,0.12693498452012383,0.058823529411764705,0.05263157894736842,0.3622291021671827
people,0.08440913604766634,0.16782522343594836,0.06156901688182721,0.12512413108242304,0.1420059582919563,0.07249255213505462,0.07646474677259185,0.2701092353525323
new,0.07719298245614035,0.20701754385964913,0.042105263157894736,0.19298245614035087,0.10877192982456141,0.07368421052631578,0.06315789473684211,0.23508771929824562
world,0.10654685494223363,0.1643132220795892,0.05391527599486521,0.1386392811296534,0.1514762516046213,0.08087291399229782,0.05006418485237484,0.25417201540436457
peace,0.05076923076923077,0.20461538461538462,0.03538461538461538,0.09769230769230769,0.19153846153846155,0.03923076923076923,0.04153846153846154,0.3392307692307692
senate,0.043478260869565216,0.14492753623188406,0.057971014492753624,0.18840579710144928,0.10144927536231885,0.0,0.014492753623188406,0.4492753623188406
diplomatic,0.06666666666666667,0.12,0.05333333333333334,0.21333333333333335,0.04,0.09333333333333334,0.04,0.37333333333333335
relations,0.11188811188811189,0.1258741258741259,0.06293706293706294,0.1888111888111888,0.06993006993006994,0.11888111888111888,0.07692307692307693,0.24475524475524477
germany,0.058419243986254296,0.1134020618556701,0.044673539518900345,0.21993127147766323,0.09621993127147767,0.048109965635738834,0.044673539518900345,0.3745704467353952
request,0.06153846153846154,0.16923076923076924,0.046153846153846156,0.1,0.16153846153846155,0.05384615384615385,0.046153846153846156,0.36153846153846153
grant,0.02702702702702703,0.1891891891891892,0.10810810810810811,0.10810810810810811,0.16216216216216217,0.0,0.02702702702702703,0.3783783783783784
power,0.14244186046511628,0.125,0.09738372093023256,0.1686046511627907,0.10610465116279069,0.09156976744186046,0.05232558139534884,0.21656976744186046
must,0.1111111111111111,0.1573398215733982,0.07137064071370641,0.1492295214922952,0.12165450121654502,0.11192214111922141,0.0575831305758313,0.2197891321978913
accept,0.09649122807017543,0.15789473684210525,0.06140350877192982,0.12280701754385964,0.15789473684210525,0.03508771929824561,0.09649122807017543,0.2719298245614035
state,0.04679376083188908,0.12824956672443674,0.053726169844020795,0.1733102253032929,0.09532062391681109,0.05025996533795494,0.043327556325823226,0.4090121317157712
speak,0.09691629955947137,0.15638766519823788,0.06167400881057269,0.1277533039647577,0.1343612334801762,0.0881057268722467,0.09691629955947137,0.23788546255506607
act,0.12435233160621761,0.12953367875647667,0.06217616580310881,0.15025906735751296,0.11398963730569948,0.08808290155440414,0.06735751295336788,0.26424870466321243
serve,0.05309734513274336,0.1504424778761062,0.04424778761061947,0.07079646017699115,0.17699115044247787,0.05309734513274336,0.10619469026548672,0.34513274336283184
note,0.06772908366533864,0.11155378486055777,0.0398406374501992,0.22709163346613545,0.099601593625498,0.07171314741035857,0.06374501992031872,0.3187250996015936
form,0.1124031007751938,0.16279069767441862,0.08527131782945736,0.13565891472868216,0.08914728682170543,0.12403100775193798,0.07364341085271318,0.21705426356589147
way,0.0944527736131934,0.17091454272863568,0.06146926536731634,0.1424287856071964,0.11394302848575712,0.13043478260869565,0.07646176911544228,0.2098950524737631
possible,0.06513409961685823,0.16475095785440613,0.038314176245210725,0.20306513409961685,0.11877394636015326,0.07279693486590039,0.07279693486590039,0.26436781609195403
great,0.09848484848484848,0.15056818181818182,0.06060606060606061,0.16950757575757575,0.12215909090909091,0.11268939393939394,0.07481060606060606,0.21117424242424243
full,0.13122171945701358,0.17194570135746606,0.06787330316742081,0.11990950226244344,0.11085972850678733,0.10407239819004525,0.08823529411764706,0.20588235294117646
made,0.107981220657277,0.13427230046948357,0.06948356807511737,0.1643192488262911,0.12112676056338029,0.10610328638497653,0.07793427230046948,0.2187793427230047
clear,0.05714285714285714,0.14285714285714285,0.01904761904761905,0.14285714285714285,0.19047619047619047,0.05714285714285714,0.0761904761904762,0.3142857142857143
unless,0.09205020920502092,0.17154811715481172,0.02092050209205021,0.13807531380753138,0.1297071129707113,0.08368200836820083,0.1087866108786611,0.25523012552301255
also,0.08702791461412152,0.13628899835796388,0.05582922824302135,0.15270935960591134,0.1297208538587849,0.11822660098522167,0.090311986863711,0.22988505747126436
service,0.07207207207207207,0.13963963963963963,0.06306306306306306,0.14864864864864866,0.1036036036036036,0.0990990990990991,0.06306306306306306,0.3108108108108108
man,0.11339031339031339,0.1361823361823362,0.08945868945868946,0.15612535612535614,0.1111111111111111,0.12478632478632479,0.07179487179487179,0.19715099715099715
human,0.1424581005586592,0.13966480446927373,0.10893854748603352,0.19553072625698323,0.08100558659217877,0.12011173184357542,0.04748603351955307,0.164804469273743
gentlemen,0.03508771929824561,0.14035087719298245,0.17543859649122806,0.10526315789473684,0.10526315789473684,0.03508771929824561,0.03508771929824561,0.3684210526315789
18th,0.09615384615384616,0.057692307692307696,0.019230769230769232,0.3076923076923077,0.07692307692307693,0.09615384615384616,0.038461538461538464,0.3076923076923077
last,0.10025706940874037,0.13496143958868895,0.08354755784061697,0.17223650385604114,0.09640102827763496,0.13239074550128535,0.07455012853470437,0.20565552699228792
addressed,0.08421052631578947,0.07368421052631578,0.06315789473684211,0.2631578947368421,0.07368421052631578,0.08421052631578947,0.010526315789473684,0.3473684210526316
governments,0.09550561797752809,0.1404494382022472,0.056179775280898875,0.21910112359550563,0.1404494382022472,0.02247191011235955,0.0449438202247191,0.2808988764044944
nations,0.056338028169014086,0.2,0.03943661971830986,0.1267605633802817,0.17183098591549295,0.036619718309859155,0.028169014084507043,0.3408450704225352
yet,0.10244470314318975,0.1490104772991851,0.07566938300349244,0.15715948777648428,0.13271245634458673,0.13038416763678695,0.07566938300349244,0.1769499417927823
either,0.1033210332103321,0.13284132841328414,0.08118081180811808,0.16605166051660517,0.12177121771217712,0.0959409594095941,0.055350553505535055,0.24354243542435425
belligerents,0.1111111111111111,0.15151515151515152,0.030303030303030304,0.2222222222222222,0.1717171717171717,0.06060606060606061,0.030303030303030304,0.2222222222222222
upon,0.1009843237331389,0.13780532263944587,0.07947502734232592,0.16988698505286182,0.1057236602260299,0.12942034269048486,0.06817353262850893,0.20853080568720378
would,0.10640394088669951,0.15024630541871922,0.08719211822660099,0.16108374384236454,0.11379310344827587,0.10935960591133005,0.0729064039408867,0.19901477832512315
make,0.08333333333333333,0.18951612903225806,0.05241935483870968,0.12096774193548387,0.12903225806451613,0.0967741935483871,0.08198924731182795,0.24596774193548387
humanity,0.07692307692307693,0.11965811965811966,0.02564102564102564,0.20512820512820512,0.1452991452991453,0.06837606837606838,0.05128205128205128,0.3076923076923077
rights,0.07947019867549669,0.17218543046357615,0.052980132450331126,0.1291390728476821,0.16225165562913907,0.056291390728476824,0.029801324503311258,0.31788079470198677
neutral,0.07017543859649122,0.15789473684210525,0.09649122807017543,0.19298245614035087,0.043859649122807015,0.12280701754385964,0.017543859649122806,0.2982456140350877
many,0.0936599423631124,0.1685878962536023,0.07636887608069164,0.13544668587896252,0.10806916426512968,0.13112391930835735,0.08213256484149856,0.20461095100864554
whose,0.11085972850678733,0.14027149321266968,0.07692307692307693,0.16515837104072398,0.11312217194570136,0.1334841628959276,0.07692307692307693,0.1832579185520362
powers,0.06779661016949153,0.1440677966101695,0.025423728813559324,0.16101694915254236,0.1271186440677966,0.11016949152542373,0.0423728813559322,0.3220338983050847
merely,0.09375,0.1875,0.05625,0.13125,0.15625,0.05625,0.06875,0.25
conference,0.15384615384615385,0.10256410256410256,0.05128205128205128,0.20512820512820512,0.1282051282051282,0.05128205128205128,0.05128205128205128,0.2564102564102564
entente,0.037037037037037035,0.037037037037037035,0.0,0.2962962962962963,0.07407407407407407,0.037037037037037035,0.037037037037037035,0.48148148148148145
definite,0.03571428571428571,0.19642857142857142,0.017857142857142856,0.07142857142857142,0.16071428571428573,0.07142857142857142,0.05357142857142857,0.39285714285714285
replied,0.0797872340425532,0.15425531914893617,0.047872340425531915,0.1702127659574468,0.12234042553191489,0.05319148936170213,0.09042553191489362,0.28191489361702127
much,0.09510086455331412,0.14697406340057637,0.06724303554274735,0.14024975984630164,0.11815561959654179,0.12487992315081652,0.08837656099903939,0.21902017291066284
general,0.044,0.14,0.02,0.116,0.148,0.068,0.088,0.376
indeed,0.12,0.145,0.065,0.1725,0.11,0.0975,0.0825,0.2075
imply,0.05,0.15,0.025,0.2,0.15,0.0,0.0,0.425
guarantees,0.05555555555555555,0.1388888888888889,0.05555555555555555,0.08333333333333333,0.19444444444444445,0.05555555555555555,0.08333333333333333,0.3333333333333333
acts,0.046511627906976744,0.17054263565891473,0.06976744186046512,0.14728682170542637,0.12403100775193798,0.015503875968992248,0.05426356589147287,0.37209302325581395
settlement,0.13333333333333333,0.17777777777777778,0.06666666666666667,0.15555555555555556,0.08888888888888889,0.06666666666666667,0.044444444444444446,0.26666666666666666
discussion,0.07547169811320754,0.1509433962264151,0.018867924528301886,0.22641509433962265,0.1509433962264151,0.07547169811320754,0.07547169811320754,0.22641509433962265
shall,0.07417735638594534,0.15337423312883436,0.0780814277746793,0.1539319576129392,0.11433351924149471,0.0630228667038483,0.05744562186279978,0.305633017289459
end,0.08421052631578947,0.15789473684210525,0.042105263157894736,0.16842105263157894,0.14035087719298245,0.11228070175438597,0.07017543859649122,0.22456140350877193
present,0.04261363636363636,0.20454545454545456,0.02130681818181818,0.09943181818181818,0.17897727272727273,0.045454545454545456,0.13352272727272727,0.2741477272727273
international,0.0728476821192053,0.152317880794702,0.039735099337748346,0.2052980132450331,0.09933774834437085,0.059602649006622516,0.039735099337748346,0.33112582781456956
concert,0.07272727272727272,0.21818181818181817,0.03636363636363636,0.07272727272727272,0.18181818181818182,0.03636363636363636,0.03636363636363636,0.34545454545454546
hold,0.13656387665198239,0.1277533039647577,0.06607929515418502,0.16740088105726872,0.1013215859030837,0.1145374449339207,0.07488986784140969,0.21145374449339208
every,0.0949367088607595,0.16075949367088607,0.07341772151898734,0.15822784810126583,0.1189873417721519,0.11518987341772152,0.05822784810126582,0.22025316455696203
taken,0.0963855421686747,0.14156626506024098,0.06325301204819277,0.1927710843373494,0.10240963855421686,0.1144578313253012,0.08132530120481928,0.20783132530120482
granted,0.0594059405940594,0.15841584158415842,0.039603960396039604,0.15841584158415842,0.1485148514851485,0.07920792079207921,0.039603960396039604,0.31683168316831684
impossible,0.06111111111111111,0.11666666666666667,0.05,0.16111111111111112,0.12777777777777777,0.2,0.08333333333333333,0.2
ever,0.09646302250803858,0.16720257234726688,0.08038585209003216,0.16237942122186494,0.10610932475884244,0.13183279742765272,0.08681672025723473,0.16881028938906753
us,0.0792838874680307,0.1585677749360614,0.06905370843989769,0.16879795396419436,0.12531969309462915,0.1010230179028133,0.0741687979539642,0.2237851662404092
mankind,0.08843537414965986,0.17687074829931973,0.027210884353741496,0.11564625850340136,0.17006802721088435,0.08163265306122448,0.06802721088435375,0.272108843537415
take,0.10110803324099724,0.1440443213296399,0.07063711911357341,0.1440443213296399,0.10803324099722991,0.12742382271468145,0.10110803324099724,0.203601108033241
sought,0.07142857142857142,0.20408163265306123,0.05612244897959184,0.10714285714285714,0.14795918367346939,0.09693877551020408,0.07142857142857142,0.24489795918367346
opportunity,0.0763888888888889,0.3263888888888889,0.04861111111111111,0.125,0.11805555555555555,0.0625,0.05555555555555555,0.1875
address,0.05434782608695652,0.22826086956521738,0.05434782608695652,0.07608695652173914,0.17391304347826086,0.08695652173913043,0.08695652173913043,0.2391304347826087
thought,0.08261405672009864,0.2996300863131936,0.06411837237977805,0.1282367447595561,0.09864364981504316,0.09124537607891492,0.06165228113440197,0.17385943279901356
associated,0.1,0.18823529411764706,0.023529411764705882,0.10588235294117647,0.13529411764705881,0.07647058823529412,0.03529411764705882,0.3352941176470588
determination,0.027777777777777776,0.19444444444444445,0.0,0.25,0.08333333333333333,0.027777777777777776,0.027777777777777776,0.3888888888888889
without,0.09940017137960583,0.15766923736075408,0.05912596401028278,0.18337617823479005,0.11653813196229648,0.1062553556126821,0.05912596401028278,0.2185089974293059
purpose,0.09563409563409564,0.15384615384615385,0.08316008316008316,0.14345114345114346,0.1288981288981289,0.04365904365904366,0.04781704781704782,0.30353430353430355
mind,0.11561866125760649,0.15415821501014199,0.07910750507099391,0.15010141987829614,0.11561866125760649,0.12778904665314403,0.06693711967545639,0.19066937119675456
regard,0.0851063829787234,0.1702127659574468,0.06382978723404255,0.2074468085106383,0.11170212765957446,0.07446808510638298,0.06382978723404255,0.22340425531914893
duty,0.02962962962962963,0.18518518518518517,0.0962962962962963,0.14074074074074075,0.08888888888888889,0.1111111111111111,0.06666666666666667,0.2814814814814815
government,0.08196721311475409,0.09709962168978563,0.035939470365699874,0.2900378310214376,0.08385876418663304,0.058007566204287514,0.038461538461538464,0.3146279949558638
days,0.12641083521444696,0.1986455981941309,0.05869074492099323,0.08577878103837472,0.12189616252821671,0.1038374717832957,0.08803611738148984,0.21670428893905191
come,0.07225433526011561,0.18208092485549132,0.05346820809248555,0.15606936416184972,0.13872832369942195,0.10404624277456648,0.06358381502890173,0.22976878612716764
necessary,0.0539906103286385,0.16901408450704225,0.0539906103286385,0.1267605633802817,0.12441314553990611,0.04225352112676056,0.07042253521126761,0.3591549295774648
lay,0.09230769230769231,0.15076923076923077,0.11076923076923077,0.15384615384615385,0.11384615384615385,0.14461538461538462,0.08,0.15384615384615385
far,0.10246679316888045,0.13282732447817835,0.06641366223908918,0.1650853889943074,0.10815939278937381,0.10246679316888045,0.09487666034155598,0.22770398481973433
part,0.07670043415340087,0.1678726483357453,0.053545586107091175,0.14327062228654125,0.1316931982633864,0.06801736613603473,0.07380607814761216,0.28509406657018815
principles,0.0625,0.1971153846153846,0.04807692307692308,0.11538461538461539,0.15865384615384615,0.014423076923076924,0.052884615384615384,0.35096153846153844
since,0.07530120481927711,0.22289156626506024,0.0572289156626506,0.15963855421686746,0.10542168674698796,0.11746987951807229,0.09939759036144578,0.16265060240963855
set,0.12625250501002003,0.14428857715430862,0.07014028056112225,0.13026052104208416,0.11422845691382766,0.10220440881763528,0.06813627254509018,0.24448897795591182
nation,0.056657223796033995,0.13314447592067988,0.039660056657223795,0.16147308781869688,0.10198300283286119,0.028328611898016998,0.042492917847025496,0.43626062322946174
high,0.06,0.18,0.06,0.12,0.164,0.072,0.088,0.256
hope,0.04229607250755287,0.21450151057401812,0.03323262839879154,0.06646525679758308,0.1782477341389728,0.06646525679758308,0.14501510574018128,0.2537764350453172
might,0.10576164167324388,0.15548539857932123,0.07103393843725335,0.18547750591949486,0.11365430149960537,0.1239147592738753,0.056037884767166535,0.18863456985003946
liberty,0.05373134328358209,0.18507462686567164,0.03582089552238806,0.10746268656716418,0.14626865671641792,0.026865671641791045,0.11343283582089553,0.33134328358208953
honor,0.06666666666666667,0.0,0.0,0.26666666666666666,0.03333333333333333,0.06666666666666667,0.1,0.4666666666666667
wish,0.10071942446043165,0.12949640287769784,0.050359712230215826,0.07913669064748201,0.18705035971223022,0.09352517985611511,0.06474820143884892,0.2949640287769784
feel,0.1503267973856209,0.12418300653594772,0.0784313725490196,0.1895424836601307,0.1111111111111111,0.08496732026143791,0.058823529411764705,0.20261437908496732
free,0.07920792079207921,0.1782178217821782,0.04455445544554455,0.11386138613861387,0.1485148514851485,0.024752475247524754,0.054455445544554455,0.3564356435643564
nothing,0.08755760368663594,0.1313364055299539,0.06682027649769585,0.15898617511520738,0.12442396313364056,0.11981566820276497,0.08986175115207373,0.22119815668202766
less,0.1342281879194631,0.11409395973154363,0.11409395973154363,0.18791946308724833,0.07718120805369127,0.1342281879194631,0.06040268456375839,0.17785234899328858
authority,0.04899135446685879,0.14985590778097982,0.04899135446685879,0.11239193083573487,0.10662824207492795,0.0345821325648415,0.04899135446685879,0.4495677233429395
force,0.23722627737226276,0.0948905109489051,0.0364963503649635,0.2591240875912409,0.07664233576642336,0.07664233576642336,0.051094890510948905,0.1678832116788321
guarantee,0.07894736842105263,0.10526315789473684,0.0,0.10526315789473684,0.10526315789473684,0.07894736842105263,0.0,0.5263157894736842
justice,0.07450980392156863,0.1607843137254902,0.06274509803921569,0.11764705882352941,0.11764705882352941,0.047058823529411764,0.043137254901960784,0.3764705882352941
throughout,0.11224489795918367,0.1326530612244898,0.07142857142857142,0.14285714285714285,0.1326530612244898,0.061224489795918366,0.08163265306122448,0.2653061224489796
long,0.08564231738035265,0.26028547439126787,0.0906801007556675,0.12510495382031905,0.10411418975650713,0.10495382031905962,0.054575986565911,0.1746431570109152
right,0.11560693641618497,0.15606936416184972,0.046242774566473986,0.1315028901734104,0.13583815028901733,0.10404624277456648,0.06791907514450866,0.24277456647398843
formal,0.03225806451612903,0.06451612903225806,0.0,0.2903225806451613,0.12903225806451613,0.03225806451612903,0.03225806451612903,0.41935483870967744
solemn,0.07386363636363637,0.14204545454545456,0.03409090909090909,0.19318181818181818,0.14204545454545456,0.09659090909090909,0.07386363636363637,0.24431818181818182
selfish,0.17272727272727273,0.11818181818181818,0.11818181818181818,0.11818181818181818,0.13636363636363635,0.045454545454545456,0.06363636363636363,0.22727272727272727
opinion,0.08843537414965986,0.1360544217687075,0.04081632653061224,0.1360544217687075,0.10204081632653061,0.16326530612244897,0.08843537414965986,0.24489795918367346
say,0.0844062947067239,0.14878397711015737,0.060085836909871244,0.16165951359084407,0.1430615164520744,0.1044349070100143,0.08583690987124463,0.2117310443490701
future,0.1297709923664122,0.16030534351145037,0.06870229007633588,0.12213740458015267,0.13740458015267176,0.0916030534351145,0.061068702290076333,0.22900763358778625
makes,0.07462686567164178,0.15671641791044777,0.05223880597014925,0.1865671641791045,0.12686567164179105,0.03731343283582089,0.06716417910447761,0.29850746268656714
bring,0.0903010033444816,0.16387959866220736,0.05016722408026756,0.12709030100334448,0.1505016722408027,0.10702341137123746,0.0802675585284281,0.23076923076923078
guaranteeing,0.0,0.2,0.0,0.075,0.3,0.0,0.0,0.425
several,0.10505836575875487,0.12840466926070038,0.07782101167315175,0.1828793774319066,0.11284046692607004,0.12062256809338522,0.07003891050583658,0.20233463035019456
immediate,0.1111111111111111,0.15555555555555556,0.05555555555555555,0.18888888888888888,0.13333333333333333,0.05555555555555555,0.03333333333333333,0.26666666666666666
engaged,0.0625,0.2215909090909091,0.028409090909090908,0.11363636363636363,0.19886363636363635,0.03409090909090909,0.056818181818181816,0.2840909090909091
whether,0.11055276381909548,0.15326633165829145,0.08793969849246232,0.18090452261306533,0.09798994974874371,0.11809045226130653,0.09547738693467336,0.15577889447236182
spoken,0.09032258064516129,0.15483870967741936,0.05161290322580645,0.11612903225806452,0.14193548387096774,0.10967741935483871,0.0967741935483871,0.23870967741935484
peoples,0.09467455621301775,0.16568047337278108,0.029585798816568046,0.09467455621301775,0.21893491124260356,0.029585798816568046,0.047337278106508875,0.31952662721893493
keep,0.09602649006622517,0.1291390728476821,0.06622516556291391,0.1291390728476821,0.12251655629139073,0.11589403973509933,0.076158940397351,0.26490066225165565
safe,0.057692307692307696,0.10576923076923077,0.04807692307692308,0.17307692307692307,0.21153846153846154,0.11538461538461539,0.019230769230769232,0.2692307692307692
one,0.09428359317000742,0.1607275426874536,0.06792873051224944,0.13919821826280623,0.12991833704528583,0.12175204157386786,0.08648849294729027,0.19970304380103934
america,0.017341040462427744,0.21965317919075145,0.03468208092485549,0.09826589595375723,0.18497109826589594,0.023121387283236993,0.06936416184971098,0.35260115606936415
could,0.11691670977754785,0.14019658561821002,0.07915157785825143,0.16140713916192448,0.10346611484738748,0.13657527159855148,0.08277289187790998,0.17951370926021729
join,0.03125,0.1875,0.0,0.15625,0.21875,0.0,0.0,0.40625
confidence,0.016666666666666666,0.16666666666666666,0.03333333333333333,0.1,0.2,0.0,0.05,0.43333333333333335
political,0.044444444444444446,0.2,0.022222222222222223,0.06666666666666667,0.24444444444444444,0.022222222222222223,0.06666666666666667,0.3333333333333333
faith,0.009174311926605505,0.21100917431192662,0.009174311926605505,0.08256880733944955,0.29357798165137616,0.03669724770642202,0.03669724770642202,0.3211009174311927
defend,0.03389830508474576,0.15254237288135594,0.0,0.3050847457627119,0.1016949152542373,0.05084745762711865,0.01694915254237288,0.3389830508474576
agree,0.1893491124260355,0.1301775147928994,0.047337278106508875,0.09467455621301775,0.05917159763313609,0.09467455621301775,0.03550295857988166,0.34911242603550297
seek,0.07865168539325842,0.19101123595505617,0.033707865168539325,0.16853932584269662,0.1348314606741573,0.056179775280898875,0.056179775280898875,0.2808988764044944
whatever,0.0995260663507109,0.13744075829383887,0.08056872037914692,0.1848341232227488,0.10900473933649289,0.14218009478672985,0.04739336492890995,0.1990521327014218
even,0.11520190023752969,0.12707838479809977,0.08076009501187649,0.17458432304038005,0.11163895486935867,0.13657957244655583,0.0688836104513064,0.18527315914489312
secure,0.03546099290780142,0.18439716312056736,0.0425531914893617,0.10638297872340426,0.16312056737588654,0.02127659574468085,0.05673758865248227,0.3900709219858156
greater,0.05194805194805195,0.15584415584415584,0.012987012987012988,0.16883116883116883,0.14285714285714285,0.11688311688311688,0.03896103896103896,0.3116883116883117
hitherto,0.09090909090909091,0.13636363636363635,0.06060606060606061,0.13636363636363635,0.12121212121212122,0.07575757575757576,0.06060606060606061,0.3181818181818182
organized,0.15384615384615385,0.1346153846153846,0.057692307692307696,0.15384615384615385,0.21153846153846154,0.019230769230769232,0.0,0.2692307692307692
secured,0.08888888888888889,0.06666666666666667,0.1,0.2222222222222222,0.07777777777777778,0.12222222222222222,0.022222222222222223,0.3
question,0.056338028169014086,0.19718309859154928,0.04225352112676056,0.19718309859154928,0.1267605633802817,0.08450704225352113,0.08450704225352113,0.2112676056338028
whole,0.09523809523809523,0.12698412698412698,0.07936507936507936,0.14285714285714285,0.12063492063492064,0.11428571428571428,0.09206349206349207,0.22857142857142856
policy,0.06951871657754011,0.10160427807486631,0.0748663101604278,0.21390374331550802,0.06951871657754011,0.0427807486631016,0.016042780748663103,0.4117647058823529
balance,0.10256410256410256,0.1282051282051282,0.02564102564102564,0.1794871794871795,0.1282051282051282,0.1282051282051282,0.05128205128205128,0.2564102564102564
europe,0.022222222222222223,0.2,0.0,0.13333333333333333,0.26666666666666666,0.022222222222222223,0.1111111111111111,0.24444444444444444
common,0.10576923076923077,0.14423076923076922,0.057692307692307696,0.08653846153846154,0.15384615384615385,0.15384615384615385,0.0673076923076923,0.23076923076923078
received,0.12389380530973451,0.16371681415929204,0.061946902654867256,0.13716814159292035,0.09734513274336283,0.09734513274336283,0.08849557522123894,0.23008849557522124
assurances,0.07042253521126761,0.15492957746478872,0.014084507042253521,0.28169014084507044,0.09859154929577464,0.028169014084507043,0.07042253521126761,0.28169014084507044
said,0.09288238263503282,0.13730439172135286,0.07874810701665826,0.1519434628975265,0.10802624936900555,0.1292276627965674,0.08329126703685008,0.21857647652700657
think,0.08287292817679558,0.18232044198895028,0.055248618784530384,0.10497237569060773,0.1685082872928177,0.07734806629834254,0.09668508287292818,0.23204419889502761
forth,0.1717557251908397,0.0916030534351145,0.03816793893129771,0.14122137404580154,0.10687022900763359,0.12595419847328243,0.04580152671755725,0.2786259541984733
understand,0.088,0.136,0.048,0.176,0.112,0.056,0.104,0.28
permitted,0.04044117647058824,0.1801470588235294,0.051470588235294115,0.10294117647058823,0.1213235294117647,0.04044117647058824,0.06985294117647059,0.39338235294117646
put,0.11617312072892938,0.1366742596810934,0.0888382687927107,0.17539863325740318,0.10022779043280182,0.11845102505694761,0.08656036446469248,0.1776765375854214
forced,0.08823529411764706,0.07352941176470588,0.04411764705882353,0.29411764705882354,0.08823529411764706,0.11029411764705882,0.029411764705882353,0.27205882352941174
rest,0.10963455149501661,0.15614617940199335,0.059800664451827246,0.15282392026578073,0.14285714285714285,0.09634551495016612,0.06976744186046512,0.21262458471760798
principle,0.12643678160919541,0.09195402298850575,0.034482758620689655,0.21839080459770116,0.13793103448275862,0.10344827586206896,0.034482758620689655,0.25287356321839083
equality,0.02857142857142857,0.14285714285714285,0.02857142857142857,0.02857142857142857,0.35714285714285715,0.0,0.02857142857142857,0.38571428571428573
feeling,0.13385826771653545,0.10761154855643044,0.12335958005249344,0.14698162729658792,0.11286089238845144,0.13648293963254593,0.09186351706036745,0.14698162729658792
territory,0.047619047619047616,0.07936507936507936,0.06349206349206349,0.20634920634920634,0.1111111111111111,0.031746031746031744,0.031746031746031744,0.42857142857142855
national,0.08333333333333333,0.18333333333333332,0.06666666666666667,0.11666666666666667,0.13333333333333333,0.05,0.06666666666666667,0.3
allegiance,0.03278688524590164,0.1721311475409836,0.05737704918032787,0.10655737704918032,0.13934426229508196,0.02459016393442623,0.07377049180327869,0.39344262295081966
small,0.06870229007633588,0.16793893129770993,0.08015267175572519,0.1183206106870229,0.1450381679389313,0.13358778625954199,0.0648854961832061,0.22137404580152673
resources,0.05,0.1,0.0,0.15,0.25,0.0,0.075,0.375
course,0.08163265306122448,0.13945578231292516,0.05102040816326531,0.2108843537414966,0.09183673469387756,0.0782312925170068,0.0782312925170068,0.2687074829931973
peaceful,0.02888086642599278,0.17328519855595667,0.05415162454873646,0.09747292418772563,0.1444043321299639,0.02527075812274368,0.07581227436823104,0.4007220216606498
legitimate,0.02857142857142857,0.17142857142857143,0.04285714285714286,0.04285714285714286,0.2,0.02857142857142857,0.08571428571428572,0.4
development,0.045454545454545456,0.13636363636363635,0.045454545454545456,0.06818181818181818,0.20454545454545456,0.0,0.022727272727272728,0.4772727272727273
freedom,0.10429447852760736,0.09202453987730061,0.024539877300613498,0.18404907975460122,0.18404907975460122,0.03067484662576687,0.012269938650306749,0.36809815950920244
life,0.1188235294117647,0.15294117647058825,0.0988235294117647,0.1623529411764706,0.10352941176470588,0.12470588235294118,0.06705882352941177,0.17176470588235293
exists,0.028037383177570093,0.18691588785046728,0.056074766355140186,0.102803738317757,0.1308411214953271,0.018691588785046728,0.06542056074766354,0.411214953271028
property,0.15315315315315314,0.09009009009009009,0.12612612612612611,0.16216216216216217,0.07207207207207207,0.12612612612612611,0.06306306306306306,0.2072072072072072
everywhere,0.06741573033707865,0.21348314606741572,0.033707865168539325,0.10112359550561797,0.14606741573033707,0.056179775280898875,0.06741573033707865,0.3146067415730337
henceforth,0.15625,0.15625,0.09375,0.125,0.125,0.0,0.0625,0.28125
security,0.07051282051282051,0.16666666666666666,0.07051282051282051,0.1346153846153846,0.1282051282051282,0.02564102564102564,0.04487179487179487,0.358974358974359
hostile,0.171875,0.0703125,0.15625,0.2734375,0.078125,0.0234375,0.0078125,0.21875
desire,0.10752688172043011,0.15591397849462366,0.05913978494623656,0.16666666666666666,0.15053763440860216,0.10215053763440861,0.05913978494623656,0.1989247311827957
always,0.10204081632653061,0.17551020408163265,0.07346938775510205,0.12244897959183673,0.14285714285714285,0.10816326530612246,0.07959183673469387,0.19591836734693877
clearly,0.09090909090909091,0.15151515151515152,0.09090909090909091,0.13636363636363635,0.10606060606060606,0.07575757575757576,0.15151515151515152,0.19696969696969696
spirit,0.1425661914460285,0.11405295315682282,0.0835030549898167,0.1690427698574338,0.10183299389002037,0.13441955193482688,0.06720977596741344,0.18737270875763748
fight,0.125,0.225,0.025,0.125,0.15,0.05,0.0375,0.2625
moreover,0.02830188679245283,0.1792452830188679,0.05660377358490566,0.10377358490566038,0.1320754716981132,0.018867924528301886,0.0660377358490566,0.41509433962264153
toward,0.04263565891472868,0.17635658914728683,0.0562015503875969,0.12015503875968993,0.14147286821705427,0.031007751937984496,0.06201550387596899,0.3701550387596899
direct,0.0410958904109589,0.17534246575342466,0.0547945205479452,0.10410958904109589,0.1232876712328767,0.038356164383561646,0.06575342465753424,0.3972602739726027
sea,0.16176470588235295,0.11764705882352941,0.06862745098039216,0.22549019607843138,0.09313725490196079,0.11764705882352941,0.058823529411764705,0.1568627450980392
doubt,0.07492795389048991,0.09221902017291066,0.069164265129683,0.207492795389049,0.07780979827089338,0.17002881844380405,0.05475504322766571,0.25360230547550433
need,0.034722222222222224,0.19444444444444445,0.041666666666666664,0.08333333333333333,0.1527777777777778,0.05555555555555555,0.09027777777777778,0.3472222222222222
access,0.19487179487179487,0.14358974358974358,0.08717948717948718,0.08205128205128205,0.11282051282051282,0.05128205128205128,0.020512820512820513,0.3076923076923077
commerce,0.06666666666666667,0.11851851851851852,0.05185185185185185,0.24444444444444444,0.07407407407407407,0.1037037037037037,0.05185185185185185,0.28888888888888886
alike,0.041666666666666664,0.22916666666666666,0.020833333333333332,0.020833333333333332,0.20833333333333334,0.020833333333333332,0.10416666666666667,0.3541666666666667
law,0.07941653160453808,0.14424635332252836,0.06158833063209076,0.16045380875202594,0.08265802269043761,0.06969205834683954,0.050243111831442464,0.35170178282009723
fact,0.050746268656716415,0.14029850746268657,0.050746268656716415,0.14029850746268657,0.10746268656716418,0.05970149253731343,0.056716417910447764,0.3940298507462687
seas,0.07109004739336493,0.10900473933649289,0.04739336492890995,0.1943127962085308,0.13270142180094788,0.06635071090047394,0.04265402843601896,0.33649289099526064
rules,0.09747292418772563,0.13357400722021662,0.05054151624548736,0.1299638989169675,0.13357400722021662,0.06498194945848375,0.061371841155234655,0.3285198555956679
practice,0.023255813953488372,0.16279069767441862,0.0,0.11627906976744186,0.20930232558139536,0.06976744186046512,0.06976744186046512,0.3488372093023256
order,0.07917888563049853,0.1436950146627566,0.07038123167155426,0.17008797653958943,0.10850439882697947,0.11143695014662756,0.06451612903225806,0.25219941348973607
circumstances,0.07011070110701106,0.16236162361623616,0.05904059040590406,0.14760147601476015,0.12546125461254612,0.1033210332103321,0.06273062730627306,0.2693726937269373
agreement,0.12084592145015106,0.0634441087613293,0.045317220543806644,0.04833836858006042,0.0634441087613293,0.07854984894259819,0.012084592145015106,0.56797583081571
limitation,0.0,0.10416666666666667,0.0625,0.20833333333333334,0.08333333333333333,0.08333333333333333,0.041666666666666664,0.4166666666666667
armaments,0.08108108108108109,0.08108108108108109,0.02702702702702703,0.3783783783783784,0.10810810810810811,0.08108108108108109,0.02702702702702703,0.21621621621621623
naval,0.08547008547008547,0.10256410256410256,0.09401709401709402,0.2905982905982906,0.08547008547008547,0.03418803418803419,0.017094017094017096,0.2905982905982906
keeping,0.0125,0.15,0.0375,0.1375,0.1375,0.0875,0.05,0.3875
armies,0.15217391304347827,0.08695652173913043,0.021739130434782608,0.21739130434782608,0.1956521739130435,0.06521739130434782,0.06521739130434782,0.1956521739130435
military,0.07262569832402235,0.1340782122905028,0.07262569832402235,0.18994413407821228,0.09497206703910614,0.0446927374301676,0.0446927374301676,0.3463687150837989
utmost,0.05405405405405406,0.13513513513513514,0.0,0.24324324324324326,0.1891891891891892,0.02702702702702703,0.02702702702702703,0.32432432432432434
safety,0.050239234449760764,0.17464114832535885,0.06937799043062201,0.1291866028708134,0.11244019138755981,0.03588516746411483,0.05263157894736842,0.37559808612440193
continue,0.1,0.18,0.1,0.18,0.06,0.06,0.02,0.3
land,0.07352941176470588,0.17647058823529413,0.09558823529411764,0.13970588235294118,0.10661764705882353,0.08455882352941177,0.07720588235294118,0.24632352941176472
immediately,0.07241379310344828,0.2517241379310345,0.0896551724137931,0.1413793103448276,0.08620689655172414,0.08275862068965517,0.06551724137931035,0.2103448275862069
person,0.12154696132596685,0.16206261510128914,0.06629834254143646,0.1289134438305709,0.11233885819521179,0.10497237569060773,0.07918968692449356,0.22467771639042358
back,0.10651629072681704,0.13909774436090225,0.09523809523809523,0.16165413533834586,0.09523809523809523,0.13659147869674185,0.08897243107769423,0.17669172932330826
speaking,0.11560693641618497,0.13872832369942195,0.05202312138728324,0.13872832369942195,0.13872832369942195,0.09826589595375723,0.06936416184971098,0.24855491329479767
believe,0.1282051282051282,0.12051282051282051,0.08717948717948718,0.18461538461538463,0.09487179487179487,0.12051282051282051,0.0641025641025641,0.2
effect,0.05202312138728324,0.1676300578034682,0.011560693641618497,0.1907514450867052,0.11560693641618497,0.12138728323699421,0.10404624277456648,0.23699421965317918
place,0.10542476970317298,0.172978505629478,0.09007164790174002,0.14943705220061412,0.11770726714431934,0.11566018423746162,0.07164790174002048,0.17707267144319344
hearts,0.09411764705882353,0.23529411764705882,0.058823529411764705,0.10588235294117647,0.11764705882352941,0.11764705882352941,0.07058823529411765,0.2
see,0.10077519379844961,0.15633074935400518,0.08527131782945736,0.14470284237726097,0.11369509043927649,0.12015503875968993,0.08656330749354005,0.1925064599483204
