,anger,anticipation,disgust,fear,joy,sadness,surprise,trust
project,0.12424266267999057,0.1742859390982768,0.04964985443386576,0.05083012038712723,0.10252576913997954,0.07317648910221103,0.01675977653631285,0.40852938862223626
gutenberg,0.09164507772020727,0.24481865284974097,0.0511658031088083,0.05861398963730571,0.06476683937823836,0.11139896373056997,0.006800518134715027,0.37079015544041455
ebook,0.07482993197278912,0.22740524781341107,0.06025267249757045,0.10009718172983478,0.08454810495626822,0.05830903790087463,0.01749271137026239,0.37706511175898927
count,0.07736263736263735,0.14945054945054942,0.04879120879120879,0.10329670329670328,0.10373626373626373,0.09450549450549449,0.06637362637362637,0.35648351648351645
's,0.08537458028293059,0.1689143318471221,0.06682446193647823,0.11770426230711363,0.1497954165978606,0.11023650942184549,0.07651235757142072,0.22463808003522873
millions,0.06431535269709544,0.1856846473029046,0.049792531120331954,0.11929460580912864,0.1545643153526971,0.08091286307053942,0.08402489626556017,0.26141078838174275
use,0.11582777440873257,0.18496058217101274,0.0667070952092177,0.10278956943602183,0.1406913280776228,0.07580351728320193,0.0586719223771983,0.2545482110369921
cost,0.10022438294689605,0.20119670905011217,0.054599850411368736,0.11069558713537771,0.11518324607329844,0.09947643979057592,0.055347793567688854,0.26327599102468213
almost,0.09831297265852239,0.1655613728912158,0.0665503199534613,0.12763234438627108,0.14264107038976148,0.11902268760907503,0.07876672484002326,0.20151250727166956
may,0.08788214794867732,0.17731664818628226,0.057848883256771746,0.11265642325360367,0.1388563282116268,0.09586567400601932,0.06836686203073024,0.2612070331062886
copy,0.1787086856264412,0.11683320522674866,0.07724827056110685,0.07109915449654113,0.05880092236740969,0.06879323597232899,0.03420445810914682,0.3943120676402767
give,0.0857280153772225,0.18702546852474772,0.052090341182123974,0.10639115809706871,0.13964440172993753,0.09927919269581931,0.07131186929360883,0.2585295530994714
away,0.0964123481969037,0.17780661907852044,0.07036247334754799,0.13469917493278946,0.13080559933252991,0.1253360526559748,0.08222860851024381,0.18234912394548997
terms,0.11078947368421052,0.14078947368421055,0.04605263157894737,0.08710526315789474,0.12605263157894736,0.057105263157894735,0.04736842105263158,0.38473684210526315
license,0.11478260869565217,0.22144927536231881,0.06202898550724637,0.0944927536231884,0.11999999999999998,0.08579710144927535,0.03188405797101449,0.26956521739130435
title,0.0707635009310987,0.1675977653631285,0.04748603351955308,0.10986964618249535,0.1154562383612663,0.06610800744878959,0.06145251396648045,0.3612662942271881
start,0.07015902712815715,0.3760523854069223,0.03648269410664171,0.09448082319925163,0.08793264733395695,0.07577174929840971,0.06735266604303086,0.19176800748362952
produced,0.09237726098191215,0.18184754521963825,0.05426356589147287,0.1285529715762274,0.13145994832041344,0.0917312661498708,0.0791343669250646,0.24063307493540054
french,0.10013623978201633,0.17779291553133514,0.052792915531335145,0.1103542234332425,0.13862397820163488,0.09673024523160761,0.07254768392370571,0.2510217983651226
two,0.08618588678409217,0.17774454414534177,0.060485211033565967,0.11598537720172815,0.14057826520438685,0.10629223440788746,0.07289243380968208,0.23983604741331563
part,0.08791946308724832,0.17441275167785233,0.06040268456375839,0.11996644295302013,0.13565436241610737,0.11375838926174496,0.06870805369127517,0.2391778523489933
found,0.06009407698953633,0.11294038590765096,0.04276663146779303,0.08486128443889795,0.2512719592973025,0.07535758855716616,0.050734376499952,0.3219736968417011
baron,0.09684439608269858,0.15995647442872687,0.05984766050054407,0.12078346028291621,0.1588683351468988,0.11643090315560391,0.09902067464635474,0.18824809575625678
trigault,0.2702702702702703,0.1891891891891892,0.08108108108108109,0.16216216216216217,0.08108108108108109,0.05405405405405406,0.02702702702702703,0.13513513513513514
vengeance,0.25066666666666665,0.07733333333333334,0.10933333333333334,0.152,0.064,0.13866666666666666,0.05866666666666667,0.14933333333333335
pascal,0.09692307692307692,0.14153846153846153,0.06615384615384615,0.14615384615384613,0.1323076923076923,0.15692307692307694,0.061538461538461535,0.19846153846153847
marguerite,0.08661417322834647,0.16710411198600175,0.05074365704286964,0.12335958005249345,0.1426071741032371,0.1189851268591426,0.09361329833770779,0.2169728783902012
evening,0.07180675049636004,0.20483123759099936,0.0512905360688286,0.09662475181998677,0.16909331568497685,0.1128391793514229,0.08570483123759101,0.20780939774983456
october,0.06674757281553399,0.3592233009708738,0.04368932038834952,0.07888349514563107,0.07645631067961166,0.07160194174757283,0.049757281553398064,0.2536407766990291
although,0.07824201813165156,0.19471817106819078,0.05577453685455262,0.11529365392195506,0.13756405202995664,0.1093811588490343,0.079030350808041,0.22999605833661804
six,0.08129675810473816,0.1910224438902743,0.07182044887780549,0.10074812967581048,0.13516209476309227,0.10423940149625935,0.0743142144638404,0.24139650872817955
o'clock,0.059027777777777776,0.21180555555555558,0.03993055555555555,0.11284722222222224,0.15104166666666669,0.09722222222222224,0.08506944444444445,0.24305555555555558
dark,0.07099447513812154,0.15745856353591162,0.054419889502762435,0.10607734806629834,0.13038674033149172,0.26243093922651933,0.07237569060773481,0.14585635359116023
time,0.07178409467979206,0.3213416657449397,0.04758876230505475,0.10040371640305276,0.11859860634885522,0.08801570622718725,0.06464992810529809,0.18761752018582015
already,0.09066467513069454,0.18864824495892457,0.05182972367438386,0.10948469006721433,0.14473487677371172,0.0982823002240478,0.0654219566840926,0.2509335324869305
cold,0.10516853932584269,0.14247191011235955,0.08044943820224719,0.13707865168539327,0.13662921348314608,0.13887640449438202,0.08179775280898877,0.17752808988764046
black,0.0751618871415356,0.13436632747456057,0.07099907493061978,0.09851988899167435,0.13020351526364476,0.2754394079555966,0.047641073080481024,0.1676688251618871
fell,0.0854054054054054,0.13153153153153152,0.06162162162162162,0.12648648648648647,0.11207207207207207,0.25657657657657656,0.07387387387387385,0.1524324324324324
servants,0.09398099260823654,0.14361140443505807,0.08130939809926083,0.133051742344245,0.13727560718057025,0.1235480464625132,0.06441393875395988,0.2228088701161563
hotel,0.07780320366132723,0.21510297482837526,0.05034324942791762,0.10983981693363844,0.14416475972540044,0.10755148741418763,0.08466819221967962,0.21052631578947367
de,0.08496986194827923,0.14952362434376826,0.0612482986583706,0.11646898697258411,0.12405210966362046,0.10752479097802839,0.0783589344740424,0.2778533929613066
chalusse,0.10453400503778337,0.1486146095717884,0.07052896725440806,0.12846347607052896,0.10831234256926951,0.11712846347607052,0.07178841309823676,0.2506297229219144
one,0.08655293942452472,0.173354071181561,0.05776262885318597,0.12429472012177972,0.14421629134470607,0.10387676423383028,0.0749375382629846,0.23500504657742774
magnificent,0.03560126582278481,0.20490506329113925,0.030854430379746833,0.05775316455696202,0.21360759493670886,0.05221518987341772,0.15664556962025317,0.24841772151898733
rue,0.04065040650406504,0.12195121951219512,0.036585365853658534,0.056910569105691054,0.11382113821138211,0.3699186991869919,0.06910569105691056,0.19105691056910568
courcelles,0.048192771084337345,0.16867469879518074,0.03614457831325301,0.08433734939759037,0.10843373493975904,0.26506024096385544,0.06024096385542168,0.2289156626506024
paris,0.08170212765957448,0.2123404255319149,0.043404255319148946,0.1072340425531915,0.1519148936170213,0.11106382978723406,0.0897872340425532,0.20255319148936174
little,0.07785474860335194,0.1784581005586592,0.06547486033519552,0.1081117318435754,0.16335195530726257,0.11146368715083799,0.07937430167597766,0.21591061452513965
building,0.0781563126252505,0.18904475617902472,0.053440213760855046,0.10955243820975284,0.14963259853039412,0.09018036072144288,0.06880427521710086,0.26118904475617905
couple,0.08148148148148147,0.18888888888888888,0.059259259259259255,0.14444444444444443,0.13888888888888887,0.09259259259259259,0.09074074074074073,0.2037037037037037
rooms,0.06888068880688808,0.1894218942189422,0.05289052890528905,0.0947109471094711,0.17589175891758918,0.09348093480934809,0.0984009840098401,0.22632226322263221
standing,0.08841607565011819,0.16643026004728134,0.06288416075650119,0.12813238770685578,0.14609929078014186,0.10874704491725767,0.08132387706855793,0.21796690307328603
right,0.10936368339368857,0.16233833419555097,0.052146921883083286,0.10636316606311433,0.1297465080186239,0.1099844800827729,0.07584066218313502,0.254216244180031
hand,0.09009472817133443,0.1650535420098847,0.06208813838550248,0.12860378912685339,0.1453871499176277,0.10955518945634268,0.07742998352553543,0.2217874794069193
side,0.09160618923729974,0.17554429686430237,0.056962891962207315,0.12597562645488156,0.1332329179789128,0.11625359441325485,0.07654388607421608,0.2238805970149254
great,0.0862702408490951,0.184548918220166,0.054803374608790305,0.11947203701183834,0.14719689753707985,0.09885698734521702,0.07858212001632874,0.2302694244114845
large,0.08337028824833705,0.1819660014781966,0.06104951958610495,0.11101256467110128,0.14146341463414636,0.10731707317073173,0.06947524020694754,0.2443458980044346
concierge,0.09278350515463918,0.16494845360824742,0.07216494845360825,0.1134020618556701,0.12371134020618557,0.12371134020618557,0.07216494845360825,0.23711340206185566
m.,0.09792843691148777,0.14743072370191013,0.06349206349206349,0.11783696529459242,0.13613128867366156,0.11138014527845036,0.0723701910142588,0.25343018563357544
bourigeau,0.049180327868852465,0.19672131147540986,0.0819672131147541,0.09836065573770493,0.11475409836065575,0.09836065573770493,0.06557377049180328,0.2950819672131148
person,0.11113427856547124,0.17014178482068393,0.06255212677231026,0.10216847372810677,0.13678065054211844,0.10675562969140952,0.07297748123436197,0.23748957464553797
immense,0.07931726907630522,0.17570281124497994,0.07028112449799197,0.11546184738955824,0.1465863453815261,0.11144578313253013,0.09136546184738957,0.20983935742971888
importance,0.05758880516684608,0.3288482238966631,0.03875134553283101,0.08396124865446718,0.1071044133476857,0.07212055974165771,0.06404736275565125,0.24757804090419808
always,0.08528461849010902,0.16794509487283002,0.0563181267662495,0.11253532498990716,0.16138473960436012,0.09689140088817118,0.07266855066612839,0.24697214372224466
able,0.08327858081471746,0.18692509855453351,0.04681340341655716,0.11892247043363995,0.14586070959264125,0.0942838370565046,0.08245729303547962,0.2414586070959264
disposed,0.0607787274453941,0.2706552706552706,0.04368471035137701,0.09876543209876541,0.09876543209876541,0.08547008547008547,0.04653371320037986,0.295346628679962
make,0.08222095995455837,0.18765975575120705,0.05502698097131496,0.1158051689860835,0.14108207895484237,0.10004260153365523,0.07469468900880433,0.24346776483953422
inclined,0.0889423076923077,0.20192307692307693,0.05408653846153847,0.1141826923076923,0.13822115384615385,0.10937500000000001,0.08774038461538461,0.20552884615384617
doubt,0.057482656095143705,0.10678889990089196,0.03927155599603568,0.20094152626362735,0.08870168483647176,0.18421704658077306,0.04435084241823588,0.2782457879088206
authority,0.07233273056057868,0.15702230259192287,0.03978300180831827,0.09614225437010249,0.12206148282097652,0.05937311633514166,0.04279686558167571,0.41048824593128397
feel,0.09458315700380873,0.16165890816758358,0.07067287346593314,0.1280152348709268,0.14600084638171817,0.11680067710537453,0.06749894202285231,0.21476936098180283
cruel,0.17250324254215305,0.08560311284046693,0.1472114137483787,0.19001297016861216,0.08236057068741892,0.17315175097276264,0.04215304798962386,0.10700389105058365
fashion,0.10021097046413502,0.15400843881856538,0.07172995780590717,0.11919831223628691,0.14345991561181434,0.12025316455696201,0.07067510548523208,0.22046413502109705
could,0.09324420511868288,0.1748212793612478,0.05963544084424226,0.12877170179184846,0.13966515024912574,0.11376226286633863,0.07563519326586823,0.21446476650264598
easily,0.08464223385689354,0.17713787085514834,0.056719022687609075,0.10776614310645724,0.1417975567190227,0.1025305410122164,0.07373472949389179,0.2556719022687609
seen,0.08351708930540243,0.19377067254685776,0.06132855567805954,0.12872105843439913,0.14691289966923926,0.10584343991179714,0.07814222712238147,0.20176405733186326
held,0.08707482993197278,0.17904761904761904,0.04925170068027211,0.11564625850340135,0.13986394557823129,0.09551020408163265,0.06421768707482993,0.26938775510204077
power,0.09599453411905372,0.17080877957126997,0.06388248355965497,0.13323084806559057,0.13220599538816297,0.08976001366470236,0.06448031428815441,0.2496370313434111
let,0.07946598855689765,0.18467895740623014,0.05753337571519391,0.11681500317863956,0.1493960584869676,0.10219326128417039,0.07883026064844247,0.2310870947234584
absent,0.05743243243243243,0.15202702702702706,0.0472972972972973,0.09797297297297297,0.12837837837837837,0.21621621621621623,0.06418918918918919,0.23648648648648649
without,0.0954720205040581,0.17076035882101667,0.0552648440837249,0.12628150363092697,0.13343656557026912,0.10898120461341307,0.07010892780862879,0.2396945749679624
leave,0.06574659766149127,0.1255510829978915,0.04542840713053479,0.096223883457926,0.0927736246885183,0.22867548399463292,0.19934828445466743,0.14625263561433774
chose,0.10561056105610561,0.14521452145214522,0.0627062706270627,0.1386138613861386,0.132013201320132,0.1254125412541254,0.08250825082508251,0.2079207920792079
conceal,0.08760951188986234,0.12765957446808512,0.060075093867334166,0.13516896120150187,0.10012515644555695,0.23279098873591988,0.05131414267834794,0.20525657071339176
late,0.0643510054844607,0.1484460694698355,0.04972577696526508,0.09250457038391224,0.11992687385740403,0.25959780621572215,0.062157221206581355,0.20329067641681903
night,0.09366157328805888,0.18293718166383705,0.06366723259762311,0.14360498019241655,0.13341822297679687,0.13398415393322016,0.08191850594227507,0.16680814940577252
closing,0.10344827586206896,0.15948275862068967,0.07758620689655173,0.11206896551724138,0.10775862068965518,0.11206896551724138,0.11206896551724138,0.21551724137931036
public,0.06237278278569351,0.3192788601337598,0.040127944169816805,0.07923815062518173,0.11922070369293397,0.06760686246001744,0.057574876417563245,0.2545798197150334
thus,0.08305175173394985,0.17312822336830874,0.05610883869820381,0.12555575315667794,0.1390716699270852,0.09799039658545261,0.07362617819669215,0.25146718833362974
say,0.08742931709438885,0.17449615774974622,0.06053356531825431,0.11744236624619399,0.14426562273452223,0.1006234594751341,0.080034797738147,0.23517471364361311
wife,0.09900432087168891,0.1583693405974075,0.08021792222430961,0.12042081532970131,0.14916400526019163,0.11647567161375166,0.06969753898177719,0.2066503851211723
treated,0.09017132551848513,0.15779981965734896,0.0793507664562669,0.13345356176735798,0.13525698827772767,0.1109107303877367,0.07123534715960324,0.2218214607754734
owner,0.18856172140430352,0.11098527746319367,0.061721404303510766,0.04813137032842582,0.06115515288788222,0.1653454133635334,0.020951302378255945,0.3431483578708947
house,0.08249077194671801,0.17364788958433636,0.05841758947199486,0.10624297865511152,0.1593644679826673,0.106724442304606,0.08489809019419033,0.2282137698603755
home,0.07495164410058028,0.188749194068343,0.05689877498388137,0.10557704706640877,0.16602192134107027,0.11105738233397808,0.07849774339136043,0.21824629271437782
casimir,0.1317073170731707,0.16097560975609757,0.07317073170731707,0.08292682926829267,0.15121951219512192,0.11219512195121949,0.058536585365853655,0.22926829268292678
head,0.09600429069455618,0.1614373826763207,0.07093054438187181,0.1263073209975865,0.13689997318315902,0.11879860552426924,0.07910968087959237,0.21051220166264412
valet,0.060000000000000005,0.19000000000000003,0.060000000000000005,0.07000000000000002,0.13,0.11000000000000001,0.08000000000000002,0.30000000000000004
company,0.07307386814932486,0.23563674874238813,0.04236166269526078,0.10961080222398727,0.13952872650251522,0.09849086576648132,0.07916335716176859,0.22213396875827376
provided,0.11389071757735353,0.17774851876234365,0.056616194865042796,0.09282422646477947,0.1500987491770902,0.09216589861751152,0.05200789993416722,0.2646477946017117
united,0.02761982128350934,0.21933387489845654,0.019902518277822908,0.07839155158407798,0.0950446791226645,0.05036555645816409,0.03371242891957758,0.4756295694557271
common,0.07697773567029843,0.16414021790620556,0.05447655139744196,0.11605873993368071,0.1470866887730933,0.09071530080530553,0.061582188536238744,0.28896257697773564
enemy,0.20485744456177404,0.09398099260823654,0.15575501583949314,0.2529039070749736,0.060718057022175295,0.07444561774023233,0.04329461457233369,0.11404435058078143
master,0.08025641025641025,0.17153846153846153,0.07102564102564103,0.10538461538461538,0.13999999999999999,0.09564102564102564,0.08128205128205128,0.25487179487179484
floor,0.1014304291287386,0.15864759427828348,0.07022106631989597,0.14824447334200258,0.14174252275682703,0.12093628088426527,0.07152145643693107,0.1872561768530559
addressing,0.11981566820276497,0.15668202764976957,0.0967741935483871,0.12442396313364056,0.1336405529953917,0.08294930875576037,0.08755760368663594,0.19815668202764977
rather,0.08333333333333333,0.17365371506475802,0.0678254942058623,0.11997273346966598,0.13957055214723926,0.11025903203817314,0.07685753237900478,0.22852760736196318
fellow,0.0646275283670449,0.14602861371484954,0.055747409965466205,0.09324124321657622,0.13122841637888508,0.08978786383818452,0.08140108534780464,0.33793783917118897
added,0.0803921568627451,0.1754901960784314,0.057352941176470586,0.11960784313725491,0.14852941176470588,0.09950980392156863,0.07598039215686275,0.24313725490196078
place,0.08249977057905845,0.1732586950536845,0.05506102597045058,0.12508029732954024,0.143709277782876,0.10388180233091676,0.07570891070936955,0.24080022024410389
really,0.08458530561844001,0.16999382589010084,0.055566989092405844,0.11916032105371477,0.15250051450915827,0.10331343897921383,0.0747067297797901,0.24017287507717638
saying,0.09282088469905729,0.16352429296591736,0.06417693981145758,0.11820159535895577,0.14829586656997823,0.102610587382161,0.07505438723712836,0.23531544597534446
wages,0.0923076923076923,0.12307692307692307,0.015384615384615384,0.061538461538461535,0.3538461538461538,0.04615384615384615,0.04615384615384615,0.2615384615384615
high,0.08044280442804427,0.18468634686346863,0.049630996309963094,0.11051660516605166,0.1533210332103321,0.0970479704797048,0.08394833948339482,0.24040590405904058
food,0.051791277258566984,0.12032710280373833,0.050623052959501556,0.0911214953271028,0.24299065420560748,0.08138629283489096,0.048286604361370715,0.3134735202492212
best,0.07219291635267522,0.18733986435568953,0.04883195177091183,0.10489826676714395,0.16036171816126604,0.09284099472494349,0.08123587038432555,0.2522984174830445
would,0.09285059928238798,0.17594854569051074,0.05828689212917017,0.1294946179097641,0.1331208489197649,0.11247041758912894,0.07460493167417362,0.22322314680509964
show,0.06994584837545126,0.14553249097472923,0.045351985559566786,0.09679602888086641,0.12906137184115524,0.0746841155234657,0.06092057761732851,0.3777075812274368
man,0.09232842203930988,0.15855766132575647,0.06699083160022262,0.13064237382465801,0.14968218166905883,0.10310788248044758,0.07501684290693927,0.22367380415360733
advantage,0.08801020408163267,0.18558673469387757,0.06313775510204082,0.12117346938775513,0.13137755102040818,0.10522959183673472,0.0701530612244898,0.23533163265306126
madame,0.09315746084089034,0.16405605935696618,0.0560593569661995,0.13932399010717228,0.12530915086562242,0.13355317394888705,0.0939818631492168,0.19455894476504532
leon,0.08878504672897196,0.17757009345794392,0.056074766355140186,0.12149532710280374,0.13084112149532712,0.13551401869158877,0.07476635514018691,0.21495327102803735
housekeeper,0.10185185185185186,0.14814814814814814,0.046296296296296294,0.12962962962962965,0.12037037037037036,0.12037037037037036,0.1111111111111111,0.2222222222222222
entire,0.07158509861212564,0.2081811541271001,0.04674945215485756,0.10883856829802777,0.15339663988312638,0.08619430241051863,0.06647187728268811,0.2585829072315559
charge,0.14780600461893764,0.1697459584295612,0.06177829099307159,0.11374133949191687,0.121824480369515,0.08602771362586605,0.05196304849884527,0.24711316397228636
everything,0.08305084745762711,0.1823728813559322,0.060677966101694916,0.11322033898305084,0.14983050847457627,0.10779661016949152,0.07864406779661016,0.22440677966101694
work,0.1133705888440443,0.1893821794473766,0.042636862258097895,0.08232432991824484,0.13468901997309324,0.09101728241746869,0.06317913691400186,0.28340060022767255
mere,0.09270298047276465,0.15704008221993834,0.054881808838643374,0.11736896197327852,0.1418293936279548,0.09414182939362795,0.07379239465570402,0.2682425488180884
nothing,0.09090010868491255,0.1647070447584231,0.0636300760794388,0.12024503507558541,0.1466258274874024,0.10236142673648849,0.07657346112044264,0.2349570200573066
think,0.08449866111276405,0.1784191212932659,0.057621739561638394,0.12010314390558365,0.14896360210254886,0.10592085688783101,0.07805216701378558,0.22642070812258255
us,0.07883454370461106,0.17888704173593487,0.05315425671537316,0.11886429258902789,0.15001312450783094,0.09401522442908389,0.07962201417446843,0.24660950214366958
serve,0.05919282511210763,0.14887892376681616,0.04125560538116592,0.10044843049327355,0.13094170403587443,0.08430493273542601,0.06636771300448431,0.368609865470852
persons,0.07918552036199095,0.1726998491704374,0.061840120663650085,0.12066365007541478,0.13914027149321267,0.09276018099547513,0.0693815987933635,0.2643288084464555
mademoiselle,0.0846774193548387,0.15120967741935482,0.06249999999999999,0.12399193548387097,0.13709677419354838,0.11693548387096772,0.0907258064516129,0.2328629032258064
never,0.08982376350198976,0.17048828248373443,0.06051418103720548,0.11635398900890657,0.15185395742530478,0.11180595035057797,0.07687448676647084,0.22228538942581008
pleasure,0.08133150308853809,0.17913520933424848,0.05628002745367194,0.11976664378860674,0.1708991077556623,0.1005490734385724,0.07481125600549074,0.21722717913520934
death,0.13303663129065388,0.15645326942827797,0.11995891817870592,0.16453269428277986,0.06593632317699417,0.1544676480657309,0.10893529613146181,0.09667921944539541
grand,0.06862745098039216,0.19166666666666668,0.029901960784313727,0.09705882352941177,0.17745098039215687,0.0857843137254902,0.08235294117647059,0.26715686274509803
worse,0.08609271523178806,0.10485651214128033,0.07174392935982339,0.24503311258278146,0.07671081677704193,0.23730684326710816,0.05518763796909492,0.12306843267108167
believe,0.07755291209640043,0.174107832535146,0.05345280395488954,0.11694731963540864,0.1543333848292909,0.09238374787579176,0.0675112003707709,0.26371079870230185
closed,0.08646188850967008,0.16951080773606372,0.07053469852104664,0.1262798634812287,0.12400455062571104,0.14334470989761092,0.07849829351535836,0.2013651877133106
furniture,0.10344827586206895,0.15517241379310343,0.051724137931034475,0.09482758620689655,0.1379310344827586,0.1293103448275862,0.07758620689655171,0.24999999999999997
three,0.08309056364787841,0.18226725775807473,0.057884737175427484,0.11931602279924002,0.14110196326789107,0.10690310322989233,0.07359088030398986,0.2358454718176061
course,0.07600095900263726,0.19863342124190841,0.04866938384080557,0.11484056581155598,0.1333013665787581,0.0902661232318389,0.07360345240949413,0.2646847278830017
month,0.08322147651006712,0.22684563758389265,0.04161073825503356,0.08859060402684565,0.14765100671140943,0.08859060402684565,0.0778523489932886,0.24563758389261747
evidently,0.10021551724137931,0.1767241379310345,0.06896551724137931,0.13038793103448276,0.13954741379310345,0.11476293103448276,0.06950431034482758,0.19989224137931033
new,0.07399675249362095,0.2080723729993041,0.04608366195005025,0.10848217737570554,0.1446686770277584,0.0850537384984149,0.07183174824093404,0.26181087141421167
seemed,0.10328113348247575,0.1711409395973154,0.062142679592344006,0.13919960228685058,0.13621675366641806,0.133855331841909,0.08053691275167783,0.17362664678100917
share,0.05481927710843374,0.24156626506024098,0.04337349397590362,0.08132530120481928,0.21445783132530122,0.0674698795180723,0.045180722891566265,0.25180722891566265
indignation,0.21954314720812187,0.09771573604060915,0.18781725888324877,0.12182741116751271,0.0799492385786802,0.10913705583756347,0.06598984771573604,0.11802030456852793
exclaimed,0.0962904498816101,0.1665351223362273,0.06866614048934491,0.12312549329123913,0.13970007892659828,0.11523283346487766,0.09944751381215469,0.1910023677979479
yet,0.08740023550961663,0.1693706659688604,0.06188669370665969,0.12521261284835797,0.15033363862357713,0.10355881198482271,0.07601727070522046,0.226220070652885
fifty,0.07432432432432433,0.19763513513513514,0.0625,0.10810810810810811,0.14189189189189189,0.08952702702702703,0.08445945945945947,0.24155405405405408
years,0.08166901078293481,0.18640412564463194,0.06235349273323956,0.11448663853727144,0.1517112048757618,0.10398499765588373,0.07454289732770744,0.22484763244256914
old,0.08667930380837498,0.16508702395312766,0.07358262967430639,0.11855936584525245,0.15440289505428226,0.10454362685967027,0.07381239588718479,0.22333275891780113
said,0.08574656846334114,0.172246401071309,0.06285570806829595,0.1154586541680616,0.1474305323066622,0.10060261131570136,0.07892534315366588,0.2367341814529628
several,0.07575757575757576,0.19258373205741627,0.0514354066985646,0.11822169059011164,0.13516746411483255,0.09350079744816588,0.07635566188197768,0.2569776714513557
yes,0.06337509211495947,0.1901252763448784,0.061164333087693444,0.09432571849668386,0.17317612380250552,0.09579955784819455,0.08843036109064112,0.2336035372144436
perhaps,0.0856222448287555,0.17022719565954558,0.060868090878263816,0.12529671074940657,0.146998982706002,0.1108850457782299,0.07426246185147507,0.22583926754832145
ten,0.08361204013377926,0.2006688963210702,0.05494505494505494,0.10702341137123746,0.14763497372193024,0.08934543717152411,0.08217869087434304,0.23459149546106067
twenty,0.08776167471819646,0.18840579710144925,0.057971014492753624,0.10789049919484703,0.15136876006441222,0.08534621578099838,0.06038647342995169,0.2608695652173913
reason,0.07436868686868688,0.17045454545454547,0.04267676767676768,0.12310606060606061,0.14457070707070707,0.08775252525252525,0.06881313131313131,0.28825757575757577
something,0.08107096049428945,0.17974162141920988,0.058977719528178235,0.11570866878861637,0.15352930162890843,0.10484927916120576,0.08144542220557947,0.22467702677401233
going,0.0876165690739536,0.20017349815658209,0.06462806332682715,0.12036434612882238,0.1353285621340273,0.10908696595098676,0.08284536976794621,0.19995662546085446
alone,0.08108655990269614,0.16906547739712144,0.0598013379282384,0.1277113318467464,0.15122643421852827,0.10561524427326172,0.07480235151023717,0.23069126292317052
day,0.0806681101144448,0.18509124652025982,0.05635632539437056,0.10900092793071452,0.15805753170429943,0.10547479121558925,0.08555521187751315,0.21979585524280856
garden,0.06189151599443672,0.14603616133518776,0.052155771905424204,0.08484005563282337,0.33588317107093185,0.08831710709318498,0.06050069541029208,0.17037552155771907
sometimes,0.10054425665998282,0.15554282440561443,0.05900887997708393,0.12460613004869665,0.13577771412202808,0.11400744772271557,0.0739043254081925,0.23660842165568602
carriage,0.08525576730190572,0.19859578736208627,0.05215646940822467,0.1283851554663992,0.14844533600802406,0.10030090270812438,0.08926780341023069,0.19759277833500502
besides,0.0791545793617903,0.1790302527973477,0.05636137588064649,0.11935350186489847,0.1491918773311231,0.10443431413178615,0.07335267302113552,0.23912142561127228
thing,0.0810154937464999,0.17957812208325555,0.05917491133096882,0.11480306141497106,0.1504573455292141,0.1008026880716819,0.07578868769833862,0.23837969012507
poor,0.09516657564172583,0.1500546149645003,0.08492626979792464,0.12807209175314038,0.14636810486073187,0.13462588749317314,0.06799563080283998,0.19279082468596398
've,0.07329842931937174,0.19109947643979058,0.05890052356020943,0.08769633507853404,0.17146596858638743,0.11387434554973823,0.10863874345549739,0.1950261780104712
months,0.09440175631174533,0.1871569703622393,0.06750823271130627,0.10922063666300769,0.1322722283205269,0.11745334796926454,0.06970362239297476,0.22228320526893525
heard,0.10542121068436859,0.17670301880828201,0.06843685791054213,0.13308044886992257,0.13181602655286867,0.11601074758969497,0.0840840840840841,0.18444760550023712
anything,0.0916063059224542,0.17788666382616106,0.06220707285896889,0.11354921175969322,0.14486578610992756,0.11376224968044311,0.07562846186621218,0.22049424797613973
well,0.07749515655271545,0.18236360227485782,0.05380913692894193,0.10993062933566651,0.15755265295919005,0.0970564339728767,0.07349540653709143,0.24829698143866005
words,0.23218017181332715,0.13501276990944974,0.053285349431158584,0.10633851869050383,0.12038541908521012,0.087299744601811,0.060715114929185056,0.20478291153935457
knows,0.08359293873312564,0.16718587746625127,0.06905503634475596,0.1360332294911734,0.14330218068535824,0.09761163032191068,0.05503634475597092,0.24818276220145377
ask,0.07769097222222224,0.1723090277777778,0.050347222222222224,0.11024305555555557,0.15928819444444445,0.09939236111111112,0.07725694444444446,0.2534722222222222
'm,0.07425742574257425,0.18104667609618105,0.06435643564356437,0.13366336633663367,0.16619519094766622,0.10325318246110325,0.09759547383309759,0.17963224893917965
n't,0.08618143459915611,0.1839662447257384,0.06687763713080168,0.11213080168776371,0.14947257383966245,0.10474683544303798,0.09082278481012657,0.20580168776371308
fact,0.08069439145364365,0.14135826020602824,0.04931323922167112,0.1065433040824113,0.11016787485692485,0.08660816482258679,0.05770698206791301,0.3676077832888211
listening,0.09729729729729729,0.17837837837837836,0.08378378378378376,0.1162162162162162,0.15405405405405403,0.1027027027027027,0.08108108108108107,0.18648648648648647
air,0.09461426491994178,0.16084425036390101,0.06574478408539543,0.13415817564289179,0.15308102862688014,0.11377971858321202,0.08854924793789423,0.18922852983988356
greatly,0.07892527287993283,0.19143576826196473,0.04869857262804366,0.128463476070529,0.15197313182199834,0.10663308144416457,0.08480268681780018,0.20906801007556675
interested,0.06086956521739131,0.14658385093167703,0.17763975155279504,0.07950310559006211,0.10807453416149068,0.1937888198757764,0.05217391304347826,0.1813664596273292
character,0.09233072700049907,0.15854267176842451,0.06205290301114622,0.11878223257361503,0.1412410580602229,0.09066711029778737,0.06454832806521377,0.27183496922309097
people,0.08234053769109119,0.17965208223510806,0.06294148655772272,0.11755403268318397,0.1569847127042699,0.09467580390089615,0.0746441750131787,0.23120716921454929
asked,0.08137044967880085,0.1788008565310492,0.06138472519628836,0.10349750178443969,0.1538187009279086,0.09386152748037116,0.0899357601713062,0.23733047822983583
existence,0.07392571012381648,0.17716678805535324,0.048069919883466865,0.12800436999271667,0.13965768390386019,0.07993445010924982,0.0624544792425346,0.2907865986890022
naturally,0.0991207034372502,0.18465227817745802,0.05675459632294165,0.13828936850519585,0.14788169464428455,0.09672262190247802,0.0815347721822542,0.1950439648281375
enough,0.08958031837916064,0.18205499276410997,0.06309696092619392,0.11982633863965265,0.1419681620839363,0.10520984081041967,0.0808972503617945,0.21736613603473226
ironical,0.11688311688311688,0.09090909090909091,0.06493506493506493,0.12987012987012986,0.18181818181818182,0.11688311688311688,0.15584415584415584,0.14285714285714285
gesture,0.12866817155756205,0.12641083521444696,0.11060948081264108,0.14672686230248305,0.10383747178329569,0.15349887133182843,0.07223476297968397,0.15801354401805867
remains,0.05239877509356924,0.09254848587955085,0.15957808778496085,0.1990472949982987,0.10071452875127593,0.06464783940115684,0.04117046614494726,0.2898945219462402
much,0.08467966573816155,0.1833881995441884,0.060774879716383894,0.11233223600911624,0.14059255507723475,0.10807799442896936,0.0762218283109648,0.233932641174981
money,0.1622482978415182,0.19035202086049546,0.02390265102129509,0.0411415326669564,0.17905258583224687,0.044183688251484866,0.1452991452991453,0.2138200782268579
complain,0.21721311475409835,0.09426229508196719,0.05737704918032787,0.0860655737704918,0.11475409836065574,0.2622950819672131,0.04918032786885246,0.11885245901639344
laugh,0.07012195121951219,0.10594512195121951,0.052591463414634144,0.0663109756097561,0.2728658536585366,0.08917682926829268,0.23018292682926828,0.11280487804878048
reply,0.10361067503924648,0.18681318681318682,0.061224489795918366,0.1185243328100471,0.12794348508634223,0.0989010989010989,0.06907378335949765,0.23390894819466249
must,0.08992467043314502,0.1758866917765223,0.05767419962335217,0.12629472693032018,0.13319993722536097,0.10228342749529191,0.06712962962962964,0.24760671688637792
realized,0.0978723404255319,0.16595744680851063,0.04680851063829788,0.10638297872340426,0.14042553191489363,0.08936170212765958,0.08936170212765958,0.26382978723404255
discovered,0.09828889773179468,0.15797851173895744,0.06605650616792678,0.1309192200557103,0.1301233585356148,0.0939116593712694,0.07481098288897732,0.24791086350974934
secret,0.08025830258302584,0.1429889298892989,0.05950184501845019,0.11439114391143912,0.11992619926199263,0.0977859778597786,0.06642066420664207,0.3187269372693727
hidden,0.09339407744874716,0.18223234624145784,0.06150341685649203,0.1275626423690205,0.12300683371298406,0.1093394077448747,0.08428246013667426,0.2186788154897494
every,0.08617125984251969,0.1751968503937008,0.06043307086614173,0.12007874015748032,0.14881889763779527,0.09862204724409449,0.07106299212598426,0.2396161417322835
fire,0.09256906954588758,0.13782153064464908,0.05350905049221975,0.30755795490631943,0.10670053985392187,0.0914576055890759,0.06208320101619562,0.14830104795173069
curiosity,0.07556675062972291,0.2468513853904282,0.057934508816120896,0.11586901763224179,0.11083123425692695,0.08942065491183879,0.18261964735516373,0.12090680100755667
tell,0.0771513353115727,0.1798219584569733,0.06627101879327399,0.10642927794263105,0.14817012858555886,0.11335311572700298,0.08862512363996045,0.22017804154302673
truth,0.07123588770106903,0.1398741132980318,0.04436007593166151,0.10150864222200019,0.13238085722849435,0.07902887401338794,0.05555000499550405,0.3760615446098512
companions,0.09194214876033059,0.2004132231404959,0.05268595041322315,0.13739669421487605,0.13636363636363638,0.12396694214876035,0.09297520661157027,0.16425619834710745
knew,0.09408142319534724,0.17755730413958262,0.06739651043448512,0.1250427642832706,0.1460827916524119,0.11734519329456038,0.0752651385562778,0.1972288744440643
thought,0.07661267077880901,0.3137718337464691,0.0504409984435349,0.1023231682711708,0.11881016890528621,0.08854556983916527,0.06122096039661037,0.18827462961895428
comes,0.0854251012145749,0.1700404858299595,0.06639676113360324,0.13319838056680164,0.1368421052631579,0.12186234817813765,0.07732793522267206,0.20890688259109313
wait,0.05289672544080604,0.43324937027707805,0.0327455919395466,0.08690176322418136,0.09571788413098237,0.08312342569269521,0.07052896725440806,0.14483627204030225
however,0.09072519470011126,0.17710124405785377,0.050672600384343076,0.12663092950338828,0.13006978861130777,0.11297663598664914,0.07251947001112573,0.23930413674522102
heavy,0.11398090960134756,0.16058394160583941,0.062324536777091516,0.1661987647389107,0.10162829870859068,0.1549691184727681,0.07580011229646265,0.1645143177989893
door,0.10191317144959529,0.16335540838852097,0.06916850625459896,0.13024282560706402,0.12509197939661515,0.12325239146431198,0.08903605592347315,0.19793966151582043
breathless,0.14705882352941177,0.2058823529411765,0.058823529411764705,0.2058823529411765,0.058823529411764705,0.11764705882352941,0.14705882352941177,0.058823529411764705
burst,0.13076923076923078,0.14102564102564102,0.06410256410256411,0.15256410256410258,0.12692307692307692,0.12820512820512822,0.1205128205128205,0.1358974358974359
room,0.08488612836438923,0.17261904761904762,0.06728778467908902,0.11050724637681159,0.14855072463768115,0.13457556935817805,0.08281573498964803,0.19875776397515527
help,0.07854984894259819,0.18758582806921176,0.060148310903597915,0.12936006591595714,0.14281790716836035,0.11947267234276297,0.07415545179895633,0.20790991485855534
sprang,0.10810810810810809,0.15945945945945944,0.07027027027027026,0.17567567567567566,0.13513513513513511,0.09999999999999998,0.07837837837837837,0.17297297297297295
feet,0.08210689388071261,0.18900077459333847,0.05871417505809449,0.13353989155693258,0.12300542215336946,0.11789310611928736,0.07529047250193648,0.22044926413632837
haste,0.08135593220338984,0.34237288135593225,0.030508474576271188,0.08813559322033898,0.12203389830508475,0.09152542372881356,0.08474576271186442,0.15932203389830507
continued,0.09555642941407787,0.18049547778214706,0.050727487219819116,0.13841918993314983,0.13841918993314983,0.1081399921352733,0.08572552103814393,0.20251671254423909
driver,0.0948905109489051,0.2116788321167883,0.06569343065693431,0.0948905109489051,0.10948905109489052,0.11678832116788321,0.0948905109489051,0.2116788321167883
gentleman,0.059763008758371976,0.14477073673364246,0.04739824832560536,0.06491499227202473,0.14889232354456466,0.06800618238021638,0.08809891808346214,0.3781555899021123
know,0.07874404076935722,0.1741739273384843,0.060989643268124276,0.12058194969587374,0.1514055564688476,0.09682722340950188,0.07668913365115897,0.24058852539865197
outside,0.09723160027008779,0.16205266711681296,0.06549628629304524,0.12559081701553004,0.1161377447670493,0.1161377447670493,0.06076975016880487,0.2565833896016205
vehicle,0.08870967741935484,0.20967741935483872,0.04032258064516129,0.1532258064516129,0.12096774193548389,0.10483870967741936,0.09677419354838711,0.18548387096774194
listen,0.10975609756097561,0.1637630662020906,0.055749128919860634,0.12020905923344949,0.13763066202090593,0.12020905923344949,0.07665505226480837,0.21602787456445993
longer,0.09685569904548007,0.18163952835485683,0.06344750140370578,0.1299831555306008,0.1316676024705222,0.11819202695115104,0.07186973610331275,0.2063447501403706
incoherent,0.19672131147540986,0.19672131147540986,0.09836065573770493,0.1639344262295082,0.11475409836065575,0.0819672131147541,0.03278688524590164,0.11475409836065575
explanation,0.09966499162479062,0.17336683417085427,0.03768844221105528,0.10134003350083752,0.12395309882747069,0.09715242881072027,0.09128978224455611,0.27554438860971525
became,0.09549706330215359,0.16684794431150754,0.06569501849031978,0.12464650859256038,0.1368283663258647,0.11224711768544704,0.07222101370458996,0.2260169675875571
cab,0.07200000000000001,0.16,0.032,0.07200000000000001,0.168,0.15200000000000002,0.096,0.248
lying,0.20778364116094986,0.09234828496042216,0.20250659630606863,0.09234828496042216,0.09432717678100265,0.11279683377308708,0.04023746701846966,0.15765171503957784
motionless,0.1472081218274112,0.11167512690355333,0.06598984771573604,0.20304568527918784,0.11167512690355333,0.1472081218274112,0.11167512690355333,0.10152284263959392
fallen,0.0967982129560685,0.14147431124348472,0.0781831720029784,0.1563663440059568,0.12807148175725985,0.12732688011913626,0.07371556217423679,0.19806403574087864
forward,0.10194174757281553,0.1941747572815534,0.05153099327856609,0.12210604929051531,0.1157580283793876,0.09746079163554892,0.07393577296489919,0.24309185959671398
