,anger,anticipation,disgust,fear,joy,sadness,surprise,trust
project,0.1279333838001514,0.16502649507948525,0.050719152157456475,0.0582891748675246,0.10825132475397427,0.08327024981074943,0.028009084027252083,0.3785011355034065
gutenberg,0.11239193083573487,0.21037463976945245,0.04899135446685879,0.07780979827089338,0.08357348703170028,0.12968299711815562,0.037463976945244955,0.29971181556195964
north,0.08823529411764706,0.19019607843137254,0.058823529411764705,0.11764705882352941,0.10196078431372549,0.15490196078431373,0.07058823529411765,0.21764705882352942
america,0.012658227848101266,0.189873417721519,0.06329113924050633,0.08860759493670886,0.16455696202531644,0.06329113924050633,0.02531645569620253,0.3924050632911392
frozen,0.0975609756097561,0.1951219512195122,0.04878048780487805,0.0975609756097561,0.17073170731707318,0.14634146341463414,0.0975609756097561,0.14634146341463414
pacific,0.045454545454545456,0.18181818181818182,0.07954545454545454,0.10227272727272728,0.125,0.09090909090909091,0.056818181818181816,0.3181818181818182
mackenzie,0.05128205128205128,0.21794871794871795,0.038461538461538464,0.15384615384615385,0.08974358974358974,0.08974358974358974,0.02564102564102564,0.3333333333333333
use,0.10764872521246459,0.16997167138810199,0.08498583569405099,0.11614730878186968,0.1529745042492918,0.09348441926345609,0.05524079320113314,0.21954674220963172
almost,0.11607142857142858,0.171875,0.046875,0.12053571428571429,0.15178571428571427,0.16071428571428573,0.06696428571428571,0.16517857142857142
may,0.11140235910878113,0.15465268676277852,0.07536041939711664,0.12385321100917432,0.1343381389252949,0.11598951507208388,0.06094364351245085,0.22346002621231978
copy,0.2072072072072072,0.08558558558558559,0.08558558558558559,0.0945945945945946,0.036036036036036036,0.07657657657657657,0.036036036036036036,0.3783783783783784
give,0.11090225563909774,0.18045112781954886,0.06015037593984962,0.12406015037593984,0.11466165413533834,0.10150375939849623,0.06766917293233082,0.24060150375939848
away,0.11327433628318584,0.1504424778761062,0.1079646017699115,0.17168141592920355,0.09911504424778761,0.1433628318584071,0.06017699115044248,0.15398230088495576
terms,0.14576271186440679,0.11864406779661017,0.06440677966101695,0.09152542372881356,0.11186440677966102,0.07457627118644068,0.05084745762711865,0.3423728813559322
license,0.13095238095238096,0.20833333333333334,0.05952380952380952,0.1130952380952381,0.11904761904761904,0.09523809523809523,0.047619047619047616,0.2261904761904762
march,0.056338028169014086,0.28169014084507044,0.04225352112676056,0.11267605633802817,0.1267605633802817,0.08450704225352113,0.07042253521126761,0.22535211267605634
language,0.11486486486486487,0.14189189189189189,0.060810810810810814,0.16216216216216217,0.10810810810810811,0.10135135135135136,0.08445945945945946,0.22635135135135134
produced,0.08305647840531562,0.19933554817275748,0.07641196013289037,0.11295681063122924,0.14950166112956811,0.09966777408637874,0.09302325581395349,0.18604651162790697
account,0.04743083003952569,0.1383399209486166,0.05533596837944664,0.08695652173913043,0.09881422924901186,0.07707509881422925,0.07114624505928854,0.424901185770751
state,0.09025270758122744,0.17448856799037304,0.06498194945848375,0.148014440433213,0.1022864019253911,0.12876052948255115,0.06618531889290012,0.2250300842358604
trade,0.05580357142857143,0.15848214285714285,0.046875,0.09151785714285714,0.08928571428571429,0.078125,0.029017857142857144,0.45089285714285715
two,0.11057108140947752,0.18803159173754558,0.08140947752126367,0.11543134872417983,0.12879708383961117,0.10874848116646416,0.08475091130012151,0.1822600243013366
new,0.11563169164882227,0.20342612419700215,0.0835117773019272,0.1349036402569593,0.09850107066381156,0.10492505353319058,0.057815845824411134,0.2012847965738758
company,0.06853582554517133,0.24610591900311526,0.04672897196261682,0.10903426791277258,0.1059190031152648,0.09657320872274143,0.024922118380062305,0.30218068535825543
removed,0.09009009009009009,0.2072072072072072,0.018018018018018018,0.17117117117117117,0.10810810810810811,0.16216216216216217,0.04504504504504504,0.1981981981981982
house,0.10512129380053908,0.18867924528301888,0.04582210242587601,0.1347708894878706,0.12398921832884097,0.1105121293800539,0.0889487870619946,0.20215633423180593
people,0.08596491228070176,0.18728070175438596,0.06184210526315789,0.1425438596491228,0.12324561403508771,0.11885964912280701,0.07017543859649122,0.2100877192982456
suffer,0.10101010101010101,0.15151515151515152,0.09090909090909091,0.18181818181818182,0.13131313131313133,0.13131313131313133,0.0707070707070707,0.1414141414141414
violent,0.19718309859154928,0.08098591549295775,0.15845070422535212,0.19014084507042253,0.03873239436619718,0.06690140845070422,0.18661971830985916,0.08098591549295775
circumstances,0.08426966292134831,0.23595505617977527,0.03932584269662921,0.14606741573033707,0.0898876404494382,0.16292134831460675,0.03932584269662921,0.20224719101123595
year,0.06443298969072164,0.2036082474226804,0.04381443298969072,0.0979381443298969,0.12886597938144329,0.11855670103092783,0.059278350515463915,0.28350515463917525
indian,0.0975103734439834,0.18672199170124482,0.07676348547717843,0.14315352697095435,0.13070539419087138,0.12863070539419086,0.07053941908713693,0.16597510373443983
dangerous,0.09868421052631579,0.11842105263157894,0.05921052631578947,0.34868421052631576,0.08552631578947369,0.09868421052631579,0.05921052631578947,0.13157894736842105
wound,0.22868217054263565,0.10077519379844961,0.09689922480620156,0.2131782945736434,0.06976744186046512,0.19767441860465115,0.027131782945736434,0.06589147286821706
weather,0.08403361344537816,0.19047619047619047,0.058823529411764705,0.13725490196078433,0.10364145658263306,0.20448179271708683,0.11204481792717087,0.1092436974789916
curious,0.07692307692307693,0.16666666666666666,0.10256410256410256,0.07692307692307693,0.19230769230769232,0.0641025641025641,0.10256410256410256,0.21794871794871795
among,0.09518599562363239,0.16192560175054704,0.08315098468271334,0.16411378555798686,0.11816192560175055,0.12582056892778992,0.06455142231947483,0.18708971553610504
indians,0.10288386593920498,0.21200311769290725,0.05066250974279034,0.1426344505066251,0.12159002338269681,0.11067809820732658,0.08339828526890102,0.17614964925954793
death,0.15292233787029624,0.13851080864691753,0.1289031224979984,0.1745396317053643,0.05604483586869496,0.15612489991993594,0.12089671737389912,0.07205764611689351
relation,0.17307692307692307,0.09615384615384616,0.09615384615384616,0.23076923076923078,0.019230769230769232,0.23076923076923078,0.07692307692307693,0.07692307692307693
quarrel,0.2413793103448276,0.22413793103448276,0.034482758620689655,0.10344827586206896,0.05172413793103448,0.13793103448275862,0.06896551724137931,0.13793103448275862
's,0.09617962466487935,0.15281501340482573,0.07473190348525469,0.15214477211796246,0.13739946380697052,0.12432975871313673,0.07272117962466489,0.18967828418230562
one,0.11819556451612903,0.17313508064516128,0.07434475806451613,0.13205645161290322,0.11769153225806452,0.12348790322580645,0.07837701612903226,0.1827116935483871
cause,0.11044776119402985,0.16417910447761194,0.056716417910447764,0.14029850746268657,0.08955223880597014,0.12238805970149254,0.08656716417910448,0.2298507462686567
rocky,0.10212765957446808,0.20425531914893616,0.059574468085106386,0.13617021276595745,0.1276595744680851,0.13617021276595745,0.06808510638297872,0.16595744680851063
mountain,0.0658682634730539,0.41317365269461076,0.04790419161676647,0.11676646706586827,0.09281437125748503,0.0688622754491018,0.059880239520958084,0.1347305389221557
circumstance,0.08780487804878048,0.18292682926829268,0.06585365853658537,0.17560975609756097,0.1073170731707317,0.14390243902439023,0.06341463414634146,0.17317073170731706
respecting,0.09090909090909091,0.2,0.06818181818181818,0.12272727272727273,0.14545454545454545,0.08181818181818182,0.08181818181818182,0.20909090909090908
woman,0.08928571428571429,0.16428571428571428,0.060714285714285714,0.16428571428571428,0.1357142857142857,0.14642857142857144,0.08928571428571429,0.15
labour,0.04878048780487805,0.20121951219512196,0.07317073170731707,0.11585365853658537,0.1951219512195122,0.10975609756097561,0.036585365853658534,0.21951219512195122
dispute,0.24324324324324326,0.16216216216216217,0.10810810810810811,0.13513513513513514,0.05405405405405406,0.16216216216216217,0.02702702702702703,0.10810810810810811
season,0.11345218800648298,0.10210696920583469,0.14748784440842788,0.06645056726094004,0.1539708265802269,0.12155591572123177,0.03403565640194489,0.26094003241491087
prepare,0.04488778054862843,0.3341645885286783,0.04738154613466334,0.059850374064837904,0.1596009975062344,0.09725685785536159,0.05236907730673317,0.20448877805486285
snow,0.0736196319018405,0.2085889570552147,0.06134969325153374,0.11349693251533742,0.13496932515337423,0.1196319018404908,0.07668711656441718,0.2116564417177914
shoes,0.043478260869565216,0.2826086956521739,0.08695652173913043,0.10869565217391304,0.17391304347826086,0.13043478260869565,0.021739130434782608,0.15217391304347827
women,0.09782608695652174,0.15869565217391304,0.08478260869565217,0.15869565217391304,0.13260869565217392,0.1282608695652174,0.05652173913043478,0.1826086956521739
appearance,0.10955710955710955,0.17016317016317017,0.0675990675990676,0.1585081585081585,0.10722610722610723,0.13053613053613053,0.08158508158508158,0.17482517482517482
canoes,0.10313075506445672,0.19337016574585636,0.053406998158379376,0.13996316758747698,0.09576427255985268,0.11602209944751381,0.0718232044198895,0.2265193370165746
fort,0.07834101382488479,0.17050691244239632,0.041474654377880185,0.07834101382488479,0.11059907834101383,0.08294930875576037,0.05069124423963134,0.3870967741935484
make,0.10423452768729642,0.16872964169381108,0.08078175895765473,0.0996742671009772,0.14006514657980457,0.10879478827361563,0.06775244299674267,0.22996742671009773
voyage,0.042505592841163314,0.43400447427293065,0.03803131991051454,0.08277404921700224,0.09172259507829977,0.10961968680089486,0.05145413870246085,0.14988814317673377
discovery,0.14583333333333334,0.25,0.041666666666666664,0.16666666666666666,0.08333333333333333,0.125,0.0625,0.125
proceed,0.08151093439363817,0.21669980119284293,0.061630218687872766,0.13320079522862824,0.12127236580516898,0.13320079522862824,0.0636182902584493,0.18886679920477137
beautiful,0.05439330543933055,0.12133891213389121,0.05439330543933055,0.07112970711297072,0.3305439330543933,0.11715481171548117,0.09623430962343096,0.15481171548117154
canoe,0.10674157303370786,0.1973314606741573,0.046348314606741575,0.16362359550561797,0.09620786516853932,0.1622191011235955,0.0800561797752809,0.14747191011235955
country,0.09373297002724795,0.17002724795640328,0.07901907356948229,0.13460490463215258,0.12043596730245232,0.10735694822888284,0.06103542234332425,0.2337874659400545
meet,0.06422018348623854,0.22018348623853212,0.05504587155963303,0.11926605504587157,0.1437308868501529,0.09480122324159021,0.08256880733944955,0.22018348623853212
hunting,0.2186046511627907,0.24651162790697675,0.046511627906976744,0.24186046511627907,0.07441860465116279,0.06046511627906977,0.018604651162790697,0.09302325581395349
party,0.12582781456953643,0.2185430463576159,0.06622516556291391,0.1490066225165563,0.09602649006622517,0.08940397350993377,0.04966887417218543,0.2052980132450331
river,0.07416267942583732,0.22129186602870812,0.05502392344497608,0.12121212121212122,0.12480063795853269,0.11523125996810207,0.07894736842105263,0.20933014354066987
see,0.07365439093484419,0.20679886685552407,0.05099150141643059,0.14447592067988668,0.16147308781869688,0.11898016997167139,0.08498583569405099,0.15864022662889518
bear,0.22253521126760564,0.08450704225352113,0.05352112676056338,0.2563380281690141,0.09859154929577464,0.09014084507042254,0.05070422535211268,0.14366197183098592
fall,0.06903353057199212,0.16370808678500987,0.04930966469428008,0.1203155818540434,0.08875739644970414,0.2958579881656805,0.07495069033530571,0.13806706114398423
abundance,0.025362318840579712,0.19202898550724637,0.15942028985507245,0.03260869565217391,0.2463768115942029,0.043478260869565216,0.04710144927536232,0.2536231884057971
animals,0.09863013698630137,0.13972602739726028,0.08493150684931507,0.15616438356164383,0.11232876712328767,0.13150684931506848,0.08493150684931507,0.1917808219178082
come,0.09388971684053651,0.16542473919523099,0.07153502235469449,0.16095380029806258,0.10879284649776454,0.10879284649776454,0.08643815201192251,0.20417287630402384
sight,0.10932475884244373,0.14790996784565916,0.0707395498392283,0.16720257234726688,0.12861736334405144,0.15112540192926044,0.09646302250803858,0.12861736334405144
mountains,0.0702054794520548,0.2106164383561644,0.059931506849315065,0.14383561643835616,0.13013698630136986,0.13356164383561644,0.06335616438356165,0.18835616438356165
injury,0.18446601941747573,0.10679611650485436,0.02912621359223301,0.23300970873786409,0.07766990291262135,0.20388349514563106,0.04854368932038835,0.11650485436893204
navigation,0.07865168539325842,0.2808988764044944,0.056179775280898875,0.11235955056179775,0.10112359550561797,0.0898876404494382,0.0449438202247191,0.23595505617977527
rapids,0.056818181818181816,0.24431818181818182,0.03409090909090909,0.18181818181818182,0.06818181818181818,0.17045454545454544,0.10795454545454546,0.13636363636363635
falls,0.09053497942386832,0.16872427983539096,0.05761316872427984,0.13580246913580246,0.12345679012345678,0.12757201646090535,0.09876543209876543,0.19753086419753085
succession,0.034722222222222224,0.2222222222222222,0.04861111111111111,0.1111111111111111,0.16666666666666666,0.125,0.0625,0.22916666666666666
difficulties,0.05847953216374269,0.2046783625730994,0.029239766081871343,0.0935672514619883,0.13450292397660818,0.21052631578947367,0.07602339181286549,0.19298245614035087
dangers,0.0918918918918919,0.20540540540540542,0.05945945945945946,0.11891891891891893,0.11891891891891893,0.12972972972972974,0.0972972972972973,0.1783783783783784
discontents,0.09375,0.3125,0.0625,0.0625,0.1875,0.0625,0.0625,0.15625
banks,0.08241758241758242,0.15384615384615385,0.1043956043956044,0.0989010989010989,0.1620879120879121,0.09065934065934066,0.09615384615384616,0.21153846153846154
earth,0.1343042071197411,0.11003236245954692,0.10517799352750809,0.18122977346278318,0.10355987055016182,0.15857605177993528,0.06472491909385113,0.1423948220064725
various,0.11904761904761904,0.15476190476190477,0.07142857142857142,0.15178571428571427,0.125,0.12202380952380952,0.0744047619047619,0.18154761904761904
persons,0.10227272727272728,0.13257575757575757,0.07575757575757576,0.1590909090909091,0.125,0.14015151515151514,0.05303030303030303,0.21212121212121213
discover,0.125,0.25,0.025,0.1125,0.13125,0.09375,0.10625,0.15625
across,0.09289617486338798,0.21311475409836064,0.04918032786885246,0.15300546448087432,0.09836065573770492,0.14754098360655737,0.07650273224043716,0.16939890710382513
present,0.045647558386411886,0.21019108280254778,0.029723991507430998,0.07218683651804671,0.18365180467091294,0.07006369426751592,0.15286624203821655,0.2356687898089172
sides,0.12987012987012986,0.14285714285714285,0.09090909090909091,0.12987012987012986,0.12987012987012986,0.1038961038961039,0.09090909090909091,0.18181818181818182
made,0.10149942329873125,0.1782006920415225,0.07035755478662054,0.11534025374855825,0.13667820069204153,0.11591695501730104,0.07093425605536333,0.21107266435986158
attempt,0.07142857142857142,0.3163265306122449,0.02040816326530612,0.14795918367346939,0.10204081632653061,0.1377551020408163,0.07653061224489796,0.12755102040816327
baggage,0.06896551724137931,0.21839080459770116,0.04597701149425287,0.12643678160919541,0.14942528735632185,0.10344827586206896,0.09195402298850575,0.19540229885057472
trees,0.09819967266775777,0.1407528641571195,0.10965630114566285,0.14729950900163666,0.12929623567921442,0.12929623567921442,0.06710310965630115,0.1783960720130933
found,0.054735547355473556,0.12054120541205413,0.051045510455104554,0.08610086100861009,0.25276752767527677,0.08610086100861009,0.041820418204182044,0.3068880688806888
arrive,0.044444444444444446,0.42777777777777776,0.027777777777777776,0.05555555555555555,0.1,0.07222222222222222,0.08333333333333333,0.18888888888888888
extraordinary,0.09740259740259741,0.14285714285714285,0.11038961038961038,0.16883116883116883,0.1038961038961039,0.14285714285714285,0.08441558441558442,0.14935064935064934
rocks,0.14527027027027026,0.13513513513513514,0.0472972972972973,0.19932432432432431,0.09797297297297297,0.17567567567567569,0.08108108108108109,0.11824324324324324
progress,0.058823529411764705,0.32941176470588235,0.029411764705882353,0.07352941176470588,0.2529411764705882,0.058823529411764705,0.052941176470588235,0.14411764705882352
leave,0.036468330134357005,0.1381957773512476,0.028790786948176585,0.09596928982725528,0.08637236084452975,0.2514395393474088,0.21113243761996162,0.15163147792706333
natives,0.0946441672780631,0.20542920029347028,0.05355832721936904,0.1467351430667645,0.11812179016874541,0.11518708730741012,0.08143800440205429,0.18488628026412326
cold,0.12422360248447205,0.1701863354037267,0.08695652173913043,0.11055900621118013,0.1391304347826087,0.10559006211180125,0.06583850931677018,0.19751552795031055
lost,0.09313725490196079,0.15196078431372548,0.03431372549019608,0.13725490196078433,0.09313725490196079,0.30392156862745096,0.07107843137254902,0.11519607843137254
several,0.08323831242873432,0.1949828962371722,0.055872291904218926,0.12542759407069556,0.14253135689851767,0.09920182440136831,0.07639680729760548,0.22234891676168758
days,0.11154345006485085,0.185473411154345,0.07522697795071336,0.11154345006485085,0.13618677042801555,0.1245136186770428,0.09208819714656291,0.16342412451361868
continue,0.06188925081433225,0.31596091205211724,0.04560260586319218,0.09120521172638436,0.08469055374592833,0.0749185667752443,0.048859934853420196,0.2768729641693811
send,0.05813953488372093,0.23255813953488372,0.05813953488372093,0.10465116279069768,0.10465116279069768,0.09302325581395349,0.06976744186046512,0.27906976744186046
current,0.09767441860465116,0.23255813953488372,0.037209302325581395,0.15348837209302327,0.10465116279069768,0.13488372093023257,0.09767441860465116,0.14186046511627906
came,0.11051693404634581,0.16755793226381463,0.07130124777183601,0.16934046345811052,0.12834224598930483,0.12299465240641712,0.08288770053475936,0.14705882352941177
branch,0.0410958904109589,0.2328767123287671,0.03424657534246575,0.08904109589041095,0.1506849315068493,0.1095890410958904,0.0958904109589041,0.2465753424657534
heavy,0.08771929824561403,0.17543859649122806,0.07017543859649122,0.15789473684210525,0.1111111111111111,0.18128654970760233,0.10526315789473684,0.1111111111111111
water,0.11827956989247312,0.15745007680491552,0.09370199692780339,0.12135176651305683,0.13978494623655913,0.11789554531490015,0.07565284178187404,0.17588325652841783
hill,0.0641025641025641,0.21794871794871795,0.02564102564102564,0.10256410256410256,0.11538461538461539,0.11538461538461539,0.10256410256410256,0.2564102564102564
tree,0.14893617021276595,0.1529255319148936,0.13164893617021275,0.08244680851063829,0.13430851063829788,0.061170212765957445,0.12101063829787234,0.1675531914893617
extend,0.06818181818181818,0.20454545454545456,0.09090909090909091,0.06818181818181818,0.11363636363636363,0.045454545454545456,0.1590909090909091,0.25
view,0.09716599190283401,0.1902834008097166,0.08502024291497975,0.10121457489878542,0.12550607287449392,0.1214574898785425,0.07692307692307693,0.20242914979757085
return,0.07934782608695652,0.2108695652173913,0.05543478260869565,0.13695652173913042,0.13043478260869565,0.11413043478260869,0.06739130434782609,0.20543478260869566
arrived,0.07633587786259542,0.19592875318066158,0.05343511450381679,0.15521628498727735,0.13231552162849872,0.13740458015267176,0.06870229007633588,0.1806615776081425
go,0.07198443579766536,0.1926070038910506,0.07392996108949416,0.13618677042801555,0.122568093385214,0.1303501945525292,0.06809338521400778,0.20428015564202334
search,0.12365591397849462,0.1935483870967742,0.10215053763440861,0.13978494623655913,0.10752688172043011,0.10215053763440861,0.06451612903225806,0.16666666666666666
extreme,0.1375,0.1375,0.05,0.2,0.125,0.125,0.1,0.125
anxiety,0.13768115942028986,0.26811594202898553,0.021739130434782608,0.21014492753623187,0.050724637681159424,0.18840579710144928,0.028985507246376812,0.09420289855072464
length,0.1124031007751938,0.1834625322997416,0.06459948320413436,0.14082687338501293,0.11369509043927649,0.10852713178294573,0.06976744186046512,0.20671834625322996
stream,0.05454545454545454,0.3,0.02727272727272727,0.14545454545454545,0.10909090909090909,0.11818181818181818,0.11818181818181818,0.12727272727272726
branches,0.0959409594095941,0.1881918819188192,0.06642066420664207,0.1033210332103321,0.14391143911439114,0.11439114391143912,0.08856088560885608,0.1992619926199262
wild,0.06217616580310881,0.13212435233160622,0.06476683937823834,0.08808290155440414,0.14507772020725387,0.09067357512953368,0.23834196891191708,0.17875647668393782
along,0.09059233449477352,0.18989547038327526,0.04529616724738676,0.1672473867595819,0.1480836236933798,0.09581881533101046,0.05574912891986063,0.2073170731707317
expect,0.0660377358490566,0.24528301886792453,0.0330188679245283,0.0660377358490566,0.09433962264150944,0.06132075471698113,0.16981132075471697,0.2641509433962264
continued,0.06359649122807018,0.2565789473684211,0.039473684210526314,0.11403508771929824,0.1513157894736842,0.10964912280701754,0.06798245614035088,0.19736842105263158
intercourse,0.034482758620689655,0.41379310344827586,0.034482758620689655,0.10344827586206896,0.1724137931034483,0.06896551724137931,0.034482758620689655,0.13793103448275862
arms,0.12396694214876033,0.1590909090909091,0.045454545454545456,0.17148760330578514,0.13636363636363635,0.12396694214876033,0.07231404958677685,0.16735537190082644
guide,0.0592,0.1824,0.0304,0.0912,0.1152,0.0816,0.0784,0.3616
main,0.020833333333333332,0.2708333333333333,0.041666666666666664,0.0625,0.10416666666666667,0.10416666666666667,0.125,0.2708333333333333
enter,0.06535947712418301,0.21568627450980393,0.0718954248366013,0.0915032679738562,0.1503267973856209,0.0784313725490196,0.08496732026143791,0.24183006535947713
another,0.06823266219239374,0.17337807606263983,0.06823266219239374,0.10626398210290827,0.15659955257270694,0.12527964205816555,0.087248322147651,0.21476510067114093
saw,0.08762169680111266,0.20166898470097358,0.0584144645340751,0.1376912378303199,0.14186369958275383,0.11404728789986092,0.09596662030598054,0.1627260083449235
beaver,0.10317460317460317,0.15343915343915343,0.06349206349206349,0.15343915343915343,0.12962962962962962,0.10846560846560846,0.05555555555555555,0.2328042328042328
lake,0.07513227513227513,0.20634920634920634,0.04867724867724868,0.11851851851851852,0.13015873015873017,0.12063492063492064,0.08042328042328042,0.2201058201058201
upper,0.042105263157894736,0.21052631578947367,0.031578947368421054,0.11578947368421053,0.15789473684210525,0.16842105263157894,0.05263157894736842,0.22105263157894736
source,0.057692307692307696,0.2692307692307692,0.028846153846153848,0.08653846153846154,0.14423076923076922,0.1346153846153846,0.07692307692307693,0.20192307692307693
peace,0.049019607843137254,0.2549019607843137,0.02287581699346405,0.08496732026143791,0.20915032679738563,0.0784313725490196,0.026143790849673203,0.27450980392156865
land,0.09572649572649573,0.19829059829059828,0.0735042735042735,0.147008547008547,0.13504273504273503,0.10427350427350428,0.06153846153846154,0.18461538461538463
cross,0.2129032258064516,0.12258064516129032,0.01935483870967742,0.22580645161290322,0.06451612903225806,0.23225806451612904,0.01935483870967742,0.1032258064516129
second,0.10344827586206896,0.25,0.07758620689655173,0.1810344827586207,0.09482758620689655,0.11206896551724138,0.06896551724137931,0.11206896551724138
danger,0.10810810810810811,0.14054054054054055,0.05765765765765766,0.24504504504504504,0.07027027027027027,0.2126126126126126,0.055855855855855854,0.10990990990990991
situation,0.09147609147609148,0.19750519750519752,0.062370062370062374,0.1600831600831601,0.11850311850311851,0.13305613305613306,0.08316008316008316,0.15384615384615385
described,0.10441767068273092,0.17670682730923695,0.05220883534136546,0.1285140562248996,0.12048192771084337,0.10843373493975904,0.0642570281124498,0.24497991967871485
alarm,0.046511627906976744,0.13953488372093023,0.03322259136212625,0.2823920265780731,0.08305647840531562,0.09966777408637874,0.21926910299003322,0.09634551495016612
composed,0.053763440860215055,0.1827956989247312,0.0967741935483871,0.08602150537634409,0.1935483870967742,0.08602150537634409,0.08602150537634409,0.21505376344086022
cut,0.11957205789804909,0.13530522341095028,0.11202013845185652,0.08747640025173065,0.14096916299559473,0.13530522341095028,0.05475141598489616,0.2146003775959723
woods,0.11917098445595854,0.18393782383419688,0.05699481865284974,0.18393782383419688,0.09844559585492228,0.12694300518134716,0.06994818652849741,0.16062176165803108
pass,0.093841642228739,0.1906158357771261,0.09090909090909091,0.10850439882697947,0.1466275659824047,0.093841642228739,0.07038123167155426,0.20527859237536658
toilsome,0.07920792079207921,0.2079207920792079,0.06930693069306931,0.1782178217821782,0.13861386138613863,0.1782178217821782,0.0297029702970297,0.1188118811881188
great,0.08863025962399283,0.18979409131602507,0.06042972247090421,0.13831692032229184,0.12444046553267682,0.12712623097582812,0.06982990152193375,0.20143240823634737
night,0.10479573712255773,0.19715808170515098,0.0674955595026643,0.15985790408525755,0.10479573712255773,0.13854351687388988,0.08703374777975133,0.14031971580817051
white,0.04997707473635947,0.23521320495185694,0.04951856946354883,0.052269601100412656,0.23062815222375058,0.06373223292067859,0.04126547455295736,0.2773956900504356
carrying-place,0.04081632653061224,0.2857142857142857,0.04081632653061224,0.1836734693877551,0.14285714285714285,0.10204081632653061,0.10204081632653061,0.10204081632653061
passage,0.11075949367088607,0.18670886075949367,0.06329113924050633,0.16455696202531644,0.10126582278481013,0.12974683544303797,0.06645569620253164,0.17721518987341772
red,0.08885017421602788,0.13937282229965156,0.09407665505226481,0.11149825783972125,0.17770034843205576,0.11149825783972125,0.06097560975609756,0.21602787456445993
deer,0.09876543209876543,0.1419753086419753,0.04938271604938271,0.14814814814814814,0.1419753086419753,0.11728395061728394,0.06790123456790123,0.2345679012345679
fish,0.06535947712418301,0.1895424836601307,0.05788982259570495,0.08590102707749767,0.1839402427637722,0.09990662931839403,0.058823529411764705,0.2586367880485528
procure,0.1328125,0.171875,0.046875,0.1484375,0.09375,0.125,0.0546875,0.2265625
bark,0.28346456692913385,0.1141732283464567,0.07874015748031496,0.10826771653543307,0.08858267716535433,0.08464566929133858,0.05511811023622047,0.18700787401574803
purpose,0.10324483775811209,0.19469026548672566,0.07669616519174041,0.11504424778761062,0.11209439528023599,0.10619469026548672,0.08259587020648967,0.20943952802359883
conceal,0.14893617021276595,0.18085106382978725,0.07446808510638298,0.1702127659574468,0.06382978723404255,0.2553191489361702,0.05319148936170213,0.05319148936170213
quantity,0.13440405748098055,0.1437024513947591,0.10819949281487742,0.09805579036348266,0.1437024513947591,0.10312764158918004,0.05917159763313609,0.20963651732882502
pemmican,0.04827586206896552,0.15862068965517243,0.08275862068965517,0.16551724137931034,0.10344827586206896,0.1793103448275862,0.1103448275862069,0.15172413793103448
provision,0.05161290322580645,0.2129032258064516,0.07741935483870968,0.0967741935483871,0.1032258064516129,0.14838709677419354,0.08387096774193549,0.22580645161290322
information,0.07317073170731707,0.17073170731707318,0.052845528455284556,0.10569105691056911,0.12601626016260162,0.06910569105691057,0.06910569105691057,0.3333333333333333
accompanied,0.09047619047619047,0.19523809523809524,0.0380952380952381,0.1523809523809524,0.13333333333333333,0.11428571428571428,0.10476190476190476,0.17142857142857143
conduct,0.07291666666666667,0.24305555555555555,0.041666666666666664,0.11458333333333333,0.1388888888888889,0.0798611111111111,0.10069444444444445,0.20833333333333334
gave,0.09076175040518639,0.17504051863857376,0.05834683954619125,0.12965964343598055,0.1458670988654781,0.10048622366288493,0.08427876823338736,0.21555915721231766
tribes,0.10404624277456648,0.17341040462427745,0.07514450867052024,0.15028901734104047,0.12716763005780346,0.12138728323699421,0.06358381502890173,0.18497109826589594
change,0.04938271604938271,0.14814814814814814,0.07407407407407407,0.38271604938271603,0.037037037037037035,0.08641975308641975,0.06172839506172839,0.16049382716049382
plan,0.12698412698412698,0.2698412698412698,0.047619047619047616,0.19047619047619047,0.09523809523809523,0.1111111111111111,0.0,0.15873015873015872
journey,0.04363001745200698,0.27225130890052357,0.029668411867364748,0.2268760907504363,0.2094240837696335,0.07678883071553229,0.031413612565445025,0.1099476439790576
island,0.10638297872340426,0.1675531914893617,0.05585106382978723,0.17819148936170212,0.0851063829787234,0.1675531914893617,0.10372340425531915,0.1356382978723404
engage,0.07692307692307693,0.3076923076923077,0.015384615384615385,0.15384615384615385,0.12307692307692308,0.09230769230769231,0.046153846153846156,0.18461538461538463
important,0.0782608695652174,0.13043478260869565,0.05217391304347826,0.08695652173913043,0.1391304347826087,0.09565217391304348,0.0782608695652174,0.3391304347826087
work,0.13676588897827835,0.1745776347546259,0.04424778761061947,0.08769106999195495,0.12228479485116653,0.09573612228479485,0.05711987127916331,0.2815768302493966
expedition,0.05405405405405406,0.38223938223938225,0.04247104247104247,0.11969111969111969,0.10038610038610038,0.0888030888030888,0.07722007722007722,0.13513513513513514
deserted,0.1414141414141414,0.08080808080808081,0.15151515151515152,0.1717171717171717,0.0707070707070707,0.20202020202020202,0.04040404040404041,0.1414141414141414
intelligence,0.00847457627118644,0.16101694915254236,0.01694915254237288,0.2033898305084746,0.22033898305084745,0.025423728813559324,0.06779661016949153,0.2966101694915254
take,0.10260186548846342,0.16887579774177713,0.0937653411880216,0.10063819342169858,0.13991163475699558,0.10751104565537556,0.07658321060382917,0.21011291114383898
opportunity,0.08875739644970414,0.3136094674556213,0.05325443786982249,0.11834319526627218,0.08875739644970414,0.1301775147928994,0.0650887573964497,0.14201183431952663
quit,0.0,0.24242424242424243,0.0,0.12121212121212122,0.18181818181818182,0.06060606060606061,0.06060606060606061,0.3333333333333333
complete,0.1111111111111111,0.1388888888888889,0.0,0.16666666666666666,0.08333333333333333,0.1388888888888889,0.1388888888888889,0.2222222222222222
obliged,0.11023622047244094,0.1994750656167979,0.047244094488188976,0.1732283464566929,0.10761154855643044,0.11548556430446194,0.06824146981627296,0.1784776902887139
put,0.13311793214862683,0.14507269789983845,0.10210016155088852,0.09143780290791599,0.1505654281098546,0.10436187399030694,0.057835218093699514,0.21550888529886914
short,0.10998307952622674,0.23519458544839256,0.06937394247038917,0.14720812182741116,0.09644670050761421,0.12690355329949238,0.07106598984771574,0.14382402707275804
allowance,0.05263157894736842,0.18421052631578946,0.10526315789473684,0.13157894736842105,0.10526315789473684,0.21052631578947367,0.05263157894736842,0.15789473684210525
difficult,0.050314465408805034,0.13836477987421383,0.0440251572327044,0.3584905660377358,0.10062893081761007,0.11949685534591195,0.03773584905660377,0.1509433962264151
rapid,0.056022408963585436,0.15966386554621848,0.036414565826330535,0.12044817927170869,0.05322128851540616,0.11204481792717087,0.3473389355742297,0.11484593837535013
fresh,0.1854043392504931,0.1390532544378698,0.09368836291913216,0.10059171597633136,0.15483234714003946,0.07495069033530571,0.07790927021696252,0.17357001972386588
friends,0.10697674418604651,0.19069767441860466,0.07441860465116279,0.14651162790697675,0.10465116279069768,0.16744186046511628,0.05116279069767442,0.15813953488372093
articles,0.08651911468812877,0.19517102615694165,0.04627766599597585,0.10663983903420524,0.14084507042253522,0.08450704225352113,0.07847082494969819,0.26156941649899396
proceeding,0.06306306306306306,0.42342342342342343,0.018018018018018018,0.09009009009009009,0.10810810810810811,0.08108108108108109,0.08108108108108109,0.13513513513513514
secure,0.09734513274336283,0.12389380530973451,0.07964601769911504,0.21238938053097345,0.09734513274336283,0.1415929203539823,0.035398230088495575,0.21238938053097345
till,0.12177345885211054,0.15912541755238385,0.08624354691770422,0.1014272699665958,0.1633768600060735,0.11023382933495293,0.058912845429699365,0.19890677194047982
passing,0.08438818565400844,0.1940928270042194,0.05485232067510549,0.10126582278481013,0.16455696202531644,0.16455696202531644,0.05063291139240506,0.18565400843881857
village,0.07339449541284404,0.1926605504587156,0.045871559633027525,0.1559633027522936,0.11926605504587157,0.16055045871559634,0.08256880733944955,0.16972477064220184
occasioned,0.13768115942028986,0.11594202898550725,0.07971014492753623,0.2318840579710145,0.050724637681159424,0.1956521739130435,0.09420289855072464,0.09420289855072464
favourable,0.06976744186046512,0.32558139534883723,0.023255813953488372,0.13953488372093023,0.16279069767441862,0.11627906976744186,0.06976744186046512,0.09302325581395349
reception,0.05194805194805195,0.22077922077922077,0.03896103896103896,0.06493506493506493,0.2077922077922078,0.06493506493506493,0.11688311688311688,0.23376623376623376
ceremony,0.07692307692307693,0.1,0.038461538461538464,0.08461538461538462,0.27692307692307694,0.06153846153846154,0.24615384615384617,0.11538461538461539
houses,0.1296928327645051,0.19795221843003413,0.06825938566552901,0.12627986348122866,0.09897610921501707,0.1296928327645051,0.06143344709897611,0.18771331058020477
places,0.07662835249042145,0.16475095785440613,0.0842911877394636,0.11877394636015326,0.1532567049808429,0.11494252873563218,0.06513409961685823,0.2222222222222222
inhabitants,0.09623430962343096,0.16736401673640167,0.06485355648535565,0.14435146443514643,0.12343096234309624,0.1087866108786611,0.05439330543933055,0.2405857740585774
chief,0.07991803278688525,0.20901639344262296,0.06147540983606557,0.11885245901639344,0.13524590163934427,0.12295081967213115,0.10655737704918032,0.16598360655737704
place,0.10210444271239283,0.16835541699142634,0.06936866718628215,0.13406079501169135,0.12782540919719407,0.13717848791894,0.06703039750584568,0.1940763834762276
entertained,0.14606741573033707,0.15730337078651685,0.056179775280898875,0.19101123595505617,0.19101123595505617,0.056179775280898875,0.07865168539325842,0.12359550561797752
carried,0.11597374179431072,0.17067833698030635,0.061269146608315096,0.175054704595186,0.08096280087527352,0.16849015317286653,0.061269146608315096,0.16630196936542668
received,0.10706638115631692,0.18201284796573874,0.04925053533190578,0.11777301927194861,0.1284796573875803,0.11349036402569593,0.07494646680942184,0.22698072805139186
kindness,0.10666666666666667,0.2,0.04,0.13333333333333333,0.16,0.08,0.09333333333333334,0.18666666666666668
obtain,0.08743169398907104,0.1912568306010929,0.03825136612021858,0.15300546448087432,0.14754098360655737,0.0546448087431694,0.07103825136612021,0.2568306010928962
sea,0.06181015452538632,0.2119205298013245,0.046357615894039736,0.12141280353200883,0.1368653421633554,0.11258278145695365,0.08609271523178808,0.2229580573951435
lose,0.1056338028169014,0.13380281690140844,0.13380281690140844,0.14084507042253522,0.08450704225352113,0.16901408450704225,0.1267605633802817,0.1056338028169014
dog,0.0738255033557047,0.19463087248322147,0.0738255033557047,0.1476510067114094,0.10738255033557047,0.16778523489932887,0.087248322147651,0.1476510067114094
guides,0.0718954248366013,0.23529411764705882,0.0392156862745098,0.13725490196078433,0.13725490196078433,0.1111111111111111,0.06535947712418301,0.20261437908496732
home,0.05194805194805195,0.22077922077922077,0.11688311688311688,0.1038961038961039,0.1038961038961039,0.14285714285714285,0.07792207792207792,0.18181818181818182
coast,0.03804347826086957,0.18478260869565216,0.05434782608695652,0.10326086956521739,0.1793478260869565,0.059782608695652176,0.03804347826086957,0.3423913043478261
bay,0.08505154639175258,0.16237113402061856,0.08247422680412371,0.11855670103092783,0.11855670103092783,0.12628865979381443,0.05412371134020619,0.25257731958762886
communication,0.07142857142857142,0.15934065934065933,0.06043956043956044,0.10989010989010989,0.11538461538461539,0.08241758241758242,0.04945054945054945,0.3516483516483517
towards,0.10648148148148148,0.19675925925925927,0.0625,0.13194444444444445,0.13657407407407407,0.12037037037037036,0.08796296296296297,0.1574074074074074
us,0.09683966367062917,0.19831835314583937,0.060887213685126125,0.15308785155117424,0.11481588866338069,0.11626558422731226,0.08321252536967237,0.17657291968686575
onwards,0.0392156862745098,0.17647058823529413,0.0196078431372549,0.09803921568627451,0.13725490196078433,0.1568627450980392,0.058823529411764705,0.3137254901960784
latitude,0.04945054945054945,0.26373626373626374,0.03296703296703297,0.08241758241758242,0.13736263736263737,0.08791208791208792,0.09340659340659341,0.25274725274725274
strength,0.09968847352024922,0.14018691588785046,0.056074766355140186,0.13395638629283488,0.1059190031152648,0.10903426791277258,0.07165109034267912,0.2834890965732087
hostile,0.185,0.125,0.15,0.235,0.055,0.1,0.05,0.1
salmon,0.07929515418502203,0.1894273127753304,0.05286343612334802,0.11894273127753303,0.15859030837004406,0.08370044052863436,0.05286343612334802,0.2643171806167401
different,0.0967741935483871,0.18858560794044665,0.05459057071960298,0.09925558312655088,0.13895781637717122,0.07196029776674938,0.06699751861042183,0.28287841191067
experienced,0.11578947368421053,0.15789473684210525,0.05263157894736842,0.15789473684210525,0.07368421052631578,0.12631578947368421,0.07368421052631578,0.24210526315789474
former,0.08108108108108109,0.19111969111969113,0.052123552123552123,0.1525096525096525,0.11003861003861004,0.15057915057915058,0.0694980694980695,0.19305019305019305
visit,0.043795620437956206,0.1897810218978102,0.06569343065693431,0.12408759124087591,0.15328467153284672,0.10218978102189781,0.072992700729927,0.24817518248175183
find,0.08868501529051988,0.17737003058103976,0.0581039755351682,0.13761467889908258,0.09174311926605505,0.12844036697247707,0.10397553516819572,0.21406727828746178
friendly,0.048,0.24,0.024,0.056,0.216,0.064,0.12,0.232
kind,0.08521303258145363,0.11278195488721804,0.047619047619047616,0.09649122807017543,0.23182957393483708,0.07393483709273183,0.040100250626566414,0.31203007518796994
departure,0.06976744186046512,0.20930232558139536,0.04186046511627907,0.08837209302325581,0.08837209302325581,0.26046511627906976,0.07441860465116279,0.16744186046511628
stop,0.16216216216216217,0.13513513513513514,0.05405405405405406,0.1891891891891892,0.05405405405405406,0.21621621621621623,0.05405405405405406,0.13513513513513514
provisions,0.08130081300813008,0.2032520325203252,0.052845528455284556,0.15040650406504066,0.0975609756097561,0.15853658536585366,0.06504065040650407,0.1910569105691057
whence,0.10300429184549356,0.17167381974248927,0.07725321888412018,0.12017167381974249,0.12875536480686695,0.0944206008583691,0.09012875536480687,0.2145922746781116
set,0.11026200873362445,0.16812227074235808,0.06222707423580786,0.11899563318777293,0.15065502183406113,0.08406113537117904,0.07641921397379912,0.2292576419213974
perfect,0.04697986577181208,0.21476510067114093,0.020134228187919462,0.11409395973154363,0.2080536912751678,0.08053691275167785,0.053691275167785234,0.26174496644295303
