,anger,anticipation,disgust,fear,joy,sadness,surprise,trust
gutenberg,0.08606965174129352,0.22960199004975124,0.04626865671641791,0.056467661691542284,0.07611940298507462,0.11442786069651739,0.01990049751243781,0.37114427860696514
's,0.09126563493746026,0.15661437354250585,0.0726494594021624,0.12440375238499048,0.14549766800932798,0.11205480178079288,0.07560419758320967,0.22191011235955058
crime,0.2751036021676761,0.1007331845712464,0.09531399426203378,0.14089894803952818,0.07108702582084793,0.09850175326745296,0.04622250557857825,0.17213898629263627
causes,0.1554502369668246,0.11279620853080567,0.1052132701421801,0.16682464454976303,0.08246445497630331,0.14407582938388624,0.054028436018957335,0.1791469194312796
ebook,0.06644144144144144,0.18355855855855857,0.04391891891891893,0.07545045045045046,0.10585585585585586,0.0855855855855856,0.044481981981981986,0.39470720720720726
use,0.12560293266448003,0.17441636118078332,0.0879799344009261,0.09994211846420992,0.15126374686475014,0.08508585761142196,0.0546015820953116,0.22110746671811696
anyone,0.09608540925266904,0.199288256227758,0.06405693950177935,0.07473309608540923,0.12099644128113878,0.08185053380782917,0.01779359430604982,0.3451957295373665
cost,0.11889400921658985,0.17419354838709675,0.06175115207373271,0.1216589861751152,0.12534562211981565,0.08847926267281105,0.06267281105990782,0.24700460829493084
almost,0.10222303206997085,0.1528790087463557,0.07981049562682216,0.13903061224489796,0.13811953352769682,0.12700437317784258,0.08199708454810496,0.17893586005830905
may,0.1075775073287732,0.16070000888336147,0.07604157413165143,0.11743803855378877,0.13556009594030383,0.11197477125344231,0.06902371857510882,0.2216842853335702
copy,0.1824767161090031,0.11590203518454638,0.07726802345636427,0.0700241462573301,0.04967230079337702,0.07243877199034149,0.03345981372887202,0.3987581924801656
give,0.08798964827667334,0.17903776026349844,0.055993412539701214,0.10375249970591696,0.1481002235031173,0.10857546171038703,0.07740265851076344,0.23914833548994235
away,0.09520263801723221,0.16838634187852358,0.06999255398361877,0.12977342835868524,0.13498563982555048,0.12690139346877993,0.08509733007126902,0.18966067439634082
terms,0.12012728719172634,0.13577300450808805,0.04799787854680456,0.07663749668522939,0.1288782816229117,0.05462741978255105,0.053036329885971886,0.38292230177671704
project,0.12273628100867903,0.17098339369917312,0.04872548349620721,0.04995557985375521,0.10394314221280669,0.07647099022756783,0.01954486434770724,0.4076402651541038
license,0.11076443057722309,0.218928757150286,0.05824232969318773,0.09308372334893396,0.11700468018720749,0.08840353614144565,0.03380135205408216,0.2797711908476339
release,0.11516853932584269,0.1797752808988764,0.08707865168539326,0.14887640449438203,0.07865168539325844,0.14606741573033707,0.06460674157303371,0.1797752808988764
english,0.09699675324675325,0.16274350649350647,0.07183441558441558,0.1221590909090909,0.13494318181818182,0.08969155844155843,0.06919642857142858,0.2524350649350649
produced,0.07793017456359103,0.16708229426433918,0.060473815461346635,0.11159600997506235,0.1415211970074813,0.09975062344139651,0.08478802992518704,0.25685785536159605
distributed,0.052121212121212124,0.2509090909090909,0.04969696969696969,0.08242424242424243,0.13333333333333333,0.06060606060606061,0.03393939393939394,0.3369696969696969
prison,0.2,0.08521303258145363,0.07719298245614035,0.2230576441102757,0.061654135338345864,0.19649122807017544,0.03458646616541353,0.1218045112781955
london,0.08094085091663783,0.18056035973711518,0.05984088550674507,0.11587685921826357,0.14942926323071604,0.10169491525423728,0.07367692839847803,0.23797993773780698
new,0.07161188840135772,0.19769848497392167,0.05099759913900157,0.10472721251759251,0.16839142313105387,0.09239175428429505,0.08104975577448463,0.2331318817782929
among,0.10211073046745496,0.14719858547905845,0.07558846281357055,0.1338269422035584,0.13846833904298816,0.11691899657420708,0.07448336832799204,0.21140457509117025
one,0.09046020990530748,0.16305068080285576,0.06684051899194152,0.12382703118654212,0.14992625526366415,0.10931321206421137,0.07671590107517688,0.21986619071030075
first,0.09012041952609091,0.1810177392205102,0.06448271397125471,0.12119642625922569,0.1456040398808753,0.10410462255600156,0.07904959212741164,0.21442444645863007
make,0.08243009381546589,0.1811640404408416,0.05756444120593861,0.11011931869933508,0.14828308589124692,0.10565625284634302,0.08097276618999909,0.23381000091082976
subject,0.10003216468317787,0.1521389514313284,0.07237053715020907,0.12994532003859763,0.1302669668703763,0.11128980379543262,0.08041170794467674,0.22354454808620136
daily,0.08763308763308764,0.2768222768222768,0.055692055692055695,0.10974610974610975,0.12285012285012284,0.09909909909909909,0.06715806715806714,0.180999180999181
important,0.06827586206896552,0.13034482758620689,0.04482758620689655,0.08482758620689655,0.10758620689655173,0.08068965517241379,0.05931034482758621,0.4241379310344828
addition,0.11727078891257998,0.1727078891257996,0.07249466950959489,0.09381663113006397,0.1300639658848614,0.10660980810234542,0.06396588486140725,0.24307036247334754
social,0.11158117398202008,0.165520888418826,0.05552617662612375,0.12109994711792703,0.16234796404019036,0.09254362771020624,0.0671602326811211,0.22421998942358543
series,0.0528375733855186,0.15068493150684933,0.0528375733855186,0.09784735812133073,0.1311154598825832,0.07827788649706459,0.07240704500978475,0.36399217221135033
light,0.08749347712645678,0.15985388763263175,0.0567055140024352,0.1271525482692642,0.16594190293964164,0.12210819272917028,0.0859279874760828,0.19481648982431726
upon,0.10408700402244625,0.15250533843174258,0.065848934796643,0.12926453791528034,0.13616725430799026,0.11143665888662661,0.07627749913095297,0.224412772508318
problems,0.10588235294117647,0.17647058823529413,0.05882352941176471,0.1411764705882353,0.1411764705882353,0.07058823529411765,0.07647058823529412,0.22941176470588237
society,0.0906515580736544,0.16916228247673004,0.05908539053014973,0.12181303116147307,0.15499797652772157,0.09024686361796844,0.0772966410360178,0.23674625657628487
deal,0.037797480167988805,0.21885207652823147,0.025898273448436773,0.04643023798413439,0.20531964535697622,0.042463835744283716,0.17848810079328045,0.24475034997666822
much,0.09044368600682592,0.16609783845278725,0.0638983693591202,0.1123751738086209,0.158323852863102,0.10554923524206798,0.08399696624952596,0.21931487801794966
interesting,0.08180708180708182,0.16849816849816848,0.05982905982905983,0.12820512820512822,0.13308913308913312,0.10378510378510379,0.07448107448107448,0.2503052503052503
work,0.12272727272727273,0.17954545454545454,0.04533799533799534,0.08397435897435898,0.12966200466200467,0.09265734265734266,0.06054778554778555,0.28554778554778554
considering,0.09803921568627451,0.1372549019607843,0.058823529411764705,0.12418300653594772,0.1568627450980392,0.0718954248366013,0.0784313725490196,0.2745098039215686
difficult,0.08067664281067013,0.13662979830839297,0.05920624593363695,0.26024723487312945,0.1262199089134678,0.0962914769030579,0.0631099544567339,0.17761873780091086
study,0.08241758241758242,0.15934065934065933,0.06501831501831501,0.10439560439560439,0.15476190476190477,0.10439560439560439,0.08608058608058608,0.2435897435897436
look,0.08981185658501951,0.1687965921192758,0.07028753993610223,0.12566560170394037,0.1490947816826411,0.1187433439829606,0.08803691870784522,0.1895633652822151
things,0.07440398218496201,0.17435158501440923,0.05999476028294472,0.10387739062090647,0.1659680377259628,0.0978517160073356,0.08357348703170028,0.23997904113177887
possibility,0.1343283582089552,0.2223880597014925,0.07313432835820895,0.12537313432835817,0.0791044776119403,0.1626865671641791,0.04029850746268656,0.1626865671641791
throughout,0.11001642036124795,0.1330049261083744,0.07060755336617405,0.12151067323481117,0.1330049261083744,0.09359605911330049,0.0755336617405583,0.2627257799671593
international,0.14705882352941174,0.09999999999999999,0.08235294117647059,0.14705882352941174,0.08823529411764705,0.14705882352941174,0.058823529411764705,0.22941176470588234
thought,0.07791421653407124,0.3210826703562781,0.050501556554825314,0.10290556900726391,0.12210307851954338,0.09503631961259079,0.0646835005188516,0.16577308889657558
well,0.08631354425879843,0.16921436189121933,0.06320654105936722,0.11325986491290436,0.1574120156416637,0.1001066477070743,0.0829008176324209,0.2275862068965517
worthy,0.06893464637421666,0.13339301700984782,0.05192479856759176,0.08952551477170993,0.1593554162936437,0.08504923903312443,0.06535362578334826,0.3464637421665175
consideration,0.09100642398286937,0.15845824411134904,0.07173447537473233,0.1209850107066381,0.1488222698072805,0.1038543897216274,0.069593147751606,0.23554603854389725
whether,0.09640522875816994,0.15413943355119827,0.06889978213507625,0.12935729847494554,0.14161220043572986,0.11819172113289761,0.0784313725490196,0.21296296296296297
american,0.08018327605956471,0.15998472699503627,0.06911034746086292,0.12371134020618557,0.13631156930126,0.1034746086292478,0.07827415043909888,0.24894998090874376
mr.,0.07997977755308391,0.1690596562184024,0.06380182002022244,0.09777553083923154,0.14782608695652172,0.09888776541961576,0.08402426693629929,0.25864509605662284
especially,0.08885017421602788,0.15853658536585366,0.07491289198606273,0.1207897793263647,0.14982578397212545,0.09930313588850175,0.07955865272938445,0.22822299651567945
without,0.09813084112149534,0.1630917726367397,0.06457790715489506,0.13375210663398193,0.1358970430519381,0.11100045962923243,0.07139574076911293,0.2221541290026046
conclusion,0.12686567164179105,0.1753731343283582,0.08022388059701492,0.1380597014925373,0.11753731343283581,0.08022388059701492,0.05223880597014926,0.2294776119402985
data,0.1347517730496454,0.0851063829787234,0.12056737588652484,0.1276595744680851,0.09929078014184399,0.1773049645390071,0.007092198581560284,0.24822695035460993
conclusions,0.125,0.1,0.1,0.175,0.1,0.075,0.04166666666666667,0.2833333333333334
must,0.10509885535900104,0.1653225806451613,0.0709547346514048,0.1270811654526535,0.13299947970863685,0.1149843912591051,0.06991415192507805,0.21364464099895944
times,0.09418103448275862,0.1581896551724138,0.0706896551724138,0.12435344827586206,0.1579741379310345,0.10689655172413794,0.08189655172413793,0.2058189655172414
facts,0.07613168724279835,0.1213991769547325,0.048010973936899855,0.10219478737997255,0.10631001371742112,0.09122085048010974,0.06172839506172839,0.39300411522633744
great,0.08749796073739735,0.1643917559410517,0.06270052748925987,0.11854913263363967,0.15998694871934308,0.10375768122246994,0.08488770460601446,0.21822828865082386
questions,0.0973630831643002,0.15415821501014199,0.06288032454361055,0.1359026369168357,0.13793103448275865,0.0973630831643002,0.08316430020283976,0.23123732251521298
criminals,0.12850467289719628,0.10747663551401869,0.1191588785046729,0.15654205607476634,0.07476635514018691,0.1588785046728972,0.06074766355140187,0.19392523364485978
made,0.09447201779907581,0.16583946602772548,0.0670888242341263,0.1271607051172343,0.151463289406127,0.1078213246619887,0.08055222773689315,0.20560214501682925
best,0.07959558823529411,0.16672794117647058,0.05643382352941176,0.11047794117647057,0.17058823529411762,0.10386029411764705,0.07867647058823529,0.23363970588235294
dealt,0.2333333333333333,0.033333333333333326,0.18333333333333332,0.2333333333333333,0.033333333333333326,0.09999999999999998,0.016666666666666663,0.16666666666666666
many,0.08925652259203556,0.16523899823448635,0.06480088929575623,0.12077421042306936,0.15373046491859022,0.11044268619629896,0.07545936049172823,0.220296867848035
february,0.08235294117647059,0.1952941176470588,0.0611764705882353,0.11529411764705882,0.14352941176470588,0.10588235294117647,0.07764705882352942,0.21882352941176472
second,0.08928571428571429,0.19575471698113206,0.06266846361185985,0.12466307277628033,0.13173854447439354,0.10882749326145552,0.08018867924528301,0.2068733153638814
statistics,0.15286377708978327,0.1068111455108359,0.12345201238390091,0.17221362229102166,0.08281733746130031,0.13777089783281732,0.062306501547987614,0.16176470588235292
climate,0.132486388384755,0.12159709618874774,0.11433756805807622,0.14519056261343014,0.11978221415607987,0.11070780399274048,0.0780399274047187,0.17785843920145192
destitution,0.17083333333333334,0.12916666666666668,0.11250000000000002,0.14583333333333334,0.07916666666666668,0.12083333333333333,0.02916666666666667,0.21250000000000002
poverty,0.18750000000000003,0.06250000000000001,0.14488636363636365,0.18181818181818185,0.06676136363636365,0.1803977272727273,0.04119318181818182,0.13494318181818182
sex,0.07509505703422054,0.20532319391634984,0.045627376425855515,0.094106463878327,0.21007604562737642,0.07319391634980989,0.0532319391634981,0.24334600760456276
age,0.09483308526472464,0.16308739102700404,0.06400170104188815,0.11928556240697427,0.16181160961088667,0.1118435041462896,0.08207527110355092,0.2030618753986817
criminal,0.22498060512024823,0.07098525989138867,0.18541505042668735,0.2342901474010861,0.0430566330488751,0.08029480217222652,0.03180760279286268,0.1291698991466253
body,0.10934699103713189,0.13597951344430217,0.0829705505761844,0.16312419974391806,0.12035851472471192,0.14929577464788735,0.0647887323943662,0.17413572343149808
mind,0.09199632014719411,0.16191352345906163,0.06807727690892364,0.1341832041004074,0.15021684846891836,0.10973846760415297,0.07241424628729136,0.21146011302405046
punishment,0.2345597897503285,0.07687253613666228,0.17017082785808146,0.23718791064388964,0.04533508541392904,0.10249671484888306,0.028252299605781867,0.10512483574244416
volume,0.09217877094972067,0.16201117318435754,0.08798882681564246,0.12290502793296089,0.14385474860335196,0.10614525139664804,0.0670391061452514,0.21787709497206703
examination,0.07550335570469799,0.10906040268456377,0.04865771812080537,0.2348993288590604,0.07550335570469799,0.07718120805369127,0.18624161073825504,0.1929530201342282
principal,0.0975609756097561,0.1352549889135255,0.059866962305986704,0.09977827050997784,0.10643015521064302,0.08647450110864746,0.05764966740576497,0.3569844789356985
introduction,0.10320284697508895,0.17081850533807827,0.03202846975088968,0.14590747330960854,0.1423487544483986,0.0711743772241993,0.10320284697508895,0.2313167259786477
general,0.08474208929345471,0.1283051582141309,0.05635023840485479,0.10814911140008669,0.11378413524057217,0.08430862592110967,0.05916775032509753,0.3651928912006936
spite,0.215033887861984,0.1281577325939618,0.06223043746149107,0.11337030191004313,0.14540973505853358,0.08810844115834873,0.0640788662969809,0.1836105976586568
attention,0.08622994652406417,0.19050802139037432,0.05481283422459893,0.11430481283422458,0.16377005347593585,0.0875668449197861,0.07620320855614972,0.2266042780748663
hitherto,0.10847457627118645,0.16271186440677968,0.08135593220338984,0.12203389830508475,0.12881355932203392,0.10508474576271187,0.054237288135593226,0.23728813559322035
received,0.09878290404755166,0.18313048400792528,0.043589017831870934,0.08066798754599491,0.15935465609963204,0.09368808378148882,0.09680158505519389,0.24398528163034247
receiving,0.08541666666666667,0.22916666666666669,0.01875,0.05833333333333334,0.2,0.06458333333333334,0.18958333333333335,0.15416666666666667
still,0.09241137370753325,0.16285081240768096,0.06730059084194978,0.12869276218611522,0.1547267355982275,0.11207533234859676,0.0813330871491876,0.20060930576070904
remains,0.06778476589797344,0.10272536687631029,0.14255765199161427,0.19566736547868624,0.10621942697414397,0.08455625436757512,0.044723969252271144,0.2557651991614256
system,0.0910757946210269,0.12591687041564792,0.05623471882640587,0.1308068459657702,0.10146699266503667,0.09229828850855747,0.0654034229828851,0.3367970660146699
offenders,0.17687074829931973,0.11337868480725623,0.10884353741496598,0.2290249433106576,0.03854875283446712,0.16099773242630383,0.03174603174603175,0.14058956916099774
annually,0.12916666666666668,0.10416666666666667,0.09166666666666667,0.19583333333333333,0.09583333333333334,0.12916666666666668,0.05833333333333334,0.19583333333333333
courts,0.1463414634146341,0.09268292682926828,0.1170731707317073,0.17073170731707313,0.1121951219512195,0.09756097560975609,0.024390243902439022,0.2390243902439024
condition,0.09879424348502527,0.1528588098016336,0.08712563204978609,0.147024504084014,0.12213146635550369,0.1338000777907429,0.059120964605211976,0.19914430182808246
lead,0.09787556904400607,0.1623672230652504,0.06980273141122914,0.13429438543247346,0.125948406676783,0.1244309559939302,0.06828528072837634,0.21699544764795145
state,0.07622173595915391,0.13858497447118892,0.059080962800875284,0.12600291757840992,0.11469730123997084,0.1114150255288111,0.06363967906637491,0.31035740335521517
careful,0.0843558282208589,0.13496932515337423,0.0705521472392638,0.1411042944785276,0.13343558282208587,0.09202453987730061,0.09355828220858894,0.24999999999999997
take,0.09287691920463124,0.17493078278379057,0.06355398942864333,0.1257236345330984,0.1410772715831865,0.0972816511452303,0.08419330480745028,0.2203624465139693
interest,0.07956600361663654,0.189873417721519,0.054611211573236895,0.0972875226039783,0.15768535262206151,0.09005424954792045,0.09330922242314649,0.23761301989150094
welfare,0.08982035928143713,0.15568862275449102,0.08383233532934133,0.10179640718562875,0.17365269461077845,0.0718562874251497,0.0658682634730539,0.2574850299401198
following,0.09087947882736157,0.19902280130293162,0.05732899022801303,0.10944625407166124,0.12280130293159609,0.1013029315960912,0.05309446254071661,0.26612377850162866
show,0.08794197642792384,0.13115744938047746,0.06497431248111211,0.10849199153822905,0.11272287700211543,0.09761257177394983,0.06648534300392868,0.33061347839226346
generally,0.10109289617486339,0.1489071038251366,0.07650273224043716,0.125,0.14002732240437157,0.10314207650273224,0.07240437158469945,0.23292349726775957
supposed,0.11312545322697606,0.15591007976794777,0.08121827411167513,0.11965192168237852,0.1305293691080493,0.09934735315445975,0.06816533720087019,0.2320522117476432
able,0.09079365079365079,0.16380952380952382,0.05619047619047619,0.1234920634920635,0.15396825396825395,0.10349206349206348,0.07936507936507936,0.2288888888888889
stamp,0.09090909090909091,0.09090909090909091,0.09090909090909091,0.15909090909090912,0.13636363636363635,0.18181818181818182,0.022727272727272728,0.2272727272727273
question,0.09454232917920068,0.15900300816501933,0.0678985818650623,0.12032660077352812,0.14009454232917917,0.11345079501504081,0.0790717662226042,0.22561237645036525
would,0.09799161333039065,0.16400904877510483,0.06632090046347384,0.1326418009269477,0.1382145221805341,0.11051644228647098,0.07696976384903995,0.21333590818803794
extremely,0.1282051282051282,0.10622710622710622,0.08424908424908426,0.14652014652014653,0.12454212454212456,0.1575091575091575,0.08058608058608059,0.17216117216117216
hard,0.10844594594594593,0.15506756756756757,0.06959459459459459,0.12466216216216215,0.13952702702702702,0.11925675675675675,0.08479729729729729,0.19864864864864865
answer,0.10891089108910891,0.1555869872701556,0.06364922206506365,0.14144271570014144,0.13366336633663364,0.10678925035360678,0.07708628005657708,0.21287128712871284
ever,0.09075043630017453,0.16604338070306657,0.06494639740713039,0.11692844677137872,0.16591872351034656,0.112565445026178,0.07840937422089254,0.2044377960608327
generation,0.09629629629629631,0.15555555555555556,0.06913580246913581,0.10864197530864197,0.16296296296296298,0.09629629629629631,0.09382716049382717,0.21728395061728395
effected,0.1347517730496454,0.11347517730496454,0.12056737588652482,0.1631205673758865,0.12056737588652482,0.10638297872340424,0.042553191489361694,0.19858156028368795
single,0.10711493354182958,0.15949960906958563,0.054730258014073496,0.13213448006254888,0.1383893666927287,0.11727912431587179,0.07349491790461297,0.21735731039874903
alone,0.0905982905982906,0.15327635327635328,0.07264957264957264,0.14472934472934473,0.14672364672364674,0.12507122507122506,0.07378917378917378,0.19316239316239317
never,0.09498592304598472,0.16248826920498724,0.06743531304464405,0.1211958707601555,0.15290253385172273,0.11422442686687223,0.08385842606247486,0.2029092371631586
succeed,0.0660377358490566,0.1981132075471698,0.0330188679245283,0.07547169811320754,0.17452830188679244,0.056603773584905655,0.16037735849056603,0.23584905660377356
end,0.09872029250457039,0.165530995512714,0.06332059165697192,0.12697357487119826,0.14575369785607445,0.11500747881003823,0.0726275552600964,0.21206581352833637
hold,0.10217065868263474,0.1691616766467066,0.05726047904191617,0.12088323353293413,0.13023952095808383,0.10104790419161677,0.06773952095808383,0.25149700598802394
certain,0.09821249246836714,0.14641494275959027,0.08154247840931914,0.13135167704358305,0.13135167704358305,0.13054830287206268,0.07270536252259491,0.20787306688089977
extent,0.1281296023564065,0.1281296023564065,0.08247422680412372,0.12960235640648013,0.11192930780559648,0.13696612665684832,0.06332842415316643,0.21944035346097204
check,0.25,0.0981012658227848,0.04746835443037974,0.17088607594936708,0.08544303797468354,0.14873417721518986,0.04430379746835443,0.1550632911392405
transform,0.23214285714285712,0.10714285714285712,0.14285714285714285,0.17857142857142858,0.08928571428571429,0.14285714285714285,0.03571428571428571,0.07142857142857142
delinquent,0.2987012987012987,0.025974025974025972,0.20779220779220778,0.15584415584415584,0.03896103896103896,0.12987012987012989,0.0,0.14285714285714285
population,0.17815344603381017,0.08777633289986997,0.11573472041612484,0.18335500650195058,0.07867360208062418,0.11963589076723018,0.052665799739921984,0.18400520156046815
honest,0.12414318354912414,0.07958872810357959,0.11995430312261995,0.13480578827113482,0.16717440974866718,0.1290936785986291,0.0376999238385377,0.20753998476770757
citizens,0.07130434782608695,0.16869565217391305,0.043478260869565216,0.1182608695652174,0.15304347826086956,0.0973913043478261,0.08695652173913043,0.2608695652173913
simple,0.08540685944855413,0.15063887020847344,0.06859448554135844,0.11970410221923335,0.17753866845998656,0.10759919300605246,0.07128446536650974,0.21923335574983185
reason,0.09065315315315316,0.14583333333333331,0.06503378378378379,0.13288288288288286,0.14864864864864863,0.10613738738738737,0.07010135135135136,0.24070945945945946
economic,0.15885416666666666,0.10416666666666667,0.08593750000000001,0.14062500000000003,0.09114583333333333,0.11458333333333334,0.03385416666666667,0.27083333333333337
prosperity,0.12260536398467434,0.15708812260536398,0.06896551724137931,0.12452107279693488,0.14942528735632185,0.1111111111111111,0.05938697318007663,0.20689655172413796
however,0.10507114191900765,0.15888361911711055,0.06822327617657789,0.12185333819773804,0.12842028456767604,0.10744253921926304,0.07114191900766144,0.23896388179496533
people,0.08945089549301317,0.16768352686479038,0.06937610706553828,0.12428655776421964,0.15420192875418223,0.1000787246604999,0.07961031293052548,0.21531194646723084
imagine,0.09999999999999999,0.134375,0.084375,0.121875,0.17500000000000002,0.121875,0.075,0.18749999999999997
evils,0.10655737704918034,0.12295081967213115,0.07377049180327869,0.14754098360655737,0.11885245901639344,0.1721311475409836,0.0819672131147541,0.1762295081967213
want,0.10015835312747427,0.15676959619952496,0.06730007917656373,0.11559778305621536,0.14924782264449724,0.10411718131433097,0.09026128266033254,0.21654790182106098
true,0.06356680400235433,0.11453796350794586,0.0452030606238964,0.08546203649205414,0.2568569746909947,0.0746321365509123,0.05662154208357857,0.30311948204826367
small,0.0934968757232122,0.16523952788706314,0.07845406155982411,0.12057394121731078,0.14533672760934965,0.1173339504744272,0.0722055079842629,0.20735940754454985
number,0.09828438499563827,0.16051177667926722,0.06542599592904914,0.1285257342250654,0.12212852573422507,0.11660366385577202,0.07036929339924396,0.23815062518173885
crimes,0.1509433962264151,0.13788098693759068,0.10304789550072567,0.17561683599419448,0.07111756168359941,0.11030478955007256,0.05515239477503628,0.19593613933236576
probably,0.10167064439140812,0.15799522673031027,0.081145584725537,0.14844868735083533,0.11503579952267304,0.11885441527446303,0.0720763723150358,0.20477326968973747
due,0.11774370208105149,0.14950711938663747,0.07940854326396496,0.13745892661555312,0.11336254107338445,0.13307776560788612,0.0755750273822563,0.19386637458926617
sheer,0.16161616161616163,0.10101010101010102,0.12121212121212122,0.17171717171717174,0.08080808080808081,0.15151515151515152,0.06060606060606061,0.15151515151515152
food,0.0708029197080292,0.10729927007299271,0.06861313868613139,0.10218978102189781,0.23211678832116792,0.08102189781021898,0.052554744525547446,0.2854014598540146
borne,0.13513513513513514,0.12312312312312311,0.07807807807807808,0.17717717717717715,0.12312312312312311,0.13513513513513514,0.08408408408408409,0.14414414414414414
remain,0.0993150684931507,0.1598173515981735,0.07305936073059362,0.1038812785388128,0.15639269406392695,0.09817351598173515,0.05593607305936073,0.2534246575342466
evil,0.1517734815040341,0.10184198508144315,0.13259247982950223,0.16943218145836506,0.09864515146902117,0.1517734815040341,0.06287106104429899,0.13107017810930127
even,0.09892133649039725,0.15213101815311758,0.07096816627203366,0.12621678505656406,0.14765851091817941,0.1220073664825046,0.07438831886345698,0.20770849776374634
distress,0.15425531914893617,0.07446808510638299,0.13829787234042554,0.1648936170212766,0.07446808510638299,0.18617021276595744,0.13031914893617022,0.07712765957446809
matter,0.09574944071588366,0.15257270693512304,0.074496644295302,0.12908277404921698,0.12527964205816552,0.11387024608501117,0.0680089485458613,0.2409395973154362
fact,0.08616271620755926,0.12235746316463805,0.0618193465727098,0.11306854580397181,0.11034593209481101,0.09433055733504164,0.06053811659192825,0.3513773222293402
easy,0.09331373989713447,0.1565025716385011,0.0639235855988244,0.12417340191036003,0.1550330639235856,0.10727406318883174,0.08302718589272594,0.21675238795003676
circumstances,0.11782032400589103,0.15316642120765833,0.07584683357879235,0.13696612665684832,0.12960235640648013,0.11119293078055964,0.07290132547864507,0.2025036818851252
less,0.10266519476423278,0.1565999053777007,0.06970509383378017,0.12821321558113863,0.1406718183251853,0.11559690900488882,0.07459391263207697,0.2119539504809967
influence,0.11065573770491804,0.1587183308494784,0.0793591654247392,0.12965722801788376,0.13487332339791358,0.09687034277198212,0.07153502235469449,0.2183308494783905
conduct,0.10992907801418439,0.13918439716312056,0.06826241134751773,0.1374113475177305,0.1356382978723404,0.09485815602836879,0.0673758865248227,0.24734042553191488
believed,0.09027081243731193,0.12086258776328987,0.0667001003009027,0.10531594784353059,0.11183550651955866,0.09327983951855566,0.06569709127382146,0.34603811434302906
whole,0.10092180546726,0.15940877304513668,0.06802288620470438,0.1319135410044501,0.1458995549904641,0.11300063572790846,0.07533375715193898,0.20549904640813732
addicted,0.2173913043478261,0.11304347826086958,0.09565217391304348,0.1391304347826087,0.08695652173913045,0.10434782608695653,0.026086956521739132,0.2173913043478261
poor,0.09539320614239181,0.14952691174189547,0.08313944470296263,0.12827671785326508,0.1425469210485497,0.12734605242748567,0.07817589576547232,0.19559485031797735
progress,0.10059171597633138,0.22263313609467456,0.045118343195266274,0.10207100591715976,0.21671597633136097,0.09541420118343195,0.053994082840236685,0.16346153846153846
civilisation,0.15172413793103448,0.15172413793103448,0.08965517241379312,0.13793103448275862,0.11034482758620691,0.10344827586206896,0.08965517241379312,0.16551724137931034
destroy,0.14601769911504425,0.12389380530973451,0.11725663716814158,0.16150442477876104,0.10619469026548671,0.10840707964601769,0.05973451327433628,0.17699115044247787
savage,0.19778699861687413,0.09266943291839559,0.0760719225449516,0.23374827109266944,0.11341632088520055,0.08713692946058092,0.058091286307053944,0.14107883817427386
tribes,0.1076923076923077,0.17692307692307693,0.0423076923076923,0.1576923076923077,0.13076923076923078,0.04615384615384615,0.061538461538461535,0.2769230769230769
living,0.08672676406589991,0.15977618899595894,0.06030463164438918,0.13086726764065898,0.16288467516319552,0.10382343798570096,0.08019894311470313,0.2154180913894933
primitive,0.12828947368421054,0.11513157894736842,0.09539473684210525,0.15460526315789472,0.09868421052631579,0.14144736842105263,0.07236842105263158,0.19407894736842105
forms,0.11674449633088727,0.12474983322214812,0.0827218145430287,0.1407605070046698,0.14342895263509006,0.12341561040693798,0.07004669779853237,0.19813208805870583
life,0.09010233450591622,0.15965781899584267,0.06731691717300928,0.12188199552286536,0.162216181643748,0.11076910777102655,0.0799488327470419,0.20810681164055006
present,0.04926277288833009,0.20859526803063208,0.03497542576294434,0.06240713224368499,0.19362212824322783,0.05109155332037947,0.1535032575151446,0.24654246199565666
far,0.08772806798300423,0.16033491627093224,0.05973506623344164,0.1324668832791802,0.14821294676330915,0.11809547613096723,0.08085478630342413,0.21257185703574105
spectacle,0.15333333333333335,0.11333333333333334,0.10666666666666667,0.16666666666666666,0.12,0.13999999999999999,0.06,0.13999999999999999
respect,0.05820105820105821,0.20370370370370372,0.04920634920634921,0.07936507936507937,0.21534391534391537,0.061375661375661375,0.046031746031746035,0.2867724867724868
person,0.12217881944444445,0.15863715277777776,0.0685763888888889,0.11371527777777779,0.1427951388888889,0.09418402777777778,0.0783420138888889,0.22157118055555558
property,0.11973244147157192,0.14581939799331106,0.09163879598662208,0.11638795986622075,0.11036789297658862,0.1137123745819398,0.052173913043478265,0.2501672240802676
classes,0.14307228915662648,0.14006024096385541,0.10692771084337348,0.14909638554216867,0.12198795180722892,0.12499999999999999,0.052710843373493965,0.16114457831325302
europe,0.0962888665997994,0.1534603811434303,0.07823470411233702,0.10932798395185558,0.14343029087261785,0.09428284854563691,0.0732196589769308,0.25175526579739216
america,0.07961783439490447,0.189171974522293,0.05732484076433121,0.08662420382165606,0.16369426751592356,0.08280254777070065,0.07961783439490447,0.2611464968152866
done,0.08812056737588651,0.16187943262411347,0.06648936170212766,0.12819148936170213,0.1482269503546099,0.11063829787234042,0.08085106382978723,0.2156028368794326
change,0.07758620689655173,0.14482758620689656,0.049999999999999996,0.27025862068965517,0.12456896551724139,0.09051724137931035,0.06896551724137931,0.1732758620689655
form,0.09323829705259101,0.1587362743209401,0.06530533615873627,0.11943748795993064,0.14332498555191678,0.1022924292043922,0.0672317472548642,0.25043344249662874
schools,0.10707070707070707,0.15555555555555556,0.07878787878787878,0.10707070707070707,0.1212121212121212,0.11515151515151514,0.07272727272727272,0.2424242424242424
merely,0.09226333493512734,0.16482460355598272,0.06295050456511293,0.11004324843825085,0.16866890917827967,0.10812109562710236,0.07832772705430081,0.21480057664584334
intellectual,0.11873990306946688,0.13893376413570274,0.0654281098546042,0.08481421647819064,0.1825525040387722,0.10420032310177707,0.06785137318255251,0.23747980613893377
training,0.09269662921348314,0.1685393258426966,0.03651685393258427,0.12078651685393256,0.1741573033707865,0.09269662921348314,0.08707865168539325,0.22752808988764042
institutions,0.08908685968819599,0.1514476614699332,0.06681514476614699,0.12026726057906459,0.16481069042316257,0.08463251670378619,0.05567928730512249,0.26726057906458794
little,0.08342429440199596,0.17090285357866836,0.0687145901554135,0.11585841259940746,0.16476947866313219,0.11331150267685432,0.08254067259213058,0.20047819533239775
salutary,0.10810810810810811,0.10810810810810811,0.08108108108108109,0.10810810810810811,0.16216216216216217,0.10810810810810811,0.08108108108108109,0.24324324324324323
nothing,0.09866865745925095,0.14657210401891252,0.07477914644767948,0.1284061216871967,0.14881174567624736,0.11695906432748537,0.0772676371780515,0.20853552320517607
deplorable,0.19540229885057472,0.09195402298850575,0.12643678160919541,0.16091954022988508,0.08045977011494254,0.14942528735632185,0.034482758620689655,0.16091954022988508
respecting,0.21052631578947367,0.08187134502923978,0.12280701754385964,0.2046783625730994,0.06432748538011696,0.11695906432748539,0.03508771929824561,0.16374269005847955
points,0.09828571428571428,0.1737142857142857,0.060571428571428575,0.10628571428571429,0.16457142857142856,0.08914285714285715,0.07657142857142858,0.23085714285714287
morality,0.0859375,0.13975694444444445,0.045138888888888895,0.09461805555555557,0.12847222222222224,0.08246527777777778,0.052083333333333336,0.3715277777777778
result,0.10004426737494465,0.2638335546702081,0.06463036741921203,0.1257193448428508,0.09783089862771138,0.11288180610889774,0.06728640991589199,0.16777335104028332
children,0.08792111750205424,0.1633114215283484,0.06203779786359902,0.12777321281840592,0.15694330320460148,0.11935086277732128,0.07621199671322926,0.20645028759244044
england,0.09580583351075155,0.15137321694698744,0.07110921865020225,0.12497338726846924,0.14690227804981904,0.10027677240791995,0.07919948903555461,0.23035980413029594
hardly,0.09692132269099202,0.1602052451539339,0.06271379703534778,0.12485746864310149,0.13968072976054735,0.11630558722919043,0.09064994298745725,0.2086659064994299
moral,0.18192285549798504,0.11840337747073498,0.05181347150259068,0.09537516791402802,0.11686816350028785,0.07944732297063903,0.0579543273843792,0.29821531375935517
whatever,0.08002443494196701,0.16127061698228468,0.0531459987782529,0.12339645693341478,0.17532070861331703,0.09407452657299939,0.06841783750763593,0.24434941967012827
often,0.09960000000000001,0.154,0.0794,0.12960000000000002,0.1456,0.1176,0.06860000000000001,0.20559999999999998
us,0.08400943667644857,0.1631279129984464,0.06041774555498014,0.12198630531100751,0.1702054203348869,0.10190459750273317,0.07854306922147418,0.219805512400023
three,0.09063282087951377,0.16553450125134073,0.06667858419735431,0.12370396853771899,0.14587057561673222,0.11101179835538078,0.07579549517340008,0.22077225598855918
think,0.09316770186335403,0.16592724046140195,0.07024548950014788,0.1271813073055309,0.14670215912451937,0.11934338952972492,0.07941437444543034,0.19801833776989056
hope,0.0471211687195646,0.19879690633056435,0.03337152678315669,0.06731595531366372,0.2029504439988542,0.059868232598109423,0.1508163849899742,0.23975938126611288
way,0.09319962922389821,0.16845032442908905,0.0657284907727311,0.12134490604196511,0.14620375832139548,0.10946321732535604,0.08055953484452684,0.21505013904103817
course,0.08866680842015734,0.16011056772273016,0.06272591962577079,0.12375079736338508,0.1465022326174782,0.10737826918987879,0.08568998511588348,0.22517541994471613
principles,0.08366533864541831,0.15670650730411684,0.047808764940239036,0.10756972111553784,0.14077025232403717,0.08233731739707834,0.07171314741035856,0.30942895086321376
unless,0.10437235543018336,0.15796897038081809,0.07122708039492243,0.13328631875881522,0.13469675599435824,0.11706629055007052,0.07334273624823696,0.20803949224259521
home,0.07678075855689177,0.1859389454209066,0.05537201004361043,0.10915818686401482,0.16505880798202727,0.1078366591780098,0.08074534161490685,0.21910929033963264
case,0.08039068369646882,0.10939143501126973,0.06431254695717506,0.24042073628850488,0.08099173553719008,0.22058602554470325,0.05003756574004508,0.15386927122464314
long,0.07220052083333332,0.32265625,0.050911458333333326,0.10735677083333331,0.12018229166666665,0.09941406249999998,0.06419270833333332,0.16308593749999997
women,0.1015952980688497,0.15113350125944586,0.07262804366078925,0.12321578505457599,0.1572208228379513,0.1114609571788413,0.0808144416456759,0.20193115029387068
conditions,0.10886850152905198,0.13516819571865443,0.0837920489296636,0.15229357798165138,0.11498470948012231,0.13700305810397553,0.07155963302752293,0.19633027522935778
industrial,0.12857142857142856,0.15714285714285714,0.07857142857142857,0.1392857142857143,0.08928571428571427,0.11071428571428571,0.08928571428571427,0.2071428571428571
duties,0.07835820895522388,0.15485074626865672,0.0541044776119403,0.09701492537313434,0.17537313432835822,0.10634328358208955,0.06529850746268658,0.26865671641791045
beginning,0.08561236623067776,0.17003567181926277,0.06956004756242568,0.11950059453032102,0.14863258026159334,0.11236623067776456,0.08739595719381688,0.20689655172413793
get,0.09319645732689211,0.18458132045088566,0.06199677938808374,0.12077294685990338,0.14110305958132044,0.09923510466988728,0.09460547504025765,0.20450885668276972
rid,0.14685314685314685,0.1188811188811189,0.1048951048951049,0.16783216783216784,0.09790209790209792,0.15384615384615385,0.07692307692307693,0.13286713286713286
problem,0.08350730688935282,0.13778705636743216,0.048016701461377875,0.21085594989561587,0.10855949895615867,0.20041753653444674,0.054279749478079335,0.15657620041753653
composed,0.09009009009009009,0.18318318318318316,0.06906906906906907,0.11411411411411411,0.15015015015015015,0.12012012012012012,0.06906906906906907,0.2042042042042042
vigorous,0.10909090909090907,0.1272727272727273,0.07727272727272727,0.1409090909090909,0.1318181818181818,0.08636363636363635,0.0409090909090909,0.2863636363636363
degeneracy,0.21319796954314718,0.07106598984771574,0.1878172588832487,0.0913705583756345,0.06598984771573603,0.20304568527918782,0.025380710659898477,0.14213197969543148
disease,0.1613285883748517,0.0782918149466192,0.15391459074733094,0.20759193357058123,0.05723606168446025,0.19128113879003555,0.034400948991696316,0.11595492289442466
degenerate,0.13333333333333333,0.04444444444444445,0.15555555555555559,0.2,0.0888888888888889,0.11111111111111113,0.022222222222222227,0.24444444444444446
respects,0.036,0.16799999999999998,0.06,0.068,0.144,0.076,0.08399999999999999,0.364
always,0.08429022082018928,0.1699684542586751,0.05892744479495268,0.10876971608832807,0.17438485804416404,0.09753943217665616,0.08025236593059937,0.2258675078864353
produce,0.11485451761102602,0.1807044410413476,0.09341500765696784,0.12710566615620214,0.11485451761102602,0.1225114854517611,0.08269525267993874,0.1638591117917305
faculties,0.1294964028776978,0.15107913669064746,0.07194244604316546,0.14388489208633093,0.10791366906474818,0.09352517985611511,0.050359712230215826,0.2517985611510791
physical,0.1225937183383992,0.11955420466058764,0.09270516717325229,0.13120567375886524,0.11094224924012158,0.11854103343465046,0.05724417426545086,0.24721377912867276
mental,0.140625,0.11363636363636365,0.08806818181818182,0.15198863636363638,0.10795454545454546,0.1278409090909091,0.059659090909090905,0.21022727272727273
either,0.10746685275645501,0.15422191207257505,0.07839032333100722,0.13305419865084905,0.12514538264712724,0.11956268899744127,0.07048150732728542,0.21167713421725984
character,0.09824223452925596,0.15097519865157716,0.06718035155309415,0.11702383818926078,0.15314230676619311,0.09198169997592101,0.07560799422104503,0.2458463761136528
unfit,0.2117647058823529,0.08235294117647059,0.09411764705882353,0.19999999999999998,0.08235294117647059,0.15294117647058822,0.08235294117647059,0.09411764705882353
cases,0.12591815320041974,0.11227701993704092,0.10772997551591466,0.18782791185729275,0.0905911157747464,0.1545995103182931,0.05631339629240994,0.16474291710388247
namely,0.09513742071881608,0.1522198731501057,0.06765327695560254,0.12684989429175478,0.1522198731501057,0.10147991543340382,0.05073995771670191,0.25369978858350956
career,0.07129277566539924,0.3051330798479088,0.052281368821292785,0.09220532319391635,0.13498098859315588,0.08745247148288975,0.08840304182509506,0.1682509505703422
