,anger,anticipation,disgust,fear,joy,sadness,surprise,trust
project,0.11560693641618497,0.1655281135049921,0.04519180241723594,0.08985811875985286,0.10825013137151865,0.07619548081975827,0.03205465055176038,0.3673147661586968
gutenberg,0.08991825613079019,0.18392370572207084,0.043596730245231606,0.10217983651226158,0.09400544959128065,0.09400544959128065,0.039509536784741145,0.3528610354223433
bloodletting,0.05674846625766871,0.1196319018404908,0.1411042944785276,0.22085889570552147,0.049079754601226995,0.17177914110429449,0.03680981595092025,0.20398773006134968
instruments,0.045454545454545456,0.1,0.15272727272727274,0.24909090909090909,0.03636363636363636,0.18181818181818182,0.02727272727272727,0.20727272727272728
national,0.0,0.23684210526315788,0.05263157894736842,0.07894736842105263,0.13157894736842105,0.02631578947368421,0.05263157894736842,0.42105263157894735
museum,0.0189873417721519,0.17721518987341772,0.12658227848101267,0.23417721518987342,0.0379746835443038,0.11392405063291139,0.012658227848101266,0.27848101265822783
history,0.04923076923076923,0.16,0.14461538461538462,0.2153846153846154,0.027692307692307693,0.08615384615384615,0.027692307692307693,0.28923076923076924
technology,0.007751937984496124,0.10077519379844961,0.1937984496124031,0.21705426356589147,0.06976744186046512,0.17054263565891473,0.031007751937984496,0.20930232558139536
use,0.10352422907488987,0.15198237885462554,0.11894273127753303,0.1211453744493392,0.13215859030837004,0.08590308370044053,0.05506607929515418,0.23127753303964757
almost,0.09712230215827339,0.17086330935251798,0.06294964028776978,0.1420863309352518,0.1366906474820144,0.10251798561151079,0.08992805755395683,0.19784172661870503
may,0.07129277566539924,0.15779467680608364,0.06653992395437262,0.07699619771863118,0.14638783269961977,0.09885931558935361,0.06749049429657794,0.314638783269962
copy,0.17695473251028807,0.11522633744855967,0.07407407407407407,0.06584362139917696,0.053497942386831275,0.06995884773662552,0.053497942386831275,0.39094650205761317
give,0.07719298245614035,0.18947368421052632,0.04912280701754386,0.11929824561403508,0.12982456140350876,0.09824561403508772,0.07719298245614035,0.2596491228070175
away,0.10759493670886076,0.13291139240506328,0.05907172995780591,0.18143459915611815,0.08649789029535865,0.14135021097046413,0.09282700421940929,0.19831223628691982
terms,0.11428571428571428,0.1357142857142857,0.05357142857142857,0.08214285714285714,0.11071428571428571,0.05,0.05714285714285714,0.3964285714285714
license,0.1111111111111111,0.1984126984126984,0.04497354497354497,0.12962962962962962,0.12169312169312169,0.08465608465608465,0.05291005291005291,0.2566137566137566
included,0.022727272727272728,0.20454545454545456,0.11363636363636363,0.13636363636363635,0.06818181818181818,0.20454545454545456,0.045454545454545456,0.20454545454545456
title,0.0,0.22058823529411764,0.014705882352941176,0.04411764705882353,0.08823529411764706,0.029411764705882353,0.04411764705882353,0.5588235294117647
author,0.023809523809523808,0.14285714285714285,0.0,0.047619047619047616,0.047619047619047616,0.047619047619047616,0.0,0.6904761904761905
release,0.06363636363636363,0.19090909090909092,0.01818181818181818,0.09090909090909091,0.10909090909090909,0.10909090909090909,0.06363636363636363,0.35454545454545455
date,0.029411764705882353,0.17647058823529413,0.029411764705882353,0.058823529411764705,0.11764705882352941,0.14705882352941177,0.029411764705882353,0.4117647058823529
7,0.04504504504504504,0.15315315315315314,0.11711711711711711,0.13963963963963963,0.05855855855855856,0.13963963963963963,0.018018018018018018,0.32882882882882886
english,0.08759124087591241,0.1678832116788321,0.06204379562043796,0.1386861313868613,0.12652068126520682,0.07664233576642336,0.06082725060827251,0.2798053527980535
produced,0.07801418439716312,0.18085106382978725,0.04609929078014184,0.14184397163120568,0.13120567375886524,0.0851063829787234,0.07801418439716312,0.25886524822695034
http,0.09042553191489362,0.19148936170212766,0.026595744680851064,0.13829787234042554,0.14893617021276595,0.06382978723404255,0.0425531914893617,0.2978723404255319
smithsonian,0.019230769230769232,0.17307692307692307,0.07692307692307693,0.09615384615384616,0.057692307692307696,0.07692307692307693,0.038461538461538464,0.46153846153846156
41,0.014285714285714285,0.04285714285714286,0.21428571428571427,0.3142857142857143,0.02857142857142857,0.2571428571428571,0.014285714285714285,0.11428571428571428
press,0.030303030303030304,0.30303030303030304,0.045454545454545456,0.12121212121212122,0.06060606060606061,0.09090909090909091,0.09090909090909091,0.25757575757575757
washington,0.05,0.1,0.1,0.275,0.05,0.2,0.025,0.2
number,0.03821656050955414,0.14331210191082802,0.07006369426751592,0.07961783439490445,0.14331210191082802,0.11464968152866242,0.09554140127388536,0.31528662420382164
pages,0.022727272727272728,0.16558441558441558,0.1590909090909091,0.262987012987013,0.022727272727272728,0.11038961038961038,0.00974025974025974,0.24675324675324675
figures,0.014925373134328358,0.07462686567164178,0.2537313432835821,0.26865671641791045,0.014925373134328358,0.22388059701492538,0.029850746268656716,0.11940298507462686
variety,0.027777777777777776,0.08333333333333333,0.16666666666666666,0.25,0.08333333333333333,0.1388888888888889,0.0,0.25
recommended,0.0891089108910891,0.0594059405940594,0.22772277227722773,0.25742574257425743,0.0297029702970297,0.2376237623762376,0.009900990099009901,0.0891089108910891
practice,0.08767772511848342,0.15165876777251186,0.11374407582938388,0.2109004739336493,0.07109004739336493,0.13033175355450238,0.04265402843601896,0.19194312796208532
treatment,0.016666666666666666,0.25,0.05,0.21666666666666667,0.06666666666666667,0.08333333333333333,0.05,0.26666666666666666
amount,0.06790123456790123,0.11728395061728394,0.08641975308641975,0.09876543209876543,0.08641975308641975,0.1419753086419753,0.1111111111111111,0.29012345679012347
blood,0.0967741935483871,0.11693548387096774,0.12600806451612903,0.2006048387096774,0.06754032258064516,0.18245967741935484,0.04435483870967742,0.16532258064516128
take,0.09287257019438445,0.15766738660907129,0.07127429805615551,0.1771058315334773,0.1079913606911447,0.11231101511879049,0.058315334773218146,0.2224622030237581
time,0.06346863468634686,0.407380073800738,0.04649446494464945,0.09225092250922509,0.08487084870848709,0.0959409594095941,0.06494464944649446,0.14464944649446496
remove,0.2214765100671141,0.06040268456375839,0.026845637583892617,0.26174496644295303,0.040268456375838924,0.26174496644295303,0.03355704697986577,0.09395973154362416
employed,0.06363636363636363,0.06363636363636363,0.23636363636363636,0.24545454545454545,0.045454545454545456,0.2,0.02727272727272727,0.11818181818181818
wide,0.07387862796833773,0.287598944591029,0.055408970976253295,0.0870712401055409,0.0633245382585752,0.11609498680738786,0.0395778364116095,0.2770448548812665
major,0.08333333333333333,0.125,0.0625,0.1875,0.020833333333333332,0.16666666666666666,0.0625,0.2916666666666667
equipment,0.08,0.28,0.08,0.04,0.16,0.08,0.0,0.28
many,0.07142857142857142,0.13690476190476192,0.10119047619047619,0.14732142857142858,0.12053571428571429,0.11607142857142858,0.07142857142857142,0.23511904761904762
study,0.08333333333333333,0.15625,0.0625,0.19791666666666666,0.09375,0.08333333333333333,0.041666666666666664,0.28125
collection,0.02,0.21333333333333335,0.06666666666666667,0.17333333333333334,0.1,0.07333333333333333,0.03333333333333333,0.32
limited,0.242152466367713,0.06278026905829596,0.08520179372197309,0.03139013452914798,0.1031390134529148,0.25112107623318386,0.06278026905829596,0.16143497757847533
copies,0.19727891156462585,0.1292517006802721,0.10884353741496598,0.09523809523809523,0.08843537414965986,0.013605442176870748,0.006802721088435374,0.36054421768707484
's,0.09239549591238624,0.14761684405367886,0.06478482184173993,0.1432978559308962,0.11676692889094555,0.09856547894493291,0.0626253277803486,0.27394724664507175
cover,0.07407407407407407,0.10185185185185185,0.046296296296296294,0.12037037037037036,0.018518518518518517,0.19444444444444445,0.037037037037037035,0.4074074074074074
phlebotomy,0.03355704697986577,0.087248322147651,0.18120805369127516,0.2953020134228188,0.026845637583892617,0.18791946308724833,0.03355704697986577,0.15436241610738255
illustrated,0.02,0.1,0.1,0.22,0.06,0.2,0.06,0.24
peter,0.08974358974358974,0.15384615384615385,0.08974358974358974,0.11538461538461539,0.10256410256410256,0.14102564102564102,0.07692307692307693,0.23076923076923078
photo,0.05555555555555555,0.1111111111111111,0.1111111111111111,0.2222222222222222,0.05555555555555555,0.1111111111111111,0.05555555555555555,0.2777777777777778
library,0.0,0.1,0.16666666666666666,0.13333333333333333,0.1,0.06666666666666667,0.03333333333333333,0.4
b,0.11764705882352941,0.19607843137254902,0.0784313725490196,0.13725490196078433,0.058823529411764705,0.1568627450980392,0.0196078431372549,0.23529411764705882
1,0.034013605442176874,0.17346938775510204,0.08843537414965986,0.12585034013605442,0.06802721088435375,0.18027210884353742,0.03741496598639456,0.2925170068027211
catalogs,0.013986013986013986,0.04195804195804196,0.21678321678321677,0.26573426573426573,0.02097902097902098,0.23076923076923078,0.02097902097902098,0.1888111888111888
2,0.04452054794520548,0.18835616438356165,0.13356164383561644,0.17465753424657535,0.0410958904109589,0.1952054794520548,0.017123287671232876,0.2054794520547945
3,0.04602510460251046,0.19665271966527198,0.10460251046025104,0.1589958158995816,0.04184100418410042,0.20502092050209206,0.016736401673640166,0.2301255230125523
series,0.017699115044247787,0.11504424778761062,0.10619469026548672,0.1592920353982301,0.02654867256637168,0.08849557522123894,0.02654867256637168,0.46017699115044247
instrumentation,0.017543859649122806,0.03508771929824561,0.2631578947368421,0.2982456140350877,0.017543859649122806,0.24561403508771928,0.017543859649122806,0.10526315789473684
rm182.d38,0.017543859649122806,0.03508771929824561,0.2631578947368421,0.2982456140350877,0.017543859649122806,0.24561403508771928,0.017543859649122806,0.10526315789473684
617'.9178,0.017543859649122806,0.03508771929824561,0.2631578947368421,0.2982456140350877,0.017543859649122806,0.24561403508771928,0.017543859649122806,0.10526315789473684
78-606043,0.017543859649122806,0.03508771929824561,0.2631578947368421,0.2982456140350877,0.017543859649122806,0.24561403508771928,0.017543859649122806,0.10526315789473684
contents,0.017241379310344827,0.034482758620689655,0.25862068965517243,0.29310344827586204,0.017241379310344827,0.2413793103448276,0.017241379310344827,0.1206896551724138
page,0.02570694087403599,0.15681233933161953,0.09511568123393316,0.2467866323907455,0.043701799485861184,0.18251928020565553,0.02570694087403599,0.2236503856041131
preface,0.017391304347826087,0.034782608695652174,0.2608695652173913,0.2956521739130435,0.017391304347826087,0.24347826086956523,0.017391304347826087,0.11304347826086956
v,0.017241379310344827,0.034482758620689655,0.25862068965517243,0.29310344827586204,0.017241379310344827,0.2413793103448276,0.017241379310344827,0.1206896551724138
introduction,0.012987012987012988,0.03896103896103896,0.23376623376623376,0.2727272727272727,0.03896103896103896,0.22077922077922077,0.03896103896103896,0.14285714285714285
sources,0.04838709677419355,0.03225806451612903,0.24193548387096775,0.3064516129032258,0.016129032258064516,0.22580645161290322,0.016129032258064516,0.11290322580645161
bleeding,0.03618421052631579,0.07401315789473684,0.22697368421052633,0.2746710526315789,0.018092105263157895,0.23519736842105263,0.01644736842105263,0.11842105263157894
much,0.06608695652173913,0.13391304347826086,0.08869565217391304,0.1582608695652174,0.08869565217391304,0.16,0.06260869565217392,0.2417391304347826
5,0.045454545454545456,0.14646464646464646,0.14646464646464646,0.12626262626262627,0.06565656565656566,0.16666666666666666,0.045454545454545456,0.25757575757575757
bleed,0.0380952380952381,0.11428571428571428,0.17142857142857143,0.2761904761904762,0.02857142857142857,0.2,0.02857142857142857,0.14285714285714285
barber-surgeons,0.04938271604938271,0.04938271604938271,0.2222222222222222,0.30864197530864196,0.012345679012345678,0.24691358024691357,0.012345679012345678,0.09876543209876543
8,0.07142857142857142,0.10204081632653061,0.14795918367346939,0.1326530612244898,0.04591836734693878,0.17857142857142858,0.030612244897959183,0.29081632653061223
scientific,0.04878048780487805,0.08536585365853659,0.21951219512195122,0.21951219512195122,0.024390243902439025,0.1951219512195122,0.036585365853658534,0.17073170731707318
revolution,0.03125,0.0625,0.234375,0.28125,0.015625,0.234375,0.03125,0.109375
9,0.04371584699453552,0.09836065573770492,0.13114754098360656,0.15300546448087432,0.04371584699453552,0.18579234972677597,0.01639344262295082,0.32786885245901637
techniques,0.03125,0.046875,0.234375,0.28125,0.03125,0.234375,0.015625,0.125
10,0.04713804713804714,0.11447811447811448,0.09764309764309764,0.11447811447811448,0.09427609427609428,0.15824915824915825,0.050505050505050504,0.32323232323232326
spring,0.01826923076923077,0.09423076923076923,0.07307692307692308,0.1326923076923077,0.1125,0.22884615384615384,0.07596153846153846,0.2644230769230769
lancets,0.04207920792079208,0.05198019801980198,0.17574257425742573,0.2599009900990099,0.04207920792079208,0.2400990099009901,0.04455445544554455,0.14356435643564355
12,0.05531914893617021,0.09787234042553192,0.12340425531914893,0.1574468085106383,0.04680851063829787,0.1829787234042553,0.02127659574468085,0.3148936170212766
decline,0.025477707006369428,0.07006369426751592,0.24203821656050956,0.28662420382165604,0.012738853503184714,0.2229299363057325,0.012738853503184714,0.12738853503184713
15,0.038834951456310676,0.11003236245954692,0.10355987055016182,0.10355987055016182,0.09061488673139159,0.15857605177993528,0.061488673139158574,0.3333333333333333
cupping,0.02274975272007913,0.04797230464886251,0.24629080118694363,0.2873392680514342,0.03214638971315529,0.25766567754698316,0.019287833827893175,0.08654797230464886
17,0.023622047244094488,0.03937007874015748,0.2440944881889764,0.29133858267716534,0.03937007874015748,0.25196850393700787,0.015748031496062992,0.09448818897637795
early,0.045112781954887216,0.11779448621553884,0.10776942355889724,0.12531328320802004,0.10526315789473684,0.15538847117794485,0.06766917293233082,0.2756892230576441
professional,0.050955414012738856,0.05732484076433121,0.19745222929936307,0.2229299363057325,0.044585987261146494,0.19745222929936307,0.025477707006369428,0.20382165605095542
cupper,0.048484848484848485,0.048484848484848485,0.21212121212121213,0.2545454545454545,0.03636363636363636,0.23636363636363636,0.024242424242424242,0.1393939393939394
21,0.039603960396039604,0.06930693069306931,0.16831683168316833,0.2871287128712871,0.0297029702970297,0.2079207920792079,0.0297029702970297,0.16831683168316833
procedure,0.025,0.075,0.19166666666666668,0.30833333333333335,0.041666666666666664,0.21666666666666667,0.025,0.11666666666666667
24,0.024691358024691357,0.04938271604938271,0.2222222222222222,0.2962962962962963,0.037037037037037035,0.24691358024691357,0.012345679012345678,0.1111111111111111
nineteenth,0.024291497975708502,0.0931174089068826,0.1700404858299595,0.21862348178137653,0.08097165991902834,0.21862348178137653,0.02834008097165992,0.1659919028340081
century,0.020569620253164556,0.07436708860759493,0.13924050632911392,0.2626582278481013,0.06329113924050633,0.310126582278481,0.023734177215189875,0.1060126582278481
attempts,0.018018018018018018,0.07207207207207207,0.2072072072072072,0.21621621621621623,0.08108108108108109,0.18018018018018017,0.07207207207207207,0.15315315315315314
improve,0.00909090909090909,0.11818181818181818,0.18181818181818182,0.21818181818181817,0.10909090909090909,0.17272727272727273,0.02727272727272727,0.16363636363636364
25,0.045454545454545456,0.08522727272727272,0.13068181818181818,0.14772727272727273,0.05113636363636364,0.26704545454545453,0.045454545454545456,0.22727272727272727
dry,0.021367521367521368,0.07264957264957266,0.23504273504273504,0.28205128205128205,0.02564102564102564,0.2222222222222222,0.017094017094017096,0.12393162393162394
31,0.017241379310344827,0.05172413793103448,0.25862068965517243,0.29310344827586204,0.017241379310344827,0.2413793103448276,0.017241379310344827,0.10344827586206896
breast,0.022598870056497175,0.04519774011299435,0.24293785310734464,0.2768361581920904,0.03954802259887006,0.23728813559322035,0.02824858757062147,0.10734463276836158
32,0.015625,0.03125,0.234375,0.296875,0.03125,0.25,0.03125,0.109375
34,0.01639344262295082,0.03278688524590164,0.2459016393442623,0.3114754098360656,0.01639344262295082,0.26229508196721313,0.01639344262295082,0.09836065573770492
leeching,0.023255813953488372,0.040697674418604654,0.23255813953488372,0.27325581395348836,0.040697674418604654,0.22093023255813954,0.029069767441860465,0.13953488372093023
leeches,0.010416666666666666,0.0546875,0.2994791666666667,0.3385416666666667,0.0390625,0.13802083333333334,0.010416666666666666,0.109375
artificial,0.029197080291970802,0.072992700729927,0.24087591240875914,0.31386861313868614,0.051094890510948905,0.15328467153284672,0.014598540145985401,0.12408759124087591
36,0.015625,0.046875,0.234375,0.296875,0.015625,0.25,0.015625,0.125
veterinary,0.0136986301369863,0.0410958904109589,0.2328767123287671,0.273972602739726,0.0410958904109589,0.2054794520547945,0.03424657534246575,0.15753424657534246
40,0.03347280334728033,0.0794979079497908,0.09205020920502092,0.12552301255230125,0.0794979079497908,0.2803347280334728,0.04602510460251046,0.26359832635983266
physical,0.04054054054054054,0.05405405405405406,0.24324324324324326,0.2972972972972973,0.013513513513513514,0.21621621621621623,0.02702702702702703,0.10810810810810811
analysis,0.05263157894736842,0.14736842105263157,0.17894736842105263,0.18947368421052632,0.042105263157894736,0.16842105263157894,0.010526315789473684,0.21052631578947367
artifacts,0.015748031496062992,0.03937007874015748,0.25196850393700787,0.28346456692913385,0.023622047244094488,0.23622047244094488,0.015748031496062992,0.13385826771653545
catalog,0.011111111111111112,0.1,0.2,0.24444444444444444,0.07777777777777778,0.18888888888888888,0.03333333333333333,0.14444444444444443
42,0.013157894736842105,0.039473684210526314,0.2236842105263158,0.3157894736842105,0.013157894736842105,0.2631578947368421,0.013157894736842105,0.11842105263157894
44,0.017142857142857144,0.03428571428571429,0.2571428571428571,0.3028571428571429,0.017142857142857144,0.25142857142857145,0.017142857142857144,0.10285714285714286
flint,0.017241379310344827,0.05172413793103448,0.25862068965517243,0.29310344827586204,0.017241379310344827,0.2413793103448276,0.017241379310344827,0.10344827586206896
thumb,0.09961685823754789,0.11494252873563218,0.09195402298850575,0.21839080459770116,0.08045977011494253,0.1532567049808429,0.06130268199233716,0.18007662835249041
bowls,0.01020408163265306,0.04081632653061224,0.25510204081632654,0.2857142857142857,0.030612244897959183,0.22448979591836735,0.02040816326530612,0.1326530612244898
47,0.015503875968992248,0.03875968992248062,0.23255813953488372,0.3023255813953488,0.023255813953488372,0.2558139534883721,0.015503875968992248,0.11627906976744186
extra,0.028169014084507043,0.04225352112676056,0.2112676056338028,0.30985915492957744,0.014084507042253521,0.2535211267605634,0.014084507042253521,0.1267605633802817
blades,0.09505703422053231,0.03802281368821293,0.1482889733840304,0.24714828897338403,0.045627376425855515,0.2737642585551331,0.015209125475285171,0.13688212927756654
cases,0.027777777777777776,0.09259259259259259,0.16666666666666666,0.26851851851851855,0.018518518518518517,0.23148148148148148,0.046296296296296294,0.14814814814814814
48,0.02040816326530612,0.04081632653061224,0.2108843537414966,0.32653061224489793,0.013605442176870748,0.2789115646258503,0.013605442176870748,0.09523809523809523
scarificators,0.0213903743315508,0.08021390374331551,0.18181818181818182,0.2192513368983957,0.08021390374331551,0.19786096256684493,0.016042780748663103,0.20320855614973263
cups,0.055,0.0625,0.18,0.265,0.035,0.2725,0.035,0.095
50,0.039473684210526314,0.08947368421052632,0.12105263157894737,0.14210526315789473,0.0868421052631579,0.23684210526315788,0.05,0.23421052631578948
sets,0.031007751937984496,0.046511627906976744,0.24031007751937986,0.26356589147286824,0.06976744186046512,0.24031007751937986,0.023255813953488372,0.08527131782945736
apparatus,0.02040816326530612,0.07142857142857142,0.2193877551020408,0.29591836734693877,0.04081632653061224,0.24489795918367346,0.025510204081632654,0.08163265306122448
52,0.024,0.048,0.248,0.28,0.032,0.232,0.024,0.112
pumps,0.01904761904761905,0.06666666666666667,0.23809523809523808,0.2571428571428571,0.06666666666666667,0.22857142857142856,0.0380952380952381,0.08571428571428572
53,0.021505376344086023,0.03763440860215054,0.24731182795698925,0.3010752688172043,0.021505376344086023,0.24731182795698925,0.016129032258064516,0.10752688172043011
fleams,0.015625,0.0625,0.234375,0.296875,0.015625,0.234375,0.015625,0.125
54,0.016129032258064516,0.03225806451612903,0.24193548387096775,0.3064516129032258,0.016129032258064516,0.25806451612903225,0.03225806451612903,0.0967741935483871
related,0.01875,0.0625,0.225,0.24375,0.025,0.20625,0.0125,0.20625
55,0.01639344262295082,0.03278688524590164,0.2459016393442623,0.29508196721311475,0.03278688524590164,0.2459016393442623,0.01639344262295082,0.11475409836065574
notes,0.06293706293706294,0.07692307692307693,0.13286713286713286,0.20279720279720279,0.11188811188811189,0.16783216783216784,0.07692307692307693,0.16783216783216784
57,0.015625,0.03125,0.234375,0.296875,0.03125,0.234375,0.015625,0.140625
list,0.04887218045112782,0.045112781954887216,0.14285714285714285,0.15037593984962405,0.04887218045112782,0.15413533834586465,0.011278195488721804,0.39849624060150374
trade,0.045662100456621,0.1232876712328767,0.04794520547945205,0.10273972602739725,0.07077625570776255,0.07534246575342465,0.02968036529680365,0.5045662100456622
consulted,0.027777777777777776,0.08333333333333333,0.2222222222222222,0.2777777777777778,0.013888888888888888,0.20833333333333334,0.013888888888888888,0.1527777777777778
63,0.029850746268656716,0.029850746268656716,0.22388059701492538,0.29850746268656714,0.029850746268656716,0.2537313432835821,0.014925373134328358,0.11940298507462686
26-124,0.017543859649122806,0.03508771929824561,0.2631578947368421,0.2982456140350877,0.017543859649122806,0.24561403508771928,0.017543859649122806,0.10526315789473684
64,0.014705882352941176,0.058823529411764705,0.22058823529411764,0.29411764705882354,0.029411764705882353,0.23529411764705882,0.029411764705882353,0.11764705882352941
among,0.08873720136518772,0.13310580204778158,0.11945392491467577,0.20477815699658702,0.09897610921501707,0.1296928327645051,0.05460750853242321,0.17064846416382254
collections,0.03296703296703297,0.12087912087912088,0.18681318681318682,0.27472527472527475,0.01098901098901099,0.17582417582417584,0.01098901098901099,0.18681318681318682
describe,0.01694915254237288,0.05084745762711865,0.2542372881355932,0.288135593220339,0.01694915254237288,0.23728813559322035,0.01694915254237288,0.11864406779661017
objects,0.021739130434782608,0.11956521739130435,0.18478260869565216,0.20652173913043478,0.05434782608695652,0.16304347826086957,0.021739130434782608,0.22826086956521738
medicine,0.045627376425855515,0.11406844106463879,0.1634980988593156,0.21292775665399238,0.06463878326996197,0.1596958174904943,0.030418250950570342,0.20912547528517111
first,0.0908130939809926,0.19746568109820486,0.06441393875395987,0.15522703273495247,0.11298838437170011,0.10454065469904963,0.057022175290390706,0.21752903907074975
medical,0.01410105757931845,0.23854289071680376,0.05875440658049354,0.27379553466509987,0.0199764982373678,0.06110458284371328,0.008225616921269096,0.3254994124559342
sciences,0.016666666666666666,0.2,0.08333333333333333,0.18333333333333332,0.03333333333333333,0.08333333333333333,0.016666666666666666,0.38333333333333336
nmht,0.0,0.10204081632653061,0.08163265306122448,0.22448979591836735,0.08163265306122448,0.22448979591836735,0.04081632653061224,0.24489795918367346
ancient,0.08,0.14857142857142858,0.08571428571428572,0.14857142857142858,0.12571428571428572,0.10857142857142857,0.04,0.26285714285714284
devices,0.018691588785046728,0.102803738317757,0.205607476635514,0.2523364485981308,0.037383177570093455,0.2523364485981308,0.018691588785046728,0.11214953271028037
centuries,0.025974025974025976,0.11688311688311688,0.18181818181818182,0.19480519480519481,0.05194805194805195,0.23376623376623376,0.025974025974025976,0.16883116883116883
used,0.10776942355889724,0.1595655806182122,0.05764411027568922,0.17376775271512113,0.10526315789473684,0.10275689223057644,0.05513784461152882,0.23809523809523808
theories,0.1,0.075,0.25,0.225,0.0,0.15,0.0,0.2
disease,0.13901345291479822,0.09417040358744394,0.17488789237668162,0.23318385650224216,0.02242152466367713,0.2062780269058296,0.026905829596412557,0.1031390134529148
long,0.07754551584625759,0.3830074173971679,0.045853000674308836,0.09238031018206339,0.07215104517869184,0.08361429534726905,0.030343897505057317,0.21510451786918408
various,0.0683371298405467,0.1275626423690205,0.06378132118451026,0.11161731207289294,0.09339407744874716,0.10022779043280182,0.0387243735763098,0.39635535307517084
throughout,0.11764705882352941,0.15294117647058825,0.10588235294117647,0.18823529411764706,0.058823529411764705,0.08235294117647059,0.058823529411764705,0.23529411764705882
research,0.025,0.225,0.075,0.225,0.075,0.125,0.025,0.225
foundation,0.1111111111111111,0.1527777777777778,0.027777777777777776,0.013888888888888888,0.06944444444444445,0.1388888888888889,0.0,0.4861111111111111
support,0.05714285714285714,0.21904761904761905,0.047619047619047616,0.10476190476190476,0.14285714285714285,0.05714285714285714,0.05714285714285714,0.3142857142857143
part,0.05663716814159292,0.12035398230088495,0.07610619469026549,0.11327433628318584,0.10088495575221239,0.14690265486725665,0.05486725663716814,0.3309734513274336
led,0.06666666666666667,0.14666666666666667,0.09333333333333334,0.16666666666666666,0.14666666666666667,0.07333333333333333,0.1,0.20666666666666667
special,0.09156626506024096,0.15903614457831325,0.03855421686746988,0.1566265060240964,0.21927710843373494,0.07228915662650602,0.05301204819277108,0.20963855421686747
public,0.09336941813261164,0.2381596752368065,0.029769959404600813,0.15426251691474965,0.11502029769959404,0.07307171853856563,0.046008119079837616,0.2503382949932341
small,0.0873015873015873,0.11678004535147392,0.0782312925170068,0.1292517006802721,0.09410430839002268,0.14285714285714285,0.07029478458049887,0.2811791383219955
efforts,0.10714285714285714,0.10714285714285714,0.17857142857142858,0.17857142857142858,0.07142857142857142,0.21428571428571427,0.0,0.14285714285714285
well,0.09978308026030369,0.1475054229934924,0.06290672451193059,0.13665943600867678,0.12581344902386118,0.09761388286334056,0.06941431670281996,0.2603036876355748
john,0.03898305084745763,0.07627118644067797,0.21694915254237288,0.1016949152542373,0.06610169491525424,0.0847457627118644,0.01694915254237288,0.3983050847457627
office,0.0,0.0,0.29411764705882354,0.17647058823529413,0.058823529411764705,0.17647058823529413,0.0,0.29411764705882354
dr.,0.034722222222222224,0.1527777777777778,0.08333333333333333,0.14583333333333334,0.10416666666666667,0.1111111111111111,0.041666666666666664,0.3263888888888889
robert,0.0,0.20588235294117646,0.11764705882352941,0.17647058823529413,0.058823529411764705,0.08823529411764706,0.0,0.35294117647058826
conservation,0.041666666666666664,0.375,0.0,0.0,0.125,0.0,0.0,0.4583333333333333
laboratory,0.07017543859649122,0.2631578947368421,0.03508771929824561,0.08771929824561403,0.08771929824561403,0.08771929824561403,0.017543859649122806,0.3508771929824561
us,0.09046454767726161,0.19070904645476772,0.06845965770171149,0.15158924205378974,0.1271393643031785,0.08801955990220049,0.07090464547677261,0.21271393643031786
specific,0.10382513661202186,0.1912568306010929,0.03825136612021858,0.15846994535519127,0.12568306010928962,0.08743169398907104,0.060109289617486336,0.23497267759562843
c.,0.029411764705882353,0.14705882352941177,0.2647058823529412,0.17647058823529413,0.11764705882352941,0.08823529411764706,0.029411764705882353,0.14705882352941177
especially,0.0189873417721519,0.10759493670886076,0.08227848101265822,0.08860759493670886,0.14556962025316456,0.13291139240506328,0.08860759493670886,0.33544303797468356
period,0.014084507042253521,0.11267605633802817,0.09859154929577464,0.15492957746478872,0.15492957746478872,0.1267605633802817,0.08450704225352113,0.2535211267605634
people,0.05384615384615385,0.18461538461538463,0.05384615384615385,0.11538461538461539,0.1076923076923077,0.12307692307692308,0.06923076923076923,0.2923076923076923
state,0.0234375,0.09375,0.046875,0.1015625,0.0546875,0.125,0.046875,0.5078125
numerous,0.04411764705882353,0.1323529411764706,0.04411764705882353,0.08823529411764706,0.16176470588235295,0.11764705882352941,0.058823529411764705,0.35294117647058826
without,0.0951417004048583,0.1437246963562753,0.08097165991902834,0.17813765182186234,0.08502024291497975,0.12550607287449392,0.058704453441295545,0.23279352226720648
would,0.09365079365079365,0.1671957671957672,0.05873015873015873,0.16031746031746033,0.1111111111111111,0.11058201058201059,0.07724867724867725,0.22116402116402117
made,0.08826205641492266,0.1410373066424022,0.06278434940855324,0.15468607825295724,0.10373066424021839,0.13830755232029118,0.07279344858962693,0.2383985441310282
historical,0.01694915254237288,0.22033898305084745,0.03389830508474576,0.2033898305084746,0.0847457627118644,0.1016949152542373,0.01694915254237288,0.3220338983050847
body,0.10294117647058823,0.1454248366013072,0.0915032679738562,0.16666666666666666,0.10294117647058823,0.1437908496732026,0.06862745098039216,0.1781045751633987
practiced,0.06989247311827956,0.10752688172043011,0.06451612903225806,0.10752688172043011,0.1774193548387097,0.08064516129032258,0.15053763440860216,0.24193548387096775
form,0.06395348837209303,0.11627906976744186,0.06395348837209303,0.12790697674418605,0.10465116279069768,0.09302325581395349,0.011627906976744186,0.4186046511627907
times,0.05555555555555555,0.20634920634920634,0.07936507936507936,0.1984126984126984,0.12698412698412698,0.06349206349206349,0.06349206349206349,0.20634920634920634
every,0.10822510822510822,0.1645021645021645,0.0735930735930736,0.13852813852813853,0.10822510822510822,0.12121212121212122,0.06926406926406926,0.21645021645021645
known,0.07281553398058252,0.18446601941747573,0.07281553398058252,0.13106796116504854,0.12135922330097088,0.06796116504854369,0.07281553398058252,0.2766990291262136
man,0.10413223140495868,0.1628099173553719,0.07355371900826446,0.14958677685950414,0.12231404958677686,0.10991735537190082,0.06859504132231405,0.20909090909090908
also,0.06526315789473684,0.1463157894736842,0.05894736842105263,0.11473684210526315,0.1368421052631579,0.08526315789473685,0.08315789473684211,0.3094736842105263
performed,0.06451612903225806,0.08064516129032258,0.12903225806451613,0.20967741935483872,0.06451612903225806,0.1774193548387097,0.03225806451612903,0.24193548387096775
still,0.09507445589919816,0.1466208476517755,0.06872852233676977,0.14891179839633448,0.12829324169530354,0.1111111111111111,0.08132875143184422,0.21993127147766323
therapeutic,0.0410958904109589,0.0958904109589041,0.1232876712328767,0.1643835616438356,0.1506849315068493,0.136986301369863,0.0136986301369863,0.273972602739726
value,0.09,0.12,0.13,0.17,0.09,0.17,0.04,0.19
today,0.09944751381215469,0.15469613259668508,0.03867403314917127,0.16574585635359115,0.13812154696132597,0.1270718232044199,0.10497237569060773,0.1712707182320442
although,0.05934718100890208,0.13056379821958458,0.05934718100890208,0.10682492581602374,0.1572700296735905,0.11275964391691394,0.08605341246290801,0.2878338278931751
skin,0.06666666666666667,0.16666666666666666,0.08666666666666667,0.19333333333333333,0.08666666666666667,0.18666666666666668,0.05333333333333334,0.16
instrument,0.08423913043478261,0.14945652173913043,0.08152173913043478,0.17391304347826086,0.125,0.08152173913043478,0.03804347826086957,0.266304347826087
wood,0.07526881720430108,0.0931899641577061,0.05734767025089606,0.12724014336917563,0.08422939068100359,0.11827956989247312,0.03046594982078853,0.41397849462365593
metal,0.087248322147651,0.16778523489932887,0.06711409395973154,0.18120805369127516,0.10738255033557047,0.12080536912751678,0.020134228187919462,0.2483221476510067
material,0.05555555555555555,0.2222222222222222,0.027777777777777776,0.1388888888888889,0.08333333333333333,0.08333333333333333,0.08333333333333333,0.3055555555555556
vein,0.125,0.09210526315789473,0.1118421052631579,0.20394736842105263,0.05263157894736842,0.17105263157894737,0.07894736842105263,0.16447368421052633
surface,0.09411764705882353,0.08235294117647059,0.08235294117647059,0.18823529411764706,0.09411764705882353,0.18823529411764706,0.07058823529411765,0.2
directly,0.0931899641577061,0.13261648745519714,0.06093189964157706,0.16487455197132617,0.07168458781362007,0.11469534050179211,0.07168458781362007,0.2903225806451613
provide,0.11848341232227488,0.061611374407582936,0.061611374407582936,0.052132701421800945,0.09004739336492891,0.037914691943127965,0.052132701421800945,0.5260663507109005
including,0.10683760683760683,0.16666666666666666,0.05982905982905983,0.0811965811965812,0.09401709401709402,0.12393162393162394,0.021367521367521368,0.34615384615384615
earliest,0.019230769230769232,0.11538461538461539,0.1346153846153846,0.21153846153846154,0.11538461538461539,0.11538461538461539,0.038461538461538464,0.25
claimed,0.08333333333333333,0.0625,0.16666666666666666,0.25,0.10416666666666667,0.16666666666666666,0.020833333333333332,0.14583333333333334
bled,0.05555555555555555,0.1388888888888889,0.0,0.16666666666666666,0.16666666666666666,0.16666666666666666,0.08333333333333333,0.2222222222222222
excess,0.11428571428571428,0.14285714285714285,0.08571428571428572,0.17142857142857143,0.05714285714285714,0.2,0.05714285714285714,0.17142857142857143
noted,0.054945054945054944,0.1978021978021978,0.08791208791208792,0.15384615384615385,0.10989010989010989,0.13186813186813187,0.054945054945054944,0.2087912087912088
person,0.1262135922330097,0.1650485436893204,0.10679611650485436,0.10679611650485436,0.1262135922330097,0.10679611650485436,0.06796116504854369,0.1941747572815534
place,0.09651474530831099,0.128686327077748,0.09651474530831099,0.1554959785522788,0.11528150134048257,0.1260053619302949,0.06702412868632708,0.21447721179624665
methods,0.03571428571428571,0.19642857142857142,0.07142857142857142,0.05357142857142857,0.14285714285714285,0.125,0.10714285714285714,0.26785714285714285
interest,0.04838709677419355,0.11290322580645161,0.12903225806451613,0.16129032258064516,0.11290322580645161,0.12903225806451613,0.04838709677419355,0.25806451612903225
using,0.12686567164179105,0.16417910447761194,0.05970149253731343,0.16791044776119404,0.09701492537313433,0.09328358208955224,0.055970149253731345,0.23507462686567165
two,0.09846827133479212,0.15900802334062727,0.07148067104303428,0.16557257476294676,0.10576221735959154,0.1261852662290299,0.06783369803063458,0.20568927789934355
general,0.034334763948497854,0.07725321888412018,0.060085836909871244,0.0944206008583691,0.06866952789699571,0.1072961373390558,0.05150214592274678,0.5064377682403434
artery,0.1951219512195122,0.12195121951219512,0.0975609756097561,0.1951219512195122,0.04878048780487805,0.21951219512195122,0.04878048780487805,0.07317073170731707
commonly,0.07894736842105263,0.10526315789473684,0.07894736842105263,0.18421052631578946,0.05263157894736842,0.15789473684210525,0.13157894736842105,0.21052631578947367
include,0.0,0.07407407407407407,0.25925925925925924,0.2962962962962963,0.037037037037037035,0.1111111111111111,0.0,0.2222222222222222
associated,0.08577878103837472,0.13769751693002258,0.05191873589164785,0.1038374717832957,0.11738148984198646,0.0835214446952596,0.03837471783295711,0.38148984198645597
collect,0.07142857142857142,0.11904761904761904,0.11904761904761904,0.23809523809523808,0.047619047619047616,0.23809523809523808,0.07142857142857142,0.09523809523809523
patient,0.07407407407407407,0.29259259259259257,0.08148148148148149,0.2074074074074074,0.040740740740740744,0.13333333333333333,0.025925925925925925,0.14444444444444443
second,0.07729468599033816,0.15942028985507245,0.043478260869565216,0.21739130434782608,0.0966183574879227,0.13526570048309178,0.06280193236714976,0.20772946859903382
means,0.10526315789473684,0.1368421052631579,0.08947368421052632,0.1631578947368421,0.06842105263157895,0.12105263157894737,0.042105263157894736,0.2736842105263158
suction,0.07547169811320754,0.07547169811320754,0.1320754716981132,0.24528301886792453,0.05660377358490566,0.22641509433962265,0.11320754716981132,0.07547169811320754
either,0.07407407407407407,0.16296296296296298,0.06666666666666667,0.21481481481481482,0.1111111111111111,0.11851851851851852,0.07407407407407407,0.17777777777777778
leech,0.05102040816326531,0.10714285714285714,0.1377551020408163,0.17857142857142858,0.12244897959183673,0.14795918367346939,0.04591836734693878,0.20918367346938777
air,0.1171875,0.15364583333333334,0.09635416666666667,0.14322916666666666,0.1015625,0.15885416666666666,0.08854166666666667,0.140625
exhausted,0.06976744186046512,0.11627906976744186,0.09302325581395349,0.13953488372093023,0.09302325581395349,0.3488372093023256,0.046511627906976744,0.09302325581395349
glasses,0.0,0.1111111111111111,0.2,0.28888888888888886,0.044444444444444446,0.26666666666666666,0.06666666666666667,0.022222222222222223
invented,0.0196078431372549,0.0784313725490196,0.27450980392156865,0.23529411764705882,0.058823529411764705,0.13725490196078433,0.0196078431372549,0.17647058823529413
replace,0.08722741433021806,0.11526479750778816,0.06542056074766354,0.14018691588785046,0.08722741433021806,0.09968847352024922,0.03426791277258567,0.3707165109034268
eighteenth,0.03896103896103896,0.11688311688311688,0.11688311688311688,0.16883116883116883,0.09090909090909091,0.18181818181818182,0.03896103896103896,0.24675324675324675
mechanical,0.0625,0.1875,0.15625,0.1875,0.09375,0.09375,0.03125,0.1875
surgical,0.03571428571428571,0.1130952380952381,0.16666666666666666,0.26785714285714285,0.041666666666666664,0.17857142857142858,0.0,0.19642857142857142
supply,0.08333333333333333,0.0625,0.1875,0.25,0.0625,0.2708333333333333,0.0,0.08333333333333333
inventors,0.05405405405405406,0.13513513513513514,0.16216216216216217,0.2702702702702703,0.10810810810810811,0.13513513513513514,0.0,0.13513513513513514
hand,0.0949367088607595,0.14177215189873418,0.056962025316455694,0.18860759493670887,0.11645569620253164,0.10379746835443038,0.08227848101265822,0.21518987341772153
new,0.07318840579710145,0.15869565217391304,0.06739130434782609,0.14130434782608695,0.10217391304347827,0.08260869565217391,0.042028985507246375,0.33260869565217394
rubber,0.037037037037037035,0.1111111111111111,0.14814814814814814,0.2222222222222222,0.07407407407407407,0.2777777777777778,0.05555555555555555,0.07407407407407407
manner,0.05,0.1,0.125,0.175,0.15,0.125,0.025,0.25
one,0.08672329012069736,0.15288332588287887,0.07241841752346893,0.14483683504693787,0.11086276262852034,0.11309789897183728,0.07688869021010282,0.24228877961555656
another,0.11868131868131868,0.15384615384615385,0.07252747252747253,0.16043956043956045,0.10989010989010989,0.1010989010989011,0.07252747252747253,0.210989010989011
exhausting,0.06451612903225806,0.0967741935483871,0.1935483870967742,0.2903225806451613,0.03225806451612903,0.16129032258064516,0.03225806451612903,0.12903225806451613
around,0.09318181818181819,0.16818181818181818,0.042045454545454546,0.1318181818181818,0.1409090909090909,0.10227272727272728,0.08863636363636364,0.23295454545454544
