,anger,anticipation,disgust,fear,joy,sadness,surprise,trust
project,0.12412723041117148,0.16737781225756404,0.05042668735453841,0.048487199379363854,0.10395655546935612,0.0735065942591156,0.017649340574088443,0.4144685802948022
gutenberg,0.08900523560209424,0.225130890052356,0.05011219147344802,0.046372475691847416,0.07404637247569183,0.11144353029169783,0.009723261032161553,0.39416604338070305
ebook,0.05922165820642977,0.18950930626057527,0.06429780033840947,0.050761421319796954,0.11675126903553298,0.05752961082910321,0.025380710659898477,0.4365482233502538
space,0.13780397936624908,0.15327929255711126,0.0449521002210759,0.18791451731761238,0.09432571849668385,0.11643330876934414,0.07148120854826824,0.1938098747236551
viking,0.12037037037037035,0.15740740740740738,0.046296296296296294,0.11574074074074074,0.15277777777777776,0.07870370370370369,0.10648148148148148,0.2222222222222222
use,0.1353558926487748,0.1820303383897316,0.07292882147024503,0.12310385064177362,0.13477246207701282,0.07701283547257876,0.03850641773628938,0.23628938156359394
almost,0.10894596988485386,0.1700620017714792,0.06200177147918512,0.12931798051372898,0.1133746678476528,0.13994685562444645,0.0637732506643047,0.21257750221434898
may,0.11264367816091954,0.17208538587848932,0.08045977011494253,0.11428571428571427,0.11822660098522167,0.11067323481116584,0.05615763546798029,0.2354679802955665
copy,0.19200000000000003,0.10300000000000001,0.07900000000000001,0.08,0.039,0.068,0.026,0.413
give,0.10240963855421688,0.19427710843373494,0.054216867469879526,0.0963855421686747,0.11295180722891568,0.10542168674698796,0.04819277108433735,0.286144578313253
away,0.10333692142088269,0.1808396124865447,0.07750269106566202,0.16576964477933262,0.08396124865446718,0.1108719052744887,0.08826695371367062,0.18945102260495159
terms,0.1259469696969697,0.12689393939393942,0.03977272727272728,0.0653409090909091,0.11363636363636365,0.05018939393939394,0.038825757575757576,0.43939393939393945
license,0.11209439528023599,0.22271386430678466,0.0575221238938053,0.084070796460177,0.1135693215339233,0.0855457227138643,0.030973451327433628,0.2935103244837758
title,0.08196721311475409,0.11475409836065573,0.04918032786885246,0.03278688524590164,0.09836065573770492,0.08196721311475409,0.04918032786885246,0.4918032786885246
date,0.06666666666666667,0.18585858585858586,0.03434343434343434,0.1111111111111111,0.1616161616161616,0.09898989898989898,0.06464646464646463,0.2767676767676767
3,0.05009276437847866,0.1614100185528757,0.05565862708719852,0.13543599257884972,0.12430426716141003,0.15584415584415587,0.07606679035250465,0.24118738404452694
start,0.06666666666666667,0.4692307692307693,0.03076923076923077,0.08205128205128205,0.07435897435897436,0.05641025641025641,0.07179487179487179,0.14871794871794872
distributed,0.04878048780487805,0.26829268292682923,0.05321507760532151,0.07982261640798226,0.1286031042128603,0.05321507760532151,0.015521064301552106,0.352549889135255
https,0.04800000000000001,0.208,0.04800000000000001,0.0,0.232,0.0,0.056,0.40800000000000003
's,0.11374045801526717,0.14147582697201017,0.06666666666666667,0.1573791348600509,0.10381679389312977,0.11513994910941475,0.06310432569974554,0.238676844783715
copyright,0.08499999999999999,0.1875,0.08749999999999998,0.045,0.06,0.09249999999999999,0.015,0.42749999999999994
illustration,0.0703547805171377,0.1407095610342754,0.022248947684906793,0.12627781118460613,0.1755862898376428,0.09921828021647623,0.03668069753457607,0.32892363199037883
great,0.07855251544571933,0.15445719329214475,0.05030891438658428,0.11120917917034422,0.1668137687555163,0.07766990291262135,0.0706090026478376,0.29037952338923206
new,0.0756832515767344,0.17869656622284513,0.051156271899089,0.15416958654519972,0.10651716888577435,0.09530483531885074,0.05746320953048353,0.28100911002102313
human,0.15189873417721522,0.12025316455696204,0.07594936708860761,0.20886075949367092,0.1139240506329114,0.08860759493670886,0.08860759493670886,0.15189873417721522
man,0.10793465577596266,0.14177362893815637,0.07817969661610269,0.14819136522753792,0.12193698949824971,0.11668611435239207,0.0822637106184364,0.20303383897316216
things,0.0929853181076672,0.1859706362153344,0.06688417618270798,0.12234910277324633,0.10766721044045675,0.10929853181076672,0.07667210440456769,0.2381729200652528
would,0.10189013585351446,0.17867690490253985,0.050797401063201415,0.15859421145894861,0.10750147666863555,0.1072061429415239,0.08535144713526284,0.20998227997637328
could,0.12072727272727275,0.156,0.06909090909090909,0.17163636363636364,0.09963636363636365,0.11236363636363637,0.0730909090909091,0.19745454545454547
without,0.09999999999999999,0.1868421052631579,0.062280701754385964,0.1385964912280702,0.1043859649122807,0.0982456140350877,0.04473684210526316,0.2649122807017544
behind,0.15250965250965254,0.1640926640926641,0.0694980694980695,0.1312741312741313,0.07528957528957529,0.1563706563706564,0.08494208494208495,0.16602316602316602
stood,0.12048192771084337,0.12048192771084337,0.06626506024096385,0.19277108433734938,0.08433734939759036,0.1506024096385542,0.060240963855421686,0.20481927710843373
together,0.09465020576131687,0.21810699588477364,0.04938271604938271,0.11522633744855966,0.1316872427983539,0.07818930041152262,0.09876543209876543,0.21399176954732507
arms,0.08910891089108912,0.16171617161716173,0.03960396039603961,0.17161716171617164,0.11221122112211222,0.10561056105610563,0.07260726072607263,0.24752475247524758
head,0.07390648567119155,0.16440422322775264,0.0641025641025641,0.13122171945701355,0.1191553544494721,0.18024132730015083,0.06636500754147813,0.20060331825037706
lower,0.20689655172413793,0.13904338153503892,0.017797552836484983,0.052280311457174634,0.04115684093437152,0.38820912124582874,0.07341490545050056,0.08120133481646273
came,0.10718002081165452,0.19667013527575442,0.062434963579604576,0.14984391259105098,0.1040582726326743,0.09989594172736734,0.08428720083246617,0.19562955254942768
music,0.06999999999999999,0.12,0.03,0.019999999999999997,0.31999999999999995,0.25999999999999995,0.049999999999999996,0.12999999999999998
city,0.12943632567849686,0.16075156576200417,0.03966597077244259,0.14613778705636743,0.11899791231732777,0.11064718162839249,0.06471816283924843,0.22964509394572025
wardshaven,0.10714285714285715,0.18750000000000003,0.07142857142857142,0.125,0.08928571428571429,0.08928571428571429,0.044642857142857144,0.2857142857142857
spread,0.038461538461538464,0.19230769230769232,0.0576923076923077,0.1346153846153846,0.15384615384615385,0.15384615384615385,0.0576923076923077,0.21153846153846156
front,0.09324009324009325,0.15850815850815853,0.046620046620046623,0.1445221445221445,0.13752913752913754,0.12354312354312355,0.05128205128205129,0.24475524475524477
white,0.02185030218503022,0.24081822408182238,0.03300790330079033,0.02789400278940028,0.23802882380288237,0.15248721524872152,0.03579730357973036,0.2501162250116225
buildings,0.0661040787623066,0.16736990154711673,0.03656821378340365,0.10126582278481011,0.18987341772151897,0.08016877637130801,0.049226441631504914,0.3094233473980309
rising,0.03389830508474576,0.288135593220339,0.03389830508474576,0.03389830508474576,0.3050847457627119,0.05932203389830508,0.00847457627118644,0.23728813559322032
wide,0.11359724612736662,0.19104991394148021,0.04302925989672979,0.07573149741824442,0.1187607573149742,0.17900172117039587,0.061962134251290886,0.2168674698795181
green,0.027350427350427347,0.08717948717948718,0.029059829059829057,0.07350427350427349,0.32649572649572645,0.0923076923076923,0.02222222222222222,0.3418803418803419
far,0.08585858585858587,0.1447811447811448,0.07070707070707072,0.17340067340067342,0.11111111111111112,0.13131313131313133,0.06902356902356903,0.21380471380471383
red,0.050724637681159424,0.14855072463768115,0.04347826086956522,0.10144927536231885,0.2246376811594203,0.1739130434782609,0.025362318840579712,0.2318840579710145
sun,0.03125,0.24107142857142858,0.03571428571428571,0.044642857142857144,0.18750000000000003,0.06696428571428571,0.16517857142857142,0.22767857142857145
yellow,0.010452961672473868,0.15505226480836237,0.05226480836236933,0.07317073170731707,0.21428571428571427,0.18292682926829268,0.022648083623693378,0.289198606271777
caught,0.11111111111111112,0.11640211640211641,0.058201058201058205,0.1322751322751323,0.1216931216931217,0.18518518518518517,0.10052910052910054,0.17460317460317462
ten,0.08383233532934131,0.20958083832335325,0.03892215568862275,0.11077844311377244,0.1526946107784431,0.0808383233532934,0.0778443113772455,0.2455089820359281
miles,0.09057971014492755,0.2028985507246377,0.06521739130434782,0.13405797101449274,0.17753623188405798,0.07971014492753624,0.09057971014492755,0.15942028985507248
two,0.1012404961984794,0.1756702681072429,0.05682272909163666,0.14245698279311725,0.10884353741496598,0.12044817927170869,0.08043217286914767,0.21408563425370147
duke,0.06481481481481481,0.23148148148148148,0.06481481481481481,0.08796296296296295,0.09722222222222222,0.10648148148148148,0.032407407407407406,0.31481481481481477
angus,0.08041958041958042,0.1888111888111888,0.05944055944055944,0.10139860139860139,0.10139860139860139,0.12587412587412586,0.048951048951048945,0.2937062937062937
ship,0.07801418439716312,0.4595744680851064,0.04326241134751773,0.10141843971631206,0.06950354609929078,0.07021276595744681,0.05177304964539007,0.12624113475177307
enterprise,0.1440677966101695,0.22033898305084743,0.07627118644067797,0.13559322033898305,0.05932203389830508,0.11016949152542371,0.07627118644067797,0.17796610169491525
back,0.11898890258939582,0.1720098643649815,0.06535141800246609,0.15659679408138102,0.093711467324291,0.1220715166461159,0.09247842170160298,0.17879161528976573
gorram,0.07894736842105264,0.23684210526315788,0.07894736842105264,0.13157894736842105,0.13157894736842105,0.10526315789473684,0.10526315789473684,0.13157894736842105
n't,0.11333867949746057,0.1673349371825715,0.06789628441593157,0.16546377973803797,0.09810211173483026,0.10932905640203154,0.07912322908313285,0.19941192194600374
want,0.12596401028277635,0.14652956298200515,0.04113110539845758,0.14138817480719795,0.13624678663239073,0.11053984575835475,0.09768637532133675,0.2005141388174807
think,0.11203319502074688,0.18672199170124482,0.06224066390041493,0.13831258644536654,0.10788381742738588,0.11618257261410789,0.07883817427385892,0.19778699861687413
instead,0.08950617283950617,0.1697530864197531,0.05555555555555556,0.11728395061728396,0.13271604938271606,0.11111111111111112,0.0617283950617284,0.2623456790123457
girl,0.08888888888888889,0.16111111111111112,0.06666666666666668,0.11666666666666667,0.17222222222222222,0.08888888888888889,0.1,0.20555555555555555
name,0.06153846153846154,0.15692307692307692,0.04,0.12,0.16923076923076924,0.06153846153846154,0.08307692307692308,0.3076923076923077
elaine,0.07692307692307693,0.2,0.07692307692307693,0.1,0.13076923076923078,0.13846153846153847,0.06153846153846154,0.2153846153846154
every,0.09380234505862646,0.16750418760469013,0.05527638190954774,0.15577889447236182,0.10887772194304858,0.13065326633165827,0.045226130653266326,0.24288107202680068
lady,0.09565217391304348,0.16521739130434784,0.06956521739130435,0.06956521739130435,0.1391304347826087,0.09565217391304348,0.043478260869565216,0.3217391304347826
trask,0.10643015521064302,0.1286031042128603,0.11529933481152992,0.12416851441241684,0.0909090909090909,0.0753880266075388,0.06208425720620842,0.29711751662971175
traskon,0.09090909090909091,0.12987012987012989,0.11688311688311688,0.12987012987012989,0.1038961038961039,0.07792207792207793,0.06493506493506494,0.28571428571428575
oh,0.09859154929577466,0.16197183098591553,0.07746478873239439,0.147887323943662,0.13380281690140847,0.10563380281690142,0.06338028169014086,0.21126760563380284
lucas,0.09195402298850576,0.14942528735632185,0.07471264367816093,0.12068965517241381,0.10919540229885058,0.08620689655172414,0.08045977011494253,0.2873563218390805
half,0.10865874363327674,0.17487266553480474,0.05942275042444821,0.14091680814940577,0.10186757215619693,0.12054329371816638,0.09168081494057724,0.20203735144312393
bad,0.20036429872495445,0.05464480874316939,0.1785063752276867,0.21675774134790526,0.05282331511839708,0.1967213114754098,0.04189435336976321,0.05828779599271402
called,0.11475409836065574,0.13583138173302106,0.07962529274004684,0.15690866510538642,0.09836065573770493,0.0936768149882904,0.06323185011709602,0.2576112412177986
wedding,0.11111111111111113,0.27777777777777785,0.11111111111111113,0.055555555555555566,0.1666666666666667,0.08333333333333336,0.08333333333333336,0.11111111111111113
've,0.09558823529411765,0.18088235294117647,0.06911764705882353,0.13676470588235295,0.1338235294117647,0.10147058823529412,0.07647058823529411,0.20588235294117646
since,0.11231884057971014,0.15398550724637683,0.05434782608695652,0.19384057971014493,0.08876811594202899,0.1141304347826087,0.05434782608695652,0.2282608695652174
home,0.08155339805825243,0.18252427184466016,0.034951456310679606,0.11262135922330095,0.13592233009708735,0.10873786407766989,0.09902912621359222,0.24466019417475726
looked,0.09608540925266902,0.14412811387900354,0.07651245551601422,0.1583629893238434,0.10676156583629892,0.1192170818505338,0.09252669039145905,0.2064056939501779
started,0.12413793103448273,0.24827586206896546,0.055172413793103434,0.14482758620689654,0.096551724137931,0.10344827586206894,0.062068965517241365,0.16551724137931031
house,0.06884057971014493,0.17753623188405798,0.03985507246376812,0.09420289855072464,0.1739130434782609,0.06884057971014493,0.08333333333333334,0.29347826086956524
told,0.08684210526315789,0.16578947368421051,0.06052631578947368,0.12368421052631577,0.12368421052631577,0.09736842105263156,0.0763157894736842,0.2657894736842105
'll,0.10183299389002037,0.1894093686354379,0.0570264765784114,0.14969450101832993,0.1120162932790224,0.09979633401221996,0.0814663951120163,0.20875763747454174
watch,0.051428571428571435,0.36571428571428577,0.02285714285714286,0.2914285714285715,0.08,0.04571428571428572,0.04,0.10285714285714287
know,0.121580547112462,0.16717325227963523,0.057750759878419454,0.15805471124620057,0.11144883485309016,0.09929078014184396,0.07497467071935156,0.20972644376899693
thought,0.06954887218045111,0.4238721804511278,0.04887218045112781,0.10526315789473682,0.07706766917293233,0.06578947368421051,0.06390977443609022,0.1456766917293233
place,0.10879284649776454,0.18479880774962743,0.038748137108792845,0.14605067064083457,0.13561847988077497,0.09985096870342773,0.07600596125186289,0.21013412816691507
surprise,0.07258064516129031,0.06451612903225806,0.04032258064516129,0.24999999999999997,0.23387096774193544,0.03225806451612903,0.24193548387096772,0.06451612903225806
always,0.1084598698481562,0.16052060737527113,0.06073752711496746,0.14967462039045554,0.10629067245119306,0.1019522776572668,0.09327548806941431,0.2190889370932755
year,0.08,0.1936842105263158,0.05052631578947369,0.17894736842105263,0.11157894736842106,0.11789473684210526,0.06526315789473684,0.20210526315789476
saw,0.12244897959183675,0.1377551020408163,0.07653061224489796,0.18112244897959184,0.09693877551020408,0.125,0.08163265306122448,0.17857142857142855
air,0.19230769230769232,0.14743589743589747,0.057692307692307696,0.20512820512820515,0.08333333333333333,0.07692307692307693,0.07051282051282053,0.16666666666666666
surprised,0.1142857142857143,0.08571428571428573,0.05714285714285715,0.028571428571428574,0.08571428571428573,0.05714285714285715,0.4,0.17142857142857146
everything,0.14130434782608695,0.125,0.043478260869565216,0.19021739130434778,0.07608695652173912,0.14130434782608695,0.08152173913043477,0.2010869565217391
inside,0.17857142857142858,0.13392857142857142,0.03571428571428571,0.25,0.0625,0.125,0.08928571428571429,0.125
'd,0.10771470160116448,0.2110625909752547,0.0611353711790393,0.1491994177583697,0.10407569141193596,0.0975254730713246,0.08005822416302766,0.18922852983988356
seen,0.09873417721518987,0.15949367088607597,0.06075949367088608,0.1569620253164557,0.1569620253164557,0.09367088607594937,0.07088607594936709,0.20253164556962028
take,0.10948905109489052,0.21313868613138684,0.06715328467153285,0.13722627737226276,0.10072992700729926,0.0948905109489051,0.05985401459854014,0.21751824817518248
long,0.08861386138613861,0.3801980198019802,0.032673267326732675,0.0797029702970297,0.08366336633663367,0.0985148514851485,0.05346534653465346,0.18316831683168316
sword-worlds,0.06451612903225806,0.12903225806451613,0.09677419354838711,0.19354838709677422,0.06451612903225806,0.22580645161290322,0.03225806451612903,0.19354838709677422
course,0.08662900188323917,0.1374764595103578,0.06779661016949153,0.14877589453860643,0.1318267419962335,0.09227871939736347,0.07156308851224105,0.263653483992467
war,0.1054421768707483,0.09977324263038549,0.035147392290249435,0.42517006802721086,0.04308390022675737,0.10657596371882086,0.04761904761904762,0.13718820861678005
much,0.10676598386095594,0.15270018621973933,0.06517690875232776,0.12228429546865302,0.11855990068280572,0.10676598386095594,0.09559279950341404,0.2321539416511484
see,0.10507246376811594,0.1793478260869565,0.06159420289855073,0.12862318840579712,0.1141304347826087,0.0996376811594203,0.07971014492753624,0.2318840579710145
blue,0.021235521235521238,0.11776061776061778,0.055984555984555984,0.1447876447876448,0.07528957528957529,0.3841698841698842,0.03474903474903475,0.16602316602316602
gram,0.07166123778501629,0.18892508143322476,0.048859934853420196,0.09120521172638436,0.13029315960912052,0.09446254071661238,0.0749185667752443,0.2996742671009772
coming,0.08695652173913043,0.44245524296675187,0.04859335038363172,0.11764705882352942,0.0741687979539642,0.04859335038363172,0.06905370843989769,0.11253196930946292
fell,0.09174311926605505,0.07339449541284403,0.03669724770642201,0.13761467889908255,0.06422018348623852,0.42201834862385323,0.018348623853211007,0.15596330275229356
upon,0.11053984575835475,0.1799485861182519,0.04241645244215938,0.12982005141388175,0.11696658097686374,0.06555269922879177,0.06426735218508997,0.29048843187660667
turned,0.11083123425692695,0.13350125944584382,0.06549118387909318,0.1486146095717884,0.12090680100755667,0.08564231738035263,0.09319899244332493,0.24181360201511334
time,0.0725604670558799,0.39032527105921605,0.05977203224909647,0.11370586599944398,0.07561857103141506,0.07812065610230748,0.06227411731998887,0.1476230191826522
toward,0.12602739726027398,0.1452054794520548,0.07671232876712329,0.15616438356164386,0.07945205479452055,0.15616438356164386,0.060273972602739735,0.2
people,0.10714285714285716,0.1635714285714286,0.06357142857142858,0.15642857142857144,0.1142857142857143,0.10285714285714287,0.07285714285714287,0.2192857142857143
come,0.09696969696969697,0.18787878787878787,0.06303030303030302,0.13575757575757574,0.11878787878787879,0.10303030303030303,0.08,0.21454545454545454
ahead,0.1105263157894737,0.1631578947368421,0.07894736842105263,0.15263157894736842,0.07894736842105263,0.1473684210526316,0.06315789473684211,0.20526315789473684
get,0.11676082862523539,0.2084118016321406,0.06465787821720025,0.1261770244821092,0.12241054613935969,0.08035153797865661,0.09102322661644695,0.1902071563088512
took,0.1195840554592721,0.1906412478336222,0.06932409012131717,0.15251299826689776,0.1074523396880416,0.09358752166377816,0.07798960138648181,0.18890814558058927
must,0.131852879944483,0.17002081887578072,0.07702984038861901,0.13948646773074255,0.08952116585704371,0.09854267869535045,0.049271339347675226,0.24427480916030536
five,0.11058823529411764,0.16470588235294115,0.05647058823529412,0.11058823529411764,0.11764705882352942,0.1388235294117647,0.07529411764705882,0.22588235294117648
done,0.08974358974358974,0.1794871794871795,0.06410256410256411,0.10897435897435898,0.14102564102564105,0.08974358974358974,0.08333333333333333,0.2435897435897436
brought,0.11538461538461539,0.15384615384615385,0.06923076923076923,0.19230769230769235,0.08076923076923077,0.14615384615384616,0.08846153846153847,0.15384615384615385
around,0.13447927199191104,0.1911021233569262,0.07077856420626896,0.12335692618806877,0.10111223458038424,0.11021233569261882,0.08493427704752277,0.18402426693629928
sesar,0.09433962264150945,0.07547169811320756,0.15094339622641512,0.1320754716981132,0.09433962264150945,0.15094339622641512,0.05660377358490567,0.24528301886792456
karvall,0.0990990990990991,0.11711711711711711,0.13513513513513514,0.10810810810810811,0.13513513513513514,0.12612612612612611,0.036036036036036036,0.24324324324324323
find,0.11614173228346457,0.19094488188976377,0.05511811023622047,0.15748031496062992,0.08267716535433071,0.10236220472440943,0.09251968503937008,0.20275590551181102
father,0.060518731988472615,0.12680115273775217,0.04322766570605187,0.07636887608069164,0.08645533141210374,0.09077809798270893,0.04899135446685878,0.4668587896253602
need,0.07272727272727272,0.21818181818181817,0.02727272727272727,0.13030303030303028,0.13636363636363635,0.05151515151515151,0.0818181818181818,0.2818181818181818
asked,0.09448818897637795,0.13385826771653542,0.07874015748031496,0.14960629921259844,0.07086614173228346,0.10236220472440943,0.06299212598425197,0.3070866141732283
rovard,0.16071428571428573,0.08928571428571429,0.053571428571428575,0.19642857142857145,0.07142857142857142,0.19642857142857145,0.053571428571428575,0.17857142857142858
grauffis,0.14285714285714288,0.05714285714285715,0.07142857142857144,0.15714285714285717,0.08571428571428573,0.17142857142857146,0.05714285714285715,0.2571428571428572
otto,0.06976744186046513,0.2558139534883721,0.0,0.11627906976744187,0.16279069767441862,0.09302325581395349,0.09302325581395349,0.20930232558139536
harkaman,0.10309278350515463,0.20618556701030927,0.05154639175257732,0.09965635738831614,0.12714776632302405,0.09621993127147765,0.06529209621993128,0.2508591065292096
never,0.11047345767575323,0.15925394548063126,0.06025824964131995,0.15208034433285508,0.1291248206599713,0.09182209469153516,0.07604017216642754,0.22094691535150646
met,0.07792207792207793,0.18181818181818182,0.025974025974025976,0.11688311688311688,0.11688311688311688,0.07792207792207793,0.06493506493506494,0.33766233766233766
like,0.11199601791936287,0.16525634644101544,0.07715281234444997,0.15778994524639126,0.1055251368840219,0.11747137879542062,0.0781483325037332,0.1866600298656048
nothing,0.09631147540983606,0.14344262295081966,0.07377049180327869,0.16393442622950818,0.11885245901639344,0.1168032786885246,0.08196721311475409,0.20491803278688525
newhaven,0.10638297872340426,0.14893617021276595,0.0851063829787234,0.10638297872340426,0.02127659574468085,0.12765957446808512,0.02127659574468085,0.3829787234042553
lord,0.034934497816593885,0.09606986899563319,0.2925764192139738,0.048034934497816595,0.05676855895196506,0.034934497816593885,0.026200873362445417,0.4104803493449782
're,0.094316807738815,0.18379685610640872,0.06045949214026603,0.1354292623941959,0.11970979443772674,0.09552599758162034,0.09673518742442565,0.21402660217654174
palace,0.1145374449339207,0.19823788546255508,0.06607929515418502,0.10572687224669605,0.1101321585903084,0.06607929515418502,0.07048458149779736,0.26872246696035246
say,0.11531190926275993,0.15122873345935728,0.062381852551984876,0.10964083175803402,0.1285444234404537,0.09451795841209831,0.09073724007561437,0.24763705103969755
hope,0.04113924050632912,0.20411392405063292,0.033227848101265826,0.05537974683544304,0.19620253164556964,0.04430379746835443,0.18512658227848106,0.24050632911392408
dunnan,0.13670886075949368,0.12151898734177216,0.07341772151898734,0.2126582278481013,0.06835443037974684,0.1468354430379747,0.07341772151898734,0.1670886075949367
got,0.1009433962264151,0.17924528301886794,0.07075471698113209,0.11698113207547171,0.13490566037735852,0.09056603773584908,0.09622641509433963,0.21037735849056605
leave,0.05327868852459016,0.09016393442622951,0.02459016393442623,0.07377049180327869,0.05327868852459016,0.29508196721311475,0.29508196721311475,0.11475409836065573
something,0.11633109619686799,0.17002237136465323,0.07046979865771812,0.14093959731543623,0.10402684563758388,0.11185682326621924,0.08277404921700222,0.20357941834451898
andray,0.1358024691358025,0.1234567901234568,0.07407407407407408,0.19753086419753085,0.09876543209876543,0.1358024691358025,0.11111111111111112,0.1234567901234568
shoot,0.3333333333333333,0.0,0.0,0.4102564102564103,0.0,0.07692307692307693,0.025641025641025644,0.15384615384615385
crazy,0.28217821782178215,0.014851485148514853,0.0,0.3069306930693069,0.014851485148514853,0.29207920792079206,0.029702970297029705,0.05940594059405941
'm,0.081419624217119,0.16492693110647183,0.07306889352818371,0.17536534446764093,0.13569937369519833,0.1127348643006263,0.05636743215031315,0.20041753653444677
saying,0.0625,0.16666666666666666,0.041666666666666664,0.08333333333333333,0.14583333333333331,0.0625,0.125,0.31249999999999994
let,0.10282776349614396,0.1799485861182519,0.06940874035989716,0.16195372750642673,0.09768637532133675,0.13110539845758354,0.07969151670951156,0.1773778920308483
talk,0.13114754098360656,0.09836065573770493,0.0737704918032787,0.10655737704918034,0.12295081967213116,0.0737704918032787,0.09836065573770493,0.2950819672131148
might,0.11861471861471862,0.1523809523809524,0.07445887445887446,0.18354978354978357,0.09090909090909091,0.10735930735930736,0.08398268398268399,0.18874458874458877
made,0.10724637681159419,0.15652173913043477,0.0572463768115942,0.1608695652173913,0.10724637681159419,0.12028985507246376,0.07101449275362318,0.21956521739130433
understand,0.1342281879194631,0.14093959731543623,0.046979865771812075,0.12080536912751677,0.10067114093959731,0.12080536912751677,0.020134228187919462,0.31543624161073824
even,0.12104981253347619,0.1414033208355651,0.08784145688269952,0.15211569362613822,0.09105516871987146,0.12533476164970542,0.07873594001071238,0.20246384574183182
hands,0.1145374449339207,0.13436123348017623,0.08149779735682819,0.17841409691629959,0.10792951541850221,0.1563876651982379,0.050660792951541855,0.1762114537444934
went,0.09624060150375942,0.16691729323308274,0.060150375939849635,0.15187969924812034,0.09624060150375942,0.14135338345864665,0.08270676691729326,0.20451127819548875
onto,0.11875000000000002,0.21875,0.05000000000000001,0.10000000000000002,0.10625000000000001,0.16875,0.05625000000000001,0.18125000000000002
end,0.08038976857490865,0.1619975639464068,0.04506699147381242,0.09987819732034103,0.1753958587088916,0.09987819732034103,0.06090133982947625,0.27649208282582216
open,0.11645569620253166,0.13164556962025317,0.0810126582278481,0.1468354430379747,0.13164556962025317,0.11139240506329115,0.07848101265822785,0.20253164556962028
circle,0.1111111111111111,0.19444444444444442,0.027777777777777776,0.16666666666666669,0.16666666666666669,0.1111111111111111,0.0,0.2222222222222222
another,0.10208333333333333,0.16458333333333336,0.06666666666666667,0.14375,0.11458333333333334,0.10625,0.075,0.22708333333333336
loot,0.04166666666666667,0.2916666666666667,0.04166666666666667,0.12500000000000003,0.04166666666666667,0.12500000000000003,0.04166666666666667,0.2916666666666667
one,0.1045182362547632,0.15768463073852296,0.06514244238795136,0.15369261477045906,0.1152240972600254,0.10724006532389765,0.06840863727091272,0.2280892759934676
old,0.11055776892430279,0.1553784860557769,0.07270916334661355,0.15338645418326693,0.10657370517928287,0.11653386454183269,0.06673306772908368,0.21812749003984067
federation,0.10736196319018404,0.15337423312883436,0.05521472392638037,0.18711656441717792,0.09815950920245399,0.11963190184049079,0.06748466257668712,0.2116564417177914
planets,0.10000000000000002,0.11875000000000002,0.037500000000000006,0.15000000000000002,0.10625000000000001,0.08750000000000001,0.09375000000000001,0.30625
tried,0.0909090909090909,0.1818181818181818,0.0404040404040404,0.1919191919191919,0.1111111111111111,0.10101010101010101,0.07070707070707069,0.2121212121212121
lot,0.1320754716981132,0.14150943396226415,0.07861635220125786,0.1761006289308176,0.06918238993710692,0.11949685534591195,0.0880503144654088,0.19496855345911948
wait,0.05072463768115941,0.6014492753623187,0.03623188405797101,0.05072463768115941,0.06521739130434781,0.043478260869565216,0.03623188405797101,0.11594202898550722
till,0.1223021582733813,0.2805755395683453,0.03597122302158274,0.1366906474820144,0.07913669064748202,0.10791366906474821,0.03597122302158274,0.2014388489208633
going,0.1223091976516634,0.18199608610567516,0.06164383561643836,0.1457925636007828,0.09295499021526418,0.09686888454011741,0.10567514677103718,0.19275929549902152
put,0.12476007677543187,0.17658349328214973,0.06525911708253358,0.14395393474088292,0.08637236084452975,0.09021113243761995,0.09021113243761995,0.22264875239923224
word,0.08333333333333334,0.14351851851851852,0.0462962962962963,0.0925925925925926,0.06944444444444445,0.06481481481481481,0.04166666666666667,0.4583333333333333
still,0.10747663551401869,0.16355140186915887,0.07866043613707165,0.14252336448598132,0.11838006230529595,0.11292834890965732,0.07398753894080996,0.20249221183800623
maybe,0.11740890688259108,0.15182186234817813,0.08502024291497975,0.15384615384615383,0.09919028340080971,0.11943319838056679,0.08704453441295545,0.18623481781376516
good,0.03300330033003301,0.22541254125412544,0.021122112211221122,0.03993399339933994,0.21716171617161717,0.028712871287128714,0.1877887788778878,0.2468646864686469
mother,0.04552590266875981,0.19937205651491366,0.03296703296703297,0.04866562009419152,0.18995290423861852,0.2087912087912088,0.031397174254317116,0.24332810047095763
top,0.07891156462585033,0.28435374149659864,0.044897959183673466,0.08163265306122448,0.061224489795918366,0.09659863945578231,0.0163265306122449,0.3360544217687075
refused,0.07407407407407407,0.0,0.07407407407407407,0.18518518518518517,0.037037037037037035,0.4444444444444444,0.037037037037037035,0.14814814814814814
gone,0.1219512195121951,0.16027874564459932,0.05226480836236933,0.1986062717770035,0.06620209059233449,0.1672473867595819,0.05574912891986063,0.17770034843205573
times,0.08779443254817987,0.15845824411134904,0.06638115631691649,0.13918629550321202,0.11349036402569594,0.09850107066381157,0.06423982869379015,0.27194860813704497
officer,0.09269662921348315,0.0898876404494382,0.019662921348314606,0.1348314606741573,0.0449438202247191,0.06460674157303371,0.025280898876404494,0.5280898876404494
expected,0.09183673469387756,0.3673469387755102,0.05102040816326531,0.16326530612244897,0.06122448979591837,0.14285714285714285,0.04081632653061224,0.08163265306122448
uncle,0.23076923076923078,0.07692307692307693,0.12820512820512822,0.2820512820512821,0.05128205128205129,0.12820512820512822,0.0,0.10256410256410257
command,0.24390243902439024,0.11924119241192412,0.02981029810298103,0.28184281842818426,0.07046070460704607,0.06233062330623306,0.02981029810298103,0.16260162601626016
company,0.09907120743034055,0.16408668730650156,0.037151702786377715,0.23529411764705882,0.1021671826625387,0.09287925696594428,0.05572755417956656,0.21362229102167182
enemy,0.276595744680851,0.08510638297872339,0.20364741641337383,0.2917933130699088,0.021276595744680847,0.03343465045592705,0.027355623100303948,0.060790273556231
omfray,0.21686746987951805,0.12048192771084337,0.10843373493975902,0.24096385542168675,0.048192771084337345,0.12048192771084337,0.03614457831325301,0.10843373493975902
glaspyth,0.2142857142857143,0.11224489795918369,0.10204081632653061,0.22448979591836737,0.06122448979591837,0.12244897959183675,0.05102040816326531,0.11224489795918369
love,0.06511627906976744,0.13023255813953488,0.08372093023255814,0.06976744186046512,0.39534883720930236,0.0558139534883721,0.08837209302325583,0.1116279069767442
seemed,0.1300639658848614,0.1513859275053305,0.08315565031982941,0.16417910447761191,0.10660980810234542,0.11300639658848613,0.09168443496801705,0.15991471215351813
idea,0.10559006211180125,0.14906832298136646,0.043478260869565216,0.09316770186335403,0.16149068322981366,0.049689440993788817,0.10559006211180125,0.2919254658385093
right,0.16514954486345904,0.16059817945383614,0.05136540962288687,0.09622886866059817,0.09037711313394017,0.12873862158647595,0.08062418725617686,0.22691807542262682
ought,0.06999999999999999,0.21,0.049999999999999996,0.12999999999999998,0.11,0.11,0.049999999999999996,0.26999999999999996
bigglersport,0.15555555555555556,0.13333333333333336,0.13333333333333336,0.17777777777777778,0.0,0.13333333333333336,0.0,0.2666666666666667
men,0.1229712858926342,0.1585518102372035,0.07553058676654181,0.16354556803995007,0.10799001248439451,0.09800249687890136,0.07303370786516855,0.200374531835206
making,0.13953488372093026,0.16279069767441862,0.0755813953488372,0.14534883720930233,0.13372093023255816,0.06395348837209303,0.09883720930232559,0.1802325581395349
among,0.0975609756097561,0.1361788617886179,0.0548780487804878,0.16463414634146342,0.1565040650406504,0.10365853658536585,0.0548780487804878,0.23170731707317074
black,0.04186046511627907,0.15116279069767444,0.05503875968992249,0.06434108527131784,0.13488372093023257,0.32790697674418606,0.03410852713178295,0.19069767441860466
gold,0.08403361344537816,0.1638655462184874,0.03361344537815126,0.12184873949579832,0.14285714285714285,0.12184873949579832,0.06722689075630252,0.2647058823529412
service,0.08333333333333333,0.15476190476190474,0.05952380952380952,0.19047619047619047,0.07142857142857142,0.09523809523809523,0.03571428571428571,0.3095238095238095
big,0.11371841155234656,0.16064981949458482,0.0595667870036101,0.12815884476534295,0.1299638989169675,0.1299638989169675,0.08483754512635377,0.19314079422382668
story,0.14423076923076922,0.14423076923076922,0.05769230769230769,0.17307692307692307,0.14423076923076922,0.04807692307692307,0.0673076923076923,0.22115384615384615
marriage,0.048387096774193554,0.22580645161290322,0.06451612903225806,0.08064516129032258,0.27419354838709675,0.016129032258064516,0.0,0.2903225806451613
happened,0.1020408163265306,0.15646258503401358,0.06802721088435373,0.15646258503401358,0.10884353741496597,0.12925170068027209,0.08163265306122448,0.19727891156462582
steel,0.1313131313131313,0.28282828282828276,0.0808080808080808,0.17171717171717168,0.0303030303030303,0.0909090909090909,0.050505050505050504,0.1616161616161616
public,0.02763819095477387,0.4120603015075377,0.015075376884422112,0.05276381909547739,0.09673366834170855,0.02512562814070352,0.02763819095477387,0.34296482412060303
wealth,0.07317073170731707,0.09756097560975609,0.09756097560975609,0.1219512195121951,0.2195121951219512,0.07317073170731707,0.024390243902439022,0.2926829268292683
general,0.0608974358974359,0.10176282051282053,0.03125,0.09695512820512821,0.09615384615384616,0.06410256410256411,0.03525641025641026,0.5136217948717948
better,0.10427807486631015,0.179144385026738,0.06951871657754011,0.13368983957219252,0.12566844919786097,0.09893048128342245,0.09090909090909091,0.1978609625668449
us,0.0985352862849534,0.17842876165113186,0.04793608521970706,0.1384820239680426,0.12649800266311584,0.09587217043941412,0.07323568575233023,0.24101198402130494
everybody,0.11718750000000001,0.17447916666666669,0.04947916666666667,0.15104166666666669,0.12500000000000003,0.08333333333333334,0.07291666666666667,0.2265625
screen,0.08532423208191127,0.17064846416382254,0.06825938566552901,0.14334470989761094,0.09556313993174062,0.1672354948805461,0.06484641638225257,0.20477815699658702
hand,0.10558069381598792,0.14177978883861236,0.06184012066365007,0.15233785822021118,0.11463046757164405,0.12217194570135746,0.07239819004524888,0.2292609351432881
center,0.06188925081433225,0.11726384364820847,0.00977198697068404,0.11726384364820847,0.05863192182410423,0.08794788273615635,0.04560260586319218,0.501628664495114
small,0.11281070745697898,0.15232632249840664,0.06373486297004463,0.12045889101338433,0.11408540471637987,0.14021669853409818,0.07648183556405354,0.21988527724665394
spoke,0.07407407407407408,0.11111111111111112,0.07407407407407408,0.1851851851851852,0.03703703703703704,0.11111111111111112,0.0,0.40740740740740744
captain,0.06711409395973154,0.2684563758389262,0.05369127516778523,0.09395973154362415,0.12080536912751677,0.10738255033557045,0.05369127516778523,0.23489932885906037
said,0.09494826536822884,0.15337796713329274,0.05782105903834448,0.1284236153377967,0.1247717589774802,0.09373097991479001,0.08520998174071819,0.2617163724893487
sort,0.08108108108108109,0.14285714285714285,0.05791505791505792,0.16602316602316602,0.1274131274131274,0.09266409266409267,0.08108108108108109,0.25096525096525096
dozen,0.1822429906542056,0.15887850467289721,0.08411214953271029,0.17289719626168223,0.07476635514018691,0.1074766355140187,0.05140186915887851,0.16822429906542058
cousin,0.19354838709677422,0.06451612903225806,0.12903225806451613,0.12903225806451613,0.09677419354838711,0.09677419354838711,0.03225806451612903,0.25806451612903225
family,0.06521739130434782,0.021739130434782608,0.2826086956521739,0.08695652173913043,0.09782608695652173,0.2826086956521739,0.021739130434782608,0.14130434782608695
nikkolay,0.20454545454545453,0.11363636363636363,0.06818181818181818,0.13636363636363635,0.0909090909090909,0.1818181818181818,0.022727272727272724,0.1818181818181818
ffayle,0.1081081081081081,0.13513513513513511,0.05405405405405405,0.13513513513513511,0.13513513513513511,0.1081081081081081,0.05405405405405405,0.27027027027027023
son,0.06796116504854369,0.18446601941747573,0.05825242718446603,0.09708737864077671,0.1650485436893204,0.07766990291262137,0.06796116504854369,0.2815533980582524
baron,0.13218390804597702,0.1149425287356322,0.09770114942528736,0.14367816091954025,0.10919540229885058,0.09195402298850576,0.02873563218390805,0.2816091954022989
rathmore,0.13333333333333333,0.11666666666666667,0.15,0.1,0.1,0.05,0.06666666666666667,0.2833333333333333
knew,0.09718670076726343,0.2020460358056266,0.05370843989769821,0.16112531969309463,0.09974424552429667,0.10485933503836317,0.08439897698209718,0.1969309462915601
set,0.16514690982776087,0.13069908814589665,0.04660587639311044,0.0851063829787234,0.11043566362715299,0.10131712259371833,0.04356636271529888,0.31712259371833834
wore,0.13402061855670103,0.13402061855670103,0.025773195876288665,0.26804123711340205,0.07216494845360825,0.1597938144329897,0.015463917525773198,0.1907216494845361
short,0.2077922077922078,0.16233766233766236,0.025974025974025976,0.09090909090909091,0.03896103896103897,0.2142857142857143,0.08441558441558442,0.17532467532467533
heavily,0.1153846153846154,0.2307692307692308,0.038461538461538464,0.19230769230769232,0.07692307692307693,0.19230769230769232,0.038461538461538464,0.1153846153846154
hair,0.08588957055214722,0.17177914110429443,0.08588957055214722,0.09815950920245398,0.12269938650306747,0.20858895705521469,0.07975460122699385,0.14723926380368096
enough,0.1260096930533118,0.17770597738287564,0.06623586429725364,0.16478190630048467,0.08723747980613894,0.08723747980613894,0.08077544426494347,0.21001615508885302
fighting,0.38864628820960695,0.12663755458515283,0.05240174672489083,0.15720524017467247,0.03930131004366812,0.07860262008733623,0.04803493449781659,0.10917030567685589
royal,0.09352517985611511,0.1510791366906475,0.03597122302158274,0.08633093525179858,0.1510791366906475,0.06474820143884892,0.03597122302158274,0.381294964028777
throne,0.06862745098039215,0.10784313725490197,0.06862745098039215,0.0392156862745098,0.08823529411764706,0.05882352941176471,0.049019607843137254,0.5196078431372549
lost,0.09235668789808918,0.15923566878980894,0.04777070063694268,0.12101910828025479,0.08280254777070063,0.30254777070063693,0.054140127388535034,0.14012738853503187
life,0.06298449612403101,0.16472868217054265,0.059108527131782954,0.12403100775193798,0.15503875968992248,0.12790697674418605,0.06879844961240311,0.2374031007751938
personal,0.0819672131147541,0.06557377049180328,0.01639344262295082,0.11475409836065574,0.0819672131147541,0.11475409836065574,0.09836065573770493,0.42622950819672134
