,anger,anticipation,disgust,fear,joy,sadness,surprise,trust
project,0.12002412545235223,0.17490952955367914,0.04402895054282268,0.05307599517490953,0.10735826296743065,0.07599517490952956,0.021712907117008445,0.4028950542822678
gutenberg,0.08269230769230769,0.2288461538461538,0.032692307692307694,0.06923076923076922,0.09807692307692308,0.10192307692307692,0.028846153846153844,0.3576923076923077
ebook,0.08064516129032258,0.18663594470046085,0.02304147465437788,0.08294930875576037,0.09447004608294932,0.10138248847926268,0.04608294930875576,0.3847926267281106
poems,0.03333333333333333,0.2,0.06666666666666667,0.06666666666666667,0.23333333333333334,0.03333333333333333,0.0,0.36666666666666664
two,0.08112874779541447,0.1746031746031746,0.05467372134038801,0.1164021164021164,0.12522045855379188,0.13756613756613756,0.06878306878306878,0.24162257495590828
2,0.09459459459459461,0.21621621621621623,0.013513513513513514,0.05405405405405406,0.14864864864864866,0.13513513513513514,0.04054054054054054,0.2972972972972973
world,0.05714285714285714,0.1904761904761905,0.04761904761904762,0.11428571428571428,0.2,0.10476190476190476,0.08571428571428572,0.2
country,0.04918032786885245,0.21311475409836061,0.04918032786885245,0.05737704918032786,0.22131147540983603,0.12295081967213113,0.05737704918032786,0.22950819672131145
first,0.07339449541284404,0.19266055045871563,0.08256880733944955,0.11238532110091744,0.15366972477064222,0.10550458715596332,0.09403669724770643,0.1857798165137615
thing,0.125,0.11666666666666667,0.1,0.14166666666666666,0.125,0.125,0.10833333333333332,0.15833333333333333
seen,0.06363636363636364,0.1681818181818182,0.09545454545454546,0.10454545454545455,0.15454545454545457,0.09090909090909093,0.07272727272727272,0.25
please,0.08333333333333333,0.1111111111111111,0.05555555555555555,0.1111111111111111,0.1111111111111111,0.2222222222222222,0.027777777777777776,0.2777777777777778
change,0.1470588235294118,0.11764705882352942,0.029411764705882356,0.35294117647058826,0.11764705882352942,0.029411764705882356,0.05882352941176471,0.1470588235294118
without,0.08085106382978724,0.17446808510638298,0.07021276595744681,0.11702127659574468,0.12765957446808512,0.13404255319148936,0.048936170212765966,0.24680851063829787
legal,0.1379310344827586,0.10344827586206895,0.03448275862068965,0.0689655172413793,0.0,0.3448275862068965,0.0,0.31034482758620685
small,0.06944444444444445,0.1423611111111111,0.06597222222222222,0.15625,0.1111111111111111,0.15277777777777776,0.07638888888888888,0.22569444444444445
may,0.11035267349260525,0.1626848691695108,0.08191126279863481,0.10238907849829351,0.11717861205915814,0.11262798634812286,0.04664391353811149,0.26621160409556316
used,0.07582938388625593,0.15639810426540285,0.047393364928909956,0.1090047393364929,0.1184834123222749,0.09478672985781991,0.061611374407582936,0.3364928909952607
find,0.06214689265536723,0.15254237288135594,0.07344632768361581,0.10734463276836158,0.22033898305084745,0.10734463276836158,0.06214689265536723,0.21468926553672316
make,0.06528189910979228,0.1602373887240356,0.07418397626112759,0.09198813056379822,0.1602373887240356,0.11869436201780414,0.07418397626112759,0.2551928783382789
free,0.07017543859649122,0.19298245614035087,0.04385964912280702,0.07894736842105263,0.15789473684210525,0.07894736842105263,0.07894736842105263,0.29824561403508776
plain,0.05185185185185186,0.15555555555555556,0.022222222222222223,0.044444444444444446,0.10370370370370371,0.06666666666666667,0.03703703703703704,0.5185185185185185
ebooks,0.0,0.4705882352941177,0.0,0.029411764705882356,0.08823529411764706,0.0,0.029411764705882356,0.3823529411764706
readable,0.0606060606060606,0.2424242424242424,0.0,0.0606060606060606,0.0303030303030303,0.0606060606060606,0.0,0.5454545454545454
author,0.08045977011494253,0.1724137931034483,0.022988505747126436,0.08045977011494253,0.14942528735632182,0.11494252873563218,0.04597701149425287,0.3333333333333333
10,0.06995884773662552,0.18518518518518517,0.0411522633744856,0.10699588477366255,0.20987654320987653,0.11934156378600823,0.06584362139917695,0.20164609053497942
english,0.14285714285714285,0.15873015873015875,0.12698412698412698,0.12698412698412698,0.12698412698412698,0.09523809523809523,0.07936507936507937,0.14285714285714285
1,0.07526881720430109,0.20430107526881722,0.010752688172043012,0.05913978494623656,0.18279569892473121,0.10215053763440861,0.08602150537634409,0.2795698924731183
rob,0.18000000000000002,0.04,0.18000000000000002,0.22000000000000003,0.030000000000000006,0.21000000000000002,0.030000000000000006,0.11000000000000001
roy,0.18823529411764703,0.04705882352941176,0.16470588235294117,0.23529411764705882,0.02352941176470588,0.22352941176470587,0.03529411764705882,0.08235294117647059
's,0.06805555555555555,0.16597222222222224,0.050694444444444445,0.096875,0.1763888888888889,0.14131944444444444,0.07395833333333333,0.2267361111111111
grave,0.10833333333333332,0.075,0.058333333333333334,0.225,0.08333333333333334,0.29166666666666663,0.06666666666666667,0.09166666666666666
narrow,0.16666666666666666,0.05555555555555555,0.1111111111111111,0.3333333333333333,0.0,0.16666666666666666,0.16666666666666666,0.0
glen,0.16666666666666666,0.05555555555555555,0.1111111111111111,0.3333333333333333,0.0,0.16666666666666666,0.16666666666666666,0.0
highland,0.039999999999999994,0.15999999999999998,0.15999999999999998,0.019999999999999997,0.27999999999999997,0.12,0.07999999999999999,0.13999999999999999
sonnet,0.06081081081081081,0.13513513513513514,0.05405405405405405,0.033783783783783786,0.3108108108108108,0.20945945945945946,0.05405405405405405,0.14189189189189189
father,0.05185185185185185,0.11851851851851852,0.034567901234567905,0.07160493827160494,0.09382716049382715,0.07654320987654321,0.06419753086419752,0.4888888888888889
yarrow,0.05357142857142857,0.1607142857142857,0.017857142857142856,0.05357142857142857,0.26785714285714285,0.125,0.07142857142857142,0.25
mind,0.08438818565400845,0.13924050632911392,0.0759493670886076,0.14345991561181434,0.16033755274261602,0.1308016877637131,0.05485232067510548,0.2109704641350211
brother,0.08888888888888888,0.13333333333333333,0.04444444444444444,0.02222222222222222,0.22222222222222224,0.04444444444444444,0.02222222222222222,0.4222222222222222
water,0.09836065573770493,0.1598360655737705,0.09426229508196722,0.10245901639344264,0.13114754098360656,0.1598360655737705,0.0778688524590164,0.17622950819672134
cuckoo,0.0,0.21212121212121213,0.0,0.0606060606060606,0.18181818181818182,0.18181818181818182,0.15151515151515152,0.21212121212121213
blind,0.04716981132075473,0.15094339622641512,0.15094339622641512,0.06603773584905662,0.24528301886792456,0.10377358490566038,0.04716981132075473,0.1886792452830189
boy,0.0732394366197183,0.1295774647887324,0.29577464788732394,0.07042253521126761,0.15774647887323942,0.09014084507042253,0.05352112676056337,0.1295774647887324
green,0.04656745079212674,0.08209313490158425,0.02496399423907825,0.07537205952952472,0.24291886701872298,0.24387902064330294,0.020643302928468554,0.26356216994719156
linnet,0.05263157894736841,0.13157894736842105,0.05263157894736841,0.05263157894736841,0.3157894736842105,0.15789473684210525,0.05263157894736841,0.18421052631578946
young,0.03617021276595745,0.24893617021276598,0.03191489361702128,0.03404255319148936,0.2723404255319149,0.06382978723404256,0.19148936170212766,0.12127659574468086
lady,0.05357142857142857,0.17261904761904762,0.04166666666666667,0.05952380952380953,0.26785714285714285,0.16071428571428573,0.029761904761904764,0.21428571428571427
reproached,0.05405405405405406,0.18918918918918923,0.05405405405405406,0.02702702702702703,0.2972972972972973,0.16216216216216217,0.08108108108108109,0.13513513513513514
taking,0.041666666666666664,0.20833333333333334,0.041666666666666664,0.0625,0.2916666666666667,0.14583333333333334,0.0625,0.14583333333333334
long,0.046616541353383466,0.4255639097744361,0.03308270676691729,0.07368421052631578,0.11578947368421054,0.09774436090225565,0.055639097744360905,0.1518796992481203
walks,0.06349206349206347,0.17460317460317457,0.07936507936507936,0.04761904761904761,0.2698412698412698,0.14285714285714282,0.1111111111111111,0.1111111111111111
floating,0.0588235294117647,0.1764705882352941,0.0588235294117647,0.02941176470588235,0.29411764705882354,0.1764705882352941,0.0588235294117647,0.14705882352941177
mill,0.05263157894736841,0.2631578947368421,0.05263157894736841,0.026315789473684206,0.2631578947368421,0.15789473684210525,0.05263157894736841,0.13157894736842105
c,0.0821256038647343,0.15458937198067632,0.05314009661835749,0.09178743961352656,0.18840579710144928,0.15458937198067632,0.05314009661835749,0.22222222222222224
star-gazers,0.060606060606060594,0.1515151515151515,0.060606060606060594,0.030303030303030297,0.303030303030303,0.1818181818181818,0.060606060606060594,0.1515151515151515
power,0.08547008547008547,0.14102564102564102,0.04700854700854701,0.13675213675213674,0.13675213675213674,0.14957264957264957,0.04700854700854701,0.2564102564102564
music,0.05084745762711864,0.11864406779661017,0.05084745762711864,0.05084745762711864,0.3220338983050847,0.23728813559322035,0.05084745762711864,0.11864406779661017
daisy,0.05405405405405406,0.16216216216216217,0.05405405405405406,0.02702702702702703,0.2972972972972973,0.16216216216216217,0.08108108108108109,0.16216216216216217
flower,0.06603773584905662,0.169811320754717,0.07547169811320756,0.07547169811320756,0.22641509433962267,0.12264150943396228,0.0849056603773585,0.17924528301886794
incident,0.049999999999999996,0.125,0.049999999999999996,0.024999999999999998,0.27499999999999997,0.15,0.09999999999999999,0.22499999999999998
characteristic,0.05405405405405405,0.13513513513513514,0.05405405405405405,0.027027027027027025,0.29729729729729726,0.16216216216216214,0.08108108108108107,0.1891891891891892
favourite,0.05405405405405405,0.13513513513513514,0.05405405405405405,0.027027027027027025,0.29729729729729726,0.16216216216216214,0.08108108108108107,0.1891891891891892
dog,0.05128205128205128,0.14102564102564102,0.06410256410256411,0.02564102564102564,0.3076923076923077,0.15384615384615385,0.07692307692307693,0.1794871794871795
belonged,0.05405405405405405,0.13513513513513514,0.05405405405405405,0.027027027027027025,0.29729729729729726,0.16216216216216214,0.08108108108108107,0.1891891891891892
friend,0.0625,0.10714285714285714,0.08035714285714285,0.05357142857142857,0.29464285714285715,0.10714285714285714,0.05357142857142857,0.24107142857142855
tribute,0.060606060606060594,0.1515151515151515,0.060606060606060594,0.030303030303030297,0.303030303030303,0.1818181818181818,0.060606060606060594,0.1515151515151515
memory,0.041666666666666664,0.14583333333333334,0.0625,0.041666666666666664,0.2916666666666667,0.125,0.08333333333333333,0.20833333333333334
thomas,0.06382978723404255,0.14893617021276595,0.06382978723404255,0.042553191489361694,0.2978723404255319,0.17021276595744678,0.042553191489361694,0.17021276595744678
clarkson,0.07692307692307693,0.12820512820512822,0.05128205128205128,0.05128205128205128,0.28205128205128205,0.20512820512820512,0.05128205128205128,0.15384615384615385
lonely,0.12328767123287672,0.14383561643835618,0.11643835616438357,0.13013698630136986,0.18493150684931509,0.1780821917808219,0.020547945205479454,0.10273972602739727
hamlet,0.07317073170731707,0.12195121951219512,0.09756097560975609,0.048780487804878044,0.26829268292682923,0.19512195121951217,0.048780487804878044,0.14634146341463414
foresight,0.05714285714285714,0.17142857142857143,0.05714285714285714,0.02857142857142857,0.28571428571428575,0.17142857142857143,0.05714285714285714,0.17142857142857143
charge,0.0392156862745098,0.1568627450980392,0.058823529411764705,0.058823529411764705,0.27450980392156865,0.17647058823529413,0.0784313725490196,0.1568627450980392
child,0.07079646017699114,0.24483775811209438,0.053097345132743355,0.07964601769911503,0.25368731563421826,0.1150442477876106,0.04129793510324484,0.14159292035398227
younger,0.05405405405405406,0.16216216216216217,0.05405405405405406,0.02702702702702703,0.32432432432432434,0.16216216216216217,0.05405405405405406,0.16216216216216217
companion,0.05405405405405406,0.16216216216216217,0.05405405405405406,0.02702702702702703,0.32432432432432434,0.16216216216216217,0.05405405405405406,0.16216216216216217
complaint,0.08823529411764704,0.14705882352941174,0.05882352941176469,0.029411764705882346,0.2941176470588235,0.17647058823529407,0.05882352941176469,0.14705882352941174
one,0.08490566037735849,0.19210977701543738,0.0660377358490566,0.12264150943396225,0.14922813036020582,0.10120068610634649,0.08061749571183532,0.2032590051457976
yes,0.05747126436781609,0.14942528735632182,0.06896551724137931,0.10344827586206896,0.20689655172413793,0.11494252873563218,0.06896551724137931,0.22988505747126436
full,0.14124293785310735,0.2033898305084746,0.05367231638418079,0.11016949152542373,0.11581920903954802,0.10734463276836158,0.059322033898305086,0.2090395480225989
't,0.07031249999999999,0.16406249999999997,0.07031249999999999,0.10156249999999999,0.1953125,0.10156249999999999,0.09374999999999999,0.20312499999999997
song,0.07333333333333333,0.18666666666666668,0.05333333333333333,0.08,0.24,0.14,0.07333333333333333,0.15333333333333335
history,0.1836734693877551,0.0816326530612245,0.2448979591836735,0.12244897959183675,0.04081632653061225,0.0816326530612245,0.0816326530612245,0.163265306122449
sufficiently,0.15789473684210525,0.15789473684210525,0.13157894736842105,0.18421052631578946,0.07894736842105263,0.18421052631578946,0.0,0.10526315789473682
known,0.12307692307692307,0.0923076923076923,0.15384615384615385,0.13846153846153844,0.1076923076923077,0.15384615384615385,0.07692307692307693,0.15384615384615385
near,0.07575757575757576,0.1212121212121212,0.0606060606060606,0.1212121212121212,0.1590909090909091,0.18939393939393942,0.0606060606060606,0.21212121212121213
head,0.09166666666666666,0.17916666666666667,0.05416666666666666,0.12916666666666668,0.15,0.15416666666666667,0.07916666666666666,0.1625
traveller,0.10810810810810811,0.08108108108108109,0.08108108108108109,0.16216216216216217,0.13513513513513514,0.16216216216216217,0.02702702702702703,0.24324324324324326
man,0.0847723704866562,0.16169544740973313,0.05180533751962323,0.11616954474097331,0.17739403453689165,0.10989010989010987,0.0989010989010989,0.19937205651491366
joy,0.0788381742738589,0.1701244813278008,0.06639004149377592,0.0788381742738589,0.29460580912863066,0.0995850622406639,0.06224066390041493,0.14937759336099582
good,0.022128556375131715,0.22655426765015804,0.022128556375131715,0.031612223393045306,0.22339304531085352,0.038988408851422546,0.1865121180189673,0.24868282402528977
mood,0.09756097560975609,0.14634146341463414,0.09756097560975609,0.09756097560975609,0.2195121951219512,0.14634146341463414,0.07317073170731707,0.12195121951219512
brave,0.12280701754385966,0.10526315789473684,0.10526315789473684,0.14035087719298245,0.12280701754385966,0.14035087719298245,0.08771929824561404,0.1754385964912281
let,0.06918238993710692,0.1509433962264151,0.10062893081761005,0.1320754716981132,0.13836477987421383,0.09433962264150944,0.1069182389937107,0.20754716981132076
us,0.09263657957244657,0.1805225653206651,0.04750593824228029,0.09501187648456058,0.18527315914489315,0.10688836104513065,0.0807600950118765,0.2114014251781473
heaven,0.020833333333333332,0.1875,0.020833333333333332,0.125,0.2708333333333333,0.041666666666666664,0.08333333333333333,0.25
gave,0.06593406593406594,0.15934065934065933,0.08241758241758242,0.0879120879120879,0.17032967032967034,0.11538461538461538,0.10989010989010989,0.20879120879120877
heart,0.05882352941176471,0.18529411764705883,0.05588235294117647,0.08823529411764706,0.25,0.11764705882352942,0.0823529411764706,0.16176470588235295
length,0.08130081300813008,0.16260162601626016,0.04878048780487805,0.0975609756097561,0.15447154471544713,0.11382113821138212,0.06504065040650406,0.2764227642276423
strength,0.051948051948051945,0.14285714285714285,0.09090909090909091,0.12987012987012986,0.12987012987012986,0.11688311688311688,0.051948051948051945,0.2857142857142857
keep,0.07407407407407407,0.1851851851851852,0.0462962962962963,0.19444444444444445,0.1111111111111111,0.1111111111111111,0.07407407407407407,0.2037037037037037
friends,0.03333333333333333,0.13333333333333333,0.06666666666666667,0.16666666666666669,0.23333333333333334,0.13333333333333333,0.0,0.23333333333333334
harm,0.09090909090909091,0.1212121212121212,0.1212121212121212,0.2424242424242424,0.1212121212121212,0.15151515151515152,0.0606060606060606,0.09090909090909091
yet,0.0927601809954751,0.1606334841628959,0.06108597285067873,0.12443438914027148,0.1855203619909502,0.14027149321266968,0.06108597285067873,0.17420814479638008
wise,0.22580645161290322,0.0967741935483871,0.12903225806451613,0.16129032258064516,0.03225806451612903,0.12903225806451613,0.0,0.22580645161290322
strong,0.07692307692307694,0.2417582417582418,0.07692307692307694,0.15384615384615388,0.1208791208791209,0.1318681318681319,0.06593406593406595,0.1318681318681319
poet,0.10526315789473684,0.07894736842105264,0.07894736842105264,0.10526315789473684,0.15789473684210528,0.26315789473684215,0.02631578947368421,0.1842105263157895
worthy,0.14545454545454545,0.1090909090909091,0.09090909090909093,0.1272727272727273,0.16363636363636364,0.14545454545454545,0.07272727272727272,0.14545454545454545
must,0.11320754716981132,0.169811320754717,0.07735849056603773,0.1320754716981132,0.09433962264150944,0.12830188679245286,0.06037735849056604,0.22452830188679246
say,0.10967741935483871,0.18709677419354837,0.08387096774193548,0.1225806451612903,0.14838709677419354,0.07741935483870967,0.08387096774193548,0.18709677419354837
thought,0.06136363636363637,0.42045454545454547,0.03636363636363636,0.07272727272727272,0.11590909090909092,0.10454545454545455,0.05681818181818182,0.1318181818181818
bold,0.0689655172413793,0.17241379310344826,0.0,0.0689655172413793,0.2758620689655172,0.03448275862068965,0.03448275862068965,0.3448275862068965
things,0.09210526315789475,0.16447368421052633,0.07894736842105264,0.07236842105263158,0.19078947368421054,0.09210526315789475,0.11184210526315791,0.19736842105263158
creed,0.15000000000000002,0.15000000000000002,0.07500000000000001,0.1,0.17500000000000002,0.1,0.07500000000000001,0.17500000000000002
20,0.07183908045977012,0.1752873563218391,0.06609195402298852,0.09482758620689656,0.20114942528735633,0.1120689655172414,0.06896551724137932,0.20977011494252876
said,0.07535885167464114,0.173444976076555,0.06698564593301436,0.10047846889952153,0.15311004784688995,0.11004784688995214,0.1124401913875598,0.208133971291866
books,0.046511627906976744,0.18604651162790697,0.06976744186046512,0.09302325581395349,0.2558139534883721,0.06976744186046512,0.046511627906976744,0.23255813953488375
stir,0.0,0.15625,0.06249999999999999,0.12499999999999999,0.18749999999999997,0.21875,0.09374999999999999,0.15625
kind,0.05434782608695653,0.09782608695652174,0.06521739130434782,0.08695652173913043,0.2826086956521739,0.10869565217391305,0.06521739130434782,0.2391304347826087
passion,0.04878048780487805,0.12195121951219513,0.07317073170731708,0.0975609756097561,0.2682926829268293,0.07317073170731708,0.07317073170731708,0.24390243902439027
law,0.07999999999999999,0.09999999999999999,0.07999999999999999,0.09999999999999999,0.21999999999999997,0.07999999999999999,0.06,0.27999999999999997
soul,0.0916030534351145,0.13740458015267176,0.07633587786259542,0.12977099236641224,0.16793893129770993,0.13740458015267176,0.07633587786259542,0.183206106870229
thus,0.10526315789473684,0.12440191387559807,0.08612440191387559,0.11483253588516745,0.14832535885167464,0.12918660287081338,0.07177033492822966,0.2200956937799043
30,0.07731958762886597,0.17525773195876287,0.056701030927835044,0.07731958762886597,0.23195876288659792,0.08762886597938144,0.0824742268041237,0.21134020618556698
see,0.05090909090909091,0.19818181818181818,0.04909090909090909,0.08545454545454545,0.2018181818181818,0.07636363636363636,0.10545454545454544,0.2327272727272727
field,0.10377358490566038,0.16509433962264153,0.10377358490566038,0.1556603773584906,0.13207547169811323,0.09433962264150945,0.07075471698113209,0.1745283018867925
wind,0.14473684210526316,0.14473684210526316,0.03947368421052632,0.15789473684210528,0.13157894736842107,0.13157894736842107,0.06578947368421054,0.1842105263157895
strife,0.2,0.1888888888888889,0.04444444444444444,0.1,0.1888888888888889,0.16666666666666666,0.04444444444444444,0.06666666666666667
last,0.07894736842105263,0.21491228070175436,0.05263157894736842,0.11403508771929824,0.15789473684210525,0.11842105263157894,0.08333333333333333,0.17982456140350878
live,0.12698412698412698,0.15873015873015875,0.07936507936507937,0.12698412698412698,0.14285714285714285,0.15873015873015875,0.031746031746031744,0.1746031746031746
peace,0.04081632653061225,0.22448979591836735,0.04081632653061225,0.06122448979591837,0.2653061224489796,0.0816326530612245,0.020408163265306124,0.2653061224489796
old,0.0625,0.17045454545454544,0.05303030303030303,0.10795454545454546,0.17234848484848483,0.11742424242424243,0.09280303030303029,0.2234848484848485
simple,0.0462962962962963,0.14814814814814814,0.027777777777777776,0.07407407407407407,0.17592592592592593,0.05555555555555555,0.08333333333333333,0.3888888888888889
take,0.06925207756232687,0.2188365650969529,0.05817174515235457,0.10249307479224377,0.14681440443213298,0.10249307479224377,0.08310249307479224,0.2188365650969529
40,0.06944444444444445,0.15277777777777776,0.06944444444444445,0.08333333333333333,0.2638888888888889,0.05555555555555555,0.1111111111111111,0.19444444444444445
'd,0.09460654288240494,0.15915119363395225,0.07161803713527852,0.11582670203359859,0.1971706454465075,0.13351016799292661,0.06631299734748011,0.16180371352785147
nothing,0.06395348837209303,0.16279069767441862,0.06976744186046512,0.12209302325581396,0.1744186046511628,0.12209302325581396,0.0755813953488372,0.20930232558139536
might,0.1099195710455764,0.1715817694369973,0.06970509383378015,0.15281501340482573,0.11528150134048257,0.128686327077748,0.09115281501340482,0.16085790884718498
stand,0.07500000000000001,0.17500000000000002,0.1,0.15000000000000002,0.1,0.15000000000000002,0.12500000000000003,0.12500000000000003
50,0.07142857142857144,0.20408163265306126,0.04081632653061225,0.1326530612244898,0.2142857142857143,0.09183673469387756,0.07142857142857144,0.17346938775510207
god,0.04428044280442805,0.1845018450184502,0.036900369003690044,0.16605166051660517,0.24354243542435425,0.07380073800738009,0.02583025830258303,0.22509225092250923
right,0.12735849056603774,0.16273584905660377,0.04009433962264151,0.06367924528301887,0.1391509433962264,0.15330188679245282,0.08018867924528301,0.23349056603773582
life,0.10824742268041239,0.19587628865979384,0.04123711340206186,0.09793814432989692,0.20103092783505158,0.14432989690721654,0.06701030927835053,0.14432989690721654
day,0.0943820224719101,0.19999999999999998,0.053932584269662916,0.11910112359550562,0.1640449438202247,0.10786516853932583,0.07191011235955055,0.1887640449438202
'll,0.044596912521440824,0.23499142367066897,0.024013722126929676,0.09777015437392797,0.16123499142367068,0.07718696397941682,0.12178387650085765,0.23842195540308753
way,0.08360128617363344,0.19935691318327975,0.06109324758842443,0.1157556270096463,0.1157556270096463,0.10932475884244373,0.08360128617363344,0.2315112540192926
among,0.09433962264150945,0.12264150943396228,0.10377358490566038,0.11320754716981134,0.17924528301886794,0.11320754716981134,0.03773584905660378,0.23584905660377364
rocks,0.08695652173913043,0.10869565217391305,0.13043478260869565,0.17391304347826086,0.08695652173913043,0.17391304347826086,0.06521739130434782,0.17391304347826086
liv,0.06976744186046512,0.13953488372093023,0.13953488372093023,0.16279069767441862,0.09302325581395347,0.13953488372093023,0.09302325581395347,0.16279069767441862
summer,0.07936507936507937,0.12698412698412698,0.12698412698412698,0.11111111111111112,0.11111111111111112,0.14285714285714285,0.14285714285714285,0.15873015873015875
lord,0.11176470588235295,0.12941176470588237,0.2235294117647059,0.08823529411764706,0.0823529411764706,0.0411764705882353,0.07058823529411765,0.2529411764705883
60,0.0303030303030303,0.30303030303030304,0.0303030303030303,0.07575757575757576,0.19696969696969696,0.1212121212121212,0.07575757575757576,0.16666666666666666
would,0.07685738684884715,0.18018787361229718,0.06063193851409053,0.11614005123825791,0.13834329632792486,0.14175918018787362,0.08539709649871906,0.20068317677198974
came,0.043835616438356165,0.23287671232876714,0.038356164383561646,0.10136986301369864,0.18082191780821918,0.10684931506849316,0.08767123287671233,0.20821917808219179
age,0.12804878048780488,0.1951219512195122,0.07317073170731708,0.15243902439024393,0.12195121951219513,0.15853658536585366,0.06707317073170732,0.10365853658536586
shall,0.07006369426751592,0.17197452229299365,0.05732484076433122,0.089171974522293,0.16560509554140126,0.11146496815286625,0.07961783439490447,0.2547770700636943
pride,0.05263157894736842,0.17894736842105263,0.05263157894736842,0.08421052631578947,0.28421052631578947,0.13684210526315788,0.06315789473684211,0.1473684210526316
every,0.07518796992481204,0.1917293233082707,0.056390977443609026,0.11654135338345867,0.12781954887218047,0.09774436090225565,0.09398496240601506,0.2406015037593985
70,0.049180327868852465,0.13114754098360656,0.024590163934426233,0.09016393442622951,0.20491803278688528,0.3114754098360656,0.03278688524590164,0.1557377049180328
seem,0.08799999999999998,0.15999999999999998,0.039999999999999994,0.072,0.21599999999999997,0.13599999999999998,0.072,0.21599999999999997
moment,0.06741573033707866,0.24719101123595508,0.06741573033707866,0.11235955056179776,0.11235955056179776,0.0898876404494382,0.10112359550561799,0.20224719101123598
never,0.09310344827586207,0.16896551724137931,0.06551724137931035,0.09310344827586207,0.17586206896551726,0.10689655172413795,0.07241379310344828,0.2241379310344828
vales,0.11764705882352942,0.1470588235294118,0.17647058823529413,0.08823529411764706,0.11764705882352942,0.08823529411764706,0.05882352941176471,0.20588235294117652
wide,0.05,0.15000000000000002,0.05,0.07500000000000001,0.275,0.15000000000000002,0.05,0.2
times,0.0625,0.21875,0.11458333333333333,0.09375,0.13541666666666666,0.07291666666666667,0.07291666666666667,0.22916666666666666
thou,0.06149732620320855,0.18048128342245986,0.05080213903743314,0.08689839572192512,0.21657754010695185,0.1283422459893048,0.10294117647058823,0.1724598930481283
land,0.0373134328358209,0.21641791044776118,0.05970149253731343,0.05223880597014926,0.26865671641791045,0.05970149253731343,0.08955223880597016,0.21641791044776118
earth,0.04000000000000001,0.23333333333333336,0.04000000000000001,0.06000000000000001,0.25333333333333335,0.10000000000000002,0.05333333333333334,0.22000000000000003
80,0.08108108108108107,0.08108108108108107,0.13513513513513514,0.1081081081081081,0.16216216216216214,0.1891891891891892,0.08108108108108107,0.16216216216216214
part,0.1111111111111111,0.16319444444444445,0.07638888888888888,0.1111111111111111,0.14930555555555555,0.10416666666666667,0.08680555555555557,0.19791666666666666
none,0.041433787912661155,0.09113942916759818,0.02570981444220881,0.05954243982412996,0.17914896788136225,0.4160518667560921,0.0023101572397347045,0.18466353677621283
enough,0.08018867924528301,0.1792452830188679,0.04716981132075471,0.08018867924528301,0.1981132075471698,0.0990566037735849,0.1179245283018868,0.1981132075471698
shew,0.08695652173913043,0.13043478260869565,0.06521739130434782,0.10869565217391305,0.2391304347826087,0.13043478260869565,0.06521739130434782,0.17391304347826086
help,0.05333333333333333,0.2,0.04,0.12666666666666665,0.14666666666666667,0.14,0.08,0.21333333333333332
death,0.09482758620689653,0.14655172413793102,0.12068965517241378,0.1982758620689655,0.0689655172413793,0.15517241379310343,0.11206896551724135,0.10344827586206895
90,0.11320754716981134,0.20754716981132076,0.03773584905660378,0.05660377358490567,0.20754716981132076,0.11320754716981134,0.15094339622641512,0.11320754716981134
like,0.07503828483920368,0.1776416539050536,0.06738131699846861,0.10260336906584992,0.16539050535987748,0.12098009188361408,0.0781010719754977,0.21286370597243492
clouds,0.056603773584905655,0.18867924528301885,0.03773584905660377,0.16981132075471697,0.16981132075471697,0.11320754716981131,0.07547169811320754,0.18867924528301885
breath,0.12244897959183675,0.12244897959183675,0.12244897959183675,0.22448979591836735,0.04081632653061225,0.163265306122449,0.163265306122449,0.04081632653061225
word,0.038461538461538464,0.125,0.038461538461538464,0.09615384615384616,0.07692307692307693,0.09615384615384616,0.057692307692307696,0.47115384615384615
france,0.09090909090909091,0.14285714285714285,0.10389610389610389,0.1688311688311688,0.12987012987012986,0.1948051948051948,0.06493506493506493,0.10389610389610389
oh,0.08108108108108107,0.2108108108108108,0.1081081081081081,0.11891891891891891,0.11891891891891891,0.13513513513513514,0.06486486486486485,0.16216216216216214
wrong,0.18918918918918923,0.13513513513513514,0.05405405405405406,0.10810810810810811,0.16216216216216217,0.21621621621621623,0.02702702702702703,0.10810810810810811
thee,0.06276150627615062,0.1506276150627615,0.07810320781032079,0.10739191073919108,0.19525801952580193,0.13249651324965134,0.10739191073919108,0.16596931659693165
thy,0.08367071524966262,0.14979757085020243,0.06612685560053981,0.10391363022941971,0.19568151147098517,0.13900134952766532,0.08636977058029689,0.1754385964912281
100,0.08163265306122447,0.18367346938775508,0.06122448979591836,0.1020408163265306,0.2040816326530612,0.12244897959183672,0.14285714285714285,0.1020408163265306
wild,0.1016949152542373,0.1016949152542373,0.06779661016949153,0.1864406779661017,0.08474576271186442,0.13559322033898305,0.22033898305084748,0.1016949152542373
thoughts,0.1090909090909091,0.13636363636363638,0.06363636363636364,0.1272727272727273,0.17272727272727273,0.14545454545454545,0.08181818181818182,0.16363636363636364
savage,0.25,0.09090909090909091,0.09090909090909091,0.25,0.022727272727272728,0.06818181818181819,0.09090909090909091,0.13636363636363638
hadst,0.04878048780487805,0.1951219512195122,0.07317073170731708,0.0975609756097561,0.1951219512195122,0.12195121951219513,0.14634146341463417,0.12195121951219513
love,0.058988764044943826,0.1601123595505618,0.0449438202247191,0.09269662921348315,0.2808988764044944,0.1151685393258427,0.06179775280898877,0.1853932584269663
liberty,0.12195121951219513,0.14634146341463417,0.07317073170731708,0.0975609756097561,0.21951219512195122,0.0975609756097561,0.0975609756097561,0.14634146341463417
behold,0.08955223880597014,0.14925373134328357,0.014925373134328356,0.11940298507462685,0.208955223880597,0.13432835820895522,0.07462686567164178,0.208955223880597
light,0.08997955010224949,0.13087934560327197,0.06543967280163598,0.12065439672801637,0.1411042944785276,0.17586912065439675,0.07157464212678936,0.20449897750511248
poor,0.06451612903225806,0.1827956989247312,0.11827956989247311,0.11827956989247311,0.1935483870967742,0.12903225806451613,0.03225806451612903,0.16129032258064516
hand,0.04098360655737705,0.14754098360655737,0.05737704918032788,0.10655737704918032,0.21311475409836064,0.09836065573770493,0.09836065573770493,0.23770491803278687
bear,0.15044247787610618,0.1327433628318584,0.04424778761061947,0.21238938053097342,0.1150442477876106,0.16814159292035397,0.017699115044247784,0.15929203539823006
many,0.08,0.18333333333333332,0.05666666666666667,0.07666666666666667,0.16666666666666669,0.10333333333333333,0.07,0.2633333333333333
upon,0.08128544423440455,0.166351606805293,0.056710775047258986,0.10018903591682421,0.1455576559546314,0.13232514177693763,0.07939508506616258,0.23818525519848774
far,0.08532423208191128,0.21160409556313997,0.06484641638225257,0.13310580204778158,0.15358361774744028,0.10921501706484642,0.06484641638225257,0.17747440273037543
hill,0.11320754716981131,0.11320754716981131,0.1320754716981132,0.07547169811320754,0.11320754716981131,0.16981132075471697,0.07547169811320754,0.20754716981132074
new,0.05376344086021505,0.2974910394265233,0.02150537634408602,0.08243727598566307,0.1326164874551971,0.1218637992831541,0.07168458781362007,0.21863799283154117
sound,0.05128205128205128,0.15384615384615385,0.02564102564102564,0.11965811965811966,0.23931623931623933,0.11965811965811966,0.09401709401709402,0.19658119658119658
name,0.0672268907563025,0.13865546218487393,0.07563025210084033,0.13025210084033612,0.17226890756302518,0.20168067226890754,0.04201680672268907,0.17226890756302518
stop,0.08823529411764706,0.11764705882352942,0.029411764705882356,0.1470588235294118,0.1470588235294118,0.11764705882352942,0.08823529411764706,0.2647058823529412
pass,0.09999999999999999,0.18,0.019999999999999997,0.12,0.24,0.09999999999999999,0.06,0.18
melancholy,0.09722222222222222,0.06944444444444445,0.08333333333333333,0.19444444444444445,0.09722222222222222,0.2777777777777778,0.09722222222222222,0.08333333333333333
ever,0.07017543859649122,0.14035087719298245,0.06140350877192983,0.14912280701754388,0.17105263157894737,0.12280701754385966,0.06140350877192983,0.2236842105263158
voice,0.09881422924901186,0.14229249011857706,0.07905138339920947,0.15415019762845847,0.13833992094861658,0.13438735177865613,0.1067193675889328,0.14624505928853754
heard,0.08264462809917356,0.13223140495867766,0.04132231404958678,0.13223140495867766,0.19008264462809918,0.1487603305785124,0.12396694214876032,0.1487603305785124
silence,0.08860759493670889,0.17721518987341778,0.06329113924050635,0.13924050632911394,0.16455696202531647,0.15189873417721522,0.07594936708860761,0.13924050632911394
tell,0.07327586206896551,0.1982758620689655,0.0689655172413793,0.12068965517241378,0.10775862068965517,0.14655172413793102,0.08189655172413791,0.20258620689655168
flow,0.07317073170731708,0.1951219512195122,0.07317073170731708,0.14634146341463417,0.1951219512195122,0.14634146341463417,0.0,0.17073170731707318
humble,0.04054054054054054,0.18918918918918923,0.13513513513513514,0.05405405405405406,0.20270270270270271,0.14864864864864866,0.05405405405405406,0.17567567567567569
lay,0.08695652173913042,0.17391304347826084,0.10869565217391303,0.06521739130434781,0.15217391304347824,0.13043478260869562,0.08695652173913042,0.19565217391304346
matter,0.0606060606060606,0.1212121212121212,0.09090909090909091,0.15151515151515152,0.15151515151515152,0.2424242424242424,0.0,0.18181818181818182
loss,0.17391304347826086,0.08695652173913043,0.021739130434782608,0.21739130434782608,0.13043478260869565,0.21739130434782608,0.06521739130434782,0.08695652173913043
pain,0.12244897959183672,0.1020408163265306,0.020408163265306117,0.22448979591836732,0.12244897959183672,0.2040816326530612,0.040816326530612235,0.16326530612244894
whate'er,0.0606060606060606,0.15151515151515152,0.0606060606060606,0.09090909090909091,0.2424242424242424,0.15151515151515152,0.0303030303030303,0.21212121212121213
could,0.08017817371937638,0.1726057906458797,0.05567928730512249,0.11804008908685969,0.13808463251670378,0.11581291759465477,0.09576837416481068,0.2238307349665924
saw,0.07894736842105263,0.1473684210526316,0.0736842105263158,0.12631578947368421,0.1631578947368421,0.14210526315789473,0.07894736842105263,0.18947368421052632
work,0.15012942191544434,0.18809318377911993,0.04141501294219154,0.05953408110440034,0.10526315789473682,0.08541846419327005,0.05263157894736841,0.3175150992234685
o'er,0.10344827586206895,0.12068965517241378,0.10344827586206895,0.17241379310344826,0.10344827586206895,0.2068965517241379,0.08620689655172413,0.10344827586206895
till,0.04201680672268908,0.16806722689075632,0.10084033613445378,0.06722689075630252,0.14285714285714288,0.18487394957983194,0.1092436974789916,0.18487394957983194
side,0.04385964912280702,0.18421052631578946,0.07894736842105263,0.07894736842105263,0.21052631578947367,0.08771929824561404,0.08771929824561404,0.22807017543859648
road,0.057142857142857134,0.22857142857142854,0.057142857142857134,0.11428571428571427,0.14285714285714285,0.1714285714285714,0.028571428571428567,0.19999999999999998
course,0.053763440860215055,0.16129032258064516,0.07526881720430108,0.06451612903225806,0.21505376344086022,0.0967741935483871,0.053763440860215055,0.27956989247311825
well,0.06462585034013606,0.18027210884353742,0.06462585034013606,0.09863945578231292,0.1836734693877551,0.09863945578231292,0.08163265306122448,0.227891156462585
yea,0.05555555555555555,0.1111111111111111,0.08333333333333333,0.1111111111111111,0.2777777777777778,0.08333333333333333,0.08333333333333333,0.19444444444444445
together,0.09638554216867469,0.20481927710843373,0.09036144578313253,0.07228915662650602,0.12650602409638553,0.12048192771084337,0.07831325301204818,0.2108433734939759
home,0.03763440860215054,0.23118279569892475,0.04838709677419355,0.08602150537634408,0.17204301075268816,0.08064516129032258,0.0967741935483871,0.24731182795698925
place,0.09947643979057591,0.14397905759162302,0.0706806282722513,0.1701570680628272,0.13612565445026176,0.10994764397905758,0.08115183246073299,0.18848167539267013
fear,0.16260162601626016,0.14634146341463414,0.06504065040650406,0.22764227642276424,0.12195121951219512,0.0975609756097561,0.08130081300813008,0.0975609756097561
though,0.06130268199233716,0.1839080459770115,0.06513409961685825,0.11494252873563218,0.20306513409961688,0.1302681992337165,0.08045977011494253,0.16091954022988506
shelter,0.06382978723404256,0.0851063829787234,0.0425531914893617,0.10638297872340427,0.14893617021276598,0.12765957446808512,0.0851063829787234,0.3404255319148936
sky,0.06837606837606837,0.17094017094017094,0.05982905982905983,0.09401709401709402,0.19658119658119658,0.1282051282051282,0.08547008547008547,0.19658119658119658
lead,0.04651162790697674,0.11627906976744186,0.02325581395348837,0.16279069767441862,0.16279069767441862,0.18604651162790695,0.13953488372093023,0.16279069767441862
ground,0.09411764705882351,0.11764705882352941,0.058823529411764705,0.07058823529411765,0.11764705882352941,0.12941176470588234,0.08235294117647059,0.32941176470588235
behind,0.03255813953488372,0.14418604651162792,0.06046511627906976,0.08372093023255814,0.20930232558139533,0.08372093023255814,0.07906976744186046,0.3069767441860465
something,0.05263157894736842,0.16267942583732056,0.04784688995215311,0.11004784688995214,0.14354066985645933,0.15789473684210525,0.08133971291866028,0.24401913875598086
bound,0.0,0.2727272727272727,0.0,0.0303030303030303,0.2424242424242424,0.18181818181818182,0.09090909090909091,0.18181818181818182
give,0.08374384236453201,0.1896551724137931,0.04926108374384236,0.0960591133004926,0.1330049261083744,0.12315270935960591,0.06403940886699507,0.26108374384236455
bright,0.05555555555555555,0.16666666666666666,0.045454545454545456,0.07070707070707072,0.20707070707070707,0.18181818181818182,0.06060606060606061,0.21212121212121213
lake,0.0728476821192053,0.17880794701986757,0.026490066225165563,0.08609271523178808,0.2119205298013245,0.17218543046357615,0.026490066225165563,0.22516556291390732
eye,0.0718562874251497,0.16167664670658682,0.06287425149700598,0.15568862275449102,0.10778443113772455,0.1317365269461078,0.0688622754491018,0.23952095808383236
human,0.05607476635514019,0.19626168224299068,0.06542056074766356,0.102803738317757,0.205607476635514,0.13084112149532712,0.07476635514018691,0.16822429906542058
endless,0.11428571428571427,0.19999999999999998,0.0,0.0857142857142857,0.22857142857142854,0.1714285714285714,0.057142857142857134,0.14285714285714285
still,0.08298755186721991,0.16182572614107882,0.07468879668049791,0.13692946058091285,0.16182572614107882,0.13692946058091285,0.0788381742738589,0.16597510373443983
men,0.08997429305912596,0.15424164524421594,0.05655526992287918,0.15167095115681237,0.14652956298200515,0.12082262210796915,0.06683804627249357,0.21336760925449874
