,anger,anticipation,disgust,fear,joy,sadness,surprise,trust
project,0.1246900460503011,0.17074034714842365,0.05384342897626638,0.05773999291533829,0.09989373007438894,0.08218207580588027,0.023733616719801627,0.3871767623095997
gutenberg,0.09534883720930232,0.22558139534883723,0.06162790697674419,0.08488372093023255,0.06627906976744186,0.13372093023255816,0.03604651162790698,0.2965116279069767
cinder,0.10429447852760736,0.17791411042944785,0.04294478527607362,0.09202453987730062,0.2147239263803681,0.09202453987730062,0.06748466257668713,0.2085889570552147
pond,0.10526315789473684,0.19078947368421054,0.046052631578947366,0.08552631578947369,0.2236842105263158,0.09210526315789473,0.05921052631578947,0.19736842105263158
use,0.14642262895174712,0.2129783693843594,0.0848585690515807,0.09484193011647254,0.15307820299500832,0.064891846921797,0.0415973377703827,0.20133111480865226
anyone,0.09570957095709572,0.19801980198019803,0.04620462046204621,0.1221122112211221,0.09900990099009901,0.09900990099009901,0.05610561056105611,0.2838283828382838
almost,0.11647254575707155,0.16139767054908488,0.07321131447587356,0.13976705490848587,0.11980033277870217,0.14143094841930118,0.07986688851913477,0.1680532445923461
may,0.11941294196130756,0.1787858572381588,0.09739826551034023,0.11007338225483655,0.12074716477651769,0.11541027351567712,0.06604402935290193,0.1921280853902602
copy,0.19384057971014493,0.11050724637681159,0.08152173913043478,0.08333333333333333,0.034420289855072464,0.08514492753623189,0.04528985507246377,0.3659420289855072
give,0.09451575262543757,0.20070011668611434,0.05834305717619603,0.12018669778296383,0.12135355892648773,0.11785297549591597,0.08634772462077012,0.20070011668611434
away,0.10681114551083591,0.16331269349845198,0.07507739938080495,0.1524767801857585,0.10990712074303405,0.1308049535603715,0.08668730650154798,0.174922600619195
terms,0.12376237623762375,0.14191419141914188,0.044554455445544545,0.0792079207920792,0.11386138613861385,0.05775577557755775,0.05775577557755775,0.38118811881188114
license,0.11264367816091955,0.2206896551724138,0.05977011494252874,0.10804597701149427,0.10804597701149427,0.09885057471264369,0.05057471264367817,0.2413793103448276
start,0.06997084548104955,0.39650145772594747,0.049562682215743434,0.1020408163265306,0.07580174927113702,0.06705539358600582,0.0932944606413994,0.14577259475218657
made,0.10391363022941968,0.14979757085020243,0.07085020242914979,0.1302294197031039,0.14912280701754385,0.12483130904183536,0.09784075573549256,0.17341430499325236
archive,0.13533834586466167,0.13909774436090225,0.03383458646616542,0.0,0.03759398496240602,0.2030075187969925,0.0,0.4511278195488722
's,0.0995338634494105,0.15533315053468605,0.06854949273375378,0.12585686865917195,0.145050726624623,0.12311488894982178,0.08911434055387991,0.19344666849465317
new,0.05110732538330494,0.20442930153321975,0.049403747870528106,0.11243611584327086,0.1584327086882453,0.10562180579216354,0.09369676320272571,0.22487223168654172
next,0.07894736842105263,0.19517543859649122,0.05263157894736841,0.10964912280701752,0.1469298245614035,0.11842105263157894,0.08552631578947367,0.21271929824561403
red,0.08631921824104234,0.15798045602605862,0.07003257328990227,0.11563517915309446,0.14820846905537458,0.11726384364820845,0.09771986970684039,0.2068403908794788
chapter,0.07103825136612021,0.1737704918032787,0.05573770491803279,0.12896174863387977,0.1540983606557377,0.12021857923497266,0.10273224043715846,0.19344262295081968
part,0.10655737704918034,0.15245901639344264,0.06721311475409836,0.1377049180327869,0.13278688524590165,0.1459016393442623,0.05901639344262296,0.19836065573770495
jeannette,0.06077348066298343,0.18232044198895028,0.049723756906077346,0.06077348066298343,0.17679558011049723,0.09944751381215469,0.0718232044198895,0.2983425414364641
queer,0.07843137254901959,0.1764705882352941,0.1176470588235294,0.09803921568627451,0.1764705882352941,0.09803921568627451,0.09803921568627451,0.15686274509803919
family,0.06338028169014084,0.16901408450704222,0.08450704225352111,0.07746478873239437,0.176056338028169,0.13380281690140844,0.1056338028169014,0.19014084507042253
old,0.08282416836388322,0.1758316361167685,0.05974202308214528,0.09504412763068566,0.15207060420909707,0.11541072640868974,0.09775967413441954,0.2213170400543109
trunk,0.024999999999999998,0.175,0.049999999999999996,0.075,0.175,0.049999999999999996,0.049999999999999996,0.39999999999999997
lesson,0.04807692307692307,0.28846153846153844,0.02884615384615384,0.04807692307692307,0.10576923076923077,0.12499999999999999,0.0673076923076923,0.28846153846153844
mollie,0.08361204013377925,0.17056856187290967,0.07357859531772575,0.08361204013377925,0.1471571906354515,0.16387959866220733,0.08361204013377925,0.19397993311036787
matter,0.09615384615384615,0.17307692307692304,0.052884615384615384,0.09615384615384615,0.14903846153846154,0.11057692307692306,0.11057692307692306,0.21153846153846154
shopping,0.02127659574468085,0.2765957446808511,0.02127659574468085,0.02127659574468085,0.2127659574468085,0.02127659574468085,0.2127659574468085,0.2127659574468085
life,0.08982683982683982,0.17099567099567103,0.06926406926406926,0.11904761904761905,0.17965367965367965,0.10930735930735931,0.09415584415584416,0.16774891774891776
grandfather,0.048648648648648644,0.11621621621621621,0.05135135135135135,0.05945945945945946,0.11621621621621621,0.07837837837837837,0.07297297297297296,0.45675675675675675
friends,0.07421875,0.1796875,0.0625,0.11718750000000001,0.16406250000000003,0.12109375000000001,0.08984375,0.19140625000000003
allen,0.039999999999999994,0.22,0.05999999999999999,0.019999999999999997,0.22,0.09999999999999999,0.13999999999999999,0.19999999999999998
lonely,0.1702127659574468,0.0425531914893617,0.19148936170212766,0.19148936170212766,0.02127659574468085,0.23404255319148937,0.0425531914893617,0.10638297872340426
summer,0.08928571428571429,0.19642857142857145,0.05357142857142857,0.05357142857142857,0.21428571428571427,0.10714285714285714,0.05357142857142857,0.23214285714285712
missing,0.12903225806451613,0.09677419354838708,0.06451612903225806,0.22580645161290322,0.08064516129032258,0.22580645161290322,0.06451612903225806,0.11290322580645161
captain,0.04697986577181208,0.1767337807606264,0.060402684563758385,0.058165548098433995,0.22818791946308725,0.09172259507829976,0.12751677852348992,0.21029082774049215
news,0.08530805687203792,0.15639810426540285,0.09478672985781991,0.13270142180094788,0.11374407582938388,0.12322274881516589,0.10426540284360192,0.18957345971563982
roger,0.0321285140562249,0.24497991967871485,0.048192771084337345,0.10843373493975904,0.15662650602409636,0.1244979919678715,0.09638554216867469,0.18875502008032127
friend,0.043478260869565216,0.09963768115942027,0.034420289855072464,0.07065217391304347,0.30072463768115937,0.06340579710144927,0.05253623188405797,0.3351449275362319
jeanne,0.05850654349499615,0.1886066204772902,0.05927636643571978,0.07544264819091609,0.1816782140107775,0.1170130869899923,0.09853733641262509,0.2209391839876828
house,0.0813953488372093,0.15644820295983083,0.05919661733615222,0.12473572938689217,0.1511627906976744,0.12896405919661733,0.09302325581395349,0.2050739957716702
door,0.11211211211211211,0.11611611611611612,0.07307307307307306,0.16116116116116116,0.12012012012012012,0.12712712712712712,0.0880880880880881,0.2022022022022022
pink,0.03139013452914798,0.22869955156950672,0.04035874439461883,0.06726457399103139,0.22869955156950672,0.08071748878923767,0.12556053811659193,0.19730941704035876
present,0.02873563218390805,0.20114942528735633,0.02873563218390805,0.0574712643678161,0.20689655172413796,0.04022988505747127,0.20114942528735633,0.235632183908046
huntington,0.04823151125401929,0.1864951768488746,0.03215434083601286,0.09003215434083602,0.15755627009646303,0.12218649517684887,0.10932475884244372,0.2540192926045016
duval,0.05238095238095239,0.17619047619047618,0.06190476190476191,0.05238095238095239,0.2,0.1,0.08571428571428572,0.2714285714285714
small,0.0881057268722467,0.1409691629955947,0.0881057268722467,0.11233480176211455,0.14977973568281938,0.12334801762114538,0.07709251101321586,0.22026431718061673
cinders,0.12121212121212122,0.15151515151515152,0.15151515151515152,0.06060606060606061,0.15151515151515152,0.12121212121212122,0.06060606060606061,0.18181818181818182
michael,0.09859154929577464,0.2112676056338028,0.05633802816901408,0.07042253521126761,0.14084507042253522,0.05633802816901408,0.09859154929577464,0.2676056338028169
sammy,0.03333333333333333,0.23333333333333334,0.03333333333333333,0.049999999999999996,0.18333333333333335,0.10833333333333332,0.125,0.23333333333333334
annie,0.03305785123966942,0.21487603305785127,0.03305785123966942,0.041322314049586785,0.22314049586776863,0.0743801652892562,0.1487603305785124,0.23140495867768598
patsy,0.012820512820512818,0.1923076923076923,0.0641025641025641,0.0641025641025641,0.1923076923076923,0.08974358974358973,0.15384615384615383,0.23076923076923073
léon,0.02702702702702703,0.10810810810810811,0.0,0.08108108108108109,0.24324324324324326,0.10810810810810811,0.08108108108108109,0.35135135135135137
father,0.051522248243559714,0.12646370023419204,0.03669008587041374,0.08118657298985167,0.10772833723653395,0.0702576112412178,0.06479313036690085,0.4613583138173302
mother,0.04355400696864111,0.21428571428571427,0.029616724738675958,0.05313588850174216,0.20644599303135888,0.18728222996515678,0.039198606271777,0.2264808362369338
mrs.,0.09208400646203554,0.1631663974151858,0.055735056542810996,0.1211631663974152,0.14539579967689822,0.12681744749596122,0.10662358642972537,0.1890145395799677
shannon,0.0824742268041237,0.1134020618556701,0.1134020618556701,0.12371134020618556,0.12371134020618556,0.1958762886597938,0.09278350515463916,0.15463917525773196
grandmother,0.0909090909090909,0.2727272727272727,0.022727272727272724,0.04545454545454545,0.1590909090909091,0.0909090909090909,0.11363636363636363,0.20454545454545453
blossom,0.03333333333333333,0.08333333333333333,0.049999999999999996,0.016666666666666666,0.4666666666666667,0.049999999999999996,0.06666666666666667,0.23333333333333334
barney,0.04938271604938271,0.2222222222222222,0.07407407407407407,0.07407407407407407,0.1728395061728395,0.1111111111111111,0.1234567901234568,0.1728395061728395
charles,0.029411764705882353,0.13970588235294118,0.13970588235294118,0.10294117647058824,0.125,0.044117647058823525,0.07352941176470588,0.34558823529411764
aunt,0.03496503496503497,0.0979020979020979,0.03496503496503497,0.05594405594405594,0.11188811188811187,0.06993006993006994,0.06293706293706293,0.5314685314685315
children,0.08430913348946135,0.18032786885245902,0.0585480093676815,0.08430913348946135,0.1990632318501171,0.09601873536299765,0.07728337236533958,0.22014051522248246
harold,0.16406250000000003,0.10937500000000001,0.125,0.16406250000000003,0.10937500000000001,0.1328125,0.03906250000000001,0.15625000000000003
pearl,0.14678899082568808,0.12844036697247707,0.14678899082568808,0.11009174311926605,0.11009174311926605,0.1559633027522936,0.055045871559633024,0.14678899082568808
clara,0.1294117647058824,0.14117647058823532,0.0823529411764706,0.10588235294117648,0.14117647058823532,0.1647058823529412,0.05882352941176472,0.17647058823529416
james,0.036585365853658534,0.1951219512195122,0.036585365853658534,0.04878048780487805,0.15853658536585366,0.07317073170731707,0.10975609756097561,0.34146341463414637
mr.,0.07469342251950949,0.15942028985507248,0.0468227424749164,0.12931995540691194,0.1549609810479376,0.12040133779264216,0.09141583054626533,0.2229654403567447
fairchild,0.04782608695652174,0.1826086956521739,0.043478260869565216,0.07391304347826086,0.2043478260869565,0.08695652173913043,0.13043478260869565,0.23043478260869565
pleasant,0.02162162162162162,0.2162162162162162,0.02162162162162162,0.03783783783783783,0.23243243243243242,0.03243243243243243,0.17837837837837836,0.2594594594594594
son,0.11009174311926605,0.12844036697247707,0.10091743119266056,0.11926605504587157,0.16972477064220182,0.12385321100917432,0.04128440366972477,0.20642201834862386
left,0.11256830601092897,0.16174863387978142,0.05683060109289618,0.14207650273224046,0.12677595628415303,0.13442622950819672,0.09508196721311475,0.17049180327868854
alone,0.10876132930513598,0.16012084592145018,0.07552870090634442,0.0936555891238671,0.1661631419939577,0.14199395770392753,0.09969788519637464,0.15407854984894262
dark,0.07248764415156507,0.11696869851729817,0.06260296540362437,0.12355848434925863,0.09390444810543655,0.3706754530477759,0.06589785831960461,0.09390444810543655
girl,0.09331568497683652,0.15618795499669094,0.05625413633355394,0.13103904698874919,0.1542025148908008,0.12905360688285905,0.09662475181998677,0.18332230311052283
big,0.06972477064220184,0.16697247706422016,0.08073394495412844,0.09357798165137615,0.16880733944954127,0.12293577981651377,0.09357798165137615,0.2036697247706422
black,0.0846846846846847,0.10360360360360361,0.06486486486486487,0.10360360360360361,0.10270270270270271,0.3441441441441441,0.06666666666666667,0.12972972972972974
eyes,0.10598669623059868,0.13747228381374724,0.07982261640798227,0.129490022172949,0.15210643015521066,0.14368070953436807,0.09445676274944569,0.15698447893569847
edge,0.09826589595375723,0.1907514450867052,0.046242774566473986,0.1329479768786127,0.15606936416184972,0.13872832369942195,0.08670520231213874,0.15028901734104047
wharf,0.04807692307692307,0.18269230769230768,0.08653846153846152,0.08653846153846152,0.15384615384615383,0.17307692307692304,0.08653846153846152,0.18269230769230768
green,0.06666666666666667,0.07777777777777778,0.07407407407407408,0.08148148148148149,0.27037037037037037,0.11481481481481483,0.025925925925925925,0.28888888888888886
reason,0.14432989690721648,0.13917525773195874,0.10309278350515463,0.12371134020618556,0.13402061855670103,0.12371134020618556,0.07216494845360824,0.15979381443298968
best,0.11986301369863014,0.14726027397260275,0.07191780821917809,0.11643835616438357,0.14383561643835618,0.11986301369863014,0.08904109589041097,0.19178082191780824
suit,0.027777777777777776,0.16666666666666666,0.05555555555555555,0.05555555555555555,0.16666666666666666,0.1111111111111111,0.19444444444444445,0.2222222222222222
boys,0.05970149253731343,0.2164179104477612,0.007462686567164179,0.09701492537313433,0.13432835820895522,0.0746268656716418,0.1567164179104478,0.2537313432835821
bancroft,0.078125,0.234375,0.031249999999999997,0.031249999999999997,0.18749999999999997,0.109375,0.12499999999999999,0.20312499999999997
suddenly,0.09703287890938253,0.10825982357658381,0.05453087409783481,0.11948676824378511,0.12189254210104251,0.1066559743384122,0.25821972734562953,0.1339214113873296
water,0.09345794392523363,0.19813084112149532,0.07850467289719626,0.11214953271028037,0.17009345794392522,0.09532710280373831,0.08224299065420561,0.17009345794392522
wide,0.09469696969696968,0.17045454545454544,0.056818181818181816,0.10606060606060605,0.16666666666666666,0.11742424242424242,0.09469696969696968,0.19318181818181818
coming,0.06779661016949153,0.37772397094430993,0.04600484261501211,0.06779661016949153,0.12832929782082325,0.07506053268765134,0.07990314769975787,0.15738498789346247
clothes,0.07246376811594203,0.21256038647342998,0.09178743961352658,0.07729468599033816,0.17391304347826086,0.07246376811594203,0.12560386473429952,0.17391304347826086
went,0.1309226932668329,0.15835411471321695,0.062344139650872814,0.14588528678304238,0.10972568578553617,0.1172069825436409,0.11346633416458853,0.16209476309226933
lake,0.07586206896551725,0.1724137931034483,0.07586206896551725,0.05517241379310345,0.16551724137931034,0.13793103448275862,0.0896551724137931,0.2275862068965517
much,0.09477521263669501,0.18347509113001217,0.06318347509113001,0.1057108140947752,0.15066828675577157,0.09842041312272175,0.09842041312272175,0.20534629404617255
garments,0.10389610389610389,0.16233766233766234,0.09090909090909091,0.12337662337662338,0.14935064935064934,0.13636363636363638,0.08441558441558442,0.14935064935064934
enough,0.10201149425287355,0.15373563218390804,0.05459770114942528,0.14367816091954022,0.139367816091954,0.12212643678160919,0.10632183908045975,0.17816091954022986
owner,0.1719128329297821,0.12106537530266344,0.06537530266343826,0.05326876513317192,0.08474576271186442,0.1549636803874092,0.02663438256658596,0.3220338983050848
inside,0.07954545454545454,0.1477272727272727,0.07954545454545454,0.07954545454545454,0.17045454545454544,0.10227272727272727,0.0909090909090909,0.25
morning,0.08250825082508251,0.16501650165016502,0.06930693069306931,0.11551155115511552,0.14521452145214522,0.12871287128712872,0.09240924092409242,0.20132013201320134
daughter,0.045714285714285714,0.1285714285714286,0.04857142857142857,0.045714285714285714,0.3971428571428572,0.07714285714285715,0.07142857142857144,0.18571428571428572
bed,0.10169491525423728,0.17796610169491528,0.07203389830508475,0.11864406779661017,0.16949152542372883,0.08474576271186442,0.09322033898305086,0.1822033898305085
day,0.07418111753371869,0.1907514450867052,0.0626204238921002,0.1069364161849711,0.17148362235067435,0.11946050096339113,0.08574181117533718,0.18882466281310212
seemed,0.10752688172043011,0.15173237753882915,0.06451612903225806,0.1314217443249701,0.15531660692951016,0.11947431302270012,0.09199522102747909,0.17801672640382318
like,0.12024291497975707,0.14736842105263157,0.07408906882591092,0.15101214574898783,0.12591093117408908,0.13846153846153844,0.08663967611336032,0.1562753036437247
quite,0.09803921568627451,0.1627450980392157,0.06862745098039216,0.11764705882352942,0.14901960784313725,0.11372549019607844,0.11960784313725491,0.17058823529411765
days,0.13506139154160982,0.19099590723055931,0.04229195088676671,0.08458390177353342,0.15825375170532058,0.09822646657571622,0.09822646657571622,0.19236016371077758
first,0.11842105263157894,0.19078947368421054,0.06390977443609022,0.1325187969924812,0.11654135338345864,0.12406015037593984,0.10338345864661654,0.15037593984962405
place,0.10164835164835165,0.14560439560439561,0.07005494505494506,0.14560439560439561,0.13873626373626374,0.1195054945054945,0.08653846153846154,0.19230769230769232
really,0.08940397350993377,0.1357615894039735,0.06291390728476821,0.1357615894039735,0.14238410596026488,0.1291390728476821,0.10927152317880794,0.19536423841059603
cold,0.12403100775193797,0.14728682170542634,0.09302325581395347,0.11627906976744186,0.15503875968992248,0.10077519379844961,0.10852713178294573,0.15503875968992248
weather,0.026315789473684213,0.18421052631578952,0.10526315789473685,0.052631578947368425,0.13157894736842107,0.10526315789473685,0.15789473684210528,0.23684210526315794
things,0.09340659340659341,0.16071428571428573,0.07417582417582418,0.11126373626373627,0.1510989010989011,0.11538461538461539,0.09752747252747254,0.19642857142857145
course,0.07142857142857144,0.19642857142857145,0.04166666666666667,0.09821428571428573,0.17261904761904764,0.1011904761904762,0.07738095238095238,0.2410714285714286
happened,0.07425742574257427,0.16336633663366337,0.08910891089108912,0.14356435643564358,0.12376237623762376,0.13366336633663367,0.09900990099009901,0.17326732673267328
every,0.09906542056074767,0.15514018691588785,0.07476635514018692,0.10467289719626169,0.14392523364485982,0.11588785046728974,0.09345794392523364,0.2130841121495327
breakfast,0.06349206349206349,0.20634920634920634,0.047619047619047616,0.07936507936507937,0.15873015873015875,0.11111111111111112,0.15873015873015875,0.17460317460317462
way,0.10818120351588913,0.1548343475321163,0.0669371196754564,0.13657876943881,0.12914131169709264,0.1345503718728871,0.0960108181203516,0.17376605814739693
n't,0.10657811511701454,0.16002530044275773,0.07305502846299809,0.12397216951296647,0.13061353573687537,0.11163820366856418,0.09582542694497152,0.19829222011385197
right,0.1456657730116175,0.15370866845397674,0.05004468275245755,0.10187667560321714,0.10902591599642537,0.13762287756925826,0.09472743521000894,0.2073279714030384
sure,0.08256880733944955,0.19724770642201836,0.055045871559633024,0.10779816513761468,0.14908256880733944,0.09174311926605505,0.10779816513761468,0.20871559633027523
large,0.0445859872611465,0.1910828025477707,0.07006369426751594,0.05732484076433122,0.1910828025477707,0.10828025477707007,0.12738853503184716,0.21019108280254778
wet,0.0,0.17948717948717946,0.025641025641025637,0.05128205128205127,0.1282051282051282,0.1282051282051282,0.1282051282051282,0.3589743589743589
blue,0.07363013698630137,0.1267123287671233,0.04965753424657535,0.08732876712328767,0.148972602739726,0.2808219178082192,0.08561643835616438,0.14726027397260275
less,0.14068441064638781,0.11787072243346008,0.08365019011406845,0.1634980988593156,0.1064638783269962,0.13688212927756654,0.1064638783269962,0.14448669201520914
another,0.09523809523809523,0.17414965986394557,0.07074829931972788,0.14421768707482993,0.13877551020408163,0.09795918367346938,0.10612244897959182,0.17278911564625848
except,0.16233766233766234,0.07142857142857144,0.06168831168831169,0.09090909090909091,0.10064935064935066,0.2012987012987013,0.03896103896103896,0.27272727272727276
dock,0.07647058823529411,0.17058823529411765,0.058823529411764705,0.09411764705882353,0.1941176470588235,0.12352941176470589,0.09999999999999999,0.1823529411764706
order,0.1181818181818182,0.1181818181818182,0.08181818181818182,0.14545454545454545,0.14545454545454545,0.17272727272727273,0.04545454545454546,0.17272727272727273
must,0.11028192371475955,0.18407960199004977,0.07131011608623548,0.13681592039800994,0.10033167495854063,0.13266998341625208,0.07379767827529021,0.19071310116086237
home,0.05656108597285067,0.21945701357466063,0.0497737556561086,0.10633484162895927,0.15610859728506787,0.10180995475113122,0.07918552036199095,0.23076923076923075
even,0.1258278145695364,0.14955849889624723,0.08222958057395144,0.12527593818984548,0.13796909492273732,0.12748344370860928,0.08719646799116998,0.16445916114790288
see,0.1015625,0.17890625,0.06171875,0.11796875,0.1375,0.10703125,0.09609374999999999,0.19921874999999997
duvals,0.09803921568627452,0.17647058823529413,0.11764705882352942,0.11764705882352942,0.13725490196078433,0.09803921568627452,0.05882352941176471,0.19607843137254904
long,0.08078602620087336,0.36026200873362446,0.056768558951965066,0.10262008733624454,0.09661572052401748,0.0987991266375546,0.0665938864628821,0.13755458515283844
able,0.0784313725490196,0.2091503267973856,0.0392156862745098,0.11764705882352941,0.1568627450980392,0.13725490196078433,0.08496732026143791,0.17647058823529413
pay,0.07563025210084033,0.25210084033613445,0.03361344537815126,0.04201680672268907,0.2689075630252101,0.03361344537815126,0.025210084033613443,0.2689075630252101
wait,0.05263157894736842,0.4766081871345029,0.049707602339181284,0.0935672514619883,0.1023391812865497,0.06725146198830409,0.049707602339181284,0.10818713450292397
near,0.0813008130081301,0.14634146341463417,0.05691056910569106,0.12195121951219513,0.15853658536585366,0.16666666666666666,0.09349593495934959,0.17479674796747968
time,0.06538007089405277,0.40527766837337537,0.043717999212288305,0.09452540370224499,0.10240252067743207,0.0858605750295392,0.06853091768412761,0.13430484442693974
found,0.050187265917603,0.09288389513108616,0.03820224719101124,0.07340823970037455,0.301123595505618,0.06816479400749065,0.04119850187265918,0.3348314606741573
hand,0.11171662125340599,0.1344232515894641,0.05903723887375114,0.14441416893732972,0.14713896457765668,0.1335149863760218,0.09536784741144413,0.17438692098092642
ever,0.09374999999999999,0.17755681818181818,0.06676136363636363,0.12926136363636362,0.15198863636363635,0.11079545454545453,0.08806818181818181,0.1818181818181818
far,0.0821917808219178,0.1735159817351598,0.0684931506849315,0.14383561643835616,0.15753424657534246,0.11415525114155249,0.09817351598173515,0.16210045662100456
back,0.11416921508664628,0.1600407747196738,0.07033639143730887,0.1416921508664628,0.12945973496432212,0.127420998980632,0.0891946992864424,0.16768603465851173
forth,0.18284424379232506,0.11738148984198646,0.06320541760722348,0.08803611738148984,0.13769751693002258,0.11060948081264109,0.03611738148984198,0.26410835214446954
thick,0.11267605633802816,0.1056338028169014,0.11971830985915492,0.1267605633802817,0.09154929577464788,0.22535211267605632,0.05633802816901408,0.16197183098591547
foundation,0.11128048780487805,0.15701219512195122,0.028963414634146343,0.01676829268292683,0.07164634146341464,0.13871951219512196,0.003048780487804878,0.4725609756097561
clean,0.05405405405405406,0.10135135135135137,0.033783783783783786,0.060810810810810814,0.3175675675675676,0.04054054054054054,0.06756756756756757,0.32432432432432434
three,0.1072463768115942,0.15942028985507248,0.06231884057971015,0.11304347826086956,0.15072463768115943,0.11159420289855074,0.10000000000000002,0.19565217391304351
huge,0.12851405622489961,0.14457831325301207,0.12048192771084339,0.13654618473895583,0.11244979919678716,0.12449799196787151,0.10441767068273093,0.12851405622489961
years,0.10059171597633138,0.1676528599605523,0.047337278106508875,0.116370808678501,0.1794871794871795,0.09467455621301775,0.09664694280078896,0.19723865877712032
furnace,0.27450980392156865,0.11764705882352942,0.0392156862745098,0.11764705882352942,0.11764705882352942,0.0784313725490196,0.05882352941176471,0.19607843137254904
fire,0.0903010033444816,0.12040133779264214,0.04682274247491639,0.36789297658862874,0.11705685618729098,0.07692307692307691,0.08695652173913043,0.09364548494983278
fine,0.1,0.16428571428571428,0.04285714285714286,0.08571428571428572,0.20714285714285716,0.14285714285714288,0.07142857142857144,0.18571428571428572
sometimes,0.07352941176470588,0.13970588235294118,0.08823529411764705,0.08088235294117647,0.1838235294117647,0.125,0.11029411764705883,0.1985294117647059
soft,0.10869565217391304,0.14031620553359686,0.07114624505928854,0.12055335968379446,0.15810276679841898,0.1482213438735178,0.09486166007905138,0.15810276679841898
many,0.09425878320479861,0.14652956298200512,0.06855184233076263,0.12596401028277632,0.15766923736075403,0.12425021422450726,0.08140531276778062,0.20137103684661523
beautiful,0.08651026392961877,0.14956011730205282,0.04398826979472141,0.0997067448680352,0.30498533724340177,0.10263929618768329,0.07478005865102641,0.13782991202346043
still,0.0959651035986914,0.16684841875681572,0.0588876772082879,0.12649945474372956,0.14940021810250817,0.11668484187568158,0.09705561613958562,0.1886586695747001
could,0.1026045777426993,0.15745856353591162,0.06314127861089187,0.1314127861089187,0.1393054459352802,0.1270718232044199,0.09510655090765589,0.18389897395422258
never,0.08651162790697675,0.15813953488372093,0.06418604651162792,0.1227906976744186,0.16558139534883723,0.0958139534883721,0.09488372093023256,0.21209302325581394
money,0.17398119122257055,0.18103448275862072,0.022727272727272728,0.03213166144200627,0.1833855799373041,0.04231974921630094,0.15360501567398122,0.2108150470219436
buy,0.06944444444444446,0.22222222222222224,0.0,0.05555555555555556,0.22222222222222224,0.06944444444444446,0.12500000000000003,0.23611111111111113
thing,0.0901213171577123,0.1559792027729636,0.062391681109185436,0.1195840554592721,0.1611785095320624,0.11611785095320623,0.10051993067590988,0.19410745233968804
find,0.08176795580110498,0.1966850828729282,0.05082872928176796,0.11160220994475138,0.1668508287292818,0.10386740331491714,0.09060773480662984,0.1977900552486188
put,0.10303030303030304,0.15151515151515152,0.07272727272727272,0.13333333333333333,0.14343434343434344,0.13535353535353536,0.09090909090909091,0.1696969696969697
together,0.10869565217391305,0.16847826086956524,0.1032608695652174,0.15217391304347827,0.1358695652173913,0.11413043478260872,0.05434782608695653,0.1630434782608696
along,0.11049723756906078,0.17679558011049723,0.049723756906077346,0.13259668508287292,0.11878453038674033,0.16298342541436464,0.09116022099447514,0.1574585635359116
good,0.034306569343065696,0.2218978102189781,0.022262773722627735,0.042335766423357665,0.2200729927007299,0.034306569343065696,0.19343065693430656,0.2313868613138686
deal,0.04292929292929293,0.2196969696969697,0.017676767676767676,0.045454545454545456,0.20202020202020202,0.04797979797979798,0.19444444444444445,0.22979797979797978
great,0.0996477101157524,0.1736285858077504,0.06391545042778057,0.1117262204328133,0.1696024157020634,0.101157523905385,0.0996477101157524,0.18067438349270257
outside,0.057692307692307696,0.12980769230769232,0.07211538461538464,0.10096153846153849,0.15865384615384617,0.14903846153846156,0.11538461538461539,0.21634615384615388
dress,0.02816901408450704,0.23943661971830985,0.04929577464788732,0.08450704225352111,0.19014084507042253,0.14084507042253522,0.042253521126760556,0.22535211267605632
section,0.043478260869565216,0.08695652173913043,0.13043478260869565,0.13043478260869565,0.13043478260869565,0.13043478260869565,0.043478260869565216,0.30434782608695654
without,0.09747023809523811,0.1755952380952381,0.061755952380952384,0.130952380952381,0.13467261904761907,0.11011904761904762,0.078125,0.21130952380952384
took,0.09523809523809522,0.173469387755102,0.05782312925170067,0.14965986394557823,0.12074829931972789,0.11564625850340134,0.10374149659863945,0.18367346938775508
make,0.08554817275747509,0.19601328903654486,0.05232558139534884,0.11710963455149502,0.1362126245847176,0.10880398671096346,0.09385382059800665,0.21013289036544852
one,0.09149573634477992,0.16985480525466698,0.0624567872781747,0.11707766766536068,0.1534915879234847,0.11707766766536068,0.09610509333947916,0.19244065452869324
hair,0.08818011257035646,0.16885553470919323,0.06378986866791744,0.09943714821763602,0.174484052532833,0.1651031894934334,0.08067542213883676,0.1594746716697936
perhaps,0.08308605341246292,0.18397626112759646,0.06231454005934719,0.09495548961424333,0.16617210682492584,0.09198813056379823,0.08011869436201781,0.23738872403560832
would,0.09760374050263004,0.17270601987142023,0.0657510227936879,0.14085330216247807,0.13325540619520748,0.11893629456458212,0.09380479251899473,0.1770894213909994
get,0.08244111349036402,0.19271948608137046,0.059957173447537475,0.12205567451820129,0.13597430406852248,0.1145610278372591,0.08993576017130622,0.20235546038543897
came,0.10995260663507109,0.15924170616113745,0.07014218009478672,0.14407582938388624,0.11469194312796208,0.11374407582938388,0.11563981042654027,0.1725118483412322
look,0.1012987012987013,0.14285714285714288,0.08441558441558443,0.11948051948051949,0.15974025974025977,0.11558441558441561,0.1012987012987013,0.17532467532467536
boy,0.0639686684073107,0.14490861618798956,0.3263707571801567,0.09921671018276762,0.08746736292428198,0.06135770234986945,0.07049608355091383,0.1462140992167102
comfortable,0.05494505494505495,0.1758241758241758,0.06593406593406594,0.06593406593406594,0.1758241758241758,0.1208791208791209,0.06593406593406594,0.27472527472527475
end,0.10344827586206896,0.17967332123411978,0.050816696914700546,0.12704174228675136,0.1542649727767695,0.11978221415607986,0.09437386569872958,0.1705989110707804
looked,0.09944751381215469,0.1477900552486188,0.062154696132596686,0.12845303867403315,0.1477900552486188,0.1574585635359116,0.11740331491712708,0.13950276243093923
sat,0.10062893081761005,0.14622641509433962,0.06761006289308176,0.1210691823899371,0.1619496855345912,0.12578616352201258,0.11163522012578617,0.1650943396226415
surprised,0.019607843137254898,0.1372549019607843,0.019607843137254898,0.0588235294117647,0.1176470588235294,0.019607843137254898,0.43137254901960786,0.19607843137254902
young,0.04777070063694268,0.23036093418259024,0.042462845010615716,0.059447983014862,0.24203821656050956,0.056263269639065826,0.19002123142250532,0.13163481953290873
person,0.15384615384615385,0.1623931623931624,0.039886039886039885,0.1111111111111111,0.1452991452991453,0.08831908831908833,0.09971509971509972,0.19943019943019943
straight,0.11834319526627218,0.18047337278106507,0.05917159763313609,0.1331360946745562,0.14792899408284022,0.10059171597633135,0.10650887573964496,0.15384615384615383
caught,0.1350210970464135,0.16033755274261605,0.06329113924050633,0.14767932489451477,0.12236286919831224,0.1350210970464135,0.10548523206751055,0.1308016877637131
top,0.075,0.2861111111111111,0.04166666666666667,0.08333333333333334,0.075,0.06666666666666667,0.06666666666666667,0.3055555555555555
whose,0.08652246256239601,0.17138103161397672,0.07154742096505824,0.09484193011647254,0.1880199667221298,0.09650582362728787,0.07986688851913477,0.2113144758735441
fish,0.11111111111111112,0.15555555555555556,0.11111111111111112,0.06666666666666667,0.11111111111111112,0.08888888888888888,0.13333333333333333,0.22222222222222224
come,0.08425531914893616,0.18127659574468083,0.06212765957446807,0.11234042553191488,0.15914893617021275,0.1080851063829787,0.08510638297872339,0.20765957446808508
keeping,0.08588957055214724,0.17791411042944785,0.030674846625766874,0.08588957055214724,0.17791411042944785,0.08588957055214724,0.09202453987730062,0.26380368098159507
wanted,0.07216494845360824,0.1958762886597938,0.04639175257731958,0.10309278350515463,0.15463917525773196,0.09278350515463916,0.07216494845360824,0.26288659793814434
keep,0.04819277108433735,0.18373493975903615,0.04819277108433735,0.11746987951807229,0.1566265060240964,0.11746987951807229,0.09036144578313254,0.2379518072289157
tell,0.08798283261802575,0.15665236051502146,0.06652360515021459,0.12875536480686695,0.13948497854077252,0.10729613733905578,0.0815450643776824,0.2317596566523605
'll,0.0841300191204589,0.1959847036328872,0.05449330783938814,0.12332695984703633,0.12715105162523901,0.09369024856596558,0.10898661567877628,0.21223709369024857
guess,0.021978021978021976,0.12637362637362637,0.021978021978021976,0.05494505494505495,0.1043956043956044,0.06043956043956045,0.4725274725274725,0.13736263736263737
afraid,0.08750000000000001,0.0975,0.02,0.4825,0.07,0.07750000000000001,0.045,0.12
've,0.0966183574879227,0.17552334943639292,0.057971014492753624,0.11433172302737521,0.15780998389694043,0.10628019323671498,0.09822866344605474,0.1932367149758454
pulled,0.07272727272727272,0.15151515151515152,0.08484848484848485,0.09696969696969697,0.1696969696969697,0.1272727272727273,0.12121212121212123,0.17575757575757578
wo,0.07894736842105264,0.21052631578947367,0.04385964912280702,0.07017543859649122,0.21052631578947367,0.04385964912280702,0.12280701754385966,0.2192982456140351
're,0.09766454352441613,0.1464968152866242,0.07643312101910828,0.12526539278131635,0.1464968152866242,0.12101910828025476,0.08280254777070063,0.2038216560509554
saved,0.05555555555555555,0.16666666666666666,0.08333333333333333,0.08333333333333333,0.16666666666666666,0.1111111111111111,0.19444444444444445,0.1388888888888889
little,0.1056,0.162,0.062,0.11720000000000001,0.158,0.122,0.1,0.17320000000000002
folks,0.1,0.18750000000000003,0.05,0.07500000000000001,0.25000000000000006,0.15000000000000002,0.08750000000000001,0.1
shack,0.020408163265306124,0.12244897959183675,0.326530612244898,0.0,0.10204081632653063,0.326530612244898,0.020408163265306124,0.0816326530612245
fat,0.08441558441558442,0.13636363636363638,0.20779220779220778,0.09090909090909091,0.10389610389610389,0.19480519480519481,0.045454545454545456,0.13636363636363638
woman,0.10481927710843374,0.16506024096385544,0.062048192771084344,0.12048192771084337,0.1704819277108434,0.11927710843373494,0.08855421686746988,0.16927710843373495
man,0.11436950146627566,0.14499837080482242,0.07885304659498207,0.13196480938416422,0.14336917562724014,0.12675138481590095,0.0931899641577061,0.16650374714890845
bright,0.030769230769230767,0.2153846153846154,0.030769230769230767,0.030769230769230767,0.23076923076923078,0.15384615384615385,0.12307692307692307,0.1846153846153846
two,0.10533807829181493,0.17010676156583632,0.056939501779359435,0.13238434163701068,0.15017793594306048,0.11957295373665482,0.07900355871886121,0.18647686832740212
sun,0.0674002751031637,0.20082530949105915,0.03851444291609354,0.07290233837689135,0.19944979367262725,0.07152682255845942,0.16231086657496563,0.18707015130674004
people,0.0946643717728055,0.17728055077452667,0.07056798623063683,0.11015490533562822,0.1514629948364888,0.12048192771084337,0.08950086058519793,0.18588640275387264
word,0.08630393996247654,0.1482176360225141,0.07692307692307693,0.10318949343339587,0.11632270168855535,0.10318949343339587,0.07692307692307693,0.28893058161350843
past,0.13694267515923564,0.14331210191082802,0.07961783439490444,0.13694267515923564,0.14331210191082802,0.13694267515923564,0.07961783439490444,0.14331210191082802
toward,0.11578947368421054,0.1473684210526316,0.08157894736842106,0.16578947368421054,0.10526315789473685,0.12105263157894736,0.09210526315789473,0.17105263157894737
behind,0.09690444145356664,0.14535666218034995,0.06056527590847915,0.13593539703903096,0.1534320323014805,0.11843876177658146,0.10497981157469718,0.18438761776581428
shoes,0.0900900900900901,0.1711711711711712,0.0900900900900901,0.14414414414414414,0.11711711711711713,0.15315315315315317,0.06306306306306307,0.1711711711711712
rough,0.07894736842105264,0.2105263157894737,0.026315789473684213,0.07894736842105264,0.23684210526315794,0.10526315789473685,0.07894736842105264,0.18421052631578952
bank,0.08664259927797834,0.14079422382671478,0.06498194945848375,0.1191335740072202,0.1263537906137184,0.07220216606498195,0.08664259927797834,0.3032490974729242
street,0.09036144578313254,0.1957831325301205,0.06626506024096386,0.14156626506024098,0.10542168674698796,0.12349397590361447,0.10843373493975905,0.16867469879518074
going,0.09021113243761995,0.20729366602687138,0.04798464491362763,0.09980806142034548,0.14587332053742802,0.11324376199616122,0.11132437619961612,0.1842610364683301
met,0.10294117647058826,0.13725490196078433,0.06862745098039216,0.14215686274509806,0.13725490196078433,0.1323529411764706,0.08823529411764706,0.1911764705882353
called,0.0966183574879227,0.15458937198067632,0.043478260869565216,0.0966183574879227,0.178743961352657,0.07246376811594203,0.1111111111111111,0.2463768115942029
looks,0.1021505376344086,0.16129032258064516,0.09139784946236558,0.12365591397849461,0.12903225806451613,0.13440860215053763,0.0967741935483871,0.16129032258064516
'd,0.09280000000000001,0.1744,0.049600000000000005,0.1264,0.1536,0.1088,0.10239999999999999,0.192
fell,0.08670520231213873,0.10211946050096339,0.05394990366088632,0.11753371868978804,0.11946050096339113,0.3217726396917148,0.06936416184971098,0.12909441233140653
last,0.11370882040382572,0.16259298618490967,0.06269925611052073,0.14452709883103082,0.14027630180658873,0.11477151965993623,0.09670563230605737,0.1647183846971307
room,0.10999083409715857,0.13657195233730524,0.07057745187901007,0.1585701191567369,0.13382218148487623,0.14757103574702107,0.08707607699358386,0.15582034830430797
fact,0.11009174311926605,0.11009174311926605,0.08486238532110091,0.13761467889908258,0.08944954128440366,0.11697247706422019,0.07568807339449542,0.27522935779816515
anybody,0.06976744186046512,0.19767441860465115,0.08139534883720931,0.046511627906976744,0.16279069767441862,0.08139534883720931,0.09302325581395349,0.26744186046511625
said,0.0877648076091656,0.16299178555987892,0.057068741893644616,0.10592304366623433,0.15218331171638566,0.10981409424989191,0.11586683960224817,0.2083873757025508
shall,0.088,0.18266666666666667,0.04,0.104,0.20933333333333332,0.08533333333333333,0.08266666666666668,0.208
finally,0.02916666666666667,0.17500000000000002,0.15000000000000002,0.04166666666666667,0.16666666666666669,0.05833333333333334,0.17500000000000002,0.2041666666666667
rather,0.07053941908713693,0.16597510373443983,0.08298755186721991,0.08713692946058092,0.2033195020746888,0.12448132780082988,0.07468879668049792,0.1908713692946058
attractive,0.0,0.2105263157894737,0.0,0.0,0.2894736842105264,0.10526315789473685,0.18421052631578952,0.2105263157894737
however,0.12462006079027355,0.14893617021276595,0.051671732522796346,0.1276595744680851,0.10334346504559269,0.11550151975683891,0.0790273556231003,0.2492401215805471
