,anger,anticipation,disgust,fear,joy,sadness,surprise,trust
project,0.08108108108108109,0.2972972972972973,0.018018018018018018,0.02702702702702703,0.0990990990990991,0.10810810810810811,0.05405405405405406,0.3153153153153153
gutenberg,0.05084745762711865,0.3728813559322034,0.0,0.0,0.15254237288135594,0.03389830508474576,0.0847457627118644,0.3050847457627119
ebook,0.12345679012345678,0.20987654320987653,0.018518518518518517,0.04938271604938271,0.037037037037037035,0.16049382716049382,0.030864197530864196,0.37037037037037035
borough,0.07936507936507936,0.164021164021164,0.06349206349206349,0.09788359788359788,0.18783068783068782,0.08994708994708994,0.06349206349206349,0.25396825396825395
copyright,0.11764705882352941,0.17647058823529413,0.11764705882352941,0.11764705882352941,0.09803921568627451,0.11764705882352941,0.0784313725490196,0.17647058823529413
laws,0.07865168539325842,0.1348314606741573,0.06179775280898876,0.1404494382022472,0.15168539325842698,0.1348314606741573,0.056179775280898875,0.24157303370786518
changing,0.13636363636363635,0.11363636363636363,0.11363636363636363,0.10227272727272728,0.14772727272727273,0.09090909090909091,0.07954545454545454,0.2159090909090909
world,0.11993769470404984,0.1261682242990654,0.09345794392523364,0.1308411214953271,0.1557632398753894,0.1308411214953271,0.06542056074766354,0.17757009345794392
sure,0.10861423220973783,0.14606741573033707,0.07865168539325842,0.1198501872659176,0.16104868913857678,0.1348314606741573,0.07865168539325842,0.17228464419475656
check,0.14285714285714285,0.18796992481203006,0.05263157894736842,0.10526315789473684,0.16541353383458646,0.09774436090225563,0.09022556390977443,0.15789473684210525
country,0.10852713178294573,0.16279069767441862,0.08527131782945736,0.14728682170542637,0.12403100775193798,0.11627906976744186,0.06201550387596899,0.1937984496124031
first,0.09341199606686332,0.1583087512291052,0.08357915437561456,0.11701081612586037,0.16224188790560473,0.13372664700098327,0.06784660766961652,0.18387413962635202
thing,0.10828025477707007,0.13694267515923567,0.08280254777070063,0.1337579617834395,0.15605095541401273,0.10828025477707007,0.07961783439490445,0.1942675159235669
seen,0.10026041666666667,0.1484375,0.08333333333333333,0.11588541666666667,0.17317708333333334,0.11197916666666667,0.0625,0.20442708333333334
please,0.09375,0.13701923076923078,0.07932692307692307,0.1346153846153846,0.17307692307692307,0.10576923076923077,0.08653846153846154,0.18990384615384615
remove,0.20754716981132076,0.05660377358490566,0.05660377358490566,0.2641509433962264,0.07547169811320754,0.16981132075471697,0.05660377358490566,0.11320754716981132
change,0.12121212121212122,0.12121212121212122,0.09090909090909091,0.21515151515151515,0.11212121212121212,0.13333333333333333,0.07575757575757576,0.1303030303030303
without,0.09740259740259741,0.1461038961038961,0.07467532467532467,0.12905844155844157,0.18425324675324675,0.11038961038961038,0.06574675324675325,0.19237012987012986
read,0.08465608465608465,0.14814814814814814,0.07936507936507936,0.11904761904761904,0.17195767195767195,0.10846560846560846,0.07407407407407407,0.21428571428571427
legal,0.14285714285714285,0.12605042016806722,0.058823529411764705,0.08403361344537816,0.11764705882352941,0.11764705882352941,0.025210084033613446,0.3277310924369748
small,0.07816377171215881,0.1501240694789082,0.08560794044665013,0.10794044665012408,0.19106699751861042,0.12406947890818859,0.06327543424317618,0.19975186104218362
important,0.08484848484848485,0.1696969696969697,0.05454545454545454,0.09090909090909091,0.18181818181818182,0.07878787878787878,0.05454545454545454,0.28484848484848485
may,0.1051912568306011,0.13979963570127504,0.08151183970856102,0.11429872495446267,0.15938069216757741,0.11930783242258652,0.07650273224043716,0.2040072859744991
used,0.07272727272727272,0.13636363636363635,0.10909090909090909,0.11818181818181818,0.09090909090909091,0.17272727272727273,0.00909090909090909,0.2909090909090909
find,0.10246433203631647,0.14915693904020752,0.07782101167315175,0.11543450064850844,0.17769130998702984,0.11284046692607004,0.0648508430609598,0.19974059662775617
make,0.10784313725490197,0.1323529411764706,0.09477124183006536,0.119281045751634,0.16584967320261437,0.11437908496732026,0.06290849673202614,0.20261437908496732
get,0.1282051282051282,0.16666666666666666,0.08974358974358974,0.11538461538461539,0.15384615384615385,0.11538461538461539,0.07692307692307693,0.15384615384615385
involved,0.14583333333333334,0.08333333333333333,0.10416666666666667,0.16666666666666666,0.10416666666666667,0.1875,0.08333333333333333,0.125
welcome,0.0859375,0.1796875,0.0546875,0.125,0.1796875,0.1015625,0.078125,0.1953125
free,0.08620689655172414,0.17672413793103448,0.0668103448275862,0.08836206896551724,0.20689655172413793,0.08836206896551724,0.08836206896551724,0.19827586206896552
plain,0.10683760683760683,0.1581196581196581,0.05982905982905983,0.13675213675213677,0.13675213675213677,0.10683760683760683,0.05982905982905983,0.23504273504273504
texts,0.11764705882352941,0.14705882352941177,0.11764705882352941,0.029411764705882353,0.11764705882352941,0.14705882352941177,0.058823529411764705,0.2647058823529412
ebooks,0.0,0.47058823529411764,0.0,0.029411764705882353,0.08823529411764706,0.0,0.029411764705882353,0.38235294117647056
readable,0.06060606060606061,0.24242424242424243,0.0,0.06060606060606061,0.030303030303030304,0.06060606060606061,0.0,0.5454545454545454
since,0.12727272727272726,0.12727272727272726,0.10909090909090909,0.14545454545454545,0.1393939393939394,0.13333333333333333,0.05454545454545454,0.16363636363636364
prepared,0.10256410256410256,0.15384615384615385,0.038461538461538464,0.1282051282051282,0.14102564102564102,0.11538461538461539,0.05128205128205128,0.2692307692307692
author,0.08333333333333333,0.20238095238095238,0.047619047619047616,0.09523809523809523,0.07142857142857142,0.09523809523809523,0.07142857142857142,0.3333333333333333
date,0.08391608391608392,0.20279720279720279,0.04195804195804196,0.055944055944055944,0.16083916083916083,0.13986013986013987,0.07692307692307693,0.23776223776223776
yes,0.09293680297397769,0.11895910780669144,0.11152416356877323,0.14869888475836432,0.14869888475836432,0.1449814126394052,0.055762081784386616,0.17843866171003717
one,0.10105790645879732,0.1364142538975501,0.0893652561247216,0.11887527839643652,0.15562360801781738,0.1339086859688196,0.0645879732739421,0.20016703786191536
year,0.09523809523809523,0.1484593837535014,0.11484593837535013,0.11764705882352941,0.1484593837535014,0.13445378151260504,0.036414565826330535,0.20448179271708683
language,0.09090909090909091,0.18181818181818182,0.11363636363636363,0.09090909090909091,0.06818181818181818,0.13636363636363635,0.022727272727272728,0.29545454545454547
english,0.08235294117647059,0.18823529411764706,0.047058823529411764,0.10588235294117647,0.1411764705882353,0.10588235294117647,0.047058823529411764,0.2823529411764706
start,0.0875,0.19166666666666668,0.0875,0.16666666666666666,0.1125,0.13333333333333333,0.0875,0.13333333333333333
mark,0.12138728323699421,0.15606936416184972,0.10982658959537572,0.12716763005780346,0.1329479768786127,0.10404624277456648,0.05202312138728324,0.19653179190751446
1,0.14814814814814814,0.2222222222222222,0.0,0.037037037037037035,0.037037037037037035,0.25925925925925924,0.0,0.2962962962962963
letter,0.06451612903225806,0.43010752688172044,0.06451612903225806,0.07526881720430108,0.13978494623655913,0.06451612903225806,0.021505376344086023,0.13978494623655913
ruler,0.15555555555555556,0.13333333333333333,0.08888888888888889,0.17777777777777778,0.06666666666666667,0.13333333333333333,0.022222222222222223,0.2222222222222222
deep,0.15129151291512916,0.13653136531365315,0.09225092250922509,0.13284132841328414,0.13284132841328414,0.12546125461254612,0.055350553505535055,0.17343173431734318
proud,0.10526315789473684,0.16541353383458646,0.08020050125313283,0.12531328320802004,0.18295739348370926,0.10275689223057644,0.040100250626566414,0.19799498746867167
rule,0.06159420289855073,0.09782608695652174,0.07608695652173914,0.17028985507246377,0.15579710144927536,0.07246376811594203,0.043478260869565216,0.322463768115942
pope,0.1111111111111111,0.14814814814814814,0.07407407407407407,0.1111111111111111,0.2222222222222222,0.07407407407407407,0.0,0.25925925925925924
's,0.10396353045460302,0.13701405597062175,0.0905407116626567,0.124351019374446,0.16423958465239966,0.12751677852348994,0.0630619222489553,0.18931239711282766
scenes,0.07917888563049853,0.1495601173020528,0.093841642228739,0.14076246334310852,0.15249266862170088,0.15542521994134897,0.06744868035190615,0.16129032258064516
town,0.11801242236024845,0.11801242236024845,0.10869565217391304,0.14130434782608695,0.12888198757763975,0.16304347826086957,0.05745341614906832,0.16459627329192547
strong,0.11070110701107011,0.14637146371463713,0.10209102091020911,0.15252152521525214,0.13407134071340712,0.13038130381303814,0.06396063960639606,0.15990159901599016
envy,0.11538461538461539,0.14615384615384616,0.06153846153846154,0.11538461538461539,0.17692307692307693,0.16923076923076924,0.09230769230769231,0.12307692307692308
band,0.11764705882352941,0.11764705882352941,0.08235294117647059,0.10588235294117647,0.18823529411764706,0.08235294117647059,0.058823529411764705,0.24705882352941178
gown,0.04918032786885246,0.18032786885245902,0.06557377049180328,0.16393442622950818,0.14754098360655737,0.13114754098360656,0.03278688524590164,0.22950819672131148
enrich,0.05128205128205128,0.15384615384615385,0.08547008547008547,0.1111111111111111,0.21367521367521367,0.15384615384615385,0.09401709401709402,0.13675213675213677
general,0.07906976744186046,0.1813953488372093,0.046511627906976744,0.10697674418604651,0.16279069767441862,0.09767441860465116,0.05116279069767442,0.2744186046511628
description,0.06666666666666667,0.1688888888888889,0.07111111111111111,0.09777777777777778,0.16,0.10666666666666667,0.06222222222222222,0.26666666666666666
certain,0.0945945945945946,0.17117117117117117,0.05855855855855856,0.13063063063063063,0.16216216216216217,0.12612612612612611,0.06756756756756757,0.1891891891891892
views,0.11764705882352941,0.13562091503267973,0.08006535947712418,0.09640522875816994,0.18790849673202614,0.09967320261437909,0.06699346405228758,0.21568627450980393
river,0.13496932515337423,0.12269938650306748,0.10429447852760736,0.1411042944785276,0.12269938650306748,0.17791411042944785,0.0736196319018405,0.12269938650306748
quay,0.047619047619047616,0.21428571428571427,0.023809523809523808,0.09523809523809523,0.21428571428571427,0.09523809523809523,0.07142857142857142,0.23809523809523808
shipping,0.1282051282051282,0.07692307692307693,0.07692307692307693,0.1282051282051282,0.1282051282051282,0.23076923076923078,0.02564102564102564,0.20512820512820512
sea-boys,0.06,0.26,0.02,0.1,0.2,0.06,0.1,0.2
village,0.06918238993710692,0.15723270440251572,0.06289308176100629,0.12578616352201258,0.1949685534591195,0.0880503144654088,0.09433962264150944,0.20754716981132076
compared,0.05555555555555555,0.2222222222222222,0.07407407407407407,0.07407407407407407,0.18518518518518517,0.14814814814814814,0.07407407407407407,0.16666666666666666
walks,0.09259259259259259,0.15185185185185185,0.05555555555555555,0.1,0.1925925925925926,0.11481481481481481,0.0962962962962963,0.1962962962962963
cottage,0.08695652173913043,0.14130434782608695,0.10869565217391304,0.08695652173913043,0.16304347826086957,0.20652173913043478,0.043478260869565216,0.16304347826086957
heath,0.13513513513513514,0.12612612612612611,0.07207207207207207,0.13513513513513514,0.2072072072072072,0.08108108108108109,0.05405405405405406,0.1891891891891892
c.,0.07092198581560284,0.14184397163120568,0.07801418439716312,0.09929078014184398,0.19148936170212766,0.11347517730496454,0.07092198581560284,0.23404255319148937
house,0.07647058823529412,0.1392156862745098,0.0803921568627451,0.12156862745098039,0.1803921568627451,0.10392156862745099,0.07254901960784314,0.22549019607843138
sea,0.09902912621359224,0.13398058252427184,0.11262135922330097,0.12815533980582525,0.13592233009708737,0.170873786407767,0.08155339805825243,0.1378640776699029
summer,0.06930693069306931,0.13861386138613863,0.019801980198019802,0.1188118811881188,0.25742574257425743,0.0891089108910891,0.1485148514851485,0.15841584158415842
winter,0.1506849315068493,0.0958904109589041,0.136986301369863,0.1643835616438356,0.1095890410958904,0.1643835616438356,0.0136986301369863,0.1643835616438356
view,0.09818636647904941,0.13633520950594122,0.08567854909318325,0.1344590368980613,0.16197623514696685,0.13758599124452783,0.07066916823014384,0.17510944340212634
shipwreck,0.08163265306122448,0.04081632653061224,0.16326530612244897,0.16326530612244897,0.08163265306122448,0.2857142857142857,0.08163265306122448,0.10204081632653061
night,0.09240506329113925,0.1620253164556962,0.06835443037974684,0.15569620253164557,0.16455696202531644,0.1189873417721519,0.07341772151898734,0.16455696202531644
effects,0.07352941176470588,0.14705882352941177,0.07352941176470588,0.08823529411764706,0.14705882352941177,0.14705882352941177,0.058823529411764705,0.2647058823529412
shore,0.08424908424908426,0.17582417582417584,0.09157509157509157,0.11721611721611722,0.17216117216117216,0.13186813186813187,0.08791208791208792,0.1391941391941392
evening,0.08414239482200647,0.1488673139158576,0.0744336569579288,0.14563106796116504,0.19093851132686085,0.11326860841423948,0.07766990291262135,0.1650485436893204
amusements,0.06432748538011696,0.14035087719298245,0.07017543859649122,0.13450292397660818,0.18128654970760233,0.15789473684210525,0.06432748538011696,0.1871345029239766
given,0.12790697674418605,0.11627906976744186,0.09302325581395349,0.1511627906976744,0.09302325581395349,0.13953488372093023,0.08139534883720931,0.19767441860465115
subjects,0.09803921568627451,0.19607843137254902,0.0,0.1568627450980392,0.17647058823529413,0.058823529411764705,0.058823529411764705,0.2549019607843137
describe,0.08080808080808081,0.1717171717171717,0.06060606060606061,0.09090909090909091,0.1919191919191919,0.1111111111111111,0.06060606060606061,0.23232323232323232
though,0.09185082872928177,0.15400552486187846,0.10082872928176796,0.10842541436464088,0.1595303867403315,0.11671270718232044,0.058011049723756904,0.2106353591160221
idle,0.1273209549071618,0.13262599469496023,0.10610079575596817,0.10610079575596817,0.16710875331564987,0.11405835543766578,0.07161803713527852,0.17506631299734748
tribe,0.047619047619047616,0.13095238095238096,0.08333333333333333,0.10714285714285714,0.17857142857142858,0.08333333333333333,0.09523809523809523,0.27380952380952384
love,0.09821428571428571,0.13113839285714285,0.06808035714285714,0.11774553571428571,0.21651785714285715,0.13169642857142858,0.056361607142857144,0.18024553571428573
shall,0.09940944881889764,0.1673228346456693,0.07480314960629922,0.1141732283464567,0.15649606299212598,0.12893700787401574,0.06692913385826772,0.1919291338582677
fairly,0.08333333333333333,0.16666666666666666,0.05555555555555555,0.05555555555555555,0.19444444444444445,0.1111111111111111,0.027777777777777776,0.3055555555555556
streets,0.09375,0.13541666666666666,0.0625,0.10416666666666667,0.16666666666666666,0.10416666666666667,0.13541666666666666,0.19791666666666666
buildings,0.06666666666666667,0.13333333333333333,0.09523809523809523,0.11428571428571428,0.1619047619047619,0.2,0.01904761904761905,0.20952380952380953
trace,0.1054421768707483,0.12585034013605442,0.09523809523809523,0.14625850340136054,0.12585034013605442,0.17006802721088435,0.04421768707482993,0.1870748299319728
gives,0.08471074380165289,0.14049586776859505,0.0743801652892562,0.09917355371900827,0.19834710743801653,0.1012396694214876,0.08264462809917356,0.2190082644628099
distinction,0.08064516129032258,0.1774193548387097,0.11290322580645161,0.03225806451612903,0.1774193548387097,0.11290322580645161,0.08064516129032258,0.22580645161290322
place,0.0914804469273743,0.13477653631284917,0.08449720670391062,0.13128491620111732,0.15153631284916202,0.15083798882681565,0.06773743016759777,0.1878491620111732
yet,0.10549515133705555,0.14810461357625623,0.07816632383191302,0.12077578607111372,0.16132823978842198,0.12812224507787245,0.05965324713488099,0.19835439318248604
moved,0.03508771929824561,0.19298245614035087,0.05263157894736842,0.05263157894736842,0.22807017543859648,0.07017543859649122,0.12280701754385964,0.24561403508771928
request,0.06896551724137931,0.1896551724137931,0.05172413793103448,0.06896551724137931,0.15517241379310345,0.08620689655172414,0.06896551724137931,0.3103448275862069
part,0.08970099667774087,0.15946843853820597,0.06478405315614617,0.11461794019933555,0.18604651162790697,0.1079734219269103,0.061461794019933555,0.2159468438538206
paint,0.1016949152542373,0.15254237288135594,0.07627118644067797,0.11016949152542373,0.1864406779661017,0.07627118644067797,0.07627118644067797,0.22033898305084745
let,0.11270125223613596,0.13953488372093023,0.07513416815742398,0.13237924865831843,0.15384615384615385,0.13864042933810375,0.05456171735241502,0.19320214669051877
fancy,0.07407407407407407,0.18888888888888888,0.05925925925925926,0.11481481481481481,0.2037037037037037,0.10740740740740741,0.07037037037037037,0.1814814814814815
form,0.11834319526627218,0.126232741617357,0.11242603550295859,0.11637080867850098,0.1341222879684418,0.11637080867850098,0.04930966469428008,0.22682445759368836
rest,0.11355633802816902,0.125,0.09507042253521127,0.15316901408450703,0.13204225352112675,0.1698943661971831,0.06514084507042253,0.14612676056338028
various,0.08188153310104529,0.16202090592334495,0.07317073170731707,0.11498257839721254,0.1672473867595819,0.11846689895470383,0.05574912891986063,0.2264808362369338
men,0.11240721102863202,0.12354188759278897,0.08748674443266172,0.1288441145281018,0.16224814422057265,0.13308589607635207,0.05832449628844114,0.19406150583244963
require,0.09523809523809523,0.1746031746031746,0.06349206349206349,0.05555555555555555,0.23809523809523808,0.06349206349206349,0.05555555555555555,0.25396825396825395
pencil,0.14285714285714285,0.05714285714285714,0.2,0.11428571428571428,0.14285714285714285,0.14285714285714285,0.02857142857142857,0.17142857142857143
pen,0.08196721311475409,0.10655737704918032,0.04918032786885246,0.13934426229508196,0.14754098360655737,0.1557377049180328,0.04918032786885246,0.27049180327868855
could,0.11410601976639713,0.13387241689128482,0.0853548966756514,0.15049415992812218,0.14240790655884997,0.13656783468104222,0.06199460916442048,0.1752021563342318
well,0.11604584527220631,0.14183381088825214,0.08595988538681948,0.09455587392550144,0.17478510028653296,0.11318051575931232,0.06160458452722063,0.21203438395415472
alley,0.15789473684210525,0.10526315789473684,0.10526315789473684,0.15789473684210525,0.13157894736842105,0.10526315789473684,0.07894736842105263,0.15789473684210525
lane,0.11842105263157894,0.13157894736842105,0.07894736842105263,0.07894736842105263,0.21052631578947367,0.09210526315789473,0.039473684210526314,0.25
street,0.10112359550561797,0.13108614232209737,0.0898876404494382,0.13108614232209737,0.15355805243445692,0.12359550561797752,0.0599250936329588,0.20973782771535582
measured,0.10344827586206896,0.1206896551724138,0.08620689655172414,0.06896551724137931,0.15517241379310345,0.13793103448275862,0.06896551724137931,0.25862068965517243
lines,0.1323529411764706,0.10294117647058823,0.058823529411764705,0.14705882352941177,0.14705882352941177,0.07352941176470588,0.10294117647058823,0.23529411764705882
show,0.11292517006802721,0.11564625850340136,0.08571428571428572,0.12653061224489795,0.1292517006802721,0.12789115646258503,0.06394557823129252,0.23809523809523808
prospect,0.13333333333333333,0.11851851851851852,0.08888888888888889,0.16296296296296298,0.11851851851851852,0.14814814814814814,0.05925925925925926,0.17037037037037037
row,0.18699186991869918,0.11382113821138211,0.11382113821138211,0.0975609756097561,0.13008130081300814,0.13821138211382114,0.056910569105691054,0.16260162601626016
seats,0.11052631578947368,0.1368421052631579,0.09473684210526316,0.14210526315789473,0.13157894736842105,0.1631578947368421,0.07894736842105263,0.14210526315789473
wealth,0.07279029462738301,0.1369150779896014,0.06239168110918544,0.09878682842287695,0.23570190641247835,0.10398613518197573,0.053726169844020795,0.23570190641247835
want,0.10865561694290976,0.1270718232044199,0.09208103130755065,0.13259668508287292,0.13443830570902393,0.19152854511970535,0.04788213627992634,0.16574585635359115
explore,0.09523809523809523,0.2,0.05714285714285714,0.12380952380952381,0.17142857142857143,0.10476190476190476,0.12380952380952381,0.12380952380952381
lays,0.07142857142857142,0.12857142857142856,0.08571428571428572,0.07142857142857142,0.22857142857142856,0.11428571428571428,0.05714285714285714,0.24285714285714285
door,0.11785714285714285,0.1357142857142857,0.13214285714285715,0.12857142857142856,0.125,0.14642857142857144,0.05714285714285714,0.15714285714285714
thy,0.08938053097345133,0.16017699115044248,0.08495575221238938,0.12831858407079647,0.15486725663716813,0.13185840707964602,0.0752212389380531,0.1752212389380531
aid,0.09906542056074766,0.1383177570093458,0.09345794392523364,0.10747663551401869,0.16355140186915887,0.14205607476635515,0.06448598130841121,0.19158878504672897
repair,0.10294117647058823,0.08823529411764706,0.14705882352941177,0.1323529411764706,0.08823529411764706,0.19117647058823528,0.058823529411764705,0.19117647058823528
tall,0.08148148148148149,0.18518518518518517,0.06666666666666667,0.1259259259259259,0.17037037037037037,0.16296296296296298,0.037037037037037035,0.17037037037037037
mansion,0.0949367088607595,0.1518987341772152,0.06329113924050633,0.13291139240506328,0.1518987341772152,0.16455696202531644,0.0379746835443038,0.20253164556962025
last,0.09902597402597403,0.16233766233766234,0.0698051948051948,0.13636363636363635,0.1396103896103896,0.17532467532467533,0.0633116883116883,0.15422077922077923
mayor,0.06349206349206349,0.2222222222222222,0.07936507936507936,0.07936507936507936,0.25396825396825395,0.09523809523809523,0.031746031746031744,0.1746031746031746
till,0.11768018018018019,0.14076576576576577,0.0838963963963964,0.13344594594594594,0.15427927927927929,0.13682432432432431,0.0731981981981982,0.15990990990990991
reach,0.08928571428571429,0.19642857142857142,0.04285714285714286,0.08214285714285714,0.19642857142857142,0.11071428571428571,0.10357142857142858,0.17857142857142858
next,0.12217194570135746,0.14027149321266968,0.07239819004524888,0.11764705882352941,0.18099547511312217,0.08144796380090498,0.09502262443438914,0.19004524886877827
beach,0.1232876712328767,0.11643835616438356,0.10273972602739725,0.14383561643835616,0.1506849315068493,0.1780821917808219,0.0821917808219178,0.10273972602739725
hang,0.13636363636363635,0.13636363636363635,0.07575757575757576,0.10606060606060606,0.16666666666666666,0.19696969696969696,0.045454545454545456,0.13636363636363635
open,0.12307692307692308,0.15384615384615385,0.08461538461538462,0.11538461538461539,0.16153846153846155,0.14615384615384616,0.09230769230769231,0.12307692307692308
doors,0.06521739130434782,0.17391304347826086,0.08695652173913043,0.10869565217391304,0.1956521739130435,0.10869565217391304,0.08695652173913043,0.17391304347826086
net,0.07058823529411765,0.21176470588235294,0.09411764705882353,0.10588235294117647,0.11764705882352941,0.16470588235294117,0.08235294117647059,0.15294117647058825
mend,0.10227272727272728,0.1590909090909091,0.045454545454545456,0.13636363636363635,0.18181818181818182,0.1590909090909091,0.06818181818181818,0.14772727272727273
work,0.07235142118863049,0.1421188630490956,0.09302325581395349,0.13695090439276486,0.15503875968992248,0.14470284237726097,0.046511627906976744,0.20930232558139536
comes,0.1257995735607676,0.12366737739872068,0.10021321961620469,0.1279317697228145,0.13219616204690832,0.14498933901918976,0.07462686567164178,0.17057569296375266
hour,0.0946372239747634,0.14826498422712933,0.07413249211356467,0.15930599369085174,0.18454258675078863,0.1309148264984227,0.06466876971608833,0.14353312302839116
fishing,0.0625,0.125,0.125,0.15625,0.15625,0.28125,0.0,0.09375
tide,0.12552301255230125,0.16317991631799164,0.09205020920502092,0.11715481171548117,0.13389121338912133,0.17573221757322174,0.07112970711297072,0.12133891213389121
weary,0.06896551724137931,0.13793103448275862,0.08045977011494253,0.11494252873563218,0.1724137931034483,0.26436781609195403,0.04597701149425287,0.11494252873563218
husband,0.11522633744855967,0.12345679012345678,0.12757201646090535,0.13168724279835392,0.1440329218106996,0.1728395061728395,0.02880658436213992,0.15637860082304528
throws,0.058823529411764705,0.19117647058823528,0.04411764705882353,0.07352941176470588,0.25,0.14705882352941177,0.08823529411764706,0.14705882352941177
aside,0.11594202898550725,0.11231884057971014,0.09420289855072464,0.14492753623188406,0.16304347826086957,0.15942028985507245,0.07246376811594203,0.13768115942028986
living,0.09567901234567901,0.12654320987654322,0.11419753086419752,0.12037037037037036,0.1388888888888889,0.16666666666666666,0.05864197530864197,0.17901234567901234
mass,0.11363636363636363,0.1590909090909091,0.06818181818181818,0.13636363636363635,0.18181818181818182,0.1590909090909091,0.045454545454545456,0.13636363636363635
wife,0.07627118644067797,0.13559322033898305,0.07909604519774012,0.10451977401129943,0.18926553672316385,0.11581920903954802,0.07627118644067797,0.2231638418079096
th,0.13280562884784522,0.13368513632365875,0.10026385224274406,0.1363236587510994,0.15127528583992964,0.1310466138962181,0.05013192612137203,0.1644678979771328
alternate,0.05084745762711865,0.11864406779661017,0.11864406779661017,0.15254237288135594,0.1694915254237288,0.1864406779661017,0.11864406779661017,0.0847457627118644
labours,0.05343511450381679,0.183206106870229,0.08396946564885496,0.11450381679389313,0.19083969465648856,0.11450381679389313,0.06870229007633588,0.19083969465648856
humble,0.07022900763358779,0.13740458015267176,0.15114503816793892,0.09770992366412214,0.14045801526717558,0.19541984732824427,0.04732824427480916,0.16030534351145037
life,0.09739130434782609,0.14666666666666667,0.0817391304347826,0.10898550724637682,0.16753623188405797,0.11768115942028985,0.0782608695652174,0.20173913043478262
like,0.09618008185538882,0.14392905866302866,0.07503410641200546,0.11596180081855388,0.18212824010914053,0.11800818553888132,0.08117326057298772,0.18758526603001363
withdraw,0.1134020618556701,0.13402061855670103,0.07216494845360824,0.13402061855670103,0.1134020618556701,0.2268041237113402,0.041237113402061855,0.16494845360824742
thee,0.09502262443438914,0.1425339366515837,0.09049773755656108,0.1334841628959276,0.1493212669683258,0.14479638009049775,0.05429864253393665,0.19004524886877827
wood,0.136986301369863,0.0821917808219178,0.0821917808219178,0.1643835616438356,0.1095890410958904,0.1506849315068493,0.136986301369863,0.136986301369863
flood,0.13114754098360656,0.12568306010928962,0.08196721311475409,0.2677595628415301,0.08743169398907104,0.17486338797814208,0.0546448087431694,0.07650273224043716
seek,0.08602150537634409,0.1971326164874552,0.06810035842293907,0.1111111111111111,0.15412186379928317,0.12544802867383512,0.06810035842293907,0.18996415770609318
garden,0.038461538461538464,0.16666666666666666,0.038461538461538464,0.07692307692307693,0.2948717948717949,0.0641025641025641,0.14102564102564102,0.1794871794871795
shrubby,0.06451612903225806,0.16129032258064516,0.03225806451612903,0.06451612903225806,0.3548387096774194,0.03225806451612903,0.03225806451612903,0.25806451612903225
bound,0.15249266862170088,0.09970674486803519,0.0967741935483871,0.1495601173020528,0.12609970674486803,0.14076246334310852,0.05278592375366569,0.18181818181818182
look,0.10427528675703858,0.13138686131386862,0.08967674661105318,0.1334723670490094,0.15119916579770595,0.14494264859228362,0.061522419186652764,0.1835245046923879
upon,0.10656753407682776,0.137546468401487,0.09727385377942999,0.14869888475836432,0.13878562577447337,0.14188351920693928,0.07001239157372986,0.15923172242874845
brook,0.08108108108108109,0.13513513513513514,0.02702702702702703,0.08108108108108109,0.2972972972972973,0.10810810810810811,0.02702702702702703,0.24324324324324326
winding,0.0851063829787234,0.10638297872340426,0.1276595744680851,0.14893617021276595,0.1276595744680851,0.2127659574468085,0.06382978723404255,0.1276595744680851
lingering,0.09210526315789473,0.17105263157894737,0.039473684210526314,0.11842105263157894,0.18421052631578946,0.09210526315789473,0.10526315789473684,0.19736842105263158
slow,0.11029411764705882,0.13602941176470587,0.08823529411764706,0.13602941176470587,0.13970588235294118,0.18382352941176472,0.06985294117647059,0.13602941176470587
blow,0.1270358306188925,0.09120521172638436,0.09446254071661238,0.18892508143322476,0.13029315960912052,0.1465798045602606,0.05211726384364821,0.16938110749185667
throne,0.11538461538461539,0.15384615384615385,0.02564102564102564,0.11538461538461539,0.15384615384615385,0.11538461538461539,0.038461538461538464,0.28205128205128205
green,0.0862533692722372,0.14285714285714285,0.08086253369272237,0.08355795148247978,0.2183288409703504,0.1078167115902965,0.05929919137466307,0.2210242587601078
sits,0.051094890510948905,0.18248175182481752,0.043795620437956206,0.058394160583941604,0.20437956204379562,0.10218978102189781,0.043795620437956206,0.31386861313868614
large,0.08653846153846154,0.12179487179487179,0.09615384615384616,0.14743589743589744,0.14102564102564102,0.1858974358974359,0.04487179487179487,0.1762820512820513
water,0.08783783783783784,0.16891891891891891,0.07432432432432433,0.11486486486486487,0.1891891891891892,0.10810810810810811,0.10135135135135136,0.1554054054054054
queen,0.11976047904191617,0.16766467065868262,0.09580838323353294,0.07784431137724551,0.16766467065868262,0.1317365269461078,0.059880239520958084,0.17964071856287425
makes,0.12903225806451613,0.13709677419354838,0.08602150537634409,0.1424731182795699,0.17204301075268819,0.0967741935483871,0.051075268817204304,0.18548387096774194
forced,0.11392405063291139,0.10970464135021098,0.0759493670886076,0.22362869198312235,0.16033755274261605,0.10126582278481013,0.08438818565400844,0.1308016877637131
awhile,0.12738853503184713,0.13694267515923567,0.08598726114649681,0.1305732484076433,0.15286624203821655,0.1464968152866242,0.05732484076433121,0.1624203821656051
stay,0.09195402298850575,0.15517241379310345,0.08045977011494253,0.11494252873563218,0.1781609195402299,0.13218390804597702,0.04597701149425287,0.20114942528735633
bubble,0.15,0.125,0.175,0.175,0.075,0.175,0.0,0.125
away,0.11495535714285714,0.13169642857142858,0.08816964285714286,0.14397321428571427,0.14174107142857142,0.140625,0.05915178571428571,0.1796875
draw,0.11009174311926606,0.1743119266055046,0.045871559633027525,0.06422018348623854,0.2018348623853211,0.03669724770642202,0.06422018348623854,0.30275229357798167
contrast,0.06382978723404255,0.1702127659574468,0.1276595744680851,0.0851063829787234,0.2127659574468085,0.1276595744680851,0.0425531914893617,0.1702127659574468
stream,0.11818181818181818,0.17272727272727273,0.09090909090909091,0.11818181818181818,0.13636363636363635,0.11818181818181818,0.09090909090909091,0.15454545454545454
broad,0.11920529801324503,0.15894039735099338,0.09271523178807947,0.1390728476821192,0.1390728476821192,0.10596026490066225,0.09933774834437085,0.1456953642384106
seem,0.08488964346349745,0.1494057724957555,0.0865874363327674,0.13582342954159593,0.14091680814940577,0.16129032258064516,0.07809847198641766,0.16298811544991512
goes,0.08071748878923767,0.14798206278026907,0.08968609865470852,0.15246636771300448,0.17488789237668162,0.10762331838565023,0.06278026905829596,0.18385650224215247
flowing,0.029411764705882353,0.23529411764705882,0.058823529411764705,0.08823529411764706,0.17647058823529413,0.058823529411764705,0.08823529411764706,0.2647058823529412
vast,0.10084033613445378,0.14705882352941177,0.07563025210084033,0.1134453781512605,0.15966386554621848,0.13025210084033614,0.046218487394957986,0.226890756302521
wide,0.16393442622950818,0.09836065573770492,0.08743169398907104,0.19672131147540983,0.12568306010928962,0.12568306010928962,0.0546448087431694,0.14754098360655737
back,0.11716621253405994,0.1362397820163488,0.08174386920980926,0.15803814713896458,0.1362397820163488,0.12534059945504086,0.0653950953678474,0.17983651226158037
rolls,0.09803921568627451,0.19607843137254902,0.09803921568627451,0.09803921568627451,0.13725490196078433,0.13725490196078433,0.0784313725490196,0.1568627450980392
stakes,0.125,0.13636363636363635,0.09090909090909091,0.18181818181818182,0.11363636363636363,0.125,0.09090909090909091,0.13636363636363635
sea-weeds,0.11904761904761904,0.09523809523809523,0.19047619047619047,0.11904761904761904,0.14285714285714285,0.11904761904761904,0.023809523809523808,0.19047619047619047
mud,0.10144927536231885,0.17391304347826086,0.10144927536231885,0.15942028985507245,0.10144927536231885,0.17391304347826086,0.07246376811594203,0.11594202898550725
higher,0.06862745098039216,0.17647058823529413,0.058823529411764705,0.10784313725490197,0.22549019607843138,0.0784313725490196,0.0392156862745098,0.24509803921568626
things,0.10457516339869281,0.15250544662309368,0.06318082788671024,0.12418300653594772,0.16122004357298475,0.1111111111111111,0.06318082788671024,0.22004357298474944
base,0.11585365853658537,0.09146341463414634,0.13414634146341464,0.1402439024390244,0.12804878048780488,0.1524390243902439,0.03048780487804878,0.2073170731707317
roll,0.12087912087912088,0.14285714285714285,0.07692307692307693,0.12087912087912088,0.18681318681318682,0.0989010989010989,0.06593406593406594,0.18681318681318682
'd,0.10695355549724482,0.1338231435318814,0.08643400682235634,0.1399632642351089,0.14946208344266596,0.14416163736552087,0.06885331933875623,0.1703489897664655
gentle,0.13022113022113022,0.13267813267813267,0.08845208845208845,0.1547911547911548,0.14987714987714987,0.11793611793611794,0.08845208845208845,0.1375921375921376
boat,0.11363636363636363,0.17803030303030304,0.09090909090909091,0.125,0.13636363636363635,0.12878787878787878,0.07575757575757576,0.15151515151515152
urged,0.0891089108910891,0.18811881188118812,0.0297029702970297,0.09900990099009901,0.21782178217821782,0.13861386138613863,0.06930693069306931,0.16831683168316833
pains,0.08487084870848709,0.12361623616236163,0.08302583025830258,0.14575645756457564,0.16420664206642066,0.14206642066420663,0.06088560885608856,0.19557195571955718
half,0.10103092783505155,0.1360824742268041,0.07010309278350516,0.14845360824742268,0.15670103092783505,0.13814432989690723,0.08041237113402062,0.16907216494845362
afloat,0.061224489795918366,0.20408163265306123,0.061224489795918366,0.04081632653061224,0.22448979591836735,0.08163265306122448,0.10204081632653061,0.22448979591836735
stern,0.1590909090909091,0.10227272727272728,0.10606060606060606,0.1893939393939394,0.10227272727272728,0.14772727272727273,0.041666666666666664,0.15151515151515152
angler,0.16279069767441862,0.11627906976744186,0.18604651162790697,0.13953488372093023,0.06976744186046512,0.18604651162790697,0.046511627906976744,0.09302325581395349
takes,0.09497206703910614,0.16201117318435754,0.11731843575418995,0.11731843575418995,0.17318435754189945,0.09497206703910614,0.055865921787709494,0.18435754189944134
stand,0.1417910447761194,0.13805970149253732,0.08582089552238806,0.1417910447761194,0.14925373134328357,0.10820895522388059,0.07462686567164178,0.16044776119402984
marks,0.06666666666666667,0.15555555555555556,0.05555555555555555,0.12222222222222222,0.18888888888888888,0.12222222222222222,0.06666666666666667,0.2222222222222222
fish,0.12751677852348994,0.09395973154362416,0.12751677852348994,0.174496644295302,0.09395973154362416,0.14093959731543623,0.06711409395973154,0.174496644295302
land,0.13126491646778043,0.14797136038186157,0.0883054892601432,0.14081145584725538,0.14797136038186157,0.11217183770883055,0.07159904534606205,0.15990453460620524
clear,0.1037037037037037,0.1259259259259259,0.08888888888888889,0.13333333333333333,0.14074074074074075,0.11851851851851852,0.037037037037037035,0.2518518518518518
space,0.06862745098039216,0.13725490196078433,0.10784313725490197,0.12745098039215685,0.17647058823529413,0.13725490196078433,0.06862745098039216,0.17647058823529413
cheerful,0.06557377049180328,0.13114754098360656,0.06557377049180328,0.11147540983606558,0.22295081967213115,0.12131147540983607,0.12786885245901639,0.1540983606557377
ray,0.14634146341463414,0.14634146341463414,0.04878048780487805,0.14634146341463414,0.14634146341463414,0.12195121951219512,0.14634146341463414,0.0975609756097561
warm,0.09649122807017543,0.14619883040935672,0.06725146198830409,0.13157894736842105,0.1608187134502924,0.14912280701754385,0.07894736842105263,0.1695906432748538
sun,0.1056701030927835,0.13144329896907217,0.08762886597938144,0.10309278350515463,0.18298969072164947,0.13659793814432988,0.11597938144329897,0.13659793814432988
people,0.10952380952380952,0.14761904761904762,0.08571428571428572,0.16666666666666666,0.14285714285714285,0.11904761904761904,0.05714285714285714,0.17142857142857143
play,0.09700427960057062,0.14265335235378032,0.09415121255349501,0.12410841654778887,0.1840228245363766,0.09700427960057062,0.08416547788873038,0.1768901569186876
far,0.11570247933884298,0.17355371900826447,0.07644628099173553,0.13429752066115702,0.15289256198347106,0.1115702479338843,0.07644628099173553,0.1590909090909091
craft,0.09302325581395349,0.11627906976744186,0.09302325581395349,0.09302325581395349,0.18604651162790697,0.11627906976744186,0.13953488372093023,0.16279069767441862
prouder,0.12380952380952381,0.12380952380952381,0.08571428571428572,0.1523809523809524,0.17142857142857143,0.09523809523809523,0.06666666666666667,0.18095238095238095
shows,0.09782608695652174,0.14130434782608695,0.06521739130434782,0.11594202898550725,0.19927536231884058,0.13405797101449277,0.06884057971014493,0.17753623188405798
poor,0.09439200444197668,0.13325930038867295,0.09383675735702388,0.11937812326485286,0.1676846196557468,0.12826207662409772,0.06274292059966685,0.20044419766796223
lie,0.12680115273775217,0.09221902017291066,0.11239193083573487,0.13256484149855907,0.12968299711815562,0.207492795389049,0.05187319884726225,0.14697406340057637
cold,0.09959349593495935,0.12398373983739837,0.09349593495934959,0.16666666666666666,0.14634146341463414,0.15447154471544716,0.06910569105691057,0.14634146341463414
weak,0.1279373368146214,0.1122715404699739,0.13315926892950392,0.17493472584856398,0.10443864229765012,0.15404699738903394,0.0835509138381201,0.10966057441253264
arms,0.11594202898550725,0.15217391304347827,0.07971014492753623,0.12318840579710146,0.16666666666666666,0.14492753623188406,0.07971014492753623,0.13768115942028986
side,0.1022964509394572,0.13569937369519833,0.0918580375782881,0.1127348643006263,0.162839248434238,0.1419624217118998,0.08350730688935282,0.16910229645093947
gin,0.08823529411764706,0.17647058823529413,0.14705882352941177,0.20588235294117646,0.08823529411764706,0.14705882352941177,0.058823529411764705,0.08823529411764706
warmth,0.06593406593406594,0.14285714285714285,0.10989010989010989,0.14285714285714285,0.17582417582417584,0.12087912087912088,0.07692307692307693,0.16483516483516483
within,0.10657596371882086,0.16099773242630386,0.07709750566893424,0.10657596371882086,0.1836734693877551,0.10204081632653061,0.06802721088435375,0.19501133786848074
oft,0.10298102981029811,0.14363143631436315,0.0975609756097561,0.16260162601626016,0.14363143631436315,0.10569105691056911,0.07588075880758807,0.16802168021680217
attempts,0.057692307692307696,0.11538461538461539,0.07692307692307693,0.038461538461538464,0.25,0.057692307692307696,0.038461538461538464,0.36538461538461536
beat,0.18181818181818182,0.09090909090909091,0.18181818181818182,0.21212121212121213,0.06060606060606061,0.15151515151515152,0.06060606060606061,0.06060606060606061
