,anger,anticipation,disgust,fear,joy,sadness,surprise,trust
project,0.12369902746971506,0.16703634192117386,0.05118580447022692,0.05220952055963146,0.10424842177102883,0.07404879713359494,0.02030370243985668,0.4072683842347722
gutenberg,0.08636363636363636,0.2246753246753247,0.0538961038961039,0.060389610389610396,0.07792207792207792,0.10974025974025974,0.01948051948051948,0.36753246753246754
baculum,0.006666666666666668,0.10666666666666669,0.11333333333333334,0.013333333333333336,0.04,0.10666666666666669,0.03333333333333334,0.5800000000000001
chipmunks,0.02976190476190476,0.244047619047619,0.10119047619047618,0.03571428571428571,0.15476190476190477,0.05357142857142857,0.06547619047619048,0.31547619047619047
white,0.023766546329723224,0.17809867629362214,0.09957882069795426,0.033995186522262334,0.17057761732851984,0.2879061371841155,0.013537906137184114,0.1925391095066185
use,0.1475,0.18666666666666665,0.09916666666666667,0.09749999999999999,0.15833333333333333,0.05083333333333333,0.035833333333333335,0.22416666666666665
may,0.15406976744186046,0.16511627906976745,0.11976744186046512,0.08197674418604652,0.08430232558139535,0.12093023255813953,0.03662790697674419,0.23720930232558138
copy,0.2,0.09424083769633508,0.08795811518324607,0.06701570680628273,0.030366492146596858,0.06282722513089005,0.024083769633507852,0.43350785340314135
terms,0.13128491620111732,0.11918063314711361,0.04283054003724395,0.0633147113594041,0.11824953445065177,0.04189944134078213,0.04189944134078213,0.44134078212290506
license,0.11111111111111112,0.21940928270042195,0.06329113924050633,0.09282700421940929,0.11673699015471169,0.08298171589310831,0.03375527426160338,0.279887482419128
eutamias,0.0058823529411764705,0.21176470588235294,0.13529411764705881,0.011764705882352941,0.16470588235294117,0.07647058823529412,0.03529411764705882,0.3588235294117647
university,0.0,0.6104651162790697,0.03488372093023256,0.023255813953488375,0.03488372093023256,0.0,0.005813953488372094,0.29069767441860467
kansas,0.0,0.5137614678899083,0.027522935779816515,0.0,0.07339449541284405,0.0,0.027522935779816515,0.3577981651376147
museum,0.0,0.5954198473282443,0.03053435114503817,0.03053435114503817,0.04580152671755725,0.0,0.0,0.29770992366412213
1,0.053435114503816786,0.18702290076335878,0.030534351145038167,0.061068702290076333,0.08778625954198471,0.11832061068702289,0.057251908396946556,0.4045801526717557
e.,0.006284367635506678,0.08012568735271013,0.09583660644147682,0.016496465043205028,0.06284367635506677,0.09347996857816182,0.09505106048703849,0.5498821681068342
bacula,0.0,0.39285714285714285,0.03571428571428571,0.0,0.21428571428571425,0.0,0.0,0.3571428571428571
species,0.016129032258064516,0.15322580645161288,0.024193548387096774,0.008064516129032258,0.14516129032258066,0.06451612903225806,0.016129032258064516,0.5725806451612903
quadrivittatus,0.0,0.1607142857142857,0.08928571428571427,0.008928571428571428,0.08928571428571427,0.11607142857142856,0.06249999999999999,0.47321428571428564
ruficaudus,0.0,0.02777777777777778,0.125,0.02777777777777778,0.041666666666666664,0.09722222222222221,0.125,0.5555555555555556
cinereicollis,0.0,0.02,0.12,0.0,0.02,0.1,0.12,0.62
quadrimaculatus,0.0,0.015625,0.140625,0.015625,0.015625,0.140625,0.125,0.546875
speciosus,0.0,0.014705882352941176,0.1323529411764706,0.014705882352941176,0.014705882352941176,0.11764705882352941,0.1323529411764706,0.5735294117647058
panamintinus,0.0,0.014705882352941176,0.1323529411764706,0.014705882352941176,0.014705882352941176,0.11764705882352941,0.1323529411764706,0.5735294117647058
umbrinus,0.0,0.14354066985645933,0.10047846889952154,0.009569377990430623,0.11004784688995216,0.06698564593301436,0.09090909090909091,0.47846889952153115
palmeri,0.0,0.028169014084507043,0.1408450704225352,0.014084507042253521,0.014084507042253521,0.11267605633802817,0.1267605633802817,0.5633802816901408
bulleri,0.0,0.015151515151515154,0.13636363636363638,0.015151515151515154,0.015151515151515154,0.10606060606060606,0.13636363636363638,0.5757575757575758
shaft,0.01629327902240326,0.1140529531568228,0.109979633401222,0.034623217922606926,0.018329938900203666,0.10386965376782076,0.1120162932790224,0.4908350305498982
tip,0.0065146579804560255,0.08143322475570032,0.11726384364820847,0.016286644951140062,0.0,0.09120521172638435,0.11726384364820847,0.5700325732899022
side,0.125,0.14843749999999997,0.068359375,0.16992187499999997,0.08007812499999999,0.10937499999999999,0.078125,0.220703125
keel,0.0,0.10344827586206895,0.09195402298850575,0.011494252873563218,0.0,0.08045977011494251,0.09195402298850575,0.6206896551724138
base,0.00403225806451613,0.06451612903225808,0.06451612903225808,0.00806451612903226,0.048387096774193554,0.1491935483870968,0.05645161290322581,0.6048387096774194
length,0.0047732696897374695,0.13842482100238662,0.09069212410501191,0.07159904534606204,0.07637231503579951,0.10023866348448686,0.10023866348448686,0.4176610978520286
widened,0.0,0.033333333333333326,0.1222222222222222,0.01111111111111111,0.0,0.09999999999999998,0.09999999999999998,0.6333333333333332
skull,0.0,0.08585858585858584,0.14646464646464644,0.0404040404040404,0.04545454545454545,0.1616161616161616,0.11111111111111109,0.409090909090909
united,0.03902439024390244,0.22926829268292684,0.015853658536585366,0.09268292682926829,0.04878048780487805,0.042682926829268296,0.017073170731707315,0.5146341463414634
states,0.030243902439024393,0.20097560975609757,0.033170731707317075,0.09560975609756098,0.055609756097560976,0.07999999999999999,0.011707317073170732,0.4926829268292683
r.,0.0,0.10256410256410259,0.12820512820512822,0.10256410256410259,0.025641025641025647,0.10256410256410259,0.1794871794871795,0.358974358974359
public,0.014209591474245118,0.4458259325044405,0.0053285968028419185,0.0497335701598579,0.07815275310834814,0.007104795737122559,0.0053285968028419185,0.39431616341030196
work,0.14786795048143053,0.1879871618523613,0.03599266391563503,0.06098120128381477,0.10958276020174232,0.07771664374140302,0.05295735900962861,0.3269142595139844
foundation,0.1138268156424581,0.1599162011173184,0.027932960893854747,0.014664804469273741,0.07192737430167598,0.13896648044692736,0.0034916201117318434,0.4692737430167597
size,0.04615384615384615,0.1,0.15384615384615385,0.05384615384615384,0.07692307692307693,0.24615384615384617,0.03076923076923077,0.29230769230769227
longer,0.049586776859504134,0.07851239669421488,0.15702479338842976,0.08677685950413223,0.08264462809917356,0.12809917355371903,0.14049586776859505,0.2768595041322314
markedly,0.0,0.020833333333333332,0.10416666666666666,0.010416666666666666,0.0,0.10416666666666666,0.10416666666666666,0.6562499999999999
angle,0.0,0.06779661016949153,0.16101694915254236,0.01694915254237288,0.0,0.09322033898305085,0.16101694915254236,0.5
formed,0.0,0.06779661016949153,0.16101694915254236,0.01694915254237288,0.0,0.09322033898305085,0.16101694915254236,0.5
ridges,0.07547169811320756,0.0849056603773585,0.1320754716981132,0.04716981132075472,0.0,0.2075471698113208,0.09433962264150944,0.3584905660377358
either,0.07317073170731707,0.1382113821138211,0.1056910569105691,0.10975609756097561,0.1056910569105691,0.12601626016260162,0.07723577235772357,0.26422764227642276
strongly,0.01,0.08,0.13999999999999999,0.04,0.05,0.29,0.02,0.37
shorter,0.0,0.0,0.15436241610738255,0.0,0.0,0.10738255033557048,0.14765100671140943,0.5906040268456377
figure,0.08860759493670886,0.16455696202531647,0.1139240506329114,0.1139240506329114,0.06329113924050633,0.20253164556962028,0.025316455696202535,0.2278481012658228
large,0.062271062271062265,0.2087912087912088,0.09890109890109891,0.08058608058608059,0.0879120879120879,0.1794871794871795,0.03663003663003663,0.2454212454212454
differs,0.0,0.0,0.2,0.018181818181818184,0.009090909090909092,0.09090909090909091,0.2,0.4818181818181818
medium,0.17322834645669294,0.03937007874015748,0.21259842519685043,0.047244094488188976,0.0,0.3228346456692913,0.0,0.20472440944881892
proportionally,0.0,0.0380952380952381,0.1619047619047619,0.0,0.0,0.08571428571428572,0.1619047619047619,0.5523809523809524
without,0.11223694466095088,0.16757599376461418,0.06313328137178487,0.13561964146531563,0.10210444271239281,0.10210444271239281,0.05455962587685113,0.2626656274356976
upper,0.005545286506469501,0.10905730129390019,0.16266173752310537,0.011090573012939002,0.07208872458410351,0.3826247689463955,0.03142329020332717,0.22550831792975967
parts,0.029914529914529916,0.12393162393162394,0.12393162393162394,0.05128205128205128,0.06837606837606838,0.19658119658119658,0.06410256410256411,0.3418803418803419
general,0.0,0.040322580645161296,0.1370967741935484,0.0,0.05645161290322581,0.25000000000000006,0.00806451612903226,0.5080645161290323
larger,0.0079155672823219,0.036939313984168866,0.2585751978891821,0.0237467018469657,0.03430079155672824,0.0712401055408971,0.2506596306068602,0.316622691292876
information,0.03442622950819672,0.16229508196721312,0.019672131147540982,0.07540983606557376,0.13278688524590163,0.06885245901639345,0.022950819672131147,0.48360655737704916
right,0.1620775969962453,0.14267834793491865,0.05506883604505632,0.10888610763454316,0.09762202753441801,0.139549436795995,0.08197747183979974,0.21214017521902376
associated,0.09590973201692524,0.17348377997179126,0.03526093088857545,0.07475317348377997,0.14950634696755993,0.06346967559943582,0.03949224259520451,0.36812411847672777
works,0.12025316455696201,0.17672833495618304,0.06475170399221032,0.046251217137293084,0.13193768257059396,0.018500486854917234,0.02142161635832522,0.42015579357351507
copyright,0.09477756286266925,0.17988394584139267,0.08123791102514506,0.06382978723404255,0.05222437137330754,0.10058027079303675,0.025145067698259187,0.402321083172147
set,0.17426545086119552,0.12462006079027356,0.051671732522796346,0.09523809523809523,0.10131712259371833,0.11347517730496452,0.04457953394123607,0.2948328267477204
forth,0.21532846715328466,0.09124087591240876,0.04197080291970802,0.04562043795620438,0.12226277372262773,0.11131386861313868,0.0072992700729927005,0.36496350364963503
distributing,0.1669595782073814,0.16520210896309317,0.06678383128295255,0.033391915641476276,0.10017574692442884,0.10017574692442884,0.0,0.36731107205623903
gutenberg-tm,0.1408231944084908,0.1504012425575977,0.05125550090603158,0.04685477608076625,0.111830183794978,0.06238674605229097,0.018638363965829664,0.417809992234015
electronic,0.17759295499021527,0.13600782778864973,0.06506849315068494,0.03962818003913895,0.10469667318982388,0.07729941291585128,0.03962818003913895,0.3600782778864971
trademark,0.1891891891891892,0.10810810810810811,0.05405405405405406,0.02702702702702703,0.08108108108108109,0.16216216216216217,0.0,0.3783783783783784
copies,0.21044303797468356,0.12183544303797468,0.12183544303797468,0.09018987341772151,0.09018987341772151,0.0,0.0,0.36550632911392406
full,0.1487603305785124,0.22396694214876034,0.052066115702479335,0.09586776859504131,0.09090909090909091,0.10082644628099173,0.08429752066115702,0.20330578512396696
distribution,0.0794979079497908,0.2280334728033473,0.008368200836820085,0.04393305439330544,0.09832635983263599,0.002092050209205021,0.010460251046025106,0.5292887029288703
agree,0.19940915805022155,0.14327917282127028,0.05760709010339734,0.059084194977843424,0.05612998522895125,0.08862629246676514,0.0310192023633678,0.36484490398818314
agreement,0.12418772563176894,0.06931407942238267,0.04115523465703971,0.028158844765342958,0.05487364620938628,0.08303249097472924,0.01371841155234657,0.5855595667870036
must,0.13371104815864024,0.1558073654390935,0.08838526912181303,0.14390934844192635,0.09745042492917846,0.11784702549575071,0.04872521246458923,0.21416430594900848
paid,0.2876106194690265,0.1814159292035398,0.002949852507374631,0.010324483775811208,0.11946902654867254,0.06489675516224189,0.12094395280235985,0.21238938053097342
fee,0.35294117647058826,0.11764705882352941,0.058823529411764705,0.0,0.11764705882352941,0.0,0.0,0.35294117647058826
access,0.20879120879120883,0.1391941391941392,0.0927960927960928,0.0695970695970696,0.11599511599511601,0.04884004884004885,0.0231990231990232,0.3015873015873016
refund,0.24463860206513105,0.1254964257347101,0.04447974583002382,0.015885623510722795,0.1239078633836378,0.1239078633836378,0.0937251787132645,0.22795869737887212
paragraph,0.31407407407407406,0.06222222222222223,0.056296296296296296,0.02962962962962963,0.056296296296296296,0.17037037037037037,0.02962962962962963,0.2814814814814815
literary,0.13854351687388988,0.13854351687388988,0.03374777975133215,0.0,0.03730017761989343,0.2024866785079929,0.0035523978685612794,0.4458259325044405
archive,0.13854351687388988,0.13854351687388988,0.03374777975133215,0.0,0.03730017761989343,0.2024866785079929,0.0035523978685612794,0.4458259325044405
fees,0.13636363636363638,0.13636363636363638,0.045454545454545456,0.0,0.045454545454545456,0.13636363636363638,0.0,0.5
including,0.13842173350582146,0.16429495472186287,0.0258732212160414,0.03363518758085382,0.0776196636481242,0.1448900388098318,0.00517464424320828,0.41009055627425617
provide,0.1548872180451128,0.07067669172932331,0.02857142857142857,0.010526315789473684,0.08721804511278196,0.007518796992481203,0.058646616541353384,0.5819548872180451
owner,0.2180327868852459,0.09344262295081968,0.06229508196721311,0.031147540983606555,0.03278688524590164,0.18688524590163935,0.0,0.37540983606557377
donations,0.0017361111111111112,0.2326388888888889,0.0,0.0,0.10069444444444443,0.09895833333333333,0.0017361111111111112,0.564236111111111
replacement,0.24186704384724186,0.08345120226308345,0.053748231966053744,0.0,0.10891089108910891,0.16124469589816123,0.08062234794908062,0.27015558698727016
limited,0.27863046044864226,0.0602125147579693,0.06965761511216056,0.007083825265643447,0.09327036599763873,0.2644628099173553,0.049586776859504134,0.1770956316410862
damages,0.18208092485549135,0.03323699421965318,0.11127167630057806,0.06213872832369943,0.0,0.34537572254335264,0.0,0.26589595375722547
ebook,0.06647398843930637,0.1763005780346821,0.06502890173410406,0.092485549132948,0.11127167630057806,0.0809248554913295,0.046242774566474,0.3612716763005781
spell,0.03968253968253968,0.2222222222222222,0.047619047619047616,0.09523809523809523,0.18253968253968253,0.03174603174603175,0.023809523809523808,0.35714285714285715
sturgeon,0.07478260869565218,0.22434782608695653,0.043478260869565216,0.10608695652173912,0.2034782608695652,0.059130434782608696,0.043478260869565216,0.24521739130434783
james,0.02439024390243903,0.21951219512195125,0.04878048780487806,0.09756097560975611,0.19512195121951223,0.02439024390243903,0.02439024390243903,0.3658536585365854
arthur,0.02439024390243903,0.21951219512195125,0.04878048780487806,0.09756097560975611,0.19512195121951223,0.02439024390243903,0.02439024390243903,0.3658536585365854
kjelgaard,0.021052631578947368,0.2210526315789474,0.05263157894736842,0.08421052631578947,0.18947368421052632,0.021052631578947368,0.021052631578947368,0.38947368421052636
anyone,0.10726643598615918,0.18339100346020762,0.0657439446366782,0.10034602076124567,0.09688581314878893,0.10380622837370243,0.051903114186851215,0.2906574394463668
almost,0.1388888888888889,0.1574074074074074,0.08024691358024692,0.1682098765432099,0.1095679012345679,0.1404320987654321,0.06635802469135803,0.1388888888888889
give,0.12038523274478331,0.1637239165329053,0.04654895666131621,0.11556982343499199,0.09630818619582665,0.11396468699839486,0.09470304975922954,0.24879614767255218
away,0.11529766390354183,0.1838733986435569,0.05425772418990204,0.1650339110776187,0.1009796533534288,0.10851544837980408,0.10926902788244161,0.16277317256970614
online,0.04123711340206186,0.18041237113402064,0.061855670103092786,0.09278350515463918,0.1288659793814433,0.02061855670103093,0.07216494845360825,0.4020618556701031
start,0.08223684210526315,0.4868421052631579,0.03618421052631579,0.07236842105263158,0.04934210526315789,0.04605263157894736,0.03618421052631579,0.1907894736842105
produced,0.07317073170731708,0.1829268292682927,0.03658536585365854,0.10975609756097562,0.1829268292682927,0.03658536585365854,0.06097560975609757,0.3170731707317074
greg,0.026315789473684213,0.2105263157894737,0.052631578947368425,0.10526315789473685,0.18421052631578946,0.026315789473684213,0.026315789473684213,0.3684210526315789
weeks,0.09826589595375722,0.1676300578034682,0.03468208092485549,0.12716763005780346,0.12716763005780346,0.07514450867052024,0.06936416184971098,0.30057803468208094
mary,0.026315789473684213,0.2105263157894737,0.052631578947368425,0.10526315789473685,0.18421052631578946,0.026315789473684213,0.026315789473684213,0.3684210526315789
meehan,0.026315789473684213,0.2105263157894737,0.052631578947368425,0.10526315789473685,0.18421052631578946,0.026315789473684213,0.026315789473684213,0.3684210526315789
distributed,0.05373134328358209,0.24477611940298505,0.050746268656716415,0.10746268656716418,0.12835820895522387,0.050746268656716415,0.03880597014925373,0.32537313432835824
proofreading,0.026315789473684213,0.2105263157894737,0.052631578947368425,0.10526315789473685,0.18421052631578946,0.026315789473684213,0.026315789473684213,0.3684210526315789
canada,0.026315789473684213,0.2105263157894737,0.052631578947368425,0.10526315789473685,0.18421052631578946,0.026315789473684213,0.026315789473684213,0.3684210526315789
team,0.09708737864077671,0.11650485436893204,0.03883495145631068,0.09708737864077671,0.14563106796116507,0.05825242718446602,0.05825242718446602,0.38834951456310685
http,0.04453441295546559,0.20242914979757085,0.020242914979757085,0.08502024291497977,0.12550607287449395,0.05668016194331984,0.032388663967611336,0.4331983805668016
//www.pgdpcanada.net,0.026315789473684213,0.2105263157894737,0.052631578947368425,0.10526315789473685,0.18421052631578946,0.026315789473684213,0.026315789473684213,0.3684210526315789
jim,0.018518518518518517,0.2222222222222222,0.05555555555555555,0.07407407407407407,0.18518518518518517,0.018518518518518517,0.018518518518518517,0.40740740740740744
new,0.07932960893854749,0.22569832402234635,0.06256983240223463,0.13072625698324022,0.10167597765363127,0.09385474860335195,0.07597765363128492,0.23016759776536314
york,0.025641025641025644,0.25641025641025644,0.07692307692307693,0.05128205128205129,0.1794871794871795,0.0,0.05128205128205129,0.358974358974359
1953,0.0,0.25,0.0625,0.0,0.18749999999999997,0.0,0.0,0.5
part,0.07885714285714286,0.16,0.10285714285714286,0.08342857142857142,0.12342857142857144,0.21714285714285714,0.04457142857142857,0.18971428571428572
form,0.08270676691729324,0.17293233082706766,0.06766917293233084,0.08646616541353383,0.10150375939849625,0.09398496240601505,0.02255639097744361,0.3721804511278196
permission,0.11009174311926605,0.18348623853211007,0.027522935779816512,0.06422018348623852,0.15596330275229356,0.055045871559633024,0.06422018348623852,0.3394495412844037
writing,0.12962962962962962,0.16666666666666666,0.07407407407407407,0.07407407407407407,0.1111111111111111,0.07407407407407407,0.05555555555555555,0.31481481481481477
number,0.06593406593406592,0.18131868131868129,0.04395604395604395,0.06043956043956043,0.12087912087912087,0.1703296703296703,0.04395604395604395,0.31318681318681313
chapter,0.05944055944055943,0.21328671328671325,0.03496503496503496,0.0804195804195804,0.2552447552447552,0.0804195804195804,0.06293706293706293,0.21328671328671325
one,0.1247787610619469,0.15958702064896754,0.05958702064896755,0.14690265486725662,0.11061946902654868,0.11002949852507374,0.08997050147492626,0.19852507374631267
storm,0.35772357723577236,0.13008130081300812,0.07317073170731707,0.08943089430894309,0.1056910569105691,0.07317073170731707,0.06504065040650406,0.1056910569105691
two,0.12517006802721087,0.1741496598639456,0.06258503401360543,0.15034013605442179,0.0945578231292517,0.13129251700680272,0.0870748299319728,0.17482993197278912
three,0.12404287901990811,0.20367534456355285,0.03828483920367535,0.13552833078101073,0.1125574272588055,0.09188361408882083,0.09647779479326186,0.1975497702909648
beach,0.10280373831775702,0.12461059190031155,0.04672897196261683,0.09968847352024925,0.39563862928348914,0.04984423676012462,0.04049844236760126,0.14018691588785048
four,0.13598326359832638,0.18200836820083682,0.041841004184100423,0.1673640167364017,0.0899581589958159,0.1087866108786611,0.11297071129707115,0.16108786610878661
trouble,0.08571428571428572,0.18857142857142856,0.05142857142857143,0.14857142857142858,0.17142857142857143,0.09142857142857143,0.08,0.18285714285714286
spray,0.16504854368932037,0.1553398058252427,0.038834951456310676,0.1262135922330097,0.11650485436893203,0.16504854368932037,0.07766990291262135,0.1553398058252427
five,0.11254019292604502,0.19614147909967844,0.05144694533762058,0.15434083601286172,0.12540192926045016,0.090032154340836,0.10932475884244372,0.1607717041800643
rescue,0.10526315789473685,0.18421052631578946,0.052631578947368425,0.052631578947368425,0.18421052631578946,0.052631578947368425,0.18421052631578946,0.18421052631578946
six,0.09574468085106383,0.16489361702127658,0.06914893617021277,0.14893617021276595,0.11702127659574468,0.13297872340425532,0.0851063829787234,0.18617021276595744
eight,0.15942028985507248,0.18840579710144928,0.043478260869565216,0.13043478260869565,0.13043478260869565,0.14492753623188406,0.10144927536231883,0.10144927536231883
ten,0.10404624277456648,0.20231213872832368,0.046242774566473986,0.12716763005780346,0.12138728323699421,0.10982658959537571,0.12138728323699421,0.1676300578034682
great,0.09834254143646409,0.2176795580110497,0.045303867403314914,0.11491712707182321,0.1425414364640884,0.08287292817679558,0.09502762430939227,0.2033149171270718
fish,0.10396039603960396,0.14356435643564355,0.07425742574257424,0.10396039603960396,0.14851485148514848,0.0891089108910891,0.11881188118811879,0.21782178217821782
fisherman,0.13725490196078433,0.1503267973856209,0.0196078431372549,0.09803921568627451,0.1503267973856209,0.13071895424836602,0.14379084967320263,0.16993464052287582
's,0.11384078399785204,0.16203517250637667,0.06443817962142569,0.1398845482615116,0.10511478050745064,0.11384078399785204,0.09826822392267417,0.202577527184857
luck,0.051162790697674425,0.24186046511627907,0.023255813953488372,0.06976744186046512,0.22325581395348837,0.04186046511627907,0.22790697674418606,0.12093023255813953
pond,0.14814814814814814,0.12962962962962962,0.09259259259259259,0.07407407407407407,0.12962962962962962,0.16666666666666666,0.09259259259259259,0.16666666666666666
ramsay,0.1251063829787234,0.16936170212765955,0.07319148936170213,0.14297872340425533,0.1251063829787234,0.12340425531914893,0.07574468085106384,0.1651063829787234
leaned,0.14583333333333334,0.20833333333333334,0.0625,0.10416666666666667,0.125,0.08333333333333334,0.10416666666666667,0.16666666666666669
rail,0.2916666666666667,0.3125,0.020833333333333336,0.0625,0.08333333333333334,0.020833333333333336,0.04166666666666667,0.16666666666666669
holter,0.14876033057851237,0.17355371900826444,0.11570247933884295,0.11570247933884295,0.057851239669421475,0.18181818181818182,0.06611570247933884,0.14049586776859502
watched,0.096045197740113,0.14689265536723164,0.08192090395480225,0.14689265536723164,0.11299435028248588,0.11864406779661017,0.09322033898305085,0.2033898305084746
interest,0.125,0.28125,0.03125,0.0625,0.15625,0.03125,0.15625,0.15625
brought,0.12258064516129032,0.16774193548387098,0.06129032258064516,0.14838709677419354,0.11290322580645161,0.0935483870967742,0.0935483870967742,0.2
another,0.11532625189681336,0.1836115326251897,0.05311077389984826,0.15326251896813356,0.11532625189681336,0.08649468892261003,0.1001517450682853,0.19271623672230653
hides,0.15,0.2833333333333333,0.09999999999999999,0.08333333333333333,0.06666666666666667,0.19999999999999998,0.03333333333333333,0.08333333333333333
board,0.10382513661202185,0.48633879781420764,0.032786885245901634,0.1092896174863388,0.07103825136612021,0.04918032786885246,0.0546448087431694,0.09289617486338797
began,0.10476190476190475,0.19047619047619047,0.08253968253968254,0.13015873015873014,0.09999999999999999,0.0873015873015873,0.10158730158730159,0.20317460317460317
hold,0.09947643979057591,0.18848167539267013,0.041884816753926704,0.10994764397905758,0.10471204188481674,0.10994764397905758,0.09424083769633507,0.2513089005235602
fall,0.0909090909090909,0.15584415584415584,0.0909090909090909,0.06493506493506493,0.0909090909090909,0.35064935064935066,0.07792207792207792,0.07792207792207792
broken,0.25520833333333337,0.036458333333333336,0.052083333333333336,0.2916666666666667,0.020833333333333336,0.25520833333333337,0.015625,0.07291666666666667
hand,0.12085769980506823,0.14619883040935674,0.07212475633528266,0.15984405458089668,0.0935672514619883,0.12280701754385966,0.10721247563352827,0.17738791423001948
turned,0.1111111111111111,0.17,0.06555555555555556,0.1366666666666667,0.11333333333333333,0.09777777777777778,0.09888888888888889,0.2066666666666667
clean,0.09554140127388536,0.06369426751592357,0.03821656050955414,0.1337579617834395,0.25477707006369427,0.07643312101910828,0.06369426751592357,0.27388535031847133
air,0.13996889580093314,0.16640746500777603,0.04510108864696734,0.16640746500777603,0.1010886469673406,0.12441679626749612,0.09020217729393468,0.16640746500777603
lake,0.1284153005464481,0.13934426229508196,0.0628415300546448,0.14344262295081966,0.1256830601092896,0.157103825136612,0.07923497267759562,0.16393442622950818
michigan,0.12328767123287672,0.15068493150684933,0.0410958904109589,0.136986301369863,0.136986301369863,0.15068493150684933,0.0684931506849315,0.1917808219178082
get,0.1207843137254902,0.19450980392156864,0.058823529411764705,0.1364705882352941,0.09490196078431372,0.09411764705882353,0.11137254901960784,0.18901960784313726
look,0.09900990099009901,0.16831683168316833,0.07524752475247524,0.09702970297029703,0.13267326732673268,0.10495049504950495,0.11089108910891088,0.21188118811881188
since,0.1219047619047619,0.2,0.06285714285714285,0.15619047619047619,0.09142857142857143,0.11047619047619048,0.09904761904761905,0.15809523809523812
left,0.12540192926045016,0.17684887459807072,0.06109324758842443,0.13665594855305466,0.1189710610932476,0.08681672025723473,0.07717041800643086,0.2170418006430868
young,0.038283062645011606,0.24941995359628774,0.03132250580046404,0.07656612529002321,0.22389791183294666,0.046403712296983764,0.21113689095127613,0.12296983758700697
days,0.17446043165467626,0.2032374100719425,0.025179856115107913,0.0683453237410072,0.15107913669064751,0.08273381294964029,0.13309352517985615,0.16187050359712232
make,0.0931098696461825,0.16666666666666666,0.06424581005586592,0.1191806331471136,0.12104283054003724,0.1089385474860335,0.10335195530726256,0.22346368715083798
way,0.11532738095238097,0.18154761904761907,0.059523809523809534,0.15401785714285715,0.1123511904761905,0.1123511904761905,0.0892857142857143,0.17559523809523814
sun,0.031215161649944256,0.22630992196209587,0.023411371237458196,0.04570791527313266,0.21181716833890746,0.04459308807134894,0.18617614269788182,0.23076923076923075
seen,0.11403508771929824,0.1871345029239766,0.08771929824561403,0.1286549707602339,0.1198830409356725,0.11403508771929824,0.06725146198830408,0.18128654970760233
nothing,0.11654135338345864,0.15225563909774434,0.09398496240601503,0.15977443609022557,0.10150375939849623,0.12406015037593984,0.08458646616541353,0.16729323308270677
mouth,0.09345794392523366,0.08878504672897196,0.08411214953271029,0.12616822429906543,0.07943925233644861,0.09345794392523366,0.3504672897196262,0.08411214953271029
river,0.09090909090909091,0.1534090909090909,0.05113636363636363,0.1477272727272727,0.15909090909090906,0.08522727272727272,0.10227272727272727,0.2102272727272727
sky,0.08823529411764705,0.1838235294117647,0.08455882352941176,0.14338235294117646,0.12499999999999999,0.14705882352941174,0.09926470588235294,0.12867647058823528
thought,0.07010710808179162,0.4206426484907497,0.0418695228821811,0.10321324245374876,0.08666017526777019,0.09055501460564751,0.05452775073028236,0.1324245374878286
thing,0.12129760225669957,0.15937940761636107,0.07475317348377997,0.16643159379407615,0.11142454160789844,0.10719322990126938,0.08885754583921014,0.1706629055007052
time,0.07277397260273973,0.4584760273972603,0.04708904109589041,0.09417808219178082,0.07662671232876712,0.06378424657534247,0.062071917808219176,0.125
excitement,0.08641975308641975,0.2839506172839506,0.0,0.0617283950617284,0.2469135802469136,0.0617283950617284,0.20987654320987656,0.04938271604938272
rose,0.21951219512195125,0.12195121951219513,0.04878048780487806,0.24390243902439027,0.12195121951219513,0.09756097560975611,0.12195121951219513,0.02439024390243903
within,0.13844086021505375,0.1935483870967742,0.030913978494623653,0.09139784946236558,0.15456989247311828,0.08064516129032258,0.09139784946236558,0.21908602150537634
challenge,0.303030303030303,0.06060606060606061,0.0,0.303030303030303,0.1515151515151515,0.030303030303030304,0.030303030303030304,0.12121212121212122
mighty,0.22514619883040934,0.09064327485380116,0.029239766081871343,0.22514619883040934,0.18128654970760233,0.02631578947368421,0.014619883040935672,0.2076023391812865
tried,0.15677966101694918,0.1228813559322034,0.0826271186440678,0.20762711864406783,0.0805084745762712,0.09322033898305086,0.10805084745762712,0.14830508474576273
course,0.09028960817717205,0.18909710391822826,0.04599659284497445,0.18568994889267462,0.10221465076660988,0.08517887563884156,0.08517887563884156,0.21635434412265755
waves,0.13675213675213677,0.1452991452991453,0.08547008547008547,0.15384615384615385,0.1623931623931624,0.17094017094017094,0.042735042735042736,0.10256410256410256
toward,0.13324538258575197,0.17546174142480211,0.06992084432717678,0.16886543535620055,0.10026385224274406,0.1187335092348285,0.07519788918205805,0.158311345646438
follow,0.09734513274336283,0.15044247787610618,0.09734513274336283,0.1327433628318584,0.15044247787610618,0.10619469026548671,0.09734513274336283,0.16814159292035397
soon,0.13017751479289943,0.15976331360946747,0.06804733727810651,0.15680473372781065,0.10059171597633136,0.13017751479289943,0.10650887573964499,0.14792899408284024
lose,0.12727272727272726,0.07272727272727274,0.13636363636363635,0.17272727272727273,0.07272727272727274,0.2,0.13636363636363635,0.08181818181818182
endless,0.1893939393939394,0.03787878787878788,0.03787878787878788,0.2196969696969697,0.14393939393939395,0.18181818181818182,0.022727272727272728,0.16666666666666669
forward,0.11913357400722022,0.17328519855595667,0.08303249097472924,0.15523465703971118,0.10830324909747292,0.10469314079422383,0.09386281588447654,0.1624548736462094
like,0.11399491094147582,0.1470737913486005,0.06870229007633588,0.15012722646310434,0.13282442748091602,0.11603053435114505,0.0900763358778626,0.1811704834605598
fell,0.11801242236024846,0.11180124223602486,0.04968944099378883,0.14285714285714288,0.018633540372670808,0.47204968944099385,0.037267080745341616,0.04968944099378883
back,0.1298207495926127,0.15806626833242804,0.06735469853340577,0.14720260727865292,0.10483432916892994,0.10700706137968495,0.10320478001086367,0.18250950570342206
moment,0.12114014251781473,0.19952494061757722,0.08313539192399051,0.13539192399049885,0.1116389548693587,0.09263657957244657,0.10926365795724466,0.1472684085510689
man,0.12629829663481512,0.14997922725384297,0.09181553801412548,0.15330286663896966,0.10303282093892814,0.12422102201911092,0.08018280016618197,0.1711674283340258
beside,0.1329113924050633,0.14556962025316456,0.1139240506329114,0.15822784810126583,0.08860759493670886,0.1329113924050633,0.0569620253164557,0.1708860759493671
words,0.3064935064935065,0.1090909090909091,0.05454545454545455,0.1272727272727273,0.11168831168831168,0.09870129870129869,0.07012987012987014,0.12207792207792208
shoulder,0.0654761904761905,0.05357142857142858,0.059523809523809534,0.09523809523809526,0.04166666666666667,0.16666666666666669,0.07142857142857144,0.4464285714285715
around,0.0808641975308642,0.1425925925925926,0.09320987654320988,0.10185185185185185,0.10802469135802469,0.23765432098765432,0.06790123456790123,0.16790123456790124
n't,0.12233549582947174,0.1745443311708372,0.06487488415199259,0.15230151374729686,0.08835341365461848,0.11183194315724437,0.10596231078158788,0.1797961075069509
rest,0.13567839195979903,0.19095477386934673,0.06532663316582915,0.1407035175879397,0.10050251256281408,0.10552763819095479,0.10050251256281408,0.16080402010050254
boy,0.0659025787965616,0.13753581661891118,0.3696275071633238,0.0830945558739255,0.07449856733524356,0.07449856733524356,0.07736389684813755,0.1174785100286533
take,0.10377358490566037,0.22405660377358488,0.04952830188679245,0.13443396226415094,0.08726415094339622,0.08136792452830188,0.10731132075471696,0.2122641509433962
stood,0.14462809917355374,0.1652892561983471,0.06198347107438017,0.1652892561983471,0.09504132231404958,0.0743801652892562,0.07024793388429752,0.22314049586776863
feet,0.04826254826254826,0.14285714285714288,0.12355212355212357,0.06274131274131274,0.11196911196911197,0.31177606177606176,0.04343629343629344,0.15540540540540543
long,0.08620689655172413,0.45202398800599697,0.04497751124437781,0.10119940029985007,0.07571214392803598,0.07421289355322339,0.04872563718140929,0.1169415292353823
powerful,0.16712328767123286,0.17534246575342466,0.14246575342465753,0.15616438356164383,0.15342465753424656,0.01643835616438356,0.03287671232876712,0.15616438356164383
body,0.10378912685337725,0.1400329489291598,0.08072487644151566,0.1630971993410214,0.11037891268533773,0.17627677100494232,0.06589785831960461,0.15980230642504117
black,0.015376596299192078,0.11154547823820693,0.1376075058639562,0.019546520719311962,0.10424811050299713,0.4712014594735471,0.010164190774042221,0.13031013812874642
anything,0.1254416961130742,0.18727915194346292,0.04946996466431096,0.13604240282685515,0.10954063604240284,0.08833922261484099,0.08833922261484099,0.21554770318021202
might,0.10721247563352827,0.1871345029239766,0.06140350877192983,0.14619883040935674,0.11403508771929824,0.12670565302144252,0.07407407407407407,0.18323586744639378
hair,0.09090909090909093,0.11363636363636365,0.10227272727272729,0.10227272727272729,0.13636363636363638,0.27272727272727276,0.02272727272727273,0.1590909090909091
needed,0.11242603550295859,0.15384615384615385,0.08284023668639054,0.14792899408284024,0.11242603550295859,0.12426035502958581,0.07692307692307693,0.18934911242603553
eyes,0.09175257731958764,0.16391752577319588,0.07731958762886598,0.12989690721649483,0.1422680412371134,0.13298969072164948,0.09278350515463918,0.1690721649484536
feeling,0.12322274881516589,0.12164296998420222,0.12638230647709323,0.13112164296998421,0.11848341232227488,0.13270142180094788,0.11848341232227488,0.12796208530805686
face,0.13303269447576102,0.13190529875986473,0.08568207440811726,0.1499436302142052,0.1172491544532131,0.13416009019165728,0.09019165727170238,0.15783540022547915
lips,0.10576923076923077,0.125,0.125,0.125,0.125,0.125,0.125,0.14423076923076922
got,0.11097410604192356,0.17879161528976573,0.0690505548705302,0.14796547472256474,0.09494451294697905,0.09741060419235513,0.12946979038224415,0.1713933415536375
'll,0.11884550084889642,0.1859083191850594,0.0365025466893039,0.16553480475382001,0.08488964346349745,0.08573853989813242,0.13752122241086587,0.18505942275042445
felt,0.1436077057793345,0.14010507880910683,0.09807355516637477,0.17162872154115588,0.10507880910683012,0.1243432574430823,0.10157618213660245,0.11558669001751312
fighting,0.3873873873873873,0.16216216216216214,0.07207207207207207,0.17117117117117114,0.036036036036036036,0.10810810810810809,0.02702702702702702,0.036036036036036036
hard,0.15151515151515152,0.17424242424242423,0.04924242424242425,0.12121212121212123,0.10606060606060606,0.09090909090909091,0.0984848484848485,0.20833333333333334
good,0.03377341111452257,0.22290451335584893,0.022413263739637704,0.042370279398219225,0.21645686214307647,0.03008903899293829,0.20079828062634328,0.23119435062941357
pounds,0.0588235294117647,0.2549019607843137,0.0588235294117647,0.0980392156862745,0.1372549019607843,0.0784313725490196,0.0980392156862745,0.2156862745098039
bull,0.173469387755102,0.1326530612244898,0.07142857142857142,0.1530612244897959,0.11224489795918367,0.08163265306122448,0.08163265306122448,0.19387755102040813
probably,0.19999999999999998,0.1411764705882353,0.047058823529411764,0.16470588235294117,0.07058823529411765,0.15882352941176472,0.10588235294117647,0.11176470588235293
would,0.1254798464491363,0.16890595009596931,0.06046065259117083,0.1607485604606526,0.09572936660268715,0.11804222648752401,0.09524952015355088,0.17538387715930903
fight,0.3127208480565371,0.09187279151943464,0.04240282685512368,0.3250883392226149,0.05653710247349824,0.05653710247349824,0.04063604240282686,0.07420494699646644
know,0.11032863849765258,0.17136150234741784,0.07159624413145539,0.13028169014084506,0.10211267605633802,0.09741784037558686,0.0892018779342723,0.2276995305164319
seemed,0.11653543307086615,0.18740157480314962,0.06929133858267716,0.14488188976377953,0.10708661417322834,0.14960629921259844,0.08818897637795275,0.13700787401574802
rage,0.42857142857142855,0.04081632653061224,0.12244897959183672,0.18367346938775508,0.06122448979591836,0.08163265306122448,0.02040816326530612,0.06122448979591836
made,0.11174089068825911,0.17894736842105263,0.07530364372469636,0.14898785425101213,0.10931174089068826,0.1125506072874494,0.07206477732793523,0.1910931174089069
dared,0.2264150943396226,0.13207547169811318,0.1509433962264151,0.18867924528301885,0.09433962264150943,0.07547169811320754,0.05660377358490565,0.07547169811320754
prepared,0.1111111111111111,0.23076923076923075,0.05982905982905982,0.10256410256410255,0.1111111111111111,0.07692307692307691,0.09401709401709402,0.21367521367521367
fat,0.1,0.0761904761904762,0.2857142857142857,0.11904761904761904,0.06666666666666667,0.24761904761904763,0.047619047619047616,0.05714285714285714
little,0.09802538787023979,0.1748942172073343,0.06770098730606489,0.1290550070521862,0.13328631875881525,0.11283497884344149,0.09026798307475319,0.19393511988716505
captain,0.1042296072507553,0.1767371601208459,0.0377643504531722,0.14652567975830813,0.10271903323262839,0.08761329305135951,0.09214501510574018,0.2522658610271903
schultz,0.08771929824561404,0.1754385964912281,0.12280701754385966,0.10526315789473685,0.10526315789473685,0.12280701754385966,0.08771929824561404,0.19298245614035092
stepped,0.15463917525773196,0.1288659793814433,0.10824742268041239,0.1958762886597938,0.05670103092783506,0.09278350515463918,0.0979381443298969,0.16494845360824745
ship,0.10296953335904359,0.41226378711916706,0.04242190512919399,0.12842267643655997,0.04704974932510606,0.07828769764751255,0.07211723871962979,0.11646741226378714
deck,0.12406576980568013,0.1748878923766816,0.06427503736920777,0.13303437967115098,0.08221225710014947,0.10911808669656202,0.07772795216741404,0.23467862481315394
still,0.1372369624885636,0.15187557182067704,0.08051235132662397,0.15004574565416284,0.10338517840805124,0.12625800548947852,0.07685269899359562,0.17383348581884722
pier,0.17073170731707318,0.19512195121951223,0.07317073170731708,0.09756097560975611,0.12195121951219513,0.09756097560975611,0.07317073170731708,0.17073170731707318
go,0.11420982735723771,0.1965471447543161,0.05179282868525897,0.12616201859229748,0.11022576361221781,0.11420982735723771,0.10225763612217796,0.1845949535192563
knew,0.13782542113323124,0.15160796324655437,0.05206738131699847,0.16232771822358347,0.11332312404287903,0.11638591117917305,0.08728943338437979,0.17917304747320062
even,0.1425755584756899,0.1445466491458607,0.07161629434954009,0.15177398160315378,0.10315374507227333,0.1425755584756899,0.08409986859395534,0.15965834428383707
could,0.13268998793727385,0.17068757539203863,0.061218335343787705,0.16435464414957782,0.09710494571773223,0.11429433051869724,0.08353437876960193,0.17611580217129072
never,0.11492890995260661,0.1528436018957346,0.06753554502369669,0.16943127962085308,0.12559241706161137,0.1267772511848341,0.08767772511848342,0.1552132701421801
