,anger,anticipation,disgust,fear,joy,sadness,surprise,trust
project,0.1194956353055286,0.17497575169738117,0.0504364694471387,0.05586808923375363,0.10242483026188165,0.07604267701260911,0.020562560620756547,0.4001939864209505
gutenberg,0.08225437928408226,0.24447829398324447,0.05635948210205635,0.060929169840060936,0.06702208682406703,0.10738766184310738,0.022086824067022087,0.3594821020563595
property,0.12031250000000002,0.12877604166666667,0.07864583333333335,0.13072916666666667,0.11927083333333334,0.10872395833333333,0.06940104166666668,0.24414062500000003
p.,0.07849829351535835,0.1774744027303754,0.04607508532423208,0.13822525597269625,0.14163822525597267,0.09726962457337883,0.04948805460750853,0.2713310580204778
j.,0.10434782608695652,0.1826086956521739,0.07826086956521738,0.13043478260869565,0.09565217391304348,0.11304347826086955,0.03478260869565217,0.2608695652173913
proudhon,0.08916083916083917,0.20104895104895107,0.043706293706293704,0.14160839160839161,0.12237762237762237,0.0979020979020979,0.07167832167832168,0.23251748251748253
use,0.11018041237113403,0.17762027491408935,0.07066151202749142,0.10652920962199315,0.14561855670103094,0.08440721649484537,0.0584192439862543,0.24656357388316155
cost,0.10777385159010601,0.18197879858657245,0.05477031802120142,0.10247349823321555,0.13604240282685512,0.10247349823321555,0.0706713780918728,0.24381625441696114
almost,0.10026322086623594,0.1497966020579086,0.07681263460157932,0.13735343383584592,0.1404642258913616,0.12084230677195502,0.07202680067001675,0.2024407753050969
whatsoever,0.07311320754716981,0.19811320754716982,0.06367924528301887,0.12264150943396225,0.12971698113207544,0.07311320754716981,0.06839622641509434,0.27122641509433965
may,0.09085225086571759,0.16583301269719122,0.06868026163909195,0.11013851481338978,0.15010580992689496,0.09532512504809543,0.07041169680646402,0.24865332820315508
copy,0.1604714415231188,0.13236627379873075,0.07343608340888487,0.07252946509519494,0.06074342701722576,0.07343608340888487,0.034451495920217595,0.39256572982774257
give,0.08333333333333334,0.16528406234288587,0.06334841628959276,0.11098541980894923,0.15221216691804926,0.09439416792357969,0.0746606334841629,0.25578179989944694
away,0.10014471780028943,0.16700434153400867,0.07424023154848046,0.13603473227206944,0.13429811866859623,0.12185238784370477,0.07510853835021707,0.19131693198263386
terms,0.11501597444089456,0.1378366042902784,0.0629849383842994,0.09584664536741214,0.13099041533546327,0.07256960292104062,0.06024646280237334,0.32450935645823825
license,0.11730205278592377,0.2126099706744868,0.0718475073313783,0.09824046920821115,0.11290322580645162,0.08651026392961877,0.036656891495601175,0.2639296187683285
title,0.06642728904847396,0.16068222621184922,0.06193895870736087,0.09066427289048473,0.1265709156193896,0.08258527827648114,0.0673249551166966,0.34380610412926393
inquiry,0.06108202443280977,0.28184991273996507,0.03664921465968587,0.10209424083769635,0.12216404886561955,0.07155322862129145,0.053228621291448515,0.27137870855148344
principle,0.07641664707265461,0.17422995532565247,0.04773101340230426,0.11450740653656244,0.15494944744885963,0.07194921232071479,0.06489536797554668,0.29532094991770513
right,0.10832620124709622,0.15111871866976404,0.062477075437095,0.11553979704120307,0.13656926274605696,0.09866731874312264,0.07360312996698862,0.2536984961486734
government,0.09753694581280789,0.12610837438423644,0.0561576354679803,0.24137931034482762,0.11198686371100164,0.0768472906403941,0.06239737274220033,0.22758620689655173
author,0.06510565391205025,0.16390633923472303,0.04911479154768704,0.07481439177612793,0.12849800114220447,0.06453455168475157,0.059394631639063396,0.3946316390633923
july,0.10431654676258995,0.1762589928057554,0.05035971223021583,0.1223021582733813,0.13309352517985612,0.13309352517985612,0.08633093525179857,0.19424460431654678
release,0.10179640718562875,0.2095808383233533,0.0718562874251497,0.11976047904191618,0.1437125748502994,0.07784431137724551,0.0658682634730539,0.2095808383233533
language,0.07576571735626007,0.1800107469102633,0.06286942504030092,0.09887157442235357,0.1569048898441698,0.07415368081676518,0.07146695325094037,0.2799570123589468
english,0.0884590995561192,0.16169942929613187,0.0640456563094483,0.10082435003170577,0.14331008243500315,0.0849714648065948,0.0700697526949905,0.2866201648700063
produced,0.07566462167689161,0.1792774369461486,0.06952965235173825,0.11451942740286299,0.1547375596455351,0.0845262440354465,0.076346284935242,0.24539877300613497
life,0.08035907419424616,0.1683971447112265,0.06748864373783257,0.12264763140817651,0.1553104044992429,0.1099935107073329,0.07787151200519143,0.21793207873675105
works,0.0881961097788436,0.18545163868904874,0.06687982946975753,0.07567279509725554,0.14708233413269384,0.0506261657340794,0.04449773514521716,0.34159339195310423
preface,0.10101010101010101,0.22222222222222224,0.0606060606060606,0.0808080808080808,0.11111111111111112,0.0808080808080808,0.09090909090909091,0.25252525252525254
first,0.08889205964186346,0.17485909966469287,0.05999857316116145,0.12499108225725905,0.14796318755796534,0.09381465363487194,0.07020047085681673,0.23928087322536923
memoir,0.0815450643776824,0.19742489270386265,0.0815450643776824,0.07725321888412016,0.13304721030042918,0.06437768240343347,0.05579399141630901,0.30901287553648066
chapter,0.10016556291390728,0.18211920529801323,0.04677152317880794,0.11216887417218542,0.0972682119205298,0.11630794701986755,0.07574503311258278,0.2694536423841059
method,0.08736349453978158,0.18252730109204365,0.05928237129485179,0.09360374414976598,0.14664586583463338,0.06240249609984399,0.07176287051482058,0.29641185647425894
pursued,0.11802232854864432,0.1547049441786284,0.06858054226475278,0.1419457735247209,0.138755980861244,0.09728867623604465,0.09569377990430622,0.18500797448165868
idea,0.09766706207987347,0.1609331751680506,0.058521154606563854,0.12930011862396204,0.14155792803479636,0.09015421115065243,0.06484776591538158,0.2570185844207197
revolution,0.16392092257001648,0.16474464579901152,0.029654036243822075,0.1771004942339374,0.0584843492586491,0.15485996705107086,0.12602965403624383,0.12520593080724876
considered,0.09131652661064425,0.16302521008403362,0.059383753501400564,0.11428571428571428,0.15014005602240896,0.09579831932773109,0.0722689075630252,0.253781512605042
natural,0.09119300437226734,0.1599000624609619,0.06995627732667083,0.11336664584634604,0.15396627108057465,0.09494066208619613,0.08151155527795129,0.23516552154903186
occupation,0.07393715341959335,0.17190388170055454,0.05545286506469501,0.11275415896487985,0.14417744916820702,0.06839186691312384,0.09611829944547134,0.27726432532347506
civil,0.11904761904761905,0.1388888888888889,0.0734126984126984,0.15873015873015875,0.10515873015873016,0.09623015873015874,0.07043650793650794,0.2380952380952381
law,0.09604395604395605,0.10549450549450551,0.0610989010989011,0.1142857142857143,0.10505494505494506,0.07934065934065936,0.050329670329670326,0.38835164835164837
bases,0.07142857142857142,0.14285714285714285,0.07142857142857142,0.10714285714285714,0.14285714285714285,0.05357142857142857,0.08928571428571429,0.3214285714285714
1,0.08800000000000002,0.17200000000000001,0.062000000000000006,0.12200000000000001,0.12200000000000001,0.11800000000000001,0.078,0.23800000000000002
2,0.07534246575342467,0.1643835616438356,0.04794520547945206,0.1267123287671233,0.10616438356164384,0.1643835616438356,0.0821917808219178,0.23287671232876714
3,0.028000000000000004,0.256,0.024,0.064,0.156,0.06000000000000001,0.07600000000000001,0.3360000000000001
foundation,0.10565240359218171,0.16323296354992076,0.042789223454833596,0.054410987849973586,0.09667194928684626,0.11780243000528262,0.022187004754358162,0.3972530375066033
sanction,0.0725552050473186,0.14826498422712933,0.056782334384858045,0.08517350157728706,0.14826498422712933,0.07886435331230283,0.06940063091482651,0.34069400630914826
labor,0.05300859598853869,0.1900668576886342,0.034861509073543455,0.06709646609360076,0.19293218720152816,0.055396370582617004,0.14708691499522444,0.2595510983763133
cause,0.10717372515125326,0.15903197925669837,0.06503889369057908,0.13202247191011238,0.1296456352636128,0.11214347450302507,0.06439066551426104,0.23055315471045812
domain,0.0734126984126984,0.25396825396825395,0.05753968253968254,0.10119047619047619,0.10515873015873016,0.06349206349206349,0.05952380952380953,0.2857142857142857
land,0.10428931875525652,0.1576955424726661,0.08410428931875526,0.13793103448275862,0.13372582001682087,0.09798149705634987,0.06265769554247268,0.2216148023549201
appropriated,0.08661417322834647,0.1811023622047244,0.06299212598425197,0.07874015748031496,0.14960629921259844,0.07874015748031496,0.07086614173228346,0.29133858267716534
universal,0.07897793263646923,0.1672473867595819,0.05574912891986063,0.11498257839721256,0.14518002322880375,0.09988385598141697,0.05807200929152149,0.2799070847851336
consent,0.06539509536784742,0.1689373297002725,0.055858310626703,0.12942779291553136,0.16212534059945505,0.07765667574931881,0.0572207084468665,0.28337874659400547
prescription,0.1274787535410765,0.1274787535410765,0.08498583569405099,0.13597733711048157,0.10481586402266288,0.1274787535410765,0.059490084985835696,0.23229461756373937
gives,0.08661417322834646,0.16360454943132108,0.07611548556430446,0.10148731408573929,0.17497812773403323,0.0778652668416448,0.07174103237095363,0.24759405074365703
inherent,0.05494505494505495,0.13186813186813187,0.021978021978021976,0.0879120879120879,0.2197802197802198,0.1098901098901099,0.0879120879120879,0.2857142857142857
power,0.09958662157083802,0.15933859451334084,0.06726794438181134,0.14280345734686206,0.14111236377301764,0.09263434798947763,0.06350995866215708,0.23374671176249529
appropriate,0.10018552875695734,0.15398886827458255,0.07421150278293136,0.11317254174397032,0.150278293135436,0.07235621521335807,0.09090909090909091,0.24489795918367346
wealth,0.07665903890160183,0.12242562929061784,0.06178489702517162,0.09668192219679633,0.2231121281464531,0.07951945080091533,0.06350114416475973,0.2763157894736842
leads,0.08172362555720654,0.15750371471025262,0.056463595839524525,0.09806835066864784,0.16641901931649333,0.10252600297176821,0.07578008915304607,0.261515601783061
equality,0.07309941520467836,0.10292397660818714,0.03742690058479532,0.08976608187134504,0.23304093567251463,0.07222222222222222,0.0608187134502924,0.33070175438596494
society,0.09122157588577473,0.1414595452141724,0.05367530407191962,0.11158117398202008,0.16393442622950818,0.09862506610259121,0.07879428873611846,0.2607086197778953
wages,0.07971864009378662,0.14419695193434934,0.041031652989449,0.08440797186400938,0.2626025791324736,0.09144196951934348,0.07502930832356389,0.2215709261430246
equal,0.0948733058338244,0.16322922804949913,0.05715969357690042,0.11903358868591632,0.15851502651738364,0.08426635238656453,0.06069534472598704,0.26222746022392457
inequality,0.1956521739130435,0.07608695652173914,0.04264214046822743,0.1939799331103679,0.1020066889632107,0.18394648829431437,0.04013377926421405,0.16555183946488294
powers,0.08411214953271028,0.18248893261190358,0.04033448106246926,0.12149532710280374,0.15986227250368915,0.07525823905558289,0.06443679291687161,0.2720118052139695
necessary,0.09391352244560726,0.1776370145965299,0.055356651060313955,0.13164417515835858,0.14100798678050122,0.0952905535665106,0.06830074359680528,0.23684935279537317
condition,0.10489202291758483,0.1375055090348171,0.0868223887174967,0.13397972675187308,0.13045394446892902,0.11018069634200088,0.06875275451740855,0.22741295724988983
fortunes,0.11094224924012157,0.14285714285714285,0.057750759878419454,0.1458966565349544,0.1519756838905775,0.11398176291793313,0.06382978723404255,0.2127659574468085
justice,0.0904550499445061,0.1190344062153163,0.060210876803551604,0.12375138734739179,0.11986681465038845,0.08351831298557158,0.05105438401775804,0.3521087680355161
destroys,0.06435643564356436,0.15841584158415842,0.06435643564356436,0.09405940594059407,0.20297029702970298,0.05940594059405941,0.08910891089108912,0.26732673267326734
impossible,0.0976127320954907,0.1389920424403183,0.05888594164456233,0.11352785145888594,0.11618037135278514,0.22546419098143233,0.05994694960212201,0.18938992042440317
demonstration,0.10152284263959391,0.1979695431472081,0.06091370558375634,0.13705583756345177,0.1116751269035533,0.06091370558375634,0.04060913705583756,0.2893401015228426
axiom,0.09174311926605504,0.08256880733944953,0.03669724770642201,0.14678899082568805,0.07339449541284403,0.08256880733944953,0.05504587155963302,0.4311926605504587
increase,0.0932420872540633,0.15397775876817793,0.0658682634730539,0.13601368691189053,0.14371257485029942,0.12147134302822926,0.06843455945252352,0.2172797262617622
proprietor,0.0851063829787234,0.156838905775076,0.06869300911854104,0.11793313069908816,0.15197568389057753,0.1027355623100304,0.07234042553191489,0.24437689969604862
thing,0.09132559560171043,0.1696701282834453,0.06673793524740378,0.11820403176542454,0.1539401343921808,0.09407452657299938,0.07208307880268783,0.2339645693341478
proposition,0.1442953020134228,0.1442953020134228,0.05369127516778523,0.11073825503355703,0.12751677852348992,0.1040268456375839,0.08053691275167785,0.23489932885906037
demands,0.09150326797385622,0.1503267973856209,0.058823529411764705,0.1045751633986928,0.16339869281045752,0.1111111111111111,0.0784313725490196,0.2418300653594771
something,0.09551374819102748,0.16034732272069463,0.0703328509406657,0.13285094066570188,0.14587554269175107,0.10014471780028943,0.07756874095513748,0.21736613603473226
nothing,0.09990241522322517,0.15589168089777994,0.06916321053915589,0.12429860941693097,0.1422298121493047,0.10441571114906074,0.0734325445230544,0.23066601610148815
second,0.0910155106818847,0.18554287386596427,0.0687737781679836,0.13842551946151593,0.13110916008194323,0.0913081650570676,0.06438396254023997,0.22944103014340064
wherever,0.10300429184549356,0.1459227467811159,0.07081545064377683,0.1351931330472103,0.14377682403433475,0.10944206008583691,0.04291845493562232,0.24892703862660945
exists,0.09154929577464789,0.14084507042253522,0.07511737089201878,0.12206572769953053,0.12441314553990612,0.11267605633802817,0.06338028169014086,0.26995305164319255
production,0.06037000973709835,0.3076923076923077,0.035053554040895815,0.06621226874391431,0.13729308666017526,0.07789678675754626,0.07010710808179163,0.2453748782862707
costs,0.11574074074074074,0.17592592592592593,0.06481481481481481,0.06018518518518518,0.1111111111111111,0.14351851851851852,0.041666666666666664,0.28703703703703703
worth,0.08925143953934742,0.1746641074856046,0.05182341650671785,0.08637236084452976,0.17562380038387715,0.08829174664107485,0.10748560460652593,0.22648752399232247
third,0.09560117302052785,0.16539589442815247,0.052785923753665684,0.13196480938416422,0.130791788856305,0.09677419354838708,0.0656891495601173,0.26099706744868034
given,0.08496258749698288,0.16847694907072172,0.06565290852039585,0.11006517016654598,0.147236302196476,0.09823799179338644,0.07385952208544533,0.25150856867004584
capital,0.09788166544923302,0.15924032140248356,0.0620891161431702,0.10518626734842951,0.1468224981738495,0.09057706355003653,0.08327246165084003,0.25493060628195763
proportional,0.07650273224043715,0.13114754098360654,0.06557377049180327,0.0983606557377049,0.15846994535519124,0.12021857923497267,0.07650273224043715,0.27322404371584696
mother,0.041909762738234144,0.20070011668611434,0.0367561260210035,0.06952547646830026,0.20682613768961494,0.1544146246596655,0.04453520031116297,0.2453325554259043
tyranny,0.12062937062937064,0.09790209790209792,0.09090909090909091,0.23076923076923078,0.09090909090909091,0.18706293706293708,0.03146853146853147,0.15034965034965037
consuming,0.15306122448979592,0.11224489795918367,0.11224489795918367,0.2346938775510204,0.03061224489795918,0.25510204081632654,0.03061224489795918,0.07142857142857142
receipts,0.09999999999999999,0.19999999999999998,0.06666666666666667,0.08333333333333333,0.15,0.18333333333333335,0.08333333333333333,0.13333333333333333
loses,0.1417910447761194,0.12686567164179105,0.022388059701492536,0.16417910447761194,0.11940298507462685,0.0746268656716418,0.059701492537313425,0.29104477611940294
using,0.1273148148148148,0.16203703703703703,0.1087962962962963,0.08564814814814814,0.1273148148148148,0.0787037037037037,0.032407407407407406,0.2777777777777778
turns,0.08403361344537816,0.15546218487394958,0.07142857142857142,0.10504201680672269,0.1512605042016807,0.1092436974789916,0.07142857142857142,0.2521008403361345
accumulation,0.10169491525423728,0.17796610169491528,0.06779661016949153,0.1610169491525424,0.10169491525423728,0.1440677966101695,0.06779661016949153,0.17796610169491528
infinite,0.1069767441860465,0.12093023255813953,0.06511627906976744,0.10232558139534885,0.1627906976744186,0.09302325581395349,0.06511627906976744,0.2837209302325581
exercised,0.09736842105263158,0.15789473684210528,0.06315789473684211,0.14210526315789473,0.12105263157894736,0.08421052631578947,0.05,0.28421052631578947
finite,0.08823529411764705,0.1323529411764706,0.058823529411764705,0.044117647058823525,0.1764705882352941,0.08823529411764705,0.07352941176470588,0.338235294117647
powerless,0.16,0.065,0.14500000000000002,0.17500000000000002,0.08,0.17500000000000002,0.045,0.15500000000000003
negation,0.32530120481927716,0.06024096385542169,0.04819277108433735,0.10843373493975905,0.08433734939759037,0.1566265060240964,0.04819277108433735,0.16867469879518074
v.,0.10069444444444445,0.13541666666666666,0.0625,0.1423611111111111,0.14583333333333334,0.09375,0.07291666666666667,0.2465277777777778
psychological,0.12903225806451613,0.06451612903225806,0.03225806451612903,0.12903225806451613,0.03225806451612903,0.09677419354838708,0.0,0.5161290322580645
exposition,0.05035971223021582,0.16546762589928055,0.05755395683453236,0.10071942446043164,0.16546762589928055,0.0935251798561151,0.07913669064748201,0.28776978417266186
part,0.09536820192557897,0.16224303929221962,0.06505334374186833,0.12997658079625293,0.14142596929482174,0.1004423627374447,0.07051782461618528,0.2349726775956284
moral,0.17312814442142646,0.12488902042024266,0.052678307191476766,0.08256880733944953,0.11926605504587155,0.06925125776857058,0.06510802012429712,0.3131103876886653
sense,0.1040536227258219,0.15161187360357486,0.05713373763166295,0.11458665815512288,0.13565272901372488,0.09894669645706991,0.06894350462815194,0.2690711777848708
man,0.09461627596042427,0.15054817719939387,0.07411534004813262,0.12674926464034228,0.15014707193154467,0.10361886086103929,0.07656653890721098,0.2236384704519119
animals,0.08405797101449275,0.10144927536231883,0.057971014492753624,0.14202898550724638,0.16231884057971013,0.11594202898550725,0.05217391304347826,0.28405797101449276
degrees,0.0925373134328358,0.15223880597014924,0.06865671641791044,0.08656716417910447,0.1582089552238806,0.10149253731343282,0.07761194029850745,0.2626865671641791
sociability,0.1,0.02857142857142857,0.04285714285714286,0.1285714285714286,0.17142857142857143,0.1,0.04285714285714286,0.38571428571428573
degree,0.08092983211364614,0.17348256564786912,0.055101162290142044,0.11838140335772707,0.16272061988807573,0.09470512268618164,0.07576409814894533,0.23891519586741278
causes,0.11176470588235295,0.14558823529411766,0.07352941176470588,0.12941176470588237,0.1264705882352941,0.1264705882352941,0.06323529411764706,0.2235294117647059
origin,0.060903732809430254,0.1453831041257367,0.06483300589390963,0.09823182711198428,0.15324165029469547,0.08447937131630648,0.06483300589390963,0.32809430255402755
communism,0.20945945945945946,0.0563063063063063,0.04279279279279279,0.2027027027027027,0.08558558558558559,0.19144144144144143,0.038288288288288286,0.1734234234234234
form,0.08145580589254765,0.170421721548238,0.04968226458694396,0.11900635470826111,0.14962449451184287,0.08232235701906412,0.06354708261120738,0.28393991912189487
conclusion,0.0970873786407767,0.17718446601941745,0.0691747572815534,0.13106796116504854,0.1395631067961165,0.08009708737864077,0.07402912621359223,0.23179611650485435
letter,0.0655226209048362,0.30811232449297965,0.05148205928237129,0.08580343213728547,0.11856474258970358,0.07527301092043681,0.05304212168486739,0.24219968798751948
m.,0.10439786272092065,0.14180024660912452,0.06288532675709001,0.11755034936292641,0.12823674475955607,0.08877928483353884,0.06822852445540484,0.2881216605014385
blanqui,0.07865168539325842,0.1348314606741573,0.07865168539325842,0.07865168539325842,0.10112359550561797,0.0898876404494382,0.0449438202247191,0.3932584269662921
correspondence,0.09621993127147768,0.2680412371134021,0.06872852233676978,0.12371134020618559,0.08591065292096221,0.10309278350515466,0.04467353951890035,0.2096219931271478
volumes,0.07352941176470588,0.13970588235294118,0.07352941176470588,0.1323529411764706,0.1323529411764706,0.09558823529411764,0.08088235294117647,0.2720588235294117
publish,0.057142857142857134,0.22857142857142854,0.057142857142857134,0.22857142857142854,0.028571428571428567,0.14285714285714285,0.0857142857142857,0.1714285714285714
to-day,0.0855263157894737,0.16447368421052633,0.0723684210526316,0.11019736842105265,0.13322368421052633,0.10526315789473685,0.07401315789473685,0.2549342105263158
collected,0.10984848484848486,0.16666666666666669,0.06439393939393939,0.125,0.12121212121212122,0.10227272727272728,0.08712121212121211,0.22348484848484848
since,0.09396267837541164,0.170801317233809,0.07069154774972558,0.12447859495060373,0.13699231613611415,0.10933040614709112,0.07047200878155872,0.22327113062568607
death,0.1366424986056888,0.15136642498605687,0.11924149470161739,0.16564417177914112,0.06581148912437257,0.14935861684327942,0.10775237032905745,0.10418293363078639
faithful,0.05271828665568369,0.171334431630972,0.04503020318506316,0.10433827567270731,0.14936847885777046,0.07358594179022517,0.05930807248764416,0.34431630971993415
intelligent,0.06741573033707865,0.14606741573033707,0.03932584269662921,0.0898876404494382,0.1292134831460674,0.05056179775280899,0.06741573033707865,0.41011235955056174
labors,0.07692307692307691,0.1875,0.0625,0.11057692307692307,0.1346153846153846,0.12980769230769232,0.07211538461538462,0.22596153846153846
daughter,0.059736594543744116,0.15145813734713076,0.053151458137347125,0.09125117591721543,0.2704609595484478,0.08795860771401694,0.06114769520225776,0.22483537158984007
aided,0.0967741935483871,0.15412186379928314,0.07885304659498209,0.14695340501792115,0.13620071684587814,0.1003584229390681,0.04301075268817204,0.24372759856630824
friends,0.08346333853354133,0.16770670826833073,0.05798231929277171,0.11622464898595943,0.15730629225169007,0.09568382735309411,0.07722308892355693,0.24440977639105563
incomplete,0.1212121212121212,0.15151515151515152,0.10606060606060605,0.0909090909090909,0.10606060606060605,0.15151515151515152,0.0606060606060606,0.2121212121212121
submitted,0.1411042944785276,0.11042944785276074,0.09202453987730062,0.15337423312883436,0.11656441717791412,0.13496932515337426,0.030674846625766874,0.22085889570552147
sainte,0.03333333333333333,0.24444444444444446,0.03333333333333333,0.08888888888888888,0.16666666666666669,0.07777777777777778,0.13333333333333333,0.22222222222222224
beuve,0.04,0.28,0.04,0.08,0.14,0.06,0.14,0.22000000000000003
portion,0.07049345417925477,0.17019133937562939,0.0634441087613293,0.12286002014098689,0.1389728096676737,0.10171198388721046,0.07049345417925477,0.2618328298086606
illustrious,0.07816091954022988,0.1632183908045977,0.06436781609195402,0.11724137931034483,0.16781609195402297,0.08045977011494253,0.07126436781609195,0.2574712643678161
became,0.10643185298621746,0.14318529862174578,0.07771822358346095,0.13514548238897395,0.13437978560490046,0.10949464012251149,0.0723583460949464,0.22128637059724351
acquainted,0.08392603129445234,0.17923186344238975,0.058321479374110946,0.12375533428165006,0.14366998577524892,0.08392603129445234,0.08534850640113797,0.24182076813655762
sufficient,0.09458483754512635,0.16389891696750902,0.0555956678700361,0.12202166064981951,0.1444043321299639,0.08086642599277978,0.0736462093862816,0.26498194945848375
allow,0.08279845956354301,0.18035943517329908,0.06675224646983312,0.1238767650834403,0.14249037227214378,0.10205391527599487,0.07124518613607189,0.23042362002567393
estimate,0.11111111111111112,0.15789473684210525,0.06432748538011697,0.13450292397660818,0.10526315789473684,0.14619883040935672,0.05263157894736842,0.22807017543859648
whole,0.09655082309903319,0.160308335510844,0.07303370786516854,0.13091194146851318,0.13457015939378103,0.1058270185523909,0.06597857329500915,0.23281944081526
judgment,0.0849557522123894,0.14041297935103245,0.06312684365781712,0.11563421828908556,0.1191740412979351,0.08672566371681416,0.15103244837758112,0.23893805309734514
literary,0.10874200426439232,0.1631130063965885,0.042643923240938165,0.04371002132196162,0.09381663113006397,0.14498933901918976,0.04477611940298507,0.3582089552238806
critic,0.14035087719298245,0.10526315789473684,0.10526315789473684,0.21052631578947367,0.08771929824561404,0.05263157894736842,0.08771929824561404,0.21052631578947367
would,0.09597364370392375,0.16264751154438173,0.06702492506278523,0.12702870567902566,0.14082795495665792,0.10682941319435067,0.07315492425265319,0.2265129216062218
however,0.09276769741886022,0.1693074367492972,0.06606184513161258,0.11806797853309482,0.14119601328903653,0.09493994377715308,0.07475083056478406,0.24290825453616152
readers,0.09917355371900825,0.1790633608815427,0.05785123966942149,0.09917355371900825,0.14600550964187328,0.11570247933884298,0.08539944903581267,0.21763085399449036
interpretation,0.10526315789473685,0.16842105263157894,0.042105263157894736,0.15087719298245614,0.12631578947368421,0.08421052631578947,0.028070175438596492,0.2947368421052632
's,0.08682656917718548,0.16535335819973818,0.06642294296371316,0.12066793468863474,0.152014425808364,0.10552577625176,0.06995528987476225,0.23323370303584218
views,0.08395802098950525,0.1634182908545727,0.05547226386806596,0.11394302848575712,0.1664167916041979,0.08245877061469264,0.06596701649175413,0.26836581709145424
rather,0.10532171333209718,0.15297608010383834,0.07046170962358614,0.1357315038012238,0.13424809938809568,0.10847394770999445,0.06749490079732988,0.22529204524383462
await,0.08823529411764705,0.29411764705882354,0.08823529411764705,0.029411764705882353,0.11764705882352941,0.058823529411764705,0.029411764705882353,0.29411764705882354
publication,0.13513513513513514,0.20270270270270274,0.06756756756756757,0.13513513513513514,0.08108108108108109,0.0945945945945946,0.04054054054054054,0.24324324324324326
writings,0.06185567010309278,0.18298969072164947,0.04123711340206185,0.10824742268041238,0.17268041237113402,0.03608247422680412,0.06185567010309278,0.33505154639175255
opinion,0.1043587594300084,0.16345347862531437,0.06580050293378038,0.1244761106454317,0.12154233025984913,0.0884325230511316,0.07250628667225482,0.2594300083822297
translator,0.10126582278481014,0.16455696202531647,0.06329113924050633,0.08860759493670887,0.1518987341772152,0.10126582278481014,0.0379746835443038,0.2911392405063291
important,0.06803455723542116,0.16090712742980562,0.04481641468682505,0.09233261339092871,0.12958963282937364,0.0712742980561555,0.06587473002159826,0.367170626349892
work,0.11259592484784334,0.18298491664461494,0.0502778512834083,0.09023551204022227,0.13508864779042074,0.08481079650701244,0.059936491135220954,0.2840698597512569
certainly,0.07874354561101549,0.16566265060240964,0.06712564543889844,0.10843373493975904,0.14931153184165233,0.0946643717728055,0.08304647160068845,0.25301204819277107
forgotten,0.07887049659201557,0.1353456669912366,0.04771178188899708,0.20253164556962025,0.10905550146056475,0.1947419668938656,0.052580331061343716,0.17916260954235635
although,0.08669243511871894,0.17752622860298176,0.055770292655991156,0.11540585311982329,0.15875207067918276,0.09663169519602428,0.07316399779127553,0.2360574268360022
finish,0.10526315789473684,0.1871345029239766,0.04093567251461988,0.11111111111111112,0.13450292397660818,0.10526315789473684,0.11111111111111112,0.2046783625730994
thus,0.09033149171270718,0.16781767955801105,0.06464088397790055,0.13204419889502764,0.14337016574585634,0.10414364640883977,0.06464088397790055,0.2330110497237569
judges,0.12328767123287672,0.13698630136986303,0.09132420091324202,0.13698630136986303,0.11415525114155252,0.09589041095890412,0.0730593607305936,0.22831050228310504
great,0.08496222568653317,0.1713035136107447,0.06091857536874925,0.11434224727185514,0.1558340328576568,0.09467562057800696,0.08484230723108287,0.23312147739537115
publicist,0.0909090909090909,0.1590909090909091,0.04545454545454545,0.0909090909090909,0.11363636363636363,0.06818181818181818,0.06818181818181818,0.3636363636363636
letters,0.0921619293712317,0.1808785529715762,0.06287683031869078,0.103359173126615,0.1335055986218777,0.10852713178294573,0.06029285099052541,0.2583979328165375
even,0.09303362768709304,0.1660868789581661,0.06841494960306843,0.12282579609312284,0.1471768798501472,0.10766211756310767,0.07233966639907236,0.22246008384622246
outside,0.10708898944193064,0.14479638009049775,0.07390648567119157,0.11312217194570139,0.138763197586727,0.11463046757164407,0.0693815987933635,0.23831070889894423
circle,0.09022556390977443,0.16541353383458648,0.07518796992481204,0.11278195488721805,0.15789473684210528,0.07518796992481204,0.09022556390977443,0.23308270676691734
particular,0.08465368945224085,0.17790855590765053,0.057944771389769126,0.11407876867360797,0.1453146220009054,0.08601177003168856,0.0647351742870077,0.26935264825712996
always,0.08723247232472325,0.16546125461254613,0.06420664206642067,0.12206642066420663,0.15571955719557196,0.09638376383763837,0.07630996309963099,0.23261992619926197
value,0.09207984546039924,0.16677398583386996,0.0592401802962009,0.09336767546683838,0.14810045074050227,0.0746941403734707,0.07726980038634901,0.2884739214423696
learn,0.05834305717619603,0.20070011668611434,0.04784130688448074,0.09918319719953325,0.17269544924154023,0.09218203033838973,0.09801633605600933,0.23103850641773627
proper,0.09716599190283401,0.17105263157894737,0.0597165991902834,0.1229757085020243,0.13360323886639677,0.09564777327935223,0.0652834008097166,0.25455465587044535
place,0.09042780292033131,0.16198445905558875,0.06609170864998719,0.13261036632226111,0.14601656562206472,0.10511484928699513,0.06865340278370763,0.2291008453590641
determine,0.06944444444444445,0.14351851851851852,0.0462962962962963,0.1388888888888889,0.1388888888888889,0.08796296296296297,0.05092592592592593,0.32407407407407407
general,0.09182109516511078,0.14198132924620316,0.05294691375226417,0.11829455204124285,0.1136965305838094,0.08401839208582973,0.05336491570293995,0.34387627142259997
character,0.09271037181996085,0.15900195694716243,0.06604696673189824,0.11350293542074363,0.148972602739726,0.09148727984344422,0.07265166340508805,0.25562622309197647
large,0.08956854178044783,0.1687602403058438,0.057072637902785356,0.11059530311305298,0.15483342435827416,0.09803386127799016,0.07536865101037685,0.24576734025122882
especially,0.0859073359073359,0.17326254826254825,0.06322393822393822,0.12258687258687258,0.15202702702702703,0.08928571428571429,0.08156370656370657,0.23214285714285712
celebrated,0.054964539007092195,0.23670212765957446,0.05319148936170213,0.08687943262411348,0.2304964539007092,0.05407801418439716,0.06294326241134751,0.22074468085106383
tell,0.09295701708959087,0.161315380631797,0.0683583635422061,0.12584153288451577,0.14966338684619368,0.10357327809425167,0.07327809425168305,0.22501294665976176
truth,0.07851727042965459,0.14456613310867733,0.05492839090143218,0.10665543386689132,0.13546756529064868,0.07986520640269587,0.053243470935130585,0.3467565290648694
future,0.07358916478555305,0.18690744920993227,0.053273137697516924,0.10880361173814898,0.16117381489841986,0.09525959367945823,0.07810383747178329,0.24288939051918737
principal,0.0921985815602837,0.1418439716312057,0.06914893617021277,0.10992907801418442,0.0921985815602837,0.08687943262411349,0.053191489361702135,0.35460992907801425
vital,0.10810810810810811,0.16216216216216217,0.08108108108108109,0.08108108108108109,0.21621621621621623,0.02702702702702703,0.05405405405405406,0.2702702702702703
books,0.07106076210092688,0.17404737384140062,0.05870236869207003,0.11122554067971165,0.15859938208032956,0.10607621009268796,0.07209062821833162,0.24819773429454173
rate,0.09043927648578812,0.13695090439276486,0.059431524547803614,0.10594315245478035,0.12919896640826872,0.09560723514211886,0.09043927648578812,0.29198966408268734
well,0.08613659531090724,0.1625042473666327,0.06379544682296975,0.12393815834182807,0.15188583078491336,0.10151206252123683,0.07152565409446143,0.23870200475705064
understood,0.08591065292096221,0.1701030927835052,0.05240549828178695,0.1202749140893471,0.13230240549828182,0.08848797250859108,0.08075601374570449,0.26975945017182135
aid,0.07196969696969698,0.1734848484848485,0.050757575757575765,0.12651515151515152,0.1628787878787879,0.0984848484848485,0.06893939393939394,0.24696969696969698
continual,0.09090909090909091,0.1616161616161616,0.0707070707070707,0.10606060606060606,0.17676767676767677,0.09090909090909091,0.0606060606060606,0.2424242424242424
makes,0.10336538461538461,0.15264423076923075,0.0751201923076923,0.13341346153846154,0.1376201923076923,0.109375,0.06850961538461538,0.21995192307692307
doubt,0.055080721747388414,0.1190883190883191,0.046153846153846156,0.18195631528964862,0.10484330484330484,0.16486229819563153,0.05698005698005698,0.2710351377018044
define,0.06837606837606837,0.1623931623931624,0.034188034188034185,0.15384615384615385,0.1623931623931624,0.10256410256410256,0.034188034188034185,0.28205128205128205
clearly,0.09183673469387754,0.18877551020408162,0.06632653061224489,0.10331632653061223,0.13137755102040816,0.08290816326530612,0.06122448979591836,0.274234693877551
position,0.10149253731343283,0.14626865671641792,0.06716417910447761,0.15298507462686567,0.1291044776119403,0.11194029850746269,0.06940298507462687,0.22164179104477613
among,0.08593857595372537,0.16030849745214157,0.06748381765597025,0.11665059909103428,0.16099710783638616,0.10081256025340861,0.07285497865307808,0.2349538631042556
people,0.09976842917792357,0.1522578155152451,0.07342724816673099,0.12572365881898878,0.14492473948282514,0.09610189116171362,0.07429563874951756,0.2335005789270552
many,0.08950201884253028,0.16470390309555855,0.063257065948856,0.12256056527590847,0.15099259757738898,0.10767160161507403,0.06889300134589502,0.23241924629878868
methods,0.04663212435233161,0.2538860103626943,0.015544041450777202,0.07772020725388602,0.16580310880829016,0.06217616580310881,0.07253886010362695,0.305699481865285
questions,0.08995327102803738,0.19042056074766353,0.04789719626168224,0.10864485981308411,0.1425233644859813,0.08878504672897196,0.05607476635514018,0.2757009345794392
reply,0.11330472103004292,0.16652360515021464,0.07124463519313305,0.10987124463519314,0.13476394849785409,0.10214592274678112,0.07467811158798283,0.2274678111587983
greatest,0.0867486338797814,0.15915300546448086,0.06830601092896174,0.11748633879781419,0.1605191256830601,0.08948087431693988,0.07991803278688524,0.2383879781420765
haste,0.1013215859030837,0.3436123348017621,0.07488986784140969,0.1145374449339207,0.09251101321585904,0.06167400881057269,0.06167400881057269,0.14977973568281938
solely,0.09027777777777778,0.16319444444444445,0.05555555555555555,0.10416666666666667,0.14583333333333334,0.06944444444444445,0.09722222222222222,0.2743055555555556
return,0.09873417721518989,0.17721518987341775,0.07160940325497289,0.125497287522604,0.13236889692585896,0.10379746835443039,0.07016274864376132,0.22061482820976494
less,0.09993818256748403,0.1631980218421595,0.06573253657531425,0.1277560271996703,0.14341644343704926,0.09828971770039152,0.07850813929528128,0.22316093138264992
kind,0.06919155134741443,0.12876911871813548,0.0473415877640204,0.08841951930080116,0.23554260742898764,0.07793153678077204,0.05928623452294247,0.29351784413692644
though,0.0984854250704011,0.16325443336631407,0.06986833092320573,0.1275591749752645,0.14247659639241952,0.11096734911332676,0.07177106324682245,0.215617626912246
coming,0.08101851851851852,0.2701719576719577,0.061177248677248684,0.12136243386243387,0.12268518518518519,0.10284391534391535,0.06018518518518518,0.18055555555555555
insignificant,0.12871287128712872,0.16831683168316833,0.039603960396039604,0.09900990099009901,0.17821782178217824,0.11881188118811882,0.09900990099009901,0.16831683168316833
unworthy,0.09480812641083522,0.13318284424379231,0.16027088036117382,0.1038374717832957,0.14221218961625282,0.10158013544018059,0.05417607223476298,0.20993227990970656
write,0.07861635220125787,0.17714884696016772,0.08805031446540881,0.09119496855345911,0.1331236897274633,0.09643605870020963,0.059748427672955975,0.27568134171907754
performance,0.0727699530516432,0.15258215962441316,0.056338028169014086,0.107981220657277,0.16666666666666669,0.10328638497652584,0.09859154929577467,0.24178403755868547
duty,0.0821501014198783,0.15821501014198786,0.05544286680189318,0.12440838404327248,0.1352265043948614,0.09263015551048007,0.06288032454361056,0.2890466531440163
side,0.10755813953488372,0.15026833631484796,0.07021466905187836,0.13729874776386405,0.1404293381037567,0.11270125223613596,0.07155635062611808,0.2099731663685152
point,0.09625375991249659,0.17035821711785618,0.06508066721356302,0.1246923707957342,0.13480995351380912,0.09953513809133167,0.07000273448181568,0.23926715887339348
put,0.09870818151705864,0.16313348790990392,0.06773766147731036,0.14309373964889036,0.12885061278569063,0.10781715799933751,0.07403113613779397,0.21662802252401459
manner,0.09178356713426852,0.16372745490981963,0.06432865731462925,0.1314629258517034,0.14268537074148296,0.10080160320641282,0.07414829659318638,0.23106212424849698
wholly,0.09411764705882353,0.17352941176470588,0.06470588235294118,0.1411764705882353,0.12941176470588237,0.12058823529411763,0.0911764705882353,0.18529411764705883
external,0.11278195488721804,0.15413533834586465,0.06766917293233082,0.13909774436090225,0.13157894736842105,0.10526315789473684,0.045112781954887216,0.24436090225563908
devoted,0.09318996415770608,0.15770609318996415,0.06810035842293906,0.1218637992831541,0.14336917562724014,0.1146953405017921,0.06272401433691756,0.2383512544802867
praise,0.0380693405846363,0.15703602991162474,0.028552005438477225,0.07070020394289599,0.2773623385452073,0.05234534330387491,0.051665533650577834,0.32426920462270564
like,0.10238299557726584,0.15169318106805732,0.08132550003300548,0.13822694567298172,0.1384249785464387,0.12007393227275728,0.07201795498052678,0.19585451184896693
gold,0.090625,0.165,0.06874999999999999,0.119375,0.155625,0.096875,0.075625,0.22812500000000002
without,0.10154369069536893,0.15883019402350942,0.06472171080583487,0.13192182410423453,0.13524996459425012,0.10657130718028608,0.07095312278714062,0.23020818580937544
also,0.07790868924889544,0.17098674521354934,0.062297496318114876,0.12076583210603829,0.15625920471281296,0.08483063328424154,0.06332842415316642,0.26362297496318116
every,0.09482758620689655,0.16614942528735632,0.06327586206896552,0.127183908045977,0.1535632183908046,0.09551724137931034,0.07011494252873562,0.229367816091954
word,0.06880278191753603,0.14580228514654747,0.0527819175360159,0.10618479880774964,0.13052657724788874,0.0737704918032787,0.0535270740188773,0.3686040735221064
formally,0.12121212121212122,0.12121212121212122,0.09090909090909091,0.09090909090909091,0.15151515151515152,0.030303030303030304,0.12121212121212122,0.27272727272727276
view,0.08370044052863435,0.17960013554727208,0.05862419518807183,0.10233819044391732,0.1626567265333785,0.08370044052863435,0.068790240596408,0.26058963063368346
fine,0.08188375053033516,0.16164616037335597,0.06236741620704284,0.09843020789138734,0.17734408145948238,0.10224862112855324,0.08527789563003817,0.2308018667798048
