,anger,anticipation,disgust,fear,joy,sadness,surprise,trust
project,0.11040787623066105,0.20393811533052042,0.03727144866385373,0.0569620253164557,0.10196905766526021,0.0710267229254571,0.035864978902953586,0.3825597749648383
gutenberg,0.06824925816023737,0.27893175074183973,0.029673590504451036,0.029673590504451036,0.09198813056379822,0.08011869436201781,0.03857566765578635,0.3827893175074184
ebook,0.10714285714285714,0.21428571428571427,0.03061224489795918,0.04591836734693877,0.03571428571428571,0.1377551020408163,0.02551020408163265,0.4030612244897959
's,0.09027777777777778,0.16918103448275862,0.07064176245210728,0.14631226053639845,0.100933908045977,0.11422413793103449,0.06297892720306514,0.24545019157088122
world,0.07982350581628558,0.17609306056959484,0.04612916165262736,0.13678299237866026,0.11953469715202567,0.07862013638186924,0.061371841155234655,0.3016446048937024
first,0.07642180094786731,0.1830568720379147,0.07049763033175356,0.14751184834123224,0.10604265402843602,0.10485781990521327,0.07345971563981044,0.23815165876777256
without,0.08738461538461538,0.16123076923076923,0.07446153846153845,0.144,0.11630769230769229,0.12738461538461537,0.05661538461538461,0.23261538461538458
read,0.084472049689441,0.1826086956521739,0.055900621118012424,0.11304347826086956,0.12919254658385093,0.10310559006211181,0.06832298136645963,0.26335403726708073
legal,0.09055118110236222,0.11942257217847771,0.03280839895013124,0.1351706036745407,0.05249343832020998,0.07611548556430447,0.03674540682414699,0.4566929133858268
may,0.11283497884344146,0.15021156558533144,0.10296191819464033,0.11565585331452749,0.10366713681241184,0.1382228490832158,0.052186177715091674,0.2242595204513399
used,0.08592321755027423,0.19926873857404023,0.045094454600853144,0.13589274832419257,0.11212675198049969,0.07739183424741011,0.061547836684948204,0.28275441803778184
make,0.09817073170731708,0.17378048780487804,0.0725609756097561,0.13414634146341464,0.1103658536585366,0.11158536585365854,0.06463414634146342,0.2347560975609756
plain,0.06578947368421052,0.21052631578947367,0.02631578947368421,0.07894736842105263,0.05263157894736842,0.09210526315789472,0.013157894736842105,0.4605263157894737
ebooks,0.0,0.5,0.0,0.026315789473684213,0.07894736842105263,0.0,0.026315789473684213,0.3684210526315789
readable,0.060606060606060615,0.24242424242424246,0.0,0.060606060606060615,0.030303030303030307,0.060606060606060615,0.0,0.5454545454545455
author,0.04347826086956522,0.21343873517786563,0.023715415019762844,0.06719367588932806,0.04743083003952569,0.05533596837944663,0.04347826086956522,0.5059288537549407
language,0.08212318477716575,0.1785177766649975,0.04031046569854783,0.10365548322483725,0.10766149223835754,0.07386079118678017,0.06584877315973961,0.3480220330495744
'wuthering,0.09374999999999999,0.234375,0.078125,0.125,0.04687499999999999,0.10937499999999999,0.078125,0.234375
heights,0.10344827586206896,0.22413793103448276,0.06896551724137931,0.12068965517241378,0.05172413793103448,0.12068965517241378,0.08620689655172414,0.22413793103448276
notice,0.08846153846153845,0.18076923076923077,0.04230769230769231,0.09615384615384616,0.08076923076923077,0.16153846153846155,0.06153846153846154,0.28846153846153844
ellis,0.0625,0.234375,0.04687499999999999,0.125,0.125,0.125,0.04687499999999999,0.234375
acton,0.060606060606060615,0.393939393939394,0.09090909090909091,0.030303030303030307,0.09090909090909091,0.0,0.030303030303030307,0.30303030303030304
bell,0.08108108108108107,0.18918918918918917,0.05405405405405406,0.13513513513513511,0.12162162162162161,0.13513513513513511,0.05405405405405406,0.22972972972972971
names,0.09387755102040815,0.2122448979591837,0.04081632653061224,0.09795918367346938,0.11428571428571428,0.04489795918367347,0.07755102040816327,0.3183673469387755
currer,0.1142857142857143,0.19999999999999998,0.08571428571428572,0.08571428571428572,0.1142857142857143,0.05714285714285715,0.05714285714285715,0.2857142857142857
production,0.07614213197969544,0.39847715736040606,0.025380710659898477,0.09898477157360407,0.08629441624365482,0.04314720812182741,0.030456852791878174,0.24111675126903553
one,0.07953216374269005,0.17641325536062377,0.0594541910331384,0.12943469785575049,0.1192982456140351,0.10721247563352826,0.0668615984405458,0.26179337231968813
grey,0.13333333333333333,0.06666666666666667,0.09999999999999999,0.16666666666666666,0.09999999999999999,0.19999999999999998,0.03333333333333333,0.19999999999999998
case,0.08366308648954213,0.11079706048615039,0.04183154324477106,0.2962125494629735,0.04465799886941776,0.2566421707179197,0.02882984737139627,0.1373657433578293
stands,0.10989010989010987,0.1758241758241758,0.10989010989010987,0.13186813186813184,0.0769230769230769,0.1868131868131868,0.03296703296703296,0.1758241758241758
indeed,0.08231707317073172,0.17682926829268295,0.04878048780487806,0.08231707317073172,0.13414634146341467,0.09451219512195123,0.05182926829268293,0.3292682926829269
time,0.0684322033898305,0.3817796610169491,0.05021186440677966,0.09364406779661018,0.09004237288135593,0.07796610169491525,0.05847457627118644,0.1794491525423729
two,0.09719504240052186,0.1767775603392042,0.06001304631441618,0.1493803000652316,0.116764514024788,0.11415525114155252,0.06523157208088716,0.22048271363339858
little,0.09259259259259259,0.17407407407407408,0.075,0.1462962962962963,0.11018518518518519,0.1277777777777778,0.06944444444444445,0.20462962962962963
found,0.058319039451114926,0.08404802744425387,0.054888507718696404,0.09862778730703259,0.2564322469982847,0.07204116638078903,0.04030874785591767,0.3353344768439108
made,0.07192575406032484,0.16241299303944318,0.07598607888631091,0.117169373549884,0.13167053364269143,0.09628770301624132,0.07250580046403714,0.27204176334106733
life,0.08958020989505247,0.17841079460269865,0.0704647676161919,0.1293103448275862,0.12443778110944528,0.1075712143928036,0.06484257871064468,0.2353823088455772
well,0.08733624454148471,0.17217716781035558,0.06363069245165315,0.12164691203992513,0.12289457267623205,0.10792264504054896,0.06300686213349968,0.26138490330630065
lay,0.05952380952380952,0.17857142857142858,0.07142857142857142,0.11904761904761904,0.15476190476190477,0.10714285714285714,0.07142857142857142,0.23809523809523808
literary,0.09236947791164658,0.18473895582329317,0.028112449799196786,0.028112449799196786,0.12048192771084339,0.1244979919678715,0.07630522088353414,0.3453815261044177
might,0.09096612296110414,0.16499372647427854,0.06524466750313676,0.14303638644918443,0.12547051442910914,0.1016311166875784,0.07151819322459221,0.23713927227101628
day,0.08420268256333831,0.16616989567809243,0.07973174366616989,0.1482861400894188,0.10134128166915053,0.13561847988077497,0.0774962742175857,0.20715350223546947
course,0.05866666666666667,0.192,0.048,0.12533333333333332,0.10933333333333332,0.10666666666666667,0.05866666666666667,0.30133333333333334
could,0.08818847500795925,0.16491563196434256,0.06876790830945559,0.14899713467048709,0.10824578159821711,0.11684177013689907,0.07035975803884113,0.23368354027379815
like,0.09505334626576141,0.16246362754607177,0.09020368574199807,0.1309408341416101,0.11542192046556742,0.12124151309408342,0.06886517943743937,0.2158098933074685
women,0.08366533864541832,0.18725099601593626,0.07569721115537847,0.10756972111553785,0.1832669322709163,0.0796812749003984,0.07569721115537847,0.20717131474103584
mind,0.08637873754152824,0.1495016611295681,0.07807308970099668,0.12292358803986711,0.13787375415282394,0.11627906976744186,0.06644518272425248,0.24252491694352157
even,0.0883765609990394,0.16170349023374964,0.06852385526737112,0.13160422670509128,0.11783541466538586,0.1149535702849824,0.06147934678194045,0.25552353506243997
took,0.09164420485175201,0.18867924528301885,0.055256064690026946,0.1522911051212938,0.09164420485175201,0.11185983827493262,0.07142857142857142,0.2371967654986523
however,0.10026385224274405,0.1609498680738786,0.07783641160949867,0.13456464379947228,0.09894459102902373,0.1121372031662269,0.06992084432717677,0.24538258575197888
given,0.07642276422764228,0.1821138211382114,0.06666666666666667,0.12032520325203254,0.12195121951219513,0.0943089430894309,0.06666666666666667,0.27154471544715447
yet,0.09192200557103063,0.18941504178272978,0.06128133704735376,0.12534818941504175,0.1183844011142061,0.10027855153203341,0.08913649025069637,0.22423398328690805
never,0.09703779366700714,0.16751787538304388,0.06945863125638406,0.11950970377936669,0.11133810010214504,0.11235955056179775,0.06332992849846782,0.25944841675178754
us,0.09546666666666666,0.216,0.03146666666666667,0.15626666666666666,0.08,0.0848,0.0624,0.2736
true,0.053833605220228384,0.09951060358890701,0.03425774877650897,0.060358890701468194,0.2952691680261012,0.052202283849918436,0.03915171288743883,0.365415986949429
praise,0.2222222222222222,0.17777777777777778,0.1111111111111111,0.022222222222222223,0.15555555555555556,0.0,0.022222222222222223,0.2888888888888889
work,0.09845227858985382,0.18056749785038692,0.04858125537403268,0.09802235597592433,0.1238177128116939,0.09114359415305245,0.05932932072227,0.3000859845227859
experience,0.0705965407695023,0.18249205788916342,0.04094599364631133,0.10271796681962583,0.12530885986586657,0.09777620896576067,0.07518531591951995,0.3049770561242499
great,0.060066740823136816,0.18909899888765294,0.054505005561735265,0.07897664071190211,0.17018909899888765,0.0889877641824249,0.09343715239154617,0.26473859844271413
word,0.06440281030444965,0.13817330210772832,0.038641686182669784,0.09133489461358313,0.06440281030444965,0.0667447306791569,0.04800936768149882,0.4882903981264637
received,0.0959409594095941,0.1992619926199262,0.04428044280442804,0.1070110701107011,0.13284132841328414,0.0996309963099631,0.0959409594095941,0.2250922509225092
last,0.08460236886632826,0.17597292724196278,0.06429780033840947,0.14720812182741116,0.09983079526226735,0.10490693739424704,0.0829103214890017,0.24027072758037224
much,0.07992296581608088,0.16706788637457873,0.06692344727973037,0.12518054886856042,0.13625421280693306,0.11603273952816562,0.07173808377467501,0.23688011555127586
must,0.10755441741357236,0.1536491677336748,0.0973111395646607,0.12804097311139565,0.11139564660691421,0.12291933418693983,0.058898847631242,0.22023047375160051
hope,0.044806517311608965,0.20773930753564152,0.03054989816700611,0.06313645621181263,0.18329938900203666,0.05295315682281059,0.1629327902240326,0.2545824847250509
messrs.,0.0,0.3,0.0,0.1,0.05,0.15,0.05,0.35
smith,0.0,0.3,0.0,0.1,0.05,0.15,0.05,0.35
elder,0.0,0.2708333333333333,0.0,0.12499999999999997,0.041666666666666664,0.18749999999999997,0.041666666666666664,0.3333333333333333
co.,0.04385964912280702,0.21491228070175442,0.013157894736842106,0.12719298245614036,0.04385964912280702,0.052631578947368425,0.06140350877192983,0.4429824561403509
long,0.06283343212803794,0.38114997036158865,0.05749851807943094,0.1049199762892709,0.08061647895672792,0.09958506224066391,0.05690574985180794,0.15649081209247184
came,0.08739255014326645,0.17335243553008592,0.07736389684813753,0.15186246418338106,0.09598853868194841,0.13753581661891115,0.06876790830945557,0.20773638968481373
letter,0.06965174129353233,0.3980099502487562,0.02487562189054726,0.09950248756218905,0.03980099502487562,0.08457711442786069,0.059701492537313425,0.22388059701492535
spirit,0.09826589595375725,0.1965317919075145,0.04046242774566475,0.10982658959537574,0.13872832369942198,0.08670520231213874,0.07514450867052025,0.254335260115607
would,0.09668571428571428,0.17142857142857143,0.06651428571428572,0.14971428571428572,0.09874285714285715,0.11725714285714285,0.07885714285714286,0.2208
close,0.08787878787878788,0.18181818181818182,0.09999999999999999,0.11515151515151514,0.10303030303030303,0.11818181818181818,0.07575757575757576,0.2181818181818182
attempt,0.06068601583113455,0.3350923482849604,0.047493403693931395,0.12664907651715038,0.07651715039577835,0.10554089709762532,0.05277044854881266,0.19525065963060684
writer,0.09219858156028368,0.2553191489361702,0.049645390070921974,0.09219858156028368,0.13475177304964536,0.11347517730496454,0.07092198581560283,0.19148936170212766
genius,0.15555555555555556,0.08888888888888889,0.17777777777777778,0.2,0.08888888888888889,0.15555555555555556,0.022222222222222223,0.1111111111111111
characters,0.11458333333333333,0.19270833333333331,0.03645833333333333,0.11979166666666664,0.06770833333333333,0.08854166666666666,0.03645833333333333,0.34374999999999994
right,0.09870129870129869,0.14935064935064934,0.05194805194805195,0.0922077922077922,0.14415584415584415,0.1272727272727273,0.07272727272727272,0.26363636363636367
man,0.09023668639053255,0.1863905325443787,0.060650887573964495,0.10502958579881658,0.14644970414201186,0.09023668639053255,0.10650887573964499,0.21449704142011836
original,0.06701030927835051,0.15979381443298968,0.041237113402061855,0.13402061855670103,0.10824742268041236,0.10824742268041236,0.07216494845360824,0.3092783505154639
power,0.09159347553324967,0.15432873274780426,0.053952321204516936,0.12296110414052698,0.12170639899623586,0.08155583437892094,0.057716436637390206,0.3161856963613551
within,0.09915966386554623,0.16806722689075632,0.0411764705882353,0.09243697478991597,0.11764705882352941,0.08403361344537816,0.07394957983193277,0.3235294117647059
suffering,0.09243697478991597,0.07563025210084033,0.18487394957983194,0.226890756302521,0.04201680672268907,0.25630252100840334,0.021008403361344536,0.10084033613445377
love,0.056644880174291944,0.13725490196078433,0.05228758169934641,0.09368191721132897,0.30718954248366015,0.09586056644880175,0.06971677559912855,0.18736383442265794
eyes,0.10880829015544044,0.1813471502590674,0.11917098445595856,0.1295336787564767,0.10362694300518137,0.15025906735751296,0.07772020725388602,0.1295336787564767
grown,0.04390243902439025,0.15121951219512195,0.17073170731707318,0.05365853658536586,0.224390243902439,0.07317073170731707,0.06829268292682926,0.21463414634146344
dearer,0.18181818181818185,0.13636363636363638,0.13636363636363638,0.13636363636363638,0.09090909090909093,0.13636363636363638,0.09090909090909093,0.09090909090909093
fire,0.1016949152542373,0.096045197740113,0.06779661016949153,0.35028248587570626,0.06214689265536724,0.096045197740113,0.06214689265536724,0.1638418079096045
limited,0.2535612535612536,0.09116809116809117,0.03323836657169991,0.07407407407407407,0.07597340930674264,0.2630579297245964,0.03418803418803419,0.17473884140550805
moorland,0.13793103448275862,0.17241379310344826,0.06896551724137931,0.13793103448275862,0.17241379310344826,0.10344827586206895,0.06896551724137931,0.13793103448275862
feeling,0.11096938775510203,0.1301020408163265,0.11224489795918367,0.1301020408163265,0.12755102040816327,0.13392857142857142,0.10841836734693877,0.14668367346938774
certain,0.05048543689320389,0.18640776699029127,0.04854368932038835,0.1029126213592233,0.13592233009708737,0.11456310679611652,0.06213592233009709,0.29902912621359223
human,0.07912408759124089,0.16554744525547446,0.037664233576642336,0.11065693430656934,0.12467153284671534,0.0835036496350365,0.060729927007299275,0.3381021897810219
receive,0.13829787234042556,0.21808510638297873,0.021276595744680854,0.053191489361702135,0.13829787234042556,0.13829787234042556,0.10106382978723405,0.1914893617021277
heathcliff,0.1368421052631579,0.11578947368421054,0.15789473684210525,0.14736842105263157,0.1368421052631579,0.15789473684210525,0.031578947368421054,0.11578947368421054
catherine,0.14814814814814814,0.09259259259259259,0.16666666666666666,0.18518518518518517,0.12962962962962962,0.12962962962962962,0.037037037037037035,0.1111111111111111
nelly,0.10869565217391305,0.13043478260869565,0.13043478260869565,0.08695652173913045,0.1956521739130435,0.15217391304347827,0.02173913043478261,0.1739130434782609
dean,0.10869565217391305,0.13043478260869565,0.13043478260869565,0.08695652173913045,0.1956521739130435,0.15217391304347827,0.02173913043478261,0.1739130434782609
form,0.08269018743109152,0.18191841234840134,0.052921719955898575,0.08489525909592063,0.11245865490628446,0.08930540242557884,0.05181918412348402,0.3439911797133407
passion,0.1092436974789916,0.15126050420168066,0.10084033613445377,0.12605042016806722,0.17647058823529413,0.12605042016806722,0.025210084033613443,0.18487394957983194
dark,0.06224066390041493,0.10788381742738588,0.10373443983402489,0.0995850622406639,0.13692946058091285,0.26556016597510373,0.06224066390041493,0.16182572614107882
betrays,0.16279069767441856,0.0697674418604651,0.18604651162790695,0.20930232558139533,0.09302325581395347,0.16279069767441856,0.02325581395348837,0.09302325581395347
solitary,0.17543859649122806,0.07017543859649122,0.17543859649122806,0.21052631578947367,0.12280701754385964,0.14035087719298245,0.017543859649122806,0.08771929824561403
sentiment,0.16279069767441856,0.0697674418604651,0.18604651162790695,0.20930232558139533,0.09302325581395347,0.16279069767441856,0.02325581395348837,0.09302325581395347
fierce,0.16279069767441856,0.0697674418604651,0.18604651162790695,0.20930232558139533,0.09302325581395347,0.16279069767441856,0.02325581395348837,0.09302325581395347
inhuman,0.16279069767441856,0.0697674418604651,0.18604651162790695,0.20930232558139533,0.09302325581395347,0.16279069767441856,0.02325581395348837,0.09302325581395347
boil,0.16279069767441856,0.0697674418604651,0.18604651162790695,0.20930232558139533,0.09302325581395347,0.16279069767441856,0.02325581395348837,0.09302325581395347
glow,0.16279069767441856,0.0697674418604651,0.18604651162790695,0.20930232558139533,0.09302325581395347,0.16279069767441856,0.02325581395348837,0.09302325581395347
bad,0.1764132553606238,0.08089668615984406,0.17251461988304093,0.19395711500974658,0.0672514619883041,0.19200779727095518,0.037037037037037035,0.07992202729044834
essence,0.10958904109589042,0.0684931506849315,0.136986301369863,0.17808219178082194,0.0958904109589041,0.15068493150684933,0.0410958904109589,0.21917808219178084
evil,0.16176470588235295,0.07843137254901962,0.1911764705882353,0.18137254901960786,0.05392156862745099,0.1911764705882353,0.04411764705882353,0.09803921568627452
tormented,0.16279069767441856,0.0697674418604651,0.18604651162790695,0.20930232558139533,0.09302325581395347,0.16279069767441856,0.02325581395348837,0.09302325581395347
centre,0.12949640287769787,0.16546762589928057,0.06474820143884893,0.1942446043165468,0.050359712230215826,0.10791366906474821,0.06474820143884893,0.22302158273381298
ever-,0.16279069767441856,0.0697674418604651,0.18604651162790695,0.20930232558139533,0.09302325581395347,0.16279069767441856,0.02325581395348837,0.09302325581395347
soul,0.14141414141414144,0.11111111111111113,0.13131313131313133,0.20202020202020204,0.10101010101010102,0.18181818181818185,0.030303030303030307,0.10101010101010102
magnate,0.16279069767441856,0.0697674418604651,0.18604651162790695,0.20930232558139533,0.09302325581395347,0.16279069767441856,0.02325581395348837,0.09302325581395347
infernal,0.16279069767441856,0.0697674418604651,0.18604651162790695,0.20930232558139533,0.09302325581395347,0.16279069767441856,0.02325581395348837,0.09302325581395347
quenchless,0.16279069767441856,0.0697674418604651,0.18604651162790695,0.20930232558139533,0.09302325581395347,0.16279069767441856,0.02325581395348837,0.09302325581395347
ceaseless,0.16279069767441856,0.0697674418604651,0.18604651162790695,0.20930232558139533,0.09302325581395347,0.16279069767441856,0.02325581395348837,0.09302325581395347
ravage,0.16279069767441856,0.0697674418604651,0.18604651162790695,0.20930232558139533,0.09302325581395347,0.16279069767441856,0.02325581395348837,0.09302325581395347
effect,0.0813397129186603,0.18181818181818182,0.0813397129186603,0.14354066985645933,0.1291866028708134,0.10047846889952154,0.0430622009569378,0.23923444976076558
execution,0.14035087719298245,0.09649122807017545,0.07894736842105263,0.20175438596491227,0.08771929824561403,0.15789473684210525,0.02631578947368421,0.21052631578947367
decree,0.16279069767441856,0.0697674418604651,0.18604651162790695,0.20930232558139533,0.09302325581395347,0.16279069767441856,0.02325581395348837,0.09302325581395347
dooms,0.16279069767441856,0.0697674418604651,0.18604651162790695,0.20930232558139533,0.09302325581395347,0.16279069767441856,0.02325581395348837,0.09302325581395347
carry,0.14930555555555555,0.1423611111111111,0.06597222222222222,0.1875,0.11111111111111112,0.1076388888888889,0.034722222222222224,0.20138888888888887
hell,0.19008264462809912,0.06198347107438016,0.17355371900826444,0.1983471074380165,0.04958677685950413,0.1859504132231405,0.028925619834710738,0.11157024793388429
wherever,0.16279069767441856,0.0697674418604651,0.18604651162790695,0.20930232558139533,0.09302325581395347,0.16279069767441856,0.02325581395348837,0.09302325581395347
wanders,0.16279069767441856,0.0697674418604651,0.18604651162790695,0.20930232558139533,0.09302325581395347,0.16279069767441856,0.02325581395348837,0.09302325581395347
including,0.13896457765667575,0.13079019073569484,0.05994550408719347,0.14168937329700274,0.07493188010899184,0.1485013623978202,0.025885558583106268,0.279291553133515
foundation,0.1172566371681416,0.17477876106194692,0.030973451327433628,0.05530973451327434,0.07964601769911506,0.13716814159292037,0.0420353982300885,0.36283185840707965
additional,0.09883720930232558,0.12209302325581396,0.03488372093023256,0.1627906976744186,0.06976744186046512,0.0813953488372093,0.029069767441860465,0.40116279069767447
money,0.15418023887079263,0.20412595005428882,0.02171552660152009,0.04343105320304018,0.18241042345276876,0.03257328990228013,0.1454940282301846,0.21606948968512485
michael,0.17073170731707318,0.175609756097561,0.04390243902439025,0.1121951219512195,0.07804878048780488,0.15609756097560976,0.04390243902439025,0.21951219512195122
hart,0.14285714285714288,0.10714285714285715,0.08928571428571429,0.03571428571428572,0.0,0.3392857142857143,0.0,0.28571428571428575
liability,0.143646408839779,0.12154696132596685,0.049723756906077346,0.08839779005524862,0.027624309392265192,0.22651933701657453,0.03314917127071823,0.3093922651933701
gutenberg-tm,0.14060258249641322,0.1520803443328551,0.047345767575322814,0.045911047345767585,0.10329985652797706,0.07604017216642756,0.017216642754662843,0.417503586800574
refund,0.22813688212927757,0.13688212927756654,0.034220532319391636,0.019011406844106463,0.12167300380228137,0.1444866920152091,0.09885931558935361,0.21673003802281368
warranty,0.16470588235294117,0.047058823529411764,0.011764705882352941,0.07058823529411765,0.0,0.4117647058823529,0.011764705882352941,0.2823529411764706
damages,0.1685823754789272,0.06513409961685823,0.06513409961685823,0.06896551724137931,0.0038314176245210726,0.39846743295019155,0.0038314176245210726,0.2260536398467433
expense,0.08,0.2,0.0,0.05,0.08,0.06,0.01,0.52
proprietary,0.07692307692307694,0.23076923076923078,0.0,0.07692307692307694,0.0,0.07692307692307694,0.0,0.5384615384615385
hypertext,0.07692307692307694,0.23076923076923078,0.0,0.07692307692307694,0.0,0.07692307692307694,0.0,0.5384615384615385
intended,0.11956521739130437,0.31521739130434784,0.03260869565217391,0.13043478260869565,0.03804347826086957,0.07608695652173914,0.03260869565217391,0.2554347826086957
ascii,0.07692307692307694,0.23076923076923078,0.0,0.07692307692307694,0.0,0.07692307692307694,0.0,0.5384615384615385
ebcdic,0.07692307692307694,0.23076923076923078,0.0,0.07692307692307694,0.0,0.07692307692307694,0.0,0.5384615384615385
equivalent,0.09259259259259259,0.2222222222222222,0.027777777777777776,0.08333333333333333,0.05555555555555555,0.1111111111111111,0.037037037037037035,0.37037037037037035
provide,0.09439528023598821,0.12094395280235988,0.029498525073746312,0.07374631268436578,0.05604719764011799,0.04424778761061947,0.04424778761061947,0.5368731563421829
edgar,0.15217391304347827,0.15217391304347827,0.08695652173913045,0.10869565217391305,0.06521739130434782,0.15217391304347827,0.13043478260869565,0.15217391304347827
allan,0.14285714285714285,0.19387755102040813,0.06122448979591836,0.12244897959183672,0.09183673469387754,0.1326530612244898,0.1326530612244898,0.12244897959183672
poe,0.13725490196078433,0.15686274509803924,0.07843137254901962,0.09803921568627452,0.07843137254901962,0.13725490196078433,0.11764705882352941,0.19607843137254904
use,0.09639389736477116,0.18307905686546463,0.060332871012482664,0.12482662968099863,0.11789181692094314,0.06726768377253814,0.043689320388349516,0.3065187239944522
copy,0.12962962962962965,0.15343915343915346,0.05555555555555556,0.10846560846560846,0.06613756613756615,0.08465608465608467,0.10052910052910054,0.3015873015873016
terms,0.10026385224274406,0.13720316622691295,0.05804749340369394,0.09762532981530343,0.12137203166226912,0.08970976253298153,0.05013192612137203,0.34564643799472294
license,0.11764705882352941,0.23529411764705882,0.058823529411764705,0.09803921568627452,0.12745098039215688,0.08823529411764706,0.029411764705882353,0.2450980392156863
october,0.08791208791208792,0.23076923076923078,0.049450549450549455,0.19230769230769232,0.03296703296703297,0.09340659340659341,0.13186813186813187,0.1813186813186813
1997,0.1794871794871795,0.15384615384615385,0.10256410256410259,0.12820512820512822,0.025641025641025647,0.1794871794871795,0.15384615384615385,0.07692307692307693
works,0.08576998050682262,0.19103313840155947,0.05458089668615984,0.04873294346978558,0.1500974658869396,0.04873294346978558,0.06042884990253412,0.3606237816764133
raven,0.11111111111111112,0.1527777777777778,0.08333333333333333,0.1527777777777778,0.1388888888888889,0.19444444444444442,0.08333333333333333,0.08333333333333333
upon,0.10975609756097562,0.16158536585365854,0.0701219512195122,0.14634146341463417,0.1051829268292683,0.11128048780487805,0.059451219512195126,0.23628048780487806
many,0.08721447641649362,0.1696825867695046,0.06318599822011273,0.12192227825571046,0.12103233461880746,0.10857312370216553,0.06555918125185405,0.2628300207653515
chamber,0.15853658536585363,0.03658536585365853,0.09756097560975609,0.17073170731707313,0.1097560975609756,0.19512195121951217,0.06097560975609755,0.17073170731707313
door,0.13366336633663364,0.12376237623762375,0.09405940594059405,0.2079207920792079,0.0792079207920792,0.15346534653465344,0.0495049504950495,0.1584158415841584
nothing,0.08414872798434443,0.1448140900195695,0.09197651663405089,0.16046966731898238,0.12328767123287672,0.12133072407045012,0.07045009784735813,0.20352250489236792
sorrow,0.0,0.13333333333333333,0.13333333333333333,0.19999999999999998,0.16666666666666666,0.3,0.0,0.06666666666666667
lenore,0.03076923076923077,0.12307692307692308,0.07692307692307693,0.1846153846153846,0.1846153846153846,0.21538461538461537,0.0,0.1846153846153846
maiden,0.0,0.16666666666666666,0.06666666666666667,0.19999999999999998,0.2333333333333333,0.19999999999999998,0.0,0.13333333333333333
angels,0.02439024390243903,0.14634146341463417,0.07317073170731708,0.17073170731707318,0.24390243902439027,0.17073170731707318,0.0,0.17073170731707318
name,0.06352941176470589,0.18000000000000002,0.05176470588235295,0.15411764705882353,0.10117647058823528,0.08823529411764706,0.07058823529411765,0.29058823529411765
sad,0.11363636363636365,0.18181818181818185,0.11363636363636365,0.2272727272727273,0.13636363636363638,0.1590909090909091,0.04545454545454546,0.02272727272727273
purple,0.08,0.04,0.1,0.12,0.2,0.12,0.06,0.27999999999999997
still,0.09072305593451568,0.16916780354706681,0.06548431105047747,0.1432469304229195,0.10845839017735333,0.1111869031377899,0.0607094133697135,0.2510231923601636
stood,0.12408759124087591,0.11678832116788322,0.09489051094890512,0.23357664233576644,0.021897810218978103,0.2116788321167883,0.10218978102189781,0.09489051094890512
said,0.09128065395095368,0.1553133514986376,0.08719346049046321,0.17847411444141686,0.08583106267029972,0.11716621253405993,0.06267029972752043,0.2220708446866485
truly,0.17948717948717946,0.10256410256410256,0.10256410256410256,0.20512820512820512,0.05128205128205128,0.20512820512820512,0.05128205128205128,0.10256410256410256
implore,0.17142857142857143,0.1142857142857143,0.1142857142857143,0.19999999999999998,0.05714285714285715,0.19999999999999998,0.05714285714285715,0.08571428571428572
deep,0.07692307692307693,0.14358974358974358,0.11794871794871795,0.10256410256410256,0.13846153846153847,0.13846153846153847,0.07692307692307693,0.20512820512820512
spoken,0.1758241758241758,0.13186813186813184,0.0769230769230769,0.09890109890109888,0.06593406593406592,0.1648351648351648,0.06593406593406592,0.21978021978021975
days,0.10341151385927505,0.15671641791044777,0.06076759061833689,0.12686567164179105,0.1300639658848614,0.15245202558635396,0.06609808102345416,0.20362473347547977
yore,0.05,0.3,0.1,0.2,0.2,0.05,0.05,0.05
bust,0.09756097560975611,0.14634146341463417,0.12195121951219513,0.19512195121951223,0.09756097560975611,0.17073170731707318,0.04878048780487806,0.12195121951219513
ebony,0.1,0.2,0.125,0.2,0.075,0.2,0.1,0.0
bird,0.11864406779661016,0.20338983050847456,0.1271186440677966,0.22033898305084745,0.13559322033898305,0.1271186440677966,0.02542372881355932,0.0423728813559322
fancy,0.06,0.27999999999999997,0.12,0.22000000000000003,0.2,0.1,0.02,0.0
grave,0.1,0.1,0.125,0.25,0.075,0.25,0.1,0.0
thy,0.08333333333333333,0.13333333333333333,0.11666666666666665,0.13333333333333333,0.19999999999999998,0.18333333333333335,0.049999999999999996,0.09999999999999999
ghastly,0.054054054054054064,0.21621621621621626,0.13513513513513514,0.21621621621621626,0.16216216216216217,0.16216216216216217,0.054054054054054064,0.0
shore,0.08108108108108107,0.18918918918918917,0.10810810810810811,0.18918918918918917,0.16216216216216214,0.18918918918918917,0.08108108108108107,0.0
tell,0.12285012285012284,0.113022113022113,0.07862407862407862,0.17444717444717442,0.08845208845208845,0.14496314496314497,0.04668304668304668,0.23095823095823095
nevermore,0.12765957446808512,0.17021276595744683,0.10638297872340427,0.1914893617021277,0.12765957446808512,0.14893617021276598,0.04255319148936171,0.08510638297872342
bore,0.14893617021276592,0.08510638297872339,0.08510638297872339,0.17021276595744678,0.06382978723404253,0.21276595744680846,0.12765957446808507,0.10638297872340423
till,0.13999999999999999,0.1,0.1,0.13999999999999999,0.04,0.26,0.1,0.12
followed,0.09090909090909091,0.1436950146627566,0.0879765395894428,0.16129032258064516,0.0967741935483871,0.11143695014662755,0.055718475073313775,0.25219941348973607
burden,0.125,0.10576923076923077,0.20192307692307693,0.125,0.09615384615384615,0.22115384615384612,0.038461538461538464,0.08653846153846154
velvet,0.03571428571428571,0.2857142857142857,0.07142857142857142,0.17857142857142855,0.17857142857142855,0.10714285714285712,0.07142857142857142,0.07142857142857142
whose,0.0847457627118644,0.15254237288135591,0.07627118644067796,0.1292372881355932,0.11440677966101695,0.10805084745762711,0.08262711864406778,0.2521186440677966
shall,0.03636363636363637,0.14545454545454548,0.03636363636363637,0.16363636363636364,0.10909090909090909,0.09090909090909091,0.07272727272727274,0.34545454545454546
thee,0.13793103448275862,0.12068965517241377,0.10344827586206895,0.15517241379310343,0.13793103448275862,0.15517241379310343,0.051724137931034475,0.13793103448275862
sent,0.12903225806451613,0.12903225806451613,0.05376344086021505,0.1989247311827957,0.06989247311827956,0.16129032258064516,0.05376344086021505,0.2043010752688172
prophet,0.15217391304347827,0.1739130434782609,0.13043478260869565,0.1739130434782609,0.04347826086956522,0.1739130434782609,0.04347826086956522,0.10869565217391305
thing,0.10444444444444445,0.15555555555555556,0.10444444444444445,0.14222222222222222,0.08444444444444445,0.12222222222222222,0.05555555555555555,0.23111111111111113
devil,0.1585365853658537,0.14634146341463417,0.1585365853658537,0.1829268292682927,0.06097560975609757,0.17073170731707318,0.03658536585365854,0.08536585365853659
whether,0.09803921568627451,0.14932126696832582,0.05279034690799397,0.15686274509803924,0.10558069381598793,0.11161387631975868,0.0708898944193062,0.2549019607843137
horror,0.13934426229508196,0.0983606557377049,0.14754098360655737,0.21311475409836064,0.03278688524590164,0.18852459016393439,0.13114754098360656,0.04918032786885245
black,0.09523809523809523,0.16964285714285715,0.06845238095238095,0.12797619047619047,0.06547619047619048,0.2708333333333333,0.06845238095238095,0.13392857142857142
red,0.11347517730496454,0.17730496453900707,0.10638297872340424,0.15602836879432624,0.07801418439716312,0.1276595744680851,0.1276595744680851,0.11347517730496454
death,0.1401938851603281,0.15510812826249065,0.12677106636838179,0.1797166293810589,0.03206562266964951,0.18642803877703204,0.11856823266219238,0.0611483967188665
face,0.12141280353200884,0.13907284768211922,0.08388520971302428,0.13907284768211922,0.10816777041942606,0.11479028697571746,0.0750551876379691,0.21854304635761593
whole,0.06990881458966564,0.17021276595744678,0.10334346504559268,0.10638297872340424,0.14589665653495437,0.10486322188449847,0.08206686930091185,0.2173252279635258
hour,0.10185185185185186,0.17129629629629628,0.07870370370370369,0.1111111111111111,0.11574074074074073,0.13888888888888887,0.07870370370370369,0.20370370370370372
prince,0.10144927536231885,0.07246376811594203,0.10144927536231885,0.17391304347826086,0.14492753623188406,0.15942028985507248,0.043478260869565216,0.2028985507246377
prospero,0.15384615384615385,0.07692307692307693,0.12820512820512822,0.25641025641025644,0.07692307692307693,0.1794871794871795,0.025641025641025644,0.10256410256410257
presence,0.07741935483870968,0.15483870967741936,0.07096774193548387,0.16129032258064516,0.09032258064516129,0.12258064516129032,0.07741935483870968,0.24516129032258063
thousand,0.12121212121212123,0.24242424242424246,0.060606060606060615,0.18181818181818182,0.12121212121212123,0.030303030303030307,0.12121212121212123,0.12121212121212123
walls,0.03125,0.09374999999999999,0.09374999999999999,0.125,0.18749999999999997,0.15625,0.03125,0.28125
hand,0.11428571428571428,0.1457142857142857,0.06857142857142857,0.16285714285714287,0.10285714285714286,0.12857142857142856,0.06285714285714286,0.21428571428571427
green,0.05479452054794521,0.09246575342465754,0.05821917808219178,0.0684931506849315,0.2773972602739726,0.06506849315068493,0.02054794520547945,0.363013698630137
thus,0.09649122807017546,0.17105263157894737,0.07675438596491228,0.11403508771929827,0.10087719298245615,0.1118421052631579,0.057017543859649134,0.2719298245614036
company,0.0725,0.2,0.0475,0.12,0.095,0.0925,0.08499999999999999,0.2875
set,0.11368421052631579,0.1726315789473684,0.04631578947368421,0.10736842105263157,0.11578947368421053,0.09052631578947368,0.06315789473684211,0.2905263157894737
clock,0.10112359550561797,0.29213483146067415,0.033707865168539325,0.07865168539325842,0.11235955056179775,0.14606741573033707,0.10112359550561797,0.1348314606741573
passed,0.10884353741496598,0.11564625850340135,0.06802721088435373,0.17687074829931973,0.12244897959183673,0.12244897959183673,0.04761904761904761,0.23809523809523808
assembly,0.028169014084507046,0.16901408450704225,0.028169014084507046,0.07042253521126761,0.14084507042253522,0.04225352112676056,0.05633802816901409,0.4647887323943662
none,0.09541984732824427,0.11450381679389311,0.08015267175572519,0.1412213740458015,0.10687022900763357,0.13740458015267173,0.06870229007633587,0.25572519083969464
figure,0.08490566037735849,0.16981132075471697,0.08490566037735849,0.1509433962264151,0.07547169811320754,0.1132075471698113,0.12264150943396225,0.1981132075471698
terror,0.13513513513513511,0.05405405405405406,0.16216216216216214,0.2972972972972973,0.05405405405405406,0.13513513513513511,0.08108108108108107,0.08108108108108107
mummer,0.1111111111111111,0.06666666666666667,0.13333333333333333,0.15555555555555556,0.1111111111111111,0.15555555555555556,0.1111111111111111,0.15555555555555556
movement,0.09265175718849841,0.15974440894568692,0.07987220447284346,0.11182108626198084,0.12779552715654954,0.12140575079872205,0.09265175718849841,0.21405750798722048
party,0.1225296442687747,0.11857707509881422,0.08300395256916997,0.12648221343873517,0.11857707509881422,0.12648221343873517,0.07905138339920949,0.22529644268774704
forth,0.15942028985507248,0.10869565217391304,0.043478260869565216,0.06521739130434782,0.15942028985507248,0.07971014492753624,0.021739130434782608,0.36231884057971014
person,0.09788654060066741,0.13681868743047831,0.10678531701890989,0.14961067853170187,0.10678531701890989,0.16407119021134592,0.06117908787541713,0.1768631813125695
fortunato,0.16216216216216214,0.10810810810810811,0.08108108108108107,0.13513513513513511,0.02702702702702703,0.16216216216216214,0.08108108108108107,0.24324324324324323
cause,0.13799621928166353,0.1342155009451796,0.1001890359168242,0.15311909262759923,0.08506616257088848,0.14555765595463138,0.03591682419659735,0.20793950850661627
full,0.10506566604127579,0.1951219512195122,0.07129455909943715,0.13133208255159476,0.10506566604127579,0.10318949343339588,0.07317073170731707,0.21575984990619138
associated,0.08562197092084006,0.1680129240710824,0.04361873990306947,0.12924071082390953,0.11631663974151858,0.07754442649434572,0.050080775444264945,0.3295638126009693
public,0.07202881152460984,0.35654261704681867,0.045618247298919556,0.08763505402160864,0.09243697478991596,0.07683073229291716,0.045618247298919556,0.22328931572629052
united,0.04761904761904762,0.17765567765567766,0.012820512820512822,0.12271062271062273,0.05311355311355312,0.027472527472527476,0.04212454212454213,0.5164835164835165
states,0.08598130841121494,0.14579439252336449,0.048598130841121495,0.1383177570093458,0.08785046728971962,0.07476635514018691,0.03364485981308411,0.3850467289719626
copyright,0.08208955223880599,0.17910447761194032,0.06716417910447763,0.029850746268656723,0.1492537313432836,0.1567164179104478,0.02238805970149254,0.3134328358208956
distributing,0.1553398058252427,0.17475728155339806,0.06796116504854369,0.038834951456310676,0.0970873786407767,0.08737864077669903,0.0,0.37864077669902907
electronic,0.1282051282051282,0.18076923076923077,0.0423076923076923,0.10897435897435898,0.09102564102564102,0.06282051282051282,0.06666666666666667,0.3192307692307692
trademark,0.18103448275862066,0.11206896551724137,0.051724137931034475,0.034482758620689655,0.07758620689655171,0.15517241379310343,0.0,0.38793103448275856
copies,0.17006802721088435,0.14965986394557826,0.10204081632653061,0.08843537414965986,0.09523809523809523,0.020408163265306124,0.047619047619047616,0.326530612244898
distribution,0.09547738693467336,0.19597989949748745,0.020100502512562818,0.09547738693467336,0.1256281407035176,0.015075376884422112,0.05025125628140704,0.4020100502512563
agree,0.15315315315315314,0.13063063063063063,0.04954954954954956,0.12162162162162163,0.06306306306306306,0.11711711711711713,0.02702702702702703,0.33783783783783783
agreement,0.11034482758620692,0.08275862068965519,0.03793103448275863,0.04137931034482759,0.062068965517241385,0.08275862068965519,0.024137931034482762,0.5586206896551724
paid,0.2100456621004566,0.17808219178082194,0.022831050228310504,0.05022831050228311,0.11415525114155252,0.07762557077625572,0.10045662100456622,0.24657534246575347
fee,0.3513513513513513,0.1171171171171171,0.06306306306306306,0.0,0.12612612612612611,0.0,0.009009009009009009,0.3333333333333333
access,0.0983606557377049,0.180327868852459,0.052963430012610335,0.08953341740226985,0.13745271122320302,0.07692307692307691,0.05674653215636821,0.30769230769230765
paragraph,0.28776978417266186,0.07194244604316546,0.07194244604316546,0.07913669064748202,0.05035971223021582,0.16546762589928055,0.043165467625899276,0.2302158273381295
archive,0.10218978102189781,0.1678832116788321,0.029197080291970805,0.021897810218978103,0.07299270072992702,0.14598540145985403,0.03649635036496351,0.4233576642335766
fees,0.13432835820895522,0.13432835820895522,0.05223880597014925,0.04477611940298507,0.08208955223880597,0.16417910447761194,0.007462686567164179,0.3805970149253731
