,anger,anticipation,disgust,fear,joy,sadness,surprise,trust
project,0.1267605633802817,0.16549295774647887,0.04929577464788732,0.045774647887323945,0.10211267605633803,0.07394366197183098,0.014084507042253521,0.4225352112676056
gutenberg,0.09090909090909091,0.22727272727272727,0.045454545454545456,0.045454545454545456,0.06060606060606061,0.12121212121212122,0.0,0.4090909090909091
use,0.1694915254237288,0.1694915254237288,0.11864406779661017,0.13559322033898305,0.13559322033898305,0.05084745762711865,0.0,0.22033898305084745
almost,0.16666666666666666,0.1388888888888889,0.16666666666666666,0.05555555555555555,0.1111111111111111,0.25,0.0,0.1111111111111111
may,0.12217194570135746,0.16289592760180996,0.08597285067873303,0.13122171945701358,0.11312217194570136,0.1493212669683258,0.058823529411764705,0.17647058823529413
copy,0.2127659574468085,0.0851063829787234,0.0851063829787234,0.06382978723404255,0.02127659574468085,0.06382978723404255,0.02127659574468085,0.44680851063829785
give,0.09615384615384616,0.21153846153846154,0.057692307692307696,0.09615384615384616,0.15384615384615385,0.09615384615384616,0.038461538461538464,0.25
away,0.09482758620689655,0.12931034482758622,0.09482758620689655,0.1810344827586207,0.1206896551724138,0.13793103448275862,0.06896551724137931,0.1724137931034483
terms,0.15,0.1,0.06666666666666667,0.06666666666666667,0.1,0.06666666666666667,0.03333333333333333,0.4166666666666667
license,0.11428571428571428,0.22857142857142856,0.05714285714285714,0.08571428571428572,0.11428571428571428,0.08571428571428572,0.02857142857142857,0.2857142857142857
first,0.07194244604316546,0.16546762589928057,0.07913669064748201,0.09352517985611511,0.2014388489208633,0.11510791366906475,0.07194244604316546,0.2014388489208633
produced,0.11320754716981132,0.1320754716981132,0.11320754716981132,0.11320754716981132,0.1320754716981132,0.11320754716981132,0.07547169811320754,0.20754716981132076
jonathan,0.125,0.1,0.1,0.075,0.1,0.225,0.05,0.225
charles,0.0,0.12121212121212122,0.06060606060606061,0.12121212121212122,0.12121212121212122,0.21212121212121213,0.0,0.36363636363636365
distributed,0.03571428571428571,0.2857142857142857,0.03571428571428571,0.07142857142857142,0.14285714285714285,0.03571428571428571,0.03571428571428571,0.35714285714285715
better,0.04878048780487805,0.18292682926829268,0.07317073170731707,0.10975609756097561,0.21951219512195122,0.13414634146341464,0.06097560975609756,0.17073170731707318
please,0.12195121951219512,0.14634146341463414,0.12195121951219512,0.14634146341463414,0.12195121951219512,0.1951219512195122,0.024390243902439025,0.12195121951219512
worse,0.1,0.05,0.125,0.275,0.075,0.3,0.0,0.075
ask,0.12857142857142856,0.1,0.11428571428571428,0.14285714285714285,0.15714285714285714,0.21428571428571427,0.05714285714285714,0.08571428571428572
vision,0.08823529411764706,0.29411764705882354,0.11764705882352941,0.11764705882352941,0.11764705882352941,0.11764705882352941,0.058823529411764705,0.08823529411764706
maid,0.09278350515463918,0.140893470790378,0.09965635738831616,0.17525773195876287,0.12714776632302405,0.15463917525773196,0.07560137457044673,0.13402061855670103
orleans,0.11363636363636363,0.20454545454545456,0.11363636363636363,0.13636363636363635,0.11363636363636363,0.1590909090909091,0.06818181818181818,0.09090909090909091
1,0.07352941176470588,0.20588235294117646,0.014705882352941176,0.1323529411764706,0.17647058823529413,0.10294117647058823,0.07352941176470588,0.22058823529411764
2,0.14285714285714285,0.11904761904761904,0.09523809523809523,0.19047619047619047,0.09523809523809523,0.15079365079365079,0.05555555555555555,0.15079365079365079
3,0.13043478260869565,0.13043478260869565,0.06521739130434782,0.13043478260869565,0.15217391304347827,0.13043478260869565,0.021739130434782608,0.2391304347826087
rose,0.10619469026548672,0.1415929203539823,0.10619469026548672,0.17699115044247787,0.12389380530973451,0.11504424778761062,0.10619469026548672,0.12389380530973451
poor,0.085,0.1,0.115,0.14,0.14,0.21,0.045,0.165
cross,0.18309859154929578,0.08450704225352113,0.09859154929577464,0.16901408450704225,0.08450704225352113,0.19718309859154928,0.07042253521126761,0.11267605633802817
sailor,0.1,0.14,0.1,0.12,0.14,0.18,0.02,0.2
slave,0.17543859649122806,0.017543859649122806,0.17543859649122806,0.24561403508771928,0.017543859649122806,0.2631578947368421,0.0,0.10526315789473684
jaspar,0.17105263157894737,0.07894736842105263,0.13157894736842105,0.14473684210526316,0.06578947368421052,0.19736842105263158,0.039473684210526314,0.17105263157894737
lord,0.0916030534351145,0.11450381679389313,0.20610687022900764,0.11450381679389313,0.07633587786259542,0.10687022900763359,0.04580152671755725,0.24427480916030533
william,0.1069182389937107,0.10062893081761007,0.1761006289308176,0.16352201257861634,0.06918238993710692,0.12578616352201258,0.1069182389937107,0.1509433962264151
old,0.07987220447284345,0.1182108626198083,0.08306709265175719,0.11182108626198083,0.2108626198083067,0.15335463258785942,0.06389776357827476,0.17891373801916932
woman,0.0989010989010989,0.08791208791208792,0.12087912087912088,0.1978021978021978,0.12087912087912088,0.17582417582417584,0.04395604395604396,0.15384615384615385
surgeon,0.11320754716981132,0.07547169811320754,0.1509433962264151,0.20754716981132076,0.03773584905660377,0.24528301886792453,0.018867924528301886,0.1509433962264151
's,0.11685116851168512,0.12546125461254612,0.09225092250922509,0.15867158671586715,0.13345633456334563,0.15744157441574416,0.06949569495694957,0.14637146371463713
victory,0.05555555555555555,0.1388888888888889,0.05555555555555555,0.16666666666666666,0.19444444444444445,0.1388888888888889,0.027777777777777776,0.2222222222222222
henry,0.047619047619047616,0.14285714285714285,0.07142857142857142,0.11904761904761904,0.14285714285714285,0.19047619047619047,0.023809523809523808,0.2619047619047619
house,0.13793103448275862,0.13793103448275862,0.13793103448275862,0.16091954022988506,0.06896551724137931,0.20689655172413793,0.05747126436781609,0.09195402298850575
tale,0.08108108108108109,0.1891891891891892,0.10810810810810811,0.16216216216216217,0.02702702702702703,0.24324324324324326,0.02702702702702703,0.16216216216216217
funeral,0.0392156862745098,0.19607843137254902,0.0392156862745098,0.0784313725490196,0.17647058823529413,0.2549019607843137,0.0196078431372549,0.19607843137254902
mother,0.07092198581560284,0.14893617021276595,0.07801418439716312,0.12056737588652482,0.1773049645390071,0.2198581560283688,0.014184397163120567,0.1702127659574468
cottage,0.14705882352941177,0.11764705882352941,0.11764705882352941,0.11764705882352941,0.11764705882352941,0.2647058823529412,0.029411764705882353,0.08823529411764706
hath,0.09836065573770492,0.14754098360655737,0.06557377049180328,0.13114754098360656,0.22950819672131148,0.16393442622950818,0.01639344262295082,0.14754098360655737
upon,0.13276231263383298,0.13276231263383298,0.10492505353319058,0.16274089935760172,0.11563169164882227,0.14775160599571735,0.06209850107066381,0.14132762312633834
us,0.05357142857142857,0.16071428571428573,0.07142857142857142,0.14285714285714285,0.14285714285714285,0.16071428571428573,0.08928571428571429,0.17857142857142858
'd,0.11372691053965954,0.1180731618978631,0.10213690691778342,0.17312567910177473,0.12531691416153568,0.1629844259326331,0.06990220934444041,0.13473379210431002
sleep,0.10526315789473684,0.07894736842105263,0.18421052631578946,0.21052631578947367,0.07894736842105263,0.23684210526315788,0.02631578947368421,0.07894736842105263
stretch,0.14634146341463414,0.0975609756097561,0.0975609756097561,0.14634146341463414,0.0975609756097561,0.24390243902439024,0.07317073170731707,0.0975609756097561
maiden,0.1592920353982301,0.09734513274336283,0.07079646017699115,0.18584070796460178,0.11504424778761062,0.20353982300884957,0.061946902654867256,0.10619469026548672
lay,0.10909090909090909,0.14545454545454545,0.11818181818181818,0.12727272727272726,0.16363636363636364,0.2,0.05454545454545454,0.08181818181818182
toil,0.13815789473684212,0.06578947368421052,0.11842105263157894,0.20394736842105263,0.13157894736842105,0.18421052631578946,0.039473684210526314,0.11842105263157894
anguish,0.16176470588235295,0.08823529411764706,0.08823529411764706,0.20588235294117646,0.08823529411764706,0.29411764705882354,0.014705882352941176,0.058823529411764705
soon,0.11834319526627218,0.15976331360946747,0.09467455621301775,0.14201183431952663,0.1242603550295858,0.14792899408284024,0.07692307692307693,0.13609467455621302
closed,0.14545454545454545,0.14545454545454545,0.10909090909090909,0.12727272727272726,0.09090909090909091,0.21818181818181817,0.07272727272727272,0.09090909090909091
heavy,0.1509433962264151,0.09433962264150944,0.07547169811320754,0.18867924528301888,0.07547169811320754,0.24528301886792453,0.05660377358490566,0.11320754716981132
powers,0.17307692307692307,0.07692307692307693,0.09615384615384616,0.21153846153846154,0.057692307692307696,0.19230769230769232,0.057692307692307696,0.1346153846153846
wise,0.05714285714285714,0.08571428571428572,0.11428571428571428,0.14285714285714285,0.11428571428571428,0.11428571428571428,0.05714285714285714,0.3142857142857143
midnight,0.06756756756756757,0.10810810810810811,0.06756756756756757,0.17567567567567569,0.1891891891891892,0.13513513513513514,0.08108108108108109,0.17567567567567569
soul,0.09787234042553192,0.12340425531914893,0.09361702127659574,0.19148936170212766,0.1574468085106383,0.1574468085106383,0.04680851063829787,0.13191489361702127
free,0.038461538461538464,0.1346153846153846,0.09615384615384616,0.17307692307692307,0.15384615384615385,0.11538461538461539,0.038461538461538464,0.25
amid,0.10227272727272728,0.125,0.03409090909090909,0.14772727272727273,0.1590909090909091,0.14772727272727273,0.09090909090909091,0.19318181818181818
world,0.08333333333333333,0.15476190476190477,0.07142857142857142,0.13095238095238096,0.17857142857142858,0.16666666666666666,0.047619047619047616,0.16666666666666666
things,0.08333333333333333,0.14285714285714285,0.08333333333333333,0.13095238095238096,0.16666666666666666,0.09523809523809523,0.05952380952380952,0.23809523809523808
along,0.13333333333333333,0.10666666666666667,0.14666666666666667,0.13333333333333333,0.10666666666666667,0.18666666666666668,0.10666666666666667,0.08
barren,0.125,0.06944444444444445,0.1388888888888889,0.18055555555555555,0.06944444444444445,0.3194444444444444,0.013888888888888888,0.08333333333333333
wide,0.125,0.15,0.1,0.1,0.1,0.25,0.0,0.175
thro,0.14666666666666667,0.1,0.07333333333333333,0.18,0.11333333333333333,0.20666666666666667,0.04666666666666667,0.13333333333333333
night,0.1201923076923077,0.14423076923076922,0.0985576923076923,0.16105769230769232,0.11298076923076923,0.1658653846153846,0.06490384615384616,0.13221153846153846
far,0.09090909090909091,0.15151515151515152,0.06060606060606061,0.030303030303030304,0.12121212121212122,0.21212121212121213,0.06060606060606061,0.2727272727272727
heard,0.1518987341772152,0.10443037974683544,0.1360759493670886,0.16772151898734178,0.09177215189873418,0.13924050632911392,0.10443037974683544,0.10443037974683544
deep,0.11594202898550725,0.12318840579710146,0.08695652173913043,0.15942028985507245,0.13768115942028986,0.2028985507246377,0.050724637681159424,0.12318840579710146
made,0.1111111111111111,0.1626984126984127,0.11507936507936507,0.1388888888888889,0.14682539682539683,0.14285714285714285,0.047619047619047616,0.1349206349206349
music,0.0975609756097561,0.12195121951219512,0.07317073170731707,0.0975609756097561,0.24390243902439024,0.1951219512195122,0.04878048780487805,0.12195121951219512
scene,0.06666666666666667,0.21666666666666667,0.08333333333333333,0.1,0.16666666666666666,0.06666666666666667,0.13333333333333333,0.16666666666666666
black,0.18681318681318682,0.06593406593406594,0.13186813186813187,0.18681318681318682,0.03296703296703297,0.27472527472527475,0.054945054945054944,0.06593406593406594
driven,0.1956521739130435,0.0,0.21739130434782608,0.2391304347826087,0.0,0.2826086956521739,0.0,0.06521739130434782
fast,0.09859154929577464,0.18309859154929578,0.056338028169014086,0.14084507042253522,0.14084507042253522,0.16901408450704225,0.08450704225352113,0.1267605633802817
wind,0.14444444444444443,0.13333333333333333,0.1111111111111111,0.14444444444444443,0.1111111111111111,0.13333333333333333,0.07777777777777778,0.14444444444444443
broken,0.23333333333333334,0.08333333333333333,0.03333333333333333,0.25,0.06666666666666667,0.21666666666666667,0.05,0.06666666666666667
moon,0.2,0.04,0.06,0.24,0.06,0.28,0.02,0.1
sometimes,0.08771929824561403,0.15789473684210525,0.07017543859649122,0.14035087719298245,0.21052631578947367,0.15789473684210525,0.05263157894736842,0.12280701754385964
ray,0.125,0.125,0.0625,0.14583333333333334,0.125,0.22916666666666666,0.10416666666666667,0.08333333333333333
darkness,0.19672131147540983,0.04918032786885246,0.03278688524590164,0.26229508196721313,0.03278688524590164,0.32786885245901637,0.04918032786885246,0.04918032786885246
arrived,0.09302325581395349,0.16279069767441862,0.11627906976744186,0.18604651162790697,0.13953488372093023,0.09302325581395349,0.06976744186046512,0.13953488372093023
beside,0.1951219512195122,0.06504065040650407,0.14634146341463414,0.21951219512195122,0.04065040650406504,0.1951219512195122,0.04878048780487805,0.08943089430894309
long,0.08469945355191257,0.23224043715846995,0.10382513661202186,0.1557377049180328,0.11202185792349727,0.1448087431693989,0.05191256830601093,0.11475409836065574
bark,0.2727272727272727,0.045454545454545456,0.09090909090909091,0.20454545454545456,0.06818181818181818,0.1590909090909091,0.045454545454545456,0.11363636363636363
receives,0.14285714285714285,0.09523809523809523,0.11904761904761904,0.19047619047619047,0.09523809523809523,0.23809523809523808,0.023809523809523808,0.09523809523809523
side,0.2608695652173913,0.021739130434782608,0.15217391304347827,0.21739130434782608,0.021739130434782608,0.15217391304347827,0.043478260869565216,0.13043478260869565
female,0.28125,0.03125,0.125,0.25,0.03125,0.1875,0.03125,0.0625
spreads,0.16129032258064516,0.03225806451612903,0.0967741935483871,0.16129032258064516,0.12903225806451613,0.1935483870967742,0.0,0.22580645161290322
sail,0.20588235294117646,0.08823529411764706,0.14705882352941177,0.17647058823529413,0.029411764705882353,0.23529411764705882,0.0,0.11764705882352941
melancholy,0.15517241379310345,0.06896551724137931,0.06896551724137931,0.13793103448275862,0.08620689655172414,0.3448275862068966,0.017241379310344827,0.1206896551724138
ear,0.14285714285714285,0.09022556390977443,0.12030075187969924,0.17293233082706766,0.14285714285714285,0.13533834586466165,0.07518796992481203,0.12030075187969924
ever,0.15172413793103448,0.07586206896551724,0.1103448275862069,0.2,0.12413793103448276,0.1724137931034483,0.041379310344827586,0.12413793103448276
dungeon,0.19047619047619047,0.047619047619047616,0.1746031746031746,0.2857142857142857,0.015873015873015872,0.2222222222222222,0.015873015873015872,0.047619047619047616
wretch,0.18110236220472442,0.05511811023622047,0.1889763779527559,0.14173228346456693,0.06299212598425197,0.2440944881889764,0.031496062992125984,0.09448818897637795
evening,0.07692307692307693,0.17692307692307693,0.05384615384615385,0.09230769230769231,0.2230769230769231,0.13076923076923078,0.06923076923076923,0.17692307692307693
round,0.1404494382022472,0.12359550561797752,0.07865168539325842,0.1797752808988764,0.11235955056179775,0.1853932584269663,0.056179775280898875,0.12359550561797752
france,0.1388888888888889,0.1111111111111111,0.1111111111111111,0.16666666666666666,0.1111111111111111,0.19444444444444445,0.027777777777777776,0.1388888888888889
yet,0.11627906976744186,0.13695090439276486,0.08527131782945736,0.1834625322997416,0.12919896640826872,0.15503875968992248,0.06976744186046512,0.12403100775193798
almighty,0.18181818181818182,0.06060606060606061,0.12121212121212122,0.21212121212121213,0.030303030303030304,0.24242424242424243,0.030303030303030304,0.12121212121212122
tyrant,0.1568627450980392,0.09803921568627451,0.1568627450980392,0.23529411764705882,0.0784313725490196,0.17647058823529413,0.0,0.09803921568627451
hand,0.17159763313609466,0.07692307692307693,0.1242603550295858,0.22485207100591717,0.05325443786982249,0.17751479289940827,0.0650887573964497,0.10650887573964497
dash,0.16666666666666666,0.0,0.14285714285714285,0.21428571428571427,0.047619047619047616,0.23809523809523808,0.047619047619047616,0.14285714285714285
iron,0.17857142857142858,0.07142857142857142,0.07142857142857142,0.19642857142857142,0.05357142857142857,0.17857142857142858,0.03571428571428571,0.21428571428571427
gazed,0.1038961038961039,0.09090909090909091,0.15584415584415584,0.24675324675324675,0.07792207792207792,0.22077922077922077,0.03896103896103896,0.06493506493506493
form,0.09523809523809523,0.12454212454212454,0.09157509157509157,0.16483516483516483,0.1391941391941392,0.14652014652014653,0.0695970695970696,0.1684981684981685
face,0.10273972602739725,0.0958904109589041,0.15753424657534246,0.1506849315068493,0.0684931506849315,0.23972602739726026,0.07534246575342465,0.1095890410958904
eyes,0.14492753623188406,0.10869565217391304,0.12681159420289856,0.17028985507246377,0.10507246376811594,0.17028985507246377,0.06159420289855073,0.11231884057971014
hollow,0.15053763440860216,0.053763440860215055,0.16129032258064516,0.1935483870967742,0.043010752688172046,0.26881720430107525,0.08602150537634409,0.043010752688172046
sunk,0.14084507042253522,0.028169014084507043,0.23943661971830985,0.28169014084507044,0.014084507042253521,0.2112676056338028,0.07042253521126761,0.014084507042253521
tears,0.08823529411764706,0.11764705882352941,0.08823529411764706,0.19117647058823528,0.16176470588235295,0.20588235294117646,0.04411764705882353,0.10294117647058823
grey,0.15384615384615385,0.09615384615384616,0.11538461538461539,0.23076923076923078,0.057692307692307696,0.23076923076923078,0.019230769230769232,0.09615384615384616
locks,0.1111111111111111,0.1388888888888889,0.1388888888888889,0.2222222222222222,0.1111111111111111,0.1388888888888889,0.027777777777777776,0.1111111111111111
hung,0.0759493670886076,0.1518987341772152,0.0759493670886076,0.13924050632911392,0.189873417721519,0.08860759493670886,0.0759493670886076,0.20253164556962025
beneath,0.1640625,0.0859375,0.140625,0.234375,0.0625,0.1640625,0.0703125,0.078125
blood,0.14832535885167464,0.08133971291866028,0.13875598086124402,0.22966507177033493,0.06698564593301436,0.18660287081339713,0.04784688995215311,0.10047846889952153
pass,0.047619047619047616,0.17857142857142858,0.07142857142857142,0.10714285714285714,0.20238095238095238,0.13095238095238096,0.05952380952380952,0.20238095238095238
around,0.11811023622047244,0.11023622047244094,0.09448818897637795,0.1968503937007874,0.12598425196850394,0.15748031496062992,0.08661417322834646,0.11023622047244094
saw,0.13580246913580246,0.10699588477366255,0.13168724279835392,0.18518518518518517,0.08641975308641975,0.18518518518518517,0.0823045267489712,0.08641975308641975
heart,0.12609970674486803,0.14076246334310852,0.10557184750733138,0.18475073313782991,0.12903225806451613,0.18181818181818182,0.05278592375366569,0.07917888563049853
short,0.2,0.05,0.16666666666666666,0.2,0.016666666666666666,0.25,0.1,0.016666666666666666
scream,0.18055555555555555,0.04861111111111111,0.2013888888888889,0.20833333333333334,0.041666666666666664,0.11805555555555555,0.1597222222222222,0.041666666666666664
came,0.12595419847328243,0.12595419847328243,0.14122137404580154,0.19083969465648856,0.0648854961832061,0.17557251908396945,0.09923664122137404,0.07633587786259542
borne,0.15,0.1,0.125,0.225,0.075,0.125,0.15,0.05
blast,0.21428571428571427,0.07142857142857142,0.05357142857142857,0.25,0.05357142857142857,0.08928571428571429,0.17857142857142858,0.08928571428571429
eager,0.057971014492753624,0.14492753623188406,0.043478260869565216,0.10144927536231885,0.18840579710144928,0.10144927536231885,0.14492753623188406,0.21739130434782608
look,0.08843537414965986,0.14285714285714285,0.1292517006802721,0.10884353741496598,0.12244897959183673,0.1564625850340136,0.09523809523809523,0.1564625850340136
shore,0.14035087719298245,0.14035087719298245,0.14035087719298245,0.12280701754385964,0.08771929824561403,0.17543859649122806,0.05263157894736842,0.14035087719298245
bank,0.08888888888888889,0.15555555555555556,0.06666666666666667,0.13333333333333333,0.17777777777777778,0.044444444444444446,0.1111111111111111,0.2222222222222222
joyful,0.0,0.16326530612244897,0.04081632653061224,0.12244897959183673,0.22448979591836735,0.08163265306122448,0.04081632653061224,0.32653061224489793
escape,0.058823529411764705,0.20588235294117646,0.058823529411764705,0.29411764705882354,0.11764705882352941,0.08823529411764706,0.058823529411764705,0.11764705882352941
trembling,0.125,0.08333333333333333,0.16666666666666666,0.22916666666666666,0.08333333333333333,0.125,0.0625,0.125
still,0.13229571984435798,0.12062256809338522,0.10894941634241245,0.1867704280155642,0.09727626459143969,0.1828793774319066,0.04669260700389105,0.1245136186770428
pile,0.13953488372093023,0.06976744186046512,0.06976744186046512,0.18604651162790697,0.09302325581395349,0.20930232558139536,0.11627906976744186,0.11627906976744186
o'er,0.07857142857142857,0.16428571428571428,0.03571428571428571,0.15714285714285714,0.15714285714285714,0.17857142857142858,0.06428571428571428,0.16428571428571428
gloomy,0.12280701754385964,0.08771929824561403,0.10526315789473684,0.10526315789473684,0.10526315789473684,0.3157894736842105,0.03508771929824561,0.12280701754385964
shade,0.1111111111111111,0.05555555555555555,0.08333333333333333,0.19444444444444445,0.1111111111111111,0.2777777777777778,0.027777777777777776,0.1388888888888889
save,0.08496732026143791,0.09803921568627451,0.10457516339869281,0.13071895424836602,0.1895424836601307,0.16339869281045752,0.0392156862745098,0.1895424836601307
shone,0.1111111111111111,0.1111111111111111,0.08888888888888889,0.13333333333333333,0.13333333333333333,0.2,0.08888888888888889,0.13333333333333333
dark,0.08256880733944955,0.11009174311926606,0.07339449541284404,0.11009174311926606,0.10091743119266056,0.3853211009174312,0.03669724770642202,0.10091743119266056
age,0.042105263157894736,0.15789473684210525,0.07368421052631578,0.11578947368421053,0.17894736842105263,0.22105263157894736,0.06315789473684211,0.14736842105263157
head,0.0743801652892562,0.17355371900826447,0.049586776859504134,0.08264462809917356,0.19834710743801653,0.12396694214876033,0.09917355371900827,0.19834710743801653
earth,0.10526315789473684,0.12030075187969924,0.10526315789473684,0.15413533834586465,0.13909774436090225,0.18045112781954886,0.03007518796992481,0.16541353383458646
many,0.10625,0.14375,0.08125,0.1625,0.1375,0.19375,0.05,0.125
tomb,0.05128205128205128,0.20512820512820512,0.05128205128205128,0.05128205128205128,0.1794871794871795,0.20512820512820512,0.10256410256410256,0.15384615384615385
virgin,0.16901408450704225,0.07042253521126761,0.11267605633802817,0.19718309859154928,0.028169014084507043,0.19718309859154928,0.04225352112676056,0.18309859154929578
eye,0.11281070745697896,0.13001912045889102,0.09177820267686425,0.14722753346080306,0.15678776290630975,0.15487571701720843,0.0745697896749522,0.13193116634799235
beheld,0.07936507936507936,0.1746031746031746,0.09523809523809523,0.11904761904761904,0.15873015873015872,0.1349206349206349,0.0873015873015873,0.15079365079365079
pale,0.11965811965811966,0.09401709401709402,0.1282051282051282,0.1623931623931624,0.05128205128205128,0.23931623931623933,0.07692307692307693,0.1282051282051282
flames,0.1568627450980392,0.11764705882352941,0.058823529411764705,0.27450980392156865,0.058823529411764705,0.23529411764705882,0.0392156862745098,0.058823529411764705
man,0.11550632911392406,0.11867088607594936,0.10443037974683544,0.1550632911392405,0.14556962025316456,0.15664556962025317,0.06487341772151899,0.13924050632911392
sat,0.20930232558139536,0.10465116279069768,0.19767441860465115,0.1744186046511628,0.05813953488372093,0.16279069767441862,0.023255813953488372,0.06976744186046512
near,0.10526315789473684,0.17543859649122806,0.21052631578947367,0.17543859649122806,0.10526315789473684,0.15789473684210525,0.03508771929824561,0.03508771929824561
days,0.09722222222222222,0.20833333333333334,0.09722222222222222,0.041666666666666664,0.19444444444444445,0.1527777777777778,0.08333333333333333,0.125
fallen,0.1509433962264151,0.1509433962264151,0.11320754716981132,0.16981132075471697,0.1320754716981132,0.1509433962264151,0.018867924528301886,0.11320754716981132
seen,0.1301775147928994,0.10059171597633136,0.11834319526627218,0.17751479289940827,0.10650887573964497,0.15384615384615385,0.07100591715976332,0.14201183431952663
large,0.18181818181818182,0.07272727272727272,0.14545454545454545,0.2,0.03636363636363636,0.2727272727272727,0.05454545454545454,0.03636363636363636
fix,0.10416666666666667,0.10416666666666667,0.0625,0.1875,0.16666666666666666,0.1875,0.0625,0.125
full,0.1276595744680851,0.1702127659574468,0.11347517730496454,0.1276595744680851,0.1276595744680851,0.1276595744680851,0.05673758865248227,0.14893617021276595
stream,0.15384615384615385,0.10650887573964497,0.15384615384615385,0.16568047337278108,0.08875739644970414,0.1301775147928994,0.10059171597633136,0.10059171597633136
light,0.1437125748502994,0.11377245508982035,0.07784431137724551,0.1497005988023952,0.11377245508982035,0.16766467065868262,0.08982035928143713,0.1437125748502994
hue,0.14814814814814814,0.09259259259259259,0.07407407407407407,0.12962962962962962,0.14814814814814814,0.16666666666666666,0.12962962962962962,0.1111111111111111
death,0.15267175572519084,0.11704834605597965,0.13486005089058525,0.19083969465648856,0.05343511450381679,0.20610687022900764,0.08651399491094147,0.058524173027989825
limbs,0.11363636363636363,0.11363636363636363,0.11363636363636363,0.25,0.045454545454545456,0.25,0.09090909090909091,0.022727272727272728
voice,0.07051282051282051,0.1346153846153846,0.09615384615384616,0.1346153846153846,0.16666666666666666,0.16025641025641027,0.10256410256410256,0.1346153846153846
exclaim,0.13333333333333333,0.15555555555555556,0.1111111111111111,0.2222222222222222,0.06666666666666667,0.08888888888888889,0.15555555555555556,0.06666666666666667
welcome,0.061224489795918366,0.12244897959183673,0.061224489795918366,0.10204081632653061,0.14285714285714285,0.2857142857142857,0.12244897959183673,0.10204081632653061
despair,0.18333333333333332,0.05,0.2,0.2,0.03333333333333333,0.21666666666666667,0.06666666666666667,0.05
thou,0.09534368070953436,0.13747228381374724,0.08647450110864745,0.1419068736141907,0.14634146341463414,0.17960088691796008,0.07760532150776053,0.1352549889135255
whose,0.10275689223057644,0.13533834586466165,0.09523809523809523,0.14285714285714285,0.16791979949874686,0.15789473684210525,0.06265664160401002,0.13533834586466165
grief,0.06818181818181818,0.11363636363636363,0.045454545454545456,0.11363636363636363,0.18181818181818182,0.3181818181818182,0.045454545454545456,0.11363636363636363
sad,0.14285714285714285,0.07142857142857142,0.16071428571428573,0.21428571428571427,0.017857142857142856,0.32142857142857145,0.03571428571428571,0.03571428571428571
gloom,0.05555555555555555,0.1111111111111111,0.05555555555555555,0.1111111111111111,0.16666666666666666,0.2777777777777778,0.05555555555555555,0.16666666666666666
eternal,0.04477611940298507,0.1791044776119403,0.08955223880597014,0.1044776119402985,0.1791044776119403,0.14925373134328357,0.1044776119402985,0.14925373134328357
never,0.11074918566775244,0.13029315960912052,0.11400651465798045,0.14006514657980457,0.10749185667752444,0.20846905537459284,0.07166123778501629,0.11726384364820847
morning,0.031746031746031744,0.19047619047619047,0.06349206349206349,0.047619047619047616,0.19047619047619047,0.19047619047619047,0.1111111111111111,0.1746031746031746
sun,0.10778443113772455,0.12574850299401197,0.0658682634730539,0.11976047904191617,0.1497005988023952,0.15568862275449102,0.1377245508982036,0.1377245508982036
bosom,0.0,0.15384615384615385,0.02564102564102564,0.10256410256410256,0.23076923076923078,0.1794871794871795,0.05128205128205128,0.2564102564102564
king,0.04,0.18,0.02,0.1,0.14,0.16,0.12,0.24
led,0.1574074074074074,0.08333333333333333,0.12962962962962962,0.2037037037037037,0.10185185185185185,0.19444444444444445,0.027777777777777776,0.10185185185185185
roof,0.15789473684210525,0.10526315789473684,0.05263157894736842,0.15789473684210525,0.10526315789473684,0.18421052631578946,0.10526315789473684,0.13157894736842105
saints,0.16326530612244897,0.10204081632653061,0.12244897959183673,0.12244897959183673,0.12244897959183673,0.16326530612244897,0.04081632653061224,0.16326530612244897
ground,0.10869565217391304,0.15217391304347827,0.021739130434782608,0.08695652173913043,0.13043478260869565,0.10869565217391304,0.06521739130434782,0.32608695652173914
heap,0.14583333333333334,0.10416666666666667,0.041666666666666664,0.10416666666666667,0.25,0.10416666666666667,0.041666666666666664,0.20833333333333334
spake,0.11458333333333333,0.14583333333333334,0.07291666666666667,0.10416666666666667,0.19791666666666666,0.11458333333333333,0.09375,0.15625
human,0.11940298507462686,0.09701492537313433,0.17164179104477612,0.1791044776119403,0.09701492537313433,0.17164179104477612,0.07462686567164178,0.08955223880597014
glory,0.06315789473684211,0.28421052631578947,0.0,0.07368421052631578,0.2631578947368421,0.042105263157894736,0.031578947368421054,0.24210526315789474
vain,0.16243654822335024,0.06091370558375635,0.1319796954314721,0.19289340101522842,0.09137055837563451,0.18781725888324874,0.050761421319796954,0.1218274111675127
loud,0.12857142857142856,0.17142857142857143,0.08571428571428572,0.15714285714285714,0.1,0.12857142857142856,0.1,0.12857142857142856
tower,0.15625,0.09375,0.15625,0.1875,0.03125,0.203125,0.078125,0.09375
tempest,0.15789473684210525,0.13157894736842105,0.02631578947368421,0.21052631578947367,0.02631578947368421,0.13157894736842105,0.21052631578947367,0.10526315789473684
silent,0.15151515151515152,0.09090909090909091,0.06060606060606061,0.18181818181818182,0.15151515151515152,0.15151515151515152,0.06060606060606061,0.15151515151515152
often,0.1,0.175,0.125,0.075,0.1375,0.1625,0.0625,0.1625
might,0.0967741935483871,0.16666666666666666,0.08602150537634409,0.15053763440860216,0.12903225806451613,0.15053763440860216,0.06989247311827956,0.15053763440860216
door,0.112,0.176,0.056,0.152,0.144,0.104,0.056,0.2
cold,0.08035714285714286,0.15625,0.06696428571428571,0.1875,0.15625,0.12053571428571429,0.07589285714285714,0.15625
horror,0.17142857142857143,0.04285714285714286,0.17142857142857143,0.21428571428571427,0.02857142857142857,0.21428571428571427,0.1,0.05714285714285714
frame,0.16161616161616163,0.13131313131313133,0.09090909090909091,0.21212121212121213,0.1111111111111111,0.15151515151515152,0.0707070707070707,0.0707070707070707
stood,0.15486725663716813,0.084070796460177,0.12389380530973451,0.19911504424778761,0.09734513274336283,0.1504424778761062,0.07964601769911504,0.11061946902654868
vault,0.17073170731707318,0.04878048780487805,0.0975609756097561,0.17073170731707318,0.07317073170731707,0.21951219512195122,0.12195121951219512,0.0975609756097561
lamp,0.13157894736842105,0.15789473684210525,0.02631578947368421,0.15789473684210525,0.13157894736842105,0.15789473684210525,0.02631578947368421,0.21052631578947367
dim,0.21666666666666667,0.06666666666666667,0.11666666666666667,0.23333333333333334,0.03333333333333333,0.23333333333333334,0.06666666666666667,0.03333333333333333
dead,0.13526570048309178,0.09178743961352658,0.1111111111111111,0.18357487922705315,0.0966183574879227,0.1932367149758454,0.06763285024154589,0.12077294685990338
cried,0.05660377358490566,0.1509433962264151,0.11320754716981132,0.20754716981132076,0.09433962264150944,0.18867924528301888,0.09433962264150944,0.09433962264150944
mortality,0.21428571428571427,0.10714285714285714,0.10714285714285714,0.25,0.07142857142857142,0.16071428571428573,0.05357142857142857,0.03571428571428571
gaze,0.1111111111111111,0.13333333333333333,0.08888888888888889,0.2,0.13333333333333333,0.1111111111111111,0.08888888888888889,0.13333333333333333
ghastly,0.1411764705882353,0.07058823529411765,0.17647058823529413,0.25882352941176473,0.058823529411764705,0.16470588235294117,0.058823529411764705,0.07058823529411765
seem,0.08,0.12,0.08,0.2,0.13333333333333333,0.14666666666666667,0.06666666666666667,0.17333333333333334
mock,0.16666666666666666,0.07142857142857142,0.19047619047619047,0.16666666666666666,0.07142857142857142,0.21428571428571427,0.023809523809523808,0.09523809523809523
thy,0.12538226299694188,0.13149847094801223,0.09174311926605505,0.19877675840978593,0.10397553516819572,0.1437308868501529,0.07339449541284404,0.13149847094801223
thus,0.10687022900763359,0.1450381679389313,0.12213740458015267,0.17557251908396945,0.1297709923664122,0.16030534351145037,0.030534351145038167,0.1297709923664122
cheek,0.16666666666666666,0.1,0.1111111111111111,0.17777777777777778,0.15555555555555556,0.12222222222222222,0.044444444444444446,0.12222222222222222
must,0.13385826771653545,0.11023622047244094,0.10236220472440945,0.1732283464566929,0.10236220472440945,0.14960629921259844,0.05511811023622047,0.1732283464566929
child,0.08,0.2342857142857143,0.06857142857142857,0.09142857142857143,0.24,0.13714285714285715,0.05714285714285714,0.09142857142857143
dread,0.10909090909090909,0.21818181818181817,0.05454545454545454,0.2545454545454545,0.03636363636363636,0.18181818181818182,0.09090909090909091,0.05454545454545454
thought,0.07792207792207792,0.22077922077922077,0.1038961038961039,0.14935064935064934,0.1038961038961039,0.16233766233766234,0.05194805194805195,0.12987012987012986
warm,0.16666666666666666,0.12745098039215685,0.09803921568627451,0.17647058823529413,0.11764705882352941,0.13725490196078433,0.06862745098039216,0.10784313725490197
life,0.13245033112582782,0.13245033112582782,0.10154525386313466,0.16997792494481237,0.1280353200883002,0.16114790286975716,0.06181015452538632,0.11258278145695365
dreadful,0.18666666666666668,0.14,0.15333333333333332,0.24,0.03333333333333333,0.2,0.02,0.02666666666666667
suffering,0.1232876712328767,0.0821917808219178,0.1780821917808219,0.2465753424657534,0.0684931506849315,0.2465753424657534,0.0136986301369863,0.0410958904109589
peace,0.08421052631578947,0.15789473684210525,0.09473684210526316,0.15789473684210525,0.15789473684210525,0.14736842105263157,0.031578947368421054,0.16842105263157894
throb,0.08,0.14,0.1,0.2,0.14,0.24,0.02,0.08
grave,0.05232558139534884,0.09302325581395349,0.0872093023255814,0.2441860465116279,0.11046511627906977,0.26744186046511625,0.01744186046511628,0.12790697674418605
think,0.07476635514018691,0.205607476635514,0.09345794392523364,0.1588785046728972,0.08411214953271028,0.19626168224299065,0.056074766355140186,0.1308411214953271
lost,0.12598425196850394,0.09448818897637795,0.09448818897637795,0.14173228346456693,0.13385826771653545,0.2125984251968504,0.03937007874015748,0.15748031496062992
knowledge,0.20512820512820512,0.10256410256410256,0.07692307692307693,0.1282051282051282,0.1282051282051282,0.20512820512820512,0.0,0.15384615384615385
loss,0.2222222222222222,0.1111111111111111,0.05555555555555555,0.19444444444444445,0.05555555555555555,0.2777777777777778,0.027777777777777776,0.05555555555555555
therefore,0.1590909090909091,0.10606060606060606,0.10606060606060606,0.1893939393939394,0.09848484848484848,0.19696969696969696,0.03787878787878788,0.10606060606060606
haste,0.08108108108108109,0.4864864864864865,0.10810810810810811,0.13513513513513514,0.0,0.10810810810810811,0.0,0.08108108108108109
seat,0.10526315789473684,0.15789473684210525,0.08771929824561403,0.15789473684210525,0.12280701754385964,0.22807017543859648,0.03508771929824561,0.10526315789473684
drew,0.11764705882352941,0.11764705882352941,0.058823529411764705,0.23529411764705882,0.14705882352941177,0.14705882352941177,0.08823529411764706,0.08823529411764706
dagger,0.19047619047619047,0.047619047619047616,0.09523809523809523,0.38095238095238093,0.047619047619047616,0.14285714285714285,0.047619047619047616,0.047619047619047616
breast,0.11214953271028037,0.1588785046728972,0.06542056074766354,0.12149532710280374,0.18691588785046728,0.14018691588785046,0.056074766355140186,0.1588785046728972
one,0.09172661870503597,0.11690647482014388,0.10251798561151079,0.16366906474820145,0.14388489208633093,0.14928057553956833,0.06474820143884892,0.1672661870503597
rest,0.09417040358744394,0.13004484304932734,0.09865470852017937,0.17937219730941703,0.13452914798206278,0.17488789237668162,0.04932735426008968,0.13901345291479822
fiend,0.15463917525773196,0.10824742268041238,0.12886597938144329,0.19072164948453607,0.11855670103092783,0.11855670103092783,0.061855670103092786,0.11855670103092783
next,0.1511627906976744,0.09302325581395349,0.1511627906976744,0.18604651162790697,0.05813953488372093,0.22093023255813954,0.08139534883720931,0.05813953488372093
gave,0.1452991452991453,0.09401709401709402,0.1452991452991453,0.1794871794871795,0.1111111111111111,0.13675213675213677,0.06837606837606838,0.11965811965811966
sound,0.15151515151515152,0.15151515151515152,0.10606060606060606,0.19696969696969696,0.09090909090909091,0.10606060606060606,0.09090909090909091,0.10606060606060606
air,0.1111111111111111,0.09523809523809523,0.1111111111111111,0.1746031746031746,0.15873015873015872,0.14285714285714285,0.047619047619047616,0.15873015873015872
dews,0.10256410256410256,0.10256410256410256,0.07692307692307693,0.1282051282051282,0.20512820512820512,0.1282051282051282,0.10256410256410256,0.15384615384615385
clay,0.11940298507462686,0.13432835820895522,0.07462686567164178,0.19402985074626866,0.13432835820895522,0.16417910447761194,0.05970149253731343,0.11940298507462686
broad,0.21794871794871795,0.05128205128205128,0.16666666666666666,0.19230769230769232,0.038461538461538464,0.20512820512820512,0.05128205128205128,0.07692307692307693
corpse,0.07142857142857142,0.07142857142857142,0.25,0.16666666666666666,0.08333333333333333,0.23809523809523808,0.03571428571428571,0.08333333333333333
mass,0.17391304347826086,0.043478260869565216,0.1956521739130435,0.1956521739130435,0.043478260869565216,0.21739130434782608,0.021739130434782608,0.10869565217391304
lovely,0.0784313725490196,0.19607843137254902,0.058823529411764705,0.0392156862745098,0.23529411764705882,0.11764705882352941,0.09803921568627451,0.17647058823529413
art,0.05,0.175,0.0625,0.0375,0.2125,0.225,0.15,0.0875
mild,0.04,0.18,0.02,0.12,0.28,0.08,0.06,0.22
seest,0.09090909090909091,0.14545454545454545,0.10909090909090909,0.09090909090909091,0.18181818181818182,0.16363636363636364,0.05454545454545454,0.16363636363636364
white,0.048,0.224,0.048,0.048,0.272,0.048,0.048,0.264
fondly,0.02702702702702703,0.21621621621621623,0.02702702702702703,0.13513513513513514,0.2702702702702703,0.05405405405405406,0.05405405405405406,0.21621621621621623
priest,0.0,0.25,0.0,0.1,0.25,0.1,0.0,0.3
bless,0.08333333333333333,0.17708333333333334,0.07291666666666667,0.125,0.19791666666666666,0.10416666666666667,0.0,0.23958333333333334
coming,0.0425531914893617,0.2765957446808511,0.0851063829787234,0.10638297872340426,0.1702127659574468,0.06382978723404255,0.0425531914893617,0.2127659574468085
joy,0.06164383561643835,0.1506849315068493,0.0547945205479452,0.07534246575342465,0.3082191780821918,0.10273972602739725,0.0821917808219178,0.1643835616438356
cast,0.08571428571428572,0.17142857142857143,0.08571428571428572,0.14285714285714285,0.17142857142857143,0.11428571428571428,0.02857142857142857,0.2
went,0.0989010989010989,0.13736263736263737,0.09340659340659341,0.15384615384615385,0.14835164835164835,0.10989010989010989,0.07142857142857142,0.18681318681318682
war,0.12857142857142856,0.1,0.12857142857142856,0.22857142857142856,0.1,0.15714285714285714,0.0,0.15714285714285714
live,0.08433734939759036,0.1927710843373494,0.07228915662650602,0.14457831325301204,0.13253012048192772,0.14457831325301204,0.04819277108433735,0.18072289156626506
