,anger,anticipation,disgust,fear,joy,sadness,surprise,trust
project,0.125,0.1590909090909091,0.06022727272727273,0.04545454545454546,0.1,0.07386363636363637,0.013636363636363637,0.42272727272727273
gutenberg,0.08837209302325583,0.2186046511627907,0.08837209302325583,0.041860465116279076,0.0558139534883721,0.1116279069767442,0.0,0.39534883720930236
fanshawe,0.09283819628647215,0.17771883289124668,0.061007957559681705,0.14058355437665784,0.11671087533156499,0.12466843501326261,0.09283819628647215,0.19363395225464192
hawthorne,0.0,0.20833333333333334,0.041666666666666664,0.041666666666666664,0.16666666666666666,0.08333333333333333,0.08333333333333333,0.375
use,0.10526315789473684,0.2005012531328321,0.07017543859649124,0.10025062656641605,0.14536340852130325,0.06015037593984962,0.05513784461152882,0.2631578947368421
united,0.056818181818181816,0.18749999999999997,0.031249999999999997,0.07670454545454544,0.08806818181818181,0.05113636363636363,0.03409090909090909,0.4744318181818181
states,0.05054945054945054,0.167032967032967,0.03516483516483516,0.0835164835164835,0.10769230769230767,0.06593406593406592,0.030769230769230767,0.4593406593406593
world,0.08482142857142856,0.16517857142857142,0.04910714285714285,0.08928571428571429,0.1875,0.11160714285714286,0.0625,0.25
almost,0.1016949152542373,0.1719128329297821,0.0774818401937046,0.14285714285714288,0.13317191283292978,0.13075060532687652,0.07506053268765134,0.16707021791767557
may,0.09978308026030368,0.1952277657266811,0.06290672451193058,0.10412147505422992,0.13449023861171366,0.09436008676789587,0.04772234273318871,0.26138828633405636
copy,0.21126760563380284,0.09154929577464789,0.09859154929577467,0.06338028169014086,0.021126760563380285,0.06338028169014086,0.021126760563380285,0.42957746478873243
give,0.10621761658031088,0.18911917098445596,0.07512953367875648,0.11139896373056996,0.11398963730569948,0.11917098445595856,0.06735751295336788,0.21761658031088085
away,0.11020408163265308,0.1673469387755102,0.06122448979591837,0.17755102040816328,0.10408163265306124,0.13265306122448983,0.08571428571428573,0.16122448979591839
terms,0.11627906976744189,0.12093023255813955,0.04651162790697675,0.07906976744186048,0.1302325581395349,0.051162790697674425,0.037209302325581395,0.4186046511627908
license,0.11428571428571428,0.22857142857142856,0.07619047619047618,0.08571428571428572,0.11428571428571428,0.08571428571428572,0.02857142857142857,0.26666666666666666
country,0.084070796460177,0.16519174041297935,0.06342182890855458,0.12094395280235988,0.1224188790560472,0.11799410029498525,0.06342182890855458,0.2625368731563422
date,0.0,0.23684210526315788,0.026315789473684206,0.05263157894736841,0.07894736842105263,0.15789473684210525,0.05263157894736841,0.3947368421052631
first,0.07706592386258125,0.2098421541318477,0.04549675023212627,0.11420612813370473,0.1457753017641597,0.09006499535747448,0.07892293407613742,0.23862581244196845
english,0.05555555555555555,0.19444444444444445,0.07407407407407407,0.05555555555555555,0.1388888888888889,0.07407407407407407,0.06481481481481483,0.3425925925925926
produced,0.08387096774193548,0.18064516129032257,0.09032258064516129,0.10322580645161289,0.10967741935483871,0.0967741935483871,0.07741935483870967,0.25806451612903225
three,0.07699901283316882,0.2013820335636723,0.03948667324777888,0.1303060217176703,0.14116485686080948,0.10069101678183615,0.07206317867719646,0.23790720631786774
years,0.08378870673952642,0.16939890710382513,0.06557377049180328,0.15482695810564662,0.12386156648451731,0.1384335154826958,0.04189435336976321,0.2222222222222222
college,0.01342281879194631,0.1812080536912752,0.020134228187919465,0.0738255033557047,0.1946308724832215,0.10067114093959734,0.1208053691275168,0.2953020134228188
romance,0.03773584905660378,0.15094339622641512,0.01886792452830189,0.13207547169811323,0.15094339622641512,0.13207547169811323,0.13207547169811323,0.24528301886792456
made,0.0725,0.22583333333333333,0.04333333333333333,0.115,0.1625,0.07166666666666667,0.08666666666666666,0.2225
little,0.09145129224652088,0.17196819085487078,0.05069582504970179,0.12524850894632208,0.14115308151093442,0.11431411530815111,0.07455268389662029,0.23061630218687873
public,0.047445255474452545,0.3686131386861313,0.0218978102189781,0.0656934306569343,0.10218978102189781,0.05474452554744525,0.05474452554744525,0.2846715328467153
struck,0.14754098360655737,0.1721311475409836,0.06557377049180328,0.19672131147540986,0.09016393442622951,0.13114754098360656,0.06557377049180328,0.13114754098360656
came,0.10199556541019958,0.16851441241685144,0.05764966740576497,0.1286031042128603,0.13968957871396898,0.09312638580931265,0.11308203991130822,0.19733924611973397
known,0.0737327188940092,0.18433179723502302,0.05990783410138248,0.12903225806451613,0.13364055299539168,0.12442396313364054,0.08755760368663593,0.20737327188940088
attempted,0.11851851851851851,0.1925925925925926,0.07407407407407408,0.17037037037037037,0.11851851851851851,0.10370370370370371,0.03703703703703704,0.1851851851851852
youthful,0.13333333333333333,0.18333333333333332,0.05,0.16666666666666669,0.06666666666666667,0.16666666666666669,0.1,0.13333333333333333
work,0.1530612244897959,0.1618075801749271,0.043731778425655975,0.07871720116618075,0.10787172011661807,0.0932944606413994,0.043731778425655975,0.3177842565597668
successful,0.058064516129032254,0.25806451612903225,0.012903225806451611,0.07741935483870967,0.2258064516129032,0.08387096774193548,0.051612903225806445,0.23225806451612901
copies,0.20720720720720723,0.12612612612612614,0.10810810810810811,0.0990990990990991,0.0990990990990991,0.018018018018018018,0.009009009009009009,0.33333333333333337
death,0.14142857142857143,0.1442857142857143,0.12142857142857143,0.17285714285714288,0.04857142857142858,0.18142857142857147,0.09428571428571429,0.09571428571428571
view,0.09203980099502489,0.19154228855721395,0.05472636815920398,0.12437810945273632,0.11691542288557213,0.11940298507462686,0.10199004975124377,0.19900497512437812
interest,0.05389221556886228,0.24550898203592814,0.04790419161676646,0.08383233532934133,0.15568862275449102,0.09580838323353293,0.10778443113772455,0.20958083832335328
manifested,0.12244897959183675,0.163265306122449,0.06122448979591837,0.1836734693877551,0.12244897959183675,0.14285714285714288,0.0816326530612245,0.12244897959183675
beginning,0.09090909090909091,0.18181818181818182,0.0606060606060606,0.1212121212121212,0.1212121212121212,0.09090909090909091,0.15151515151515152,0.18181818181818182
beyond,0.07885304659498207,0.1827956989247312,0.04659498207885304,0.14336917562724014,0.15412186379928317,0.10752688172043011,0.07168458781362007,0.21505376344086022
fact,0.08875739644970415,0.14201183431952663,0.047337278106508875,0.15384615384615385,0.09467455621301775,0.08875739644970415,0.047337278106508875,0.33727810650887574
mr.,0.06735395189003436,0.1979381443298969,0.032989690721649485,0.12439862542955327,0.1429553264604811,0.08316151202749142,0.06529209621993128,0.2859106529209622
found,0.05233494363929147,0.10789049919484701,0.033011272141706925,0.09742351046698873,0.2648953301127214,0.07407407407407408,0.04106280193236715,0.32930756843800324
general,0.06818181818181819,0.13111888111888112,0.03146853146853147,0.08216783216783217,0.12412587412587414,0.055944055944055944,0.06118881118881119,0.44580419580419584
situation,0.11369509043927647,0.19638242894056845,0.06718346253229973,0.11627906976744186,0.09302325581395349,0.12403100775193798,0.10852713178294573,0.1808785529715762
life,0.10199004975124377,0.15920398009950248,0.07711442786069653,0.1442786069651741,0.13432835820895522,0.15671641791044777,0.05970149253731343,0.16666666666666666
time,0.07249850209706413,0.3373277411623727,0.04313960455362493,0.10724985020970643,0.11443978430197724,0.09346914319952068,0.07249850209706413,0.1593768723786699
charge,0.1116279069767442,0.22790697674418606,0.03255813953488373,0.10232558139534885,0.13488372093023257,0.07441860465116279,0.060465116279069774,0.2558139534883721
study,0.06000000000000001,0.18000000000000002,0.02,0.06000000000000001,0.20000000000000004,0.08,0.08,0.32
's,0.08207070707070707,0.20012626262626262,0.04292929292929293,0.1268939393939394,0.13731060606060605,0.09627525252525253,0.0808080808080808,0.23358585858585856
even,0.09348441926345609,0.16147308781869688,0.05240793201133145,0.12181303116147309,0.14589235127478753,0.13172804532577903,0.05807365439093484,0.23512747875354106
impossible,0.058823529411764705,0.17647058823529413,0.06862745098039216,0.1568627450980392,0.09803921568627451,0.22549019607843138,0.058823529411764705,0.1568627450980392
intended,0.06334841628959276,0.34841628959276016,0.04072398190045248,0.08144796380090497,0.09502262443438914,0.10859728506787329,0.03619909502262443,0.22624434389140272
character,0.08923076923076922,0.17846153846153845,0.04,0.13538461538461538,0.15692307692307694,0.08923076923076922,0.06153846153846154,0.24923076923076923
present,0.047664442326024785,0.224976167778837,0.023832221163012392,0.05052430886558627,0.20114394661582458,0.04957102001906577,0.17159199237368922,0.23069590085795996
thought,0.10658307210031348,0.3009404388714733,0.0689655172413793,0.13166144200626959,0.0909090909090909,0.09717868338557993,0.05956112852664576,0.14420062695924765
might,0.0841300191204589,0.21892925430210325,0.035372848948374766,0.15869980879541112,0.12237093690248567,0.10133843212237095,0.09847036328871894,0.18068833652007651
however,0.09090909090909091,0.1573802541544477,0.06158357771260997,0.1270772238514174,0.13196480938416422,0.12121212121212122,0.08308895405669599,0.22678396871945258
perhaps,0.08360128617363344,0.19292604501607716,0.067524115755627,0.10610932475884244,0.135048231511254,0.09967845659163987,0.09646302250803858,0.21864951768488747
whose,0.0912,0.16480000000000003,0.048,0.1312,0.14720000000000003,0.10560000000000001,0.08000000000000002,0.23200000000000004
shall,0.08424908424908426,0.18681318681318682,0.03663003663003663,0.13186813186813187,0.13553113553113555,0.10256410256410257,0.10256410256410257,0.21978021978021978
though,0.0881488736532811,0.178256611165524,0.055827619980411365,0.13809990205680706,0.13516160626836435,0.12634671890303625,0.059745347698334964,0.21841332027424093
one,0.08755573571139036,0.16214025131738957,0.05715443858937982,0.1378192136197811,0.13619781110660723,0.11836238346169436,0.07823267126064046,0.22253749493311717
new,0.08052884615384615,0.20913461538461536,0.04687499999999999,0.12499999999999997,0.11538461538461536,0.09615384615384615,0.039663461538461536,0.28725961538461536
name,0.05898876404494382,0.14606741573033707,0.06460674157303371,0.07584269662921347,0.18258426966292135,0.08426966292134831,0.06741573033707865,0.3202247191011236
harley,0.0,0.20833333333333334,0.027777777777777776,0.08333333333333333,0.20833333333333334,0.05555555555555555,0.1388888888888889,0.2777777777777778
without,0.09167671893848008,0.17852834740651385,0.04825090470446321,0.14716525934861277,0.12183353437876958,0.1278648974668275,0.0723763570566948,0.21230398069963807
reverence,0.07017543859649122,0.14035087719298245,0.07017543859649122,0.10526315789473684,0.2456140350877193,0.08771929824561404,0.08771929824561404,0.19298245614035087
age,0.08510638297872339,0.17021276595744678,0.042553191489361694,0.10638297872340426,0.2127659574468085,0.10638297872340426,0.06382978723404255,0.2127659574468085
many,0.08460754332313966,0.17737003058103976,0.06931702344546381,0.12436289500509683,0.14475025484199797,0.1233435270132518,0.06014271151885831,0.2161060142711519
since,0.06935123042505593,0.18120805369127516,0.04697986577181208,0.12751677852348994,0.12527964205816555,0.14317673378076062,0.087248322147651,0.2192393736017897
foundation,0.10344827586206898,0.15517241379310345,0.030172413793103453,0.017241379310344827,0.09051724137931035,0.12931034482758622,0.012931034482758622,0.46120689655172414
indeed,0.07949790794979078,0.1715481171548117,0.0502092050209205,0.09623430962343096,0.16736401673640167,0.11297071129707112,0.06694560669456066,0.2552301255230125
nearly,0.0855614973262032,0.1711229946524064,0.05080213903743316,0.12032085561497327,0.11497326203208558,0.09893048128342247,0.07754010695187166,0.2807486631016043
acquired,0.03448275862068965,0.17241379310344826,0.03448275862068965,0.2068965517241379,0.10344827586206895,0.2068965517241379,0.0689655172413793,0.17241379310344826
fame,0.09090909090909091,0.21212121212121213,0.0606060606060606,0.18181818181818182,0.15151515151515152,0.1212121212121212,0.0303030303030303,0.15151515151515152
circumstances,0.06896551724137931,0.18226600985221675,0.059113300492610835,0.11330049261083744,0.18226600985221675,0.11330049261083744,0.07389162561576354,0.20689655172413793
need,0.0784313725490196,0.18627450980392157,0.0392156862745098,0.10784313725490195,0.16666666666666669,0.058823529411764705,0.08823529411764706,0.27450980392156865
late,0.03831417624521073,0.19157088122605365,0.022988505747126436,0.11494252873563218,0.13793103448275862,0.23754789272030652,0.07662835249042146,0.18007662835249041
degrees,0.05472103004291845,0.19957081545064376,0.04935622317596566,0.10300429184549356,0.17167381974248927,0.07725321888412016,0.11480686695278969,0.22961373390557938
two,0.08658823529411766,0.1816470588235294,0.056,0.1388235294117647,0.12988235294117648,0.09929411764705882,0.08141176470588236,0.22635294117647062
days,0.08769230769230768,0.20307692307692307,0.029230769230769227,0.11846153846153845,0.13999999999999999,0.1276923076923077,0.09076923076923077,0.20307692307692307
accustomed,0.1092436974789916,0.1596638655462185,0.04201680672268908,0.10084033613445378,0.2184873949579832,0.09243697478991597,0.06722689075630252,0.2100840336134454
yet,0.07704160246533127,0.19568567026194145,0.06317411402157164,0.13713405238828968,0.14021571648690292,0.1140215716486903,0.07550077041602464,0.19722650231124805
always,0.09482758620689653,0.18965517241379307,0.06034482758620689,0.1293103448275862,0.17241379310344826,0.09482758620689653,0.09482758620689653,0.16379310344827583
full,0.12709030100334448,0.17725752508361203,0.060200668896321065,0.13043478260869565,0.12709030100334448,0.08361204013377926,0.07692307692307693,0.21739130434782608
share,0.029239766081871347,0.23391812865497078,0.04678362573099415,0.06432748538011696,0.25146198830409355,0.06432748538011696,0.06432748538011696,0.24561403508771928
whatever,0.1,0.10833333333333332,0.08333333333333334,0.1,0.16666666666666669,0.11666666666666667,0.11666666666666667,0.20833333333333334
deep,0.09345794392523364,0.15186915887850466,0.0630841121495327,0.1542056074766355,0.13551401869158877,0.1378504672897196,0.08411214953271028,0.17990654205607476
set,0.10736196319018405,0.17484662576687118,0.03987730061349693,0.1334355828220859,0.13957055214723926,0.11503067484662578,0.06748466257668712,0.22239263803680984
men,0.09111111111111111,0.18518518518518517,0.05185185185185185,0.13333333333333333,0.1511111111111111,0.09037037037037036,0.08962962962962963,0.2074074074074074
state,0.07473309608540925,0.17200474495848161,0.045077105575326216,0.10320284697508897,0.12455516014234876,0.10913404507710558,0.06405693950177936,0.30723606168446027
knowledge,0.075,0.175,0.05,0.14166666666666666,0.13333333333333333,0.10833333333333332,0.08333333333333334,0.23333333333333334
far,0.0918032786885246,0.19180327868852462,0.05081967213114755,0.13114754098360656,0.14426229508196722,0.1098360655737705,0.0639344262295082,0.21639344262295085
sight,0.09282700421940927,0.1729957805907173,0.05063291139240506,0.13924050632911392,0.14345991561181434,0.1308016877637131,0.09704641350210971,0.1729957805907173
sound,0.10759493670886075,0.15189873417721517,0.06329113924050632,0.13924050632911392,0.11392405063291139,0.12658227848101264,0.07594936708860758,0.2215189873417721
literary,0.11111111111111112,0.15873015873015875,0.031746031746031744,0.007936507936507936,0.0873015873015873,0.15873015873015875,0.015873015873015872,0.42857142857142855
habits,0.10273972602739725,0.17123287671232876,0.0821917808219178,0.136986301369863,0.11643835616438356,0.1643835616438356,0.054794520547945195,0.17123287671232876
students,0.08510638297872339,0.1276595744680851,0.06382978723404255,0.10638297872340426,0.14893617021276595,0.08510638297872339,0.042553191489361694,0.34042553191489355
advantage,0.12432432432432432,0.2108108108108108,0.05405405405405405,0.16216216216216214,0.07027027027027026,0.09729729729729729,0.06486486486486485,0.2162162162162162
probably,0.11483253588516748,0.20095693779904308,0.052631578947368425,0.1291866028708134,0.11004784688995217,0.10526315789473685,0.09090909090909091,0.19617224880382778
caused,0.014814814814814814,0.1851851851851852,0.03703703703703704,0.16296296296296295,0.17037037037037037,0.1111111111111111,0.0962962962962963,0.2222222222222222
narrow,0.10897435897435898,0.12820512820512822,0.07051282051282051,0.18589743589743588,0.10256410256410256,0.12179487179487179,0.057692307692307696,0.22435897435897434
long,0.06415094339622641,0.3433962264150943,0.045283018867924525,0.10943396226415095,0.09811320754716982,0.1169811320754717,0.06163522012578616,0.1610062893081761
except,0.11711711711711711,0.12012012012012012,0.06306306306306306,0.12012012012012012,0.10810810810810811,0.16516516516516516,0.06006006006006006,0.24624624624624625
point,0.0901639344262295,0.17827868852459014,0.062499999999999986,0.14241803278688522,0.13524590163934425,0.08913934426229507,0.08196721311475409,0.22028688524590162
happy,0.050724637681159424,0.2753623188405797,0.02898550724637681,0.06521739130434782,0.21014492753623187,0.07246376811594203,0.050724637681159424,0.2463768115942029
valley,0.0693069306930693,0.11881188118811879,0.11881188118811879,0.14851485148514848,0.099009900990099,0.1386138613861386,0.059405940594059396,0.2475247524752475
stream,0.0855614973262032,0.1657754010695187,0.053475935828877004,0.14171122994652408,0.14973262032085563,0.13636363636363635,0.09090909090909091,0.1764705882352941
becomes,0.10810810810810811,0.13513513513513514,0.13513513513513514,0.21621621621621623,0.10810810810810811,0.13513513513513514,0.05405405405405406,0.10810810810810811
considerable,0.08493150684931508,0.19178082191780824,0.04931506849315069,0.12328767123287672,0.12876712328767123,0.10136986301369864,0.09589041095890412,0.22465753424657536
river,0.12143144350623242,0.16204262163248895,0.03297145154804986,0.16686771210293527,0.10092480900683555,0.1037394451145959,0.10494571773220748,0.2070767993566546
short,0.08894230769230771,0.25,0.05048076923076923,0.11538461538461539,0.13942307692307693,0.09615384615384616,0.08173076923076925,0.17788461538461542
distance,0.10519480519480522,0.19350649350649352,0.05194805194805196,0.14935064935064937,0.1103896103896104,0.10519480519480522,0.07142857142857144,0.212987012987013
along,0.12009237875288682,0.18013856812933024,0.05542725173210161,0.15011547344110854,0.12009237875288682,0.12009237875288682,0.04849884526558891,0.20554272517321015
pleasant,0.026785714285714284,0.23214285714285712,0.026785714285714284,0.05357142857142857,0.25,0.03571428571428571,0.17857142857142858,0.1964285714285714
scarcely,0.08450704225352114,0.1443661971830986,0.035211267605633804,0.15140845070422537,0.09859154929577467,0.28169014084507044,0.07746478873239437,0.12676056338028172
village,0.05555555555555555,0.1851851851851852,0.037037037037037035,0.07407407407407407,0.16666666666666666,0.0925925925925926,0.14814814814814814,0.24074074074074073
rather,0.06214689265536723,0.15254237288135594,0.0847457627118644,0.09322033898305085,0.15536723163841806,0.1497175141242938,0.059322033898305086,0.24293785310734464
much,0.09792709077912795,0.16368834882058614,0.06719085060757685,0.1343817012151537,0.13009292351679771,0.13295210864903503,0.07005003573981415,0.20371694067190851
inn,0.07079646017699115,0.1769911504424779,0.035398230088495575,0.09734513274336283,0.168141592920354,0.13274336283185842,0.08849557522123895,0.23008849557522124
spot,0.08298755186721993,0.15767634854771784,0.029045643153526975,0.13692946058091288,0.17012448132780084,0.09958506224066391,0.0912863070539419,0.2323651452282158
moderate,0.04516129032258064,0.11612903225806451,0.038709677419354833,0.06451612903225806,0.0967741935483871,0.25806451612903225,0.14838709677419354,0.23225806451612901
support,0.06666666666666667,0.1878787878787879,0.03636363636363636,0.10303030303030304,0.13333333333333333,0.09696969696969697,0.03636363636363636,0.3393939393939394
difficulties,0.08108108108108109,0.16216216216216217,0.05405405405405406,0.08108108108108109,0.10810810810810811,0.2702702702702703,0.08108108108108109,0.16216216216216217
degree,0.0955056179775281,0.1910112359550562,0.06741573033707866,0.15168539325842698,0.14606741573033707,0.0898876404494382,0.0898876404494382,0.16853932584269665
family,0.05389221556886228,0.22155688622754494,0.05389221556886228,0.10179640718562875,0.11377245508982035,0.1437125748502994,0.07784431137724551,0.23353293413173654
vicinity,0.06666666666666667,0.175,0.05,0.13333333333333333,0.13333333333333333,0.08333333333333334,0.08333333333333334,0.275
provided,0.09633027522935782,0.16972477064220187,0.04587155963302753,0.10550458715596332,0.14678899082568808,0.12385321100917433,0.05504587155963304,0.2568807339449542
least,0.09691629955947137,0.10132158590308371,0.08810572687224671,0.15418502202643172,0.14096916299559473,0.14096916299559473,0.06607929515418504,0.2114537444933921
education,0.10666666666666666,0.18666666666666668,0.05333333333333333,0.08,0.18666666666666668,0.04,0.13333333333333333,0.21333333333333332
thus,0.0948905109489051,0.170316301703163,0.0535279805352798,0.13381995133819952,0.12408759124087591,0.1070559610705596,0.0632603406326034,0.2530413625304136
described,0.1796875,0.11718749999999999,0.06249999999999999,0.14062499999999997,0.08593749999999999,0.12499999999999999,0.07031249999999999,0.21875
must,0.09074410163339383,0.21234119782214153,0.05626134301270417,0.12522686025408347,0.11978221415607984,0.09074410163339383,0.0689655172413793,0.23593466424682394
speak,0.021739130434782608,0.2608695652173913,0.021739130434782608,0.08695652173913043,0.2608695652173913,0.06521739130434782,0.08695652173913043,0.1956521739130435
head,0.09125475285171102,0.17490494296577946,0.0494296577946768,0.17490494296577946,0.12927756653992395,0.1444866920152091,0.053231939163498096,0.18250950570342203
period,0.07929515418502203,0.20704845814977976,0.04405286343612336,0.1629955947136564,0.1145374449339207,0.14537444933920707,0.0616740088105727,0.18502202643171808
learned,0.10031347962382443,0.19435736677115986,0.05329153605015674,0.1347962382445141,0.10031347962382443,0.11598746081504702,0.08150470219435735,0.21943573667711597
several,0.08269720101781171,0.17302798982188297,0.05597964376590331,0.1361323155216285,0.1297709923664122,0.11195928753180662,0.08524173027989822,0.22519083969465647
works,0.11904761904761907,0.16666666666666669,0.06250000000000001,0.04761904761904762,0.12500000000000003,0.020833333333333336,0.02380952380952381,0.43452380952380953
purposes,0.07017543859649122,0.21052631578947367,0.08771929824561404,0.22807017543859648,0.08771929824561404,0.15789473684210525,0.05263157894736842,0.10526315789473684
curiosity,0.057692307692307696,0.23076923076923078,0.057692307692307696,0.11538461538461539,0.07692307692307693,0.11538461538461539,0.19230769230769232,0.15384615384615385
private,0.026315789473684206,0.23684210526315788,0.026315789473684206,0.07894736842105263,0.15789473684210525,0.10526315789473682,0.10526315789473682,0.2631578947368421
dr.,0.08405438813349815,0.20395550061804696,0.02348578491965389,0.13102595797280595,0.13473423980222496,0.08529048207663782,0.08034610630407911,0.2571075401730531
melmoth,0.08905852417302798,0.16793893129770993,0.03816793893129771,0.1272264631043257,0.15267175572519084,0.11450381679389313,0.050890585241730284,0.2595419847328244
young,0.05197740112994351,0.23954802259887006,0.029378531073446325,0.07570621468926553,0.22485875706214686,0.0576271186440678,0.17740112994350282,0.14350282485875707
beneath,0.06666666666666665,0.1333333333333333,0.1111111111111111,0.1111111111111111,0.1333333333333333,0.1111111111111111,0.08888888888888888,0.2444444444444444
eye,0.09022556390977444,0.1804511278195489,0.06015037593984963,0.11278195488721805,0.15037593984962408,0.11278195488721805,0.09774436090225565,0.1954887218045113
affection,0.05063291139240506,0.10126582278481013,0.02531645569620253,0.08860759493670887,0.27848101265822783,0.0759493670886076,0.0379746835443038,0.34177215189873417
chosen,0.06896551724137931,0.10344827586206898,0.06896551724137931,0.13793103448275862,0.13793103448275862,0.13793103448275862,0.034482758620689655,0.3103448275862069
others,0.051194539249146756,0.19453924914675766,0.04778156996587031,0.11604095563139932,0.13651877133105803,0.09556313993174062,0.07167235494880546,0.28668941979522183
already,0.13636363636363635,0.16666666666666666,0.045454545454545456,0.16287878787878787,0.13636363636363635,0.07196969696969696,0.056818181818181816,0.2234848484848485
direction,0.06722689075630253,0.19607843137254904,0.036414565826330535,0.11484593837535015,0.13725490196078433,0.09803921568627452,0.08683473389355743,0.26330532212885155
grew,0.1168831168831169,0.15584415584415587,0.06493506493506494,0.1038961038961039,0.14285714285714288,0.1038961038961039,0.1038961038961039,0.2077922077922078
neither,0.09243697478991597,0.2100840336134454,0.08403361344537816,0.1596638655462185,0.11764705882352942,0.09243697478991597,0.07563025210084034,0.16806722689075632
within,0.12735849056603776,0.21226415094339626,0.035377358490566044,0.12264150943396228,0.12971698113207547,0.08962264150943397,0.10613207547169813,0.1768867924528302
became,0.09115281501340482,0.19302949061662197,0.06166219839142091,0.14745308310991956,0.11528150134048257,0.12064343163538874,0.08042895442359249,0.1903485254691689
youth,0.15441176470588233,0.19852941176470587,0.03308823529411765,0.16911764705882354,0.18382352941176472,0.04044117647058823,0.1176470588235294,0.10294117647058823
safely,0.12244897959183675,0.1836734693877551,0.04081632653061225,0.1836734693877551,0.10204081632653063,0.12244897959183675,0.06122448979591837,0.1836734693877551
judge,0.12658227848101267,0.16455696202531644,0.08860759493670887,0.16455696202531644,0.0759493670886076,0.0759493670886076,0.05063291139240506,0.25316455696202533
brown,0.08737864077669902,0.14563106796116504,0.07766990291262135,0.12621359223300968,0.14563106796116504,0.11650485436893203,0.07766990291262135,0.2233009708737864
dress,0.07200000000000001,0.208,0.024,0.128,0.176,0.07200000000000001,0.136,0.18400000000000002
would,0.09156422212802036,0.18312844425604072,0.05722763883001272,0.13098770665536247,0.142433234421365,0.105977108944468,0.08011869436201781,0.20856295040271303
inform,0.05405405405405405,0.13513513513513514,0.027027027027027025,0.13513513513513514,0.13513513513513514,0.13513513513513514,0.08108108108108107,0.29729729729729726
left,0.07102803738317758,0.1813084112149533,0.029906542056074768,0.14018691588785048,0.13644859813084112,0.14018691588785048,0.08785046728971964,0.21308411214953274
labor,0.02222222222222222,0.2222222222222222,0.02222222222222222,0.08888888888888888,0.2444444444444444,0.04444444444444444,0.15555555555555556,0.19999999999999998
less,0.10367170626349893,0.14470842332613393,0.05831533477321815,0.15766738660907129,0.1166306695464363,0.12958963282937366,0.06263498920086394,0.22678185745140392
grave,0.04958677685950413,0.11570247933884298,0.05785123966942149,0.23140495867768596,0.0909090909090909,0.22314049586776857,0.04958677685950413,0.1818181818181818
look,0.08888888888888888,0.1388888888888889,0.05,0.15555555555555556,0.1388888888888889,0.1388888888888889,0.05555555555555556,0.23333333333333334
residence,0.05660377358490567,0.26415094339622647,0.01886792452830189,0.11320754716981134,0.12264150943396228,0.11320754716981134,0.09433962264150945,0.21698113207547173
air,0.0995260663507109,0.18009478672985782,0.07582938388625593,0.12322274881516587,0.15165876777251186,0.09004739336492891,0.08530805687203792,0.1943127962085308
cheek,0.125,0.20833333333333334,0.013888888888888888,0.16666666666666666,0.18055555555555555,0.09722222222222222,0.05555555555555555,0.15277777777777776
form,0.08899297423887587,0.18735362997658078,0.0585480093676815,0.13817330210772832,0.1498829039812646,0.07728337236533957,0.07728337236533957,0.2224824355971897
green,0.029411764705882353,0.08823529411764706,0.049019607843137254,0.09803921568627451,0.28431372549019607,0.09803921568627451,0.049019607843137254,0.303921568627451
black,0.04973821989528796,0.1335078534031414,0.026178010471204192,0.07853403141361258,0.17015706806282727,0.27225130890052357,0.04712041884816755,0.22251308900523561
highest,0.03048780487804878,0.22865853658536583,0.01524390243902439,0.1798780487804878,0.19817073170731705,0.04268292682926829,0.17073170731707316,0.13414634146341461
class,0.026315789473684206,0.23684210526315788,0.026315789473684206,0.07894736842105263,0.18421052631578946,0.10526315789473682,0.15789473684210525,0.18421052631578946
understood,0.08823529411764706,0.1911764705882353,0.029411764705882356,0.1470588235294118,0.16176470588235295,0.05882352941176471,0.08823529411764706,0.23529411764705885
could,0.09306461173681092,0.18316538233550683,0.05216360403082395,0.14404267931238887,0.13574392412566688,0.1096621221102549,0.07053941908713693,0.2116182572614108
true,0.0823529411764706,0.0823529411764706,0.052941176470588235,0.08823529411764706,0.2411764705882353,0.07058823529411765,0.06470588235294118,0.31764705882352945
way,0.08727272727272728,0.2109090909090909,0.04727272727272727,0.13333333333333333,0.12,0.10545454545454545,0.08484848484848484,0.2109090909090909
fresh,0.055999999999999994,0.18,0.031999999999999994,0.09999999999999999,0.12799999999999997,0.19599999999999995,0.09599999999999999,0.212
intellect,0.11363636363636363,0.1590909090909091,0.06818181818181818,0.1590909090909091,0.0909090909090909,0.20454545454545453,0.06818181818181818,0.13636363636363635
former,0.07368421052631578,0.2105263157894737,0.04421052631578947,0.12421052631578948,0.13894736842105262,0.10526315789473685,0.07578947368421052,0.22736842105263155
endeavoring,0.07894736842105263,0.21052631578947364,0.026315789473684206,0.07894736842105263,0.13157894736842105,0.07894736842105263,0.10526315789473682,0.28947368421052627
offer,0.07272727272727272,0.18181818181818185,0.07272727272727272,0.09090909090909093,0.2,0.09090909090909093,0.05454545454545455,0.23636363636363636
awful,0.17647058823529413,0.058823529411764705,0.19607843137254902,0.27450980392156865,0.0,0.17647058823529413,0.0392156862745098,0.0784313725490196
sense,0.04639175257731958,0.18556701030927833,0.02577319587628866,0.09793814432989689,0.20618556701030927,0.07731958762886597,0.0824742268041237,0.2783505154639175
seldom,0.13380281690140844,0.11971830985915494,0.1056338028169014,0.14788732394366197,0.11971830985915494,0.14788732394366197,0.06338028169014084,0.1619718309859155
deserted,0.15217391304347827,0.17391304347826086,0.15217391304347827,0.21739130434782608,0.0,0.19565217391304346,0.021739130434782608,0.08695652173913043
course,0.07101449275362319,0.19855072463768114,0.04927536231884058,0.13333333333333333,0.13478260869565217,0.11304347826086956,0.07391304347826087,0.22608695652173913
gentle,0.06944444444444445,0.15277777777777776,0.06944444444444445,0.15277777777777776,0.18055555555555555,0.1388888888888889,0.041666666666666664,0.19444444444444445
like,0.11507936507936507,0.17261904761904762,0.06944444444444445,0.14087301587301587,0.12103174603174602,0.09523809523809523,0.07341269841269842,0.2123015873015873
father,0.07916666666666666,0.13333333333333333,0.05416666666666666,0.1375,0.12083333333333332,0.10416666666666667,0.05416666666666666,0.31666666666666665
vice,0.14705882352941177,0.14705882352941177,0.1176470588235294,0.2352941176470588,0.08823529411764705,0.08823529411764705,0.0588235294117647,0.1176470588235294
never,0.08426966292134833,0.1797752808988764,0.050561797752808994,0.13483146067415733,0.14887640449438205,0.08426966292134833,0.06460674157303371,0.25280898876404495
follies,0.12820512820512822,0.15384615384615385,0.10256410256410256,0.15384615384615385,0.12820512820512822,0.02564102564102564,0.12820512820512822,0.1794871794871795
sometimes,0.07647058823529411,0.1588235294117647,0.09999999999999999,0.12941176470588234,0.13529411764705881,0.14705882352941177,0.05294117647058823,0.19999999999999998
entrance,0.10852713178294575,0.17829457364341086,0.054263565891472874,0.15503875968992248,0.13953488372093023,0.09302325581395349,0.10077519379844961,0.17054263565891473
seat,0.0990990990990991,0.15315315315315317,0.07207207207207207,0.11711711711711711,0.07207207207207207,0.0990990990990991,0.05405405405405406,0.33333333333333337
early,0.10303030303030304,0.2787878787878788,0.03636363636363636,0.15757575757575756,0.14545454545454545,0.09696969696969697,0.048484848484848485,0.13333333333333333
drawn,0.06382978723404256,0.12765957446808512,0.053191489361702135,0.1595744680851064,0.19148936170212766,0.11702127659574468,0.07446808510638299,0.21276595744680854
case,0.04059040590405903,0.12177121771217711,0.014760147601476013,0.25461254612546125,0.1033210332103321,0.2103321033210332,0.06642066420664205,0.18819188191881916
light,0.07906976744186046,0.13953488372093023,0.06511627906976744,0.14883720930232555,0.09767441860465116,0.20930232558139533,0.11627906976744186,0.14418604651162792
man,0.08667529107373867,0.18758085381630013,0.042690815006468305,0.1280724450194049,0.16041397153945666,0.10349288486416558,0.09184993531694696,0.19922380336351875
kind,0.058394160583941604,0.10948905109489052,0.024330900243309004,0.0632603406326034,0.2798053527980535,0.08759124087591241,0.046228710462287104,0.3309002433090025
heart,0.09558823529411765,0.16176470588235295,0.08823529411764706,0.1323529411764706,0.16176470588235295,0.1360294117647059,0.05514705882352942,0.16911764705882357
objects,0.06164383561643836,0.226027397260274,0.0273972602739726,0.13013698630136986,0.14383561643835618,0.08219178082191782,0.08904109589041095,0.23972602739726026
rest,0.09469696969696971,0.20075757575757577,0.03787878787878788,0.14393939393939392,0.125,0.11742424242424243,0.06818181818181818,0.21212121212121213
upon,0.09500351864883885,0.151301900070373,0.06403940886699508,0.15482054890921887,0.12456016889514428,0.12526389866291346,0.06966924700914849,0.21534130893736808
inclined,0.08653846153846155,0.13461538461538464,0.04807692307692308,0.19230769230769232,0.08653846153846155,0.1730769230769231,0.07692307692307693,0.20192307692307693
believe,0.13924050632911392,0.17721518987341772,0.03797468354430379,0.17721518987341772,0.10126582278481011,0.12658227848101264,0.06329113924050632,0.17721518987341772
also,0.07874015748031497,0.18110236220472442,0.05826771653543308,0.13070866141732285,0.14015748031496064,0.09763779527559056,0.08818897637795277,0.2251968503937008
influence,0.10483870967741936,0.12096774193548389,0.08870967741935484,0.16129032258064518,0.1532258064516129,0.07258064516129033,0.06451612903225806,0.2338709677419355
mrs.,0.06201550387596899,0.16279069767441862,0.03875968992248062,0.10852713178294575,0.15503875968992248,0.11627906976744186,0.03875968992248062,0.3178294573643411
domestic,0.038461538461538464,0.23076923076923078,0.019230769230769232,0.057692307692307696,0.2884615384615385,0.057692307692307696,0.019230769230769232,0.2884615384615385
often,0.0872093023255814,0.19767441860465115,0.06395348837209301,0.13953488372093023,0.11627906976744186,0.14534883720930233,0.06976744186046512,0.1802325581395349
compelled,0.07142857142857142,0.19999999999999998,0.04285714285714285,0.1714285714285714,0.11428571428571427,0.14285714285714285,0.06428571428571428,0.19285714285714284
mind,0.1091549295774648,0.17957746478873238,0.04929577464788733,0.14436619718309857,0.14436619718309857,0.09859154929577466,0.08098591549295775,0.19366197183098588
wisdom,0.08888888888888888,0.17777777777777776,0.04444444444444444,0.17777777777777776,0.11111111111111112,0.04444444444444444,0.04444444444444444,0.3111111111111111
woman,0.11188811188811189,0.13986013986013987,0.1048951048951049,0.13636363636363638,0.12237762237762238,0.15384615384615385,0.05944055944055945,0.17132867132867133
well,0.07110438729198185,0.19062027231467474,0.04387291981845688,0.10287443267776097,0.15279878971255673,0.08774583963691376,0.0680786686838124,0.28290468986384265
every,0.08068902991840435,0.1786038077969175,0.04805077062556664,0.12239347234814142,0.16772438803263826,0.10698096101541252,0.06980961015412511,0.2257479601087942
side,0.11205432937181663,0.15619694397283532,0.049235993208828516,0.14770797962648557,0.11035653650254669,0.12054329371816638,0.0696095076400679,0.23429541595925296
happiness,0.05306122448979592,0.2775510204081633,0.012244897959183675,0.08979591836734695,0.28163265306122454,0.06122448979591837,0.057142857142857155,0.1673469387755102
wise,0.125,0.17857142857142858,0.10714285714285714,0.21428571428571427,0.07142857142857142,0.14285714285714285,0.03571428571428571,0.125
opinion,0.044444444444444446,0.22962962962962966,0.059259259259259255,0.11851851851851851,0.14074074074074072,0.08148148148148147,0.0962962962962963,0.22962962962962966
storm,0.27848101265822783,0.16455696202531644,0.0379746835443038,0.06329113924050633,0.08860759493670887,0.1139240506329114,0.06329113924050633,0.189873417721519
quiet,0.07999999999999999,0.15999999999999998,0.06,0.06,0.15999999999999998,0.27999999999999997,0.019999999999999997,0.18
soon,0.07908847184986596,0.1863270777479893,0.040214477211796246,0.15013404825737267,0.1260053619302949,0.10857908847184987,0.10321715817694371,0.20643431635388743
nature,0.08636363636363635,0.15,0.07727272727272727,0.1636363636363636,0.13636363636363635,0.11363636363636363,0.07727272727272727,0.19545454545454544
small,0.07422402159244264,0.16869095816464236,0.0728744939271255,0.1214574898785425,0.14304993252361675,0.10931174089068826,0.0728744939271255,0.23751686909581646
dark,0.0782122905027933,0.15083798882681562,0.07262569832402234,0.11173184357541899,0.11173184357541899,0.329608938547486,0.03910614525139665,0.10614525139664803
apartment,0.12280701754385966,0.14035087719298245,0.07017543859649122,0.10526315789473684,0.15789473684210525,0.15789473684210525,0.12280701754385966,0.12280701754385966
portion,0.06989247311827956,0.15053763440860216,0.04838709677419355,0.12365591397849462,0.12365591397849462,0.12365591397849462,0.0967741935483871,0.26344086021505375
house,0.1088607594936709,0.1949367088607595,0.0379746835443038,0.15949367088607597,0.12151898734177216,0.09873417721518989,0.04810126582278481,0.23037974683544304
words,0.24444444444444444,0.17037037037037037,0.04814814814814815,0.08518518518518518,0.12222222222222222,0.08888888888888889,0.1,0.14074074074074072
master,0.1045751633986928,0.1699346405228758,0.0784313725490196,0.09803921568627451,0.13071895424836602,0.1437908496732026,0.1045751633986928,0.1699346405228758
right,0.1254125412541254,0.1815181518151815,0.0528052805280528,0.0891089108910891,0.11551155115511551,0.1188118811881188,0.06600660066006601,0.2508250825082508
best,0.07058823529411765,0.2,0.05490196078431373,0.11764705882352941,0.13333333333333333,0.10980392156862746,0.07450980392156863,0.2392156862745098
doctor,0.06274509803921569,0.1411764705882353,0.03137254901960784,0.10588235294117647,0.1411764705882353,0.09411764705882353,0.050980392156862744,0.37254901960784315
flight,0.1794871794871795,0.1794871794871795,0.05128205128205128,0.12820512820512822,0.10256410256410256,0.10256410256410256,0.05128205128205128,0.20512820512820512
wind,0.09689213893967093,0.17367458866544788,0.062157221206581355,0.17367458866544788,0.14076782449725778,0.113345521023766,0.09140767824497258,0.14808043875685556
night,0.0847457627118644,0.15536723163841806,0.05649717514124294,0.17514124293785313,0.1271186440677966,0.1384180790960452,0.09322033898305085,0.1694915254237288
student,0.0879120879120879,0.16483516483516483,0.07692307692307693,0.13186813186813187,0.18681318681318682,0.0879120879120879,0.07692307692307693,0.18681318681318682
