,anger,anticipation,disgust,fear,joy,sadness,surprise,trust
project,0.11833171677982542,0.18525703200775945,0.04413191076624636,0.049466537342386034,0.10426770126091174,0.07662463627546072,0.02279340446168768,0.3991270611057226
gutenberg,0.07903780068728522,0.25773195876288657,0.037800687285223365,0.05326460481099656,0.08762886597938144,0.09450171821305842,0.02577319587628866,0.3642611683848797
etext,0.1390728476821192,0.19205298013245034,0.026490066225165563,0.052980132450331126,0.039735099337748346,0.15894039735099338,0.033112582781456956,0.3576158940397351
christian,0.05042016806722689,0.17086834733893558,0.06442577030812324,0.09523809523809523,0.22408963585434175,0.08123249299719888,0.058823529411764705,0.2549019607843137
year,0.0746054519368723,0.18507890961262555,0.04591104734576758,0.09612625538020086,0.20086083213773315,0.08034433285509325,0.06743185078909612,0.24964131994261118
john,0.08189655172413793,0.14224137931034483,0.22198275862068967,0.09051724137931035,0.08620689655172414,0.09698275862068965,0.05603448275862069,0.22413793103448276
keble,0.0,0.21875,0.15625,0.046875,0.171875,0.078125,0.0,0.328125
world,0.09002057613168725,0.1558641975308642,0.06790123456790123,0.11728395061728394,0.16666666666666666,0.12345679012345678,0.07613168724279835,0.20267489711934156
sure,0.07885714285714286,0.16,0.05714285714285714,0.13028571428571428,0.184,0.112,0.07885714285714286,0.19885714285714284
keep,0.09238249594813615,0.14424635332252836,0.08265802269043761,0.12965964343598055,0.13452188006482982,0.12155591572123177,0.09562398703403566,0.1993517017828201
path,0.1044776119402985,0.16417910447761194,0.05373134328358209,0.14328358208955225,0.14925373134328357,0.12835820895522387,0.07462686567164178,0.18208955223880596
open,0.09740259740259741,0.15194805194805194,0.06493506493506493,0.12077922077922078,0.18701298701298702,0.11688311688311688,0.07012987012987013,0.19090909090909092
future,0.08084358523725835,0.18101933216168717,0.05975395430579965,0.11072056239015818,0.15641476274165203,0.12302284710017575,0.07908611599297012,0.20913884007029876
first,0.08869257950530035,0.1685512367491166,0.061130742049469965,0.12579505300353358,0.1575971731448763,0.12579505300353358,0.0706713780918728,0.20176678445229682
seen,0.07365145228215768,0.1970954356846473,0.0487551867219917,0.10892116182572614,0.17738589211618258,0.10892116182572614,0.07780082987551867,0.2074688796680498
view,0.06481481481481481,0.1925925925925926,0.03518518518518519,0.1111111111111111,0.1962962962962963,0.1037037037037037,0.07592592592592592,0.22037037037037038
change,0.06478405315614617,0.14119601328903655,0.04817275747508306,0.25249169435215946,0.12458471760797342,0.10963455149501661,0.06976744186046512,0.1893687707641196
without,0.10154617634768073,0.1496030087755955,0.06811533639782699,0.14834935227747598,0.13623067279565398,0.1404095277893857,0.059757626410363564,0.19598829920601754
words,0.20540019286403086,0.13886210221793635,0.05014464802314368,0.10414657666345227,0.14368370298939248,0.10221793635486982,0.06846673095467695,0.1870781099324976
chosen,0.09174311926605505,0.1437308868501529,0.07339449541284404,0.12538226299694188,0.18042813455657492,0.11926605504587157,0.04892966360856269,0.21712538226299694
provide,0.12158054711246201,0.12158054711246201,0.03343465045592705,0.03343465045592705,0.0851063829787234,0.04559270516717325,0.057750759878419454,0.5015197568389058
need,0.08403361344537816,0.15126050420168066,0.06092436974789916,0.12605042016806722,0.18487394957983194,0.09663865546218488,0.0546218487394958,0.2415966386554622
may,0.09939946158624974,0.15779664526817147,0.06999378753365086,0.11762269621039553,0.15137709670739283,0.1256989024642783,0.06813004762890867,0.20998136260095257
welcome,0.061224489795918366,0.17959183673469387,0.04081632653061224,0.11428571428571428,0.17959183673469387,0.1469387755102041,0.0653061224489796,0.21224489795918366
free,0.07766990291262135,0.15117891816920942,0.06657420249653259,0.14008321775312066,0.1622746185852982,0.11927877947295423,0.07766990291262135,0.20527045769764216
plain,0.09897610921501707,0.16040955631399317,0.05460750853242321,0.09897610921501707,0.10580204778156997,0.10921501706484642,0.027303754266211604,0.3447098976109215
etexts,0.0,0.4594594594594595,0.05405405405405406,0.02702702702702703,0.05405405405405406,0.02702702702702703,0.02702702702702703,0.35135135135135137
readable,0.05970149253731343,0.23880597014925373,0.0,0.05970149253731343,0.029850746268656716,0.05970149253731343,0.0,0.5522388059701493
since,0.08981001727115717,0.17184801381692574,0.06735751295336788,0.12435233160621761,0.15025906735751296,0.12780656303972365,0.06649395509499137,0.20207253886010362
prepared,0.07377049180327869,0.23497267759562843,0.04644808743169399,0.13114754098360656,0.09836065573770492,0.11475409836065574,0.04644808743169399,0.2540983606557377
foundation,0.11414790996784566,0.16237942122186494,0.03376205787781351,0.03376205787781351,0.08842443729903537,0.14308681672025725,0.028938906752411574,0.3954983922829582
author,0.07731958762886598,0.15292096219931273,0.04982817869415808,0.0979381443298969,0.12199312714776632,0.070446735395189,0.05326460481099656,0.37628865979381443
release,0.058823529411764705,0.2184873949579832,0.03361344537815126,0.12605042016806722,0.16806722689075632,0.09243697478991597,0.09243697478991597,0.21008403361344538
yes,0.13846153846153847,0.1282051282051282,0.11794871794871795,0.14871794871794872,0.1076923076923077,0.14358974358974358,0.07179487179487179,0.14358974358974358
one,0.09334920005288906,0.15549385164617216,0.06597910881925162,0.12376041253470844,0.15589051963506545,0.1293137643792146,0.0716646833267222,0.20454845960597645
new,0.07304526748971193,0.20267489711934156,0.040123456790123455,0.12242798353909465,0.16666666666666666,0.10699588477366255,0.07716049382716049,0.2109053497942387
david,0.08163265306122448,0.15306122448979592,0.09183673469387756,0.1326530612244898,0.11224489795918367,0.1326530612244898,0.061224489795918366,0.23469387755102042
us,0.08013355592654424,0.16722314969393434,0.06121313299944352,0.11936560934891485,0.17111853088480802,0.11352253756260434,0.08820255982192543,0.19922092376182526
thus,0.07982012366498033,0.18324901630129287,0.051152332771219784,0.11129848229342328,0.1641371557054525,0.11579539066891512,0.07813378302417089,0.21641371557054526
leaving,0.09025270758122744,0.18050541516245489,0.05054151624548736,0.148014440433213,0.1371841155234657,0.10830324909747292,0.09025270758122744,0.19494584837545126
time,0.08132084770823066,0.2720551996057171,0.05248891079349433,0.11434204041399704,0.12617052735337606,0.11434204041399704,0.06554953178905865,0.17373090192212912
better,0.08986175115207373,0.18778801843317972,0.06221198156682028,0.11405529953917051,0.14516129032258066,0.11635944700460829,0.08294930875576037,0.20161290322580644
tell,0.09299655568312284,0.15958668197474168,0.05166475315729047,0.1182548794489093,0.15729047072330654,0.1446613088404133,0.06888633754305395,0.2066590126291619
even,0.11402671755725191,0.14456106870229007,0.07633587786259542,0.1450381679389313,0.12881679389312978,0.14933206106870228,0.06631679389312978,0.17557251908396945
years,0.07315288953913679,0.18434528163862474,0.058522311631309436,0.10241404535479151,0.16752011704462327,0.12216532553035844,0.07607900512070227,0.21580102414045355
note,0.1,0.13157894736842105,0.07368421052631578,0.11052631578947368,0.15789473684210525,0.1631578947368421,0.08421052631578947,0.17894736842105263
midnight,0.08070175438596491,0.1824561403508772,0.04912280701754386,0.11578947368421053,0.20701754385964913,0.0912280701754386,0.0912280701754386,0.1824561403508772
last,0.08726114649681528,0.17388535031847133,0.05923566878980892,0.12038216560509554,0.1535031847133758,0.12929936305732484,0.07261146496815286,0.20382165605095542
day,0.0798442064264849,0.18273287893541057,0.05777345017851347,0.12366114897760468,0.1600129827977929,0.11619604024667315,0.07659850697825381,0.20318078545926646
wish,0.09355509355509356,0.14345114345114346,0.07068607068607069,0.12266112266112267,0.14345114345114346,0.11642411642411643,0.062370062370062374,0.24740124740124741
people,0.10154738878143134,0.1470019342359768,0.08027079303675048,0.13152804642166344,0.13249516441005801,0.09864603481624758,0.07446808510638298,0.23404255319148937
start,0.056,0.304,0.064,0.144,0.12,0.128,0.048,0.136
including,0.15,0.16470588235294117,0.01764705882352941,0.03823529411764706,0.06764705882352941,0.18235294117647058,0.0029411764705882353,0.3764705882352941
help,0.08222222222222222,0.1622222222222222,0.06888888888888889,0.10888888888888888,0.18666666666666668,0.10222222222222223,0.07777777777777778,0.2111111111111111
want,0.08928571428571429,0.15357142857142858,0.06428571428571428,0.1357142857142857,0.1392857142857143,0.19285714285714287,0.060714285714285714,0.16428571428571428
also,0.10433763188745604,0.14654161781946073,0.07502930832356389,0.13833528722157093,0.12895662368112543,0.10082063305978899,0.06447831184056271,0.24150058616647127
good,0.06084575600851841,0.1910556738667478,0.048372376026772135,0.07727411013081838,0.19166413142683297,0.07088530574992394,0.1329479768786127,0.22695466991177365
way,0.10291595197255575,0.1452258433390509,0.08118925100057175,0.12006861063464837,0.15494568324757005,0.1320754716981132,0.07661520869068039,0.18696397941680962
upon,0.09768637532133675,0.1596401028277635,0.07069408740359898,0.1282776349614396,0.14318766066838046,0.12904884318766066,0.08174807197943444,0.1897172236503856
take,0.0847810979847116,0.15774843641417652,0.056289089645587216,0.1202223766504517,0.15010423905489922,0.12786657400972898,0.07644197359277276,0.226546212647672
page,0.08024691358024691,0.17901234567901234,0.046296296296296294,0.12345679012345678,0.16358024691358025,0.10185185185185185,0.09876543209876543,0.20679012345679013
two,0.08636584182435711,0.1615720524017467,0.051916545366327026,0.12663755458515283,0.15429403202328967,0.12712275594371664,0.06986899563318777,0.2222222222222222
hour,0.07841614906832298,0.17624223602484473,0.052795031055900624,0.13664596273291926,0.1638198757763975,0.14363354037267081,0.07065217391304347,0.1777950310559006
work,0.1371061843640607,0.1855309218203034,0.040840140023337225,0.07292882147024504,0.12368728121353559,0.07817969661610269,0.051925320886814466,0.3098016336056009
takes,0.06299212598425197,0.15748031496062992,0.07086614173228346,0.14173228346456693,0.15748031496062992,0.11023622047244094,0.05511811023622047,0.2440944881889764
rather,0.1157495256166983,0.15939278937381404,0.06451612903225806,0.13757115749525617,0.1461100569259962,0.12808349146110057,0.07020872865275142,0.17836812144212524
hours,0.09114249037227215,0.17715019255455713,0.059050064184852376,0.12708600770218229,0.15789473684210525,0.14762516046213095,0.07188703465982028,0.1681643132220796
reach,0.1336405529953917,0.15668202764976957,0.06912442396313365,0.16129032258064516,0.1152073732718894,0.16589861751152074,0.06451612903225806,0.1336405529953917
's,0.08393118339485965,0.16047920874834576,0.06080657518980288,0.12586194887511318,0.16897680573936058,0.12182210768266351,0.07014000139304868,0.20798216897680574
given,0.06363636363636363,0.17922077922077922,0.05454545454545454,0.11428571428571428,0.17402597402597403,0.12207792207792208,0.06233766233766234,0.22987012987012986
away,0.09143268538516919,0.16558675305975523,0.06047516198704104,0.13390928725701945,0.1583873290136789,0.14614830813534918,0.0619150467962563,0.18214542836573075
end,0.07401812688821752,0.18277945619335348,0.045317220543806644,0.1148036253776435,0.17522658610271905,0.13746223564954682,0.0634441087613293,0.20694864048338368
give,0.09537914691943128,0.15639810426540285,0.05627962085308057,0.11196682464454977,0.15639810426540285,0.12559241706161137,0.07464454976303317,0.22334123222748814
1,0.16,0.12,0.04,0.04,0.04,0.28,0.04,0.28
thousand,0.10126582278481013,0.16455696202531644,0.06582278481012659,0.13924050632911392,0.16455696202531644,0.08860759493670886,0.09620253164556962,0.17974683544303796
present,0.05484089370345294,0.20108327691266079,0.03588354773188896,0.07515233581584292,0.2037914691943128,0.06228842247799594,0.13405551794177387,0.23290453622207177
well,0.09874404504114336,0.15461238631442184,0.06366392377652663,0.12083152880034648,0.15417929839757472,0.10957124296232135,0.07492420961455175,0.2234733650931139
increase,0.08139534883720931,0.20930232558139536,0.08139534883720931,0.08139534883720931,0.1744186046511628,0.06976744186046512,0.06976744186046512,0.23255813953488372
next,0.06981981981981981,0.18018018018018017,0.05630630630630631,0.11486486486486487,0.18018018018018017,0.10135135135135136,0.07432432432432433,0.22297297297297297
ever,0.09542943244600703,0.15168257157207435,0.06880964339527876,0.12606730286288298,0.17528879959819185,0.1270718232044199,0.06880964339527876,0.1868407835258664
north,0.09333333333333334,0.16,0.05333333333333334,0.12,0.17333333333333334,0.14666666666666667,0.08,0.17333333333333334
west,0.08695652173913043,0.17391304347826086,0.06956521739130435,0.13043478260869565,0.1565217391304348,0.13043478260869565,0.09565217391304348,0.1565217391304348
ones,0.024390243902439025,0.17073170731707318,0.0975609756097561,0.14634146341463414,0.1951219512195122,0.21951219512195122,0.0,0.14634146341463414
made,0.08838043965903992,0.16778824585015703,0.061462539255271426,0.11799013010318528,0.1525347689546882,0.10901749663526245,0.07985643786451324,0.22296994167788245
begin,0.14432989690721648,0.17525773195876287,0.07216494845360824,0.15463917525773196,0.12371134020618557,0.12371134020618557,0.030927835051546393,0.17525773195876287
additional,0.06766917293233082,0.17293233082706766,0.022556390977443608,0.045112781954887216,0.11278195488721804,0.06766917293233082,0.03759398496240601,0.47368421052631576
feel,0.09911054637865312,0.13468869123252858,0.07369758576874205,0.13468869123252858,0.16010165184243966,0.1397712833545108,0.08005082592121983,0.17789072426937738
ask,0.10743801652892562,0.16322314049586778,0.06818181818181818,0.12603305785123967,0.15702479338842976,0.11983471074380166,0.05785123966942149,0.20041322314049587
answer,0.10679611650485436,0.1553398058252427,0.08495145631067962,0.1262135922330097,0.1383495145631068,0.10922330097087378,0.05825242718446602,0.220873786407767
received,0.09625126646403243,0.16717325227963525,0.04964539007092199,0.10739614994934144,0.15501519756838905,0.11144883485309018,0.08409321175278622,0.22897669706180346
would,0.10117302052785923,0.1596774193548387,0.0653958944281525,0.12404692082111438,0.14794721407624634,0.11759530791788857,0.07434017595307918,0.20982404692082113
like,0.1099461603853783,0.14423349390762255,0.07282516293567583,0.13969963162368942,0.14706715783508076,0.13828279965996032,0.07027486540096345,0.17767072825162936
know,0.09043173862310384,0.1557759626604434,0.07117852975495916,0.12310385064177364,0.15635939323220538,0.11551925320886815,0.07409568261376896,0.21353558926487748
yet,0.08663239074550129,0.1565552699228792,0.06606683804627249,0.12262210796915167,0.16812339331619539,0.12776349614395888,0.06838046272493574,0.2038560411311054
approach,0.09126984126984126,0.1388888888888889,0.07936507936507936,0.1626984126984127,0.15079365079365079,0.17063492063492064,0.06746031746031746,0.1388888888888889
make,0.08469945355191257,0.18510928961748635,0.056010928961748634,0.12568306010928962,0.13934426229508196,0.11065573770491803,0.06284153005464481,0.23565573770491804
ways,0.08076923076923077,0.13076923076923078,0.06923076923076923,0.1,0.18846153846153846,0.13846153846153847,0.057692307692307696,0.23461538461538461
money,0.1713810316139767,0.19633943427620631,0.026622296173044926,0.03494176372712146,0.18302828618968386,0.048252911813643926,0.1447587354409318,0.194675540765391
order,0.08278145695364239,0.1490066225165563,0.059602649006622516,0.1390728476821192,0.16225165562913907,0.09933774834437085,0.076158940397351,0.23178807947019867
michael,0.15384615384615385,0.11538461538461539,0.057692307692307696,0.038461538461538464,0.0,0.3269230769230769,0.0,0.3076923076923077
hart,0.14285714285714285,0.10714285714285714,0.08928571428571429,0.03571428571428571,0.0,0.3392857142857143,0.0,0.2857142857142857
send,0.08045977011494253,0.20689655172413793,0.05747126436781609,0.10344827586206896,0.11494252873563218,0.14942528735632185,0.09195402298850575,0.19540229885057472
legal,0.11627906976744186,0.13372093023255813,0.046511627906976744,0.05232558139534884,0.06395348837209303,0.1744186046511628,0.029069767441860465,0.38372093023255816
small,0.08411214953271028,0.18899273104880582,0.05399792315680166,0.1059190031152648,0.15472481827622014,0.1059190031152648,0.0778816199376947,0.2284527518172378
three,0.07722772277227723,0.19405940594059407,0.048514851485148516,0.10594059405940594,0.16237623762376238,0.13267326732673268,0.06633663366336634,0.21287128712871287
might,0.09541397353031703,0.16281932902431517,0.06001846722068329,0.13050169282856264,0.14773776546629733,0.12311480455524777,0.07202216066481995,0.20837180670975686
wrong,0.12598425196850394,0.11811023622047244,0.023622047244094488,0.1889763779527559,0.15748031496062992,0.14173228346456693,0.03937007874015748,0.2047244094488189
among,0.08967674661105318,0.16684045881126172,0.06569343065693431,0.11157455683003129,0.16579770594369134,0.10740354535974973,0.07716371220020855,0.21584984358706985
things,0.07722772277227723,0.15643564356435644,0.05148514851485148,0.11287128712871287,0.1900990099009901,0.10297029702970296,0.07326732673267326,0.23564356435643563
liability,0.19444444444444445,0.08333333333333333,0.0,0.05555555555555555,0.0,0.3888888888888889,0.0,0.2777777777777778
use,0.12438625204582651,0.19967266775777415,0.0851063829787234,0.088379705400982,0.15875613747954173,0.07364975450081833,0.03436988543371522,0.23567921440261866
read,0.08519269776876268,0.1744421906693712,0.08316430020283976,0.10141987829614604,0.16024340770791076,0.1257606490872211,0.08113590263691683,0.18864097363083165
reading,0.07482993197278912,0.17687074829931973,0.08163265306122448,0.10884353741496598,0.16326530612244897,0.1360544217687075,0.08163265306122448,0.17687074829931973
part,0.07787151200519143,0.16353017521090202,0.06164828033744322,0.12134977287475665,0.1628812459441921,0.12848799480856588,0.06619078520441272,0.218040233614536
gutenberg-tm,0.1407185628742515,0.15119760479041916,0.04940119760479042,0.04640718562874251,0.10778443113772455,0.0688622754491018,0.017964071856287425,0.4176646706586826
receive,0.10070671378091872,0.19081272084805653,0.04946996466431095,0.08833922261484099,0.16784452296819788,0.127208480565371,0.07420494699646643,0.20141342756183744
refund,0.23580786026200873,0.13100436681222707,0.039301310043668124,0.017467248908296942,0.1222707423580786,0.13537117903930132,0.09606986899563319,0.22270742358078602
within,0.12491277041172366,0.15073272854152128,0.06699232379623168,0.1374738311235171,0.14096301465457084,0.12072575017445918,0.07955338450802513,0.17864619678995114
days,0.11077389984825493,0.19650986342943855,0.051593323216995446,0.10091047040971168,0.15629742033383914,0.11987860394537178,0.07435508345978756,0.18968133535660092
must,0.10690121786197564,0.14343707713125844,0.06991429860171403,0.14524131709517366,0.12629679747406405,0.13982859720342805,0.06314839873703203,0.20523229589535408
return,0.09481037924151696,0.1626746506986028,0.07385229540918163,0.1317365269461078,0.13572854291417166,0.12275449101796407,0.07984031936127745,0.19860279441117765
owns,0.10526315789473684,0.10526315789473684,0.07894736842105263,0.16666666666666666,0.18421052631578946,0.12280701754385964,0.06140350877192982,0.17543859649122806
rules,0.09649122807017543,0.12280701754385964,0.07894736842105263,0.13157894736842105,0.17543859649122806,0.07017543859649122,0.08771929824561403,0.23684210526315788
set,0.11275415896487985,0.14510166358595195,0.06099815157116451,0.1321626617375231,0.1487985212569316,0.10628465804066543,0.053604436229205174,0.24029574861367836
forth,0.09896432681242807,0.15995397008055237,0.05063291139240506,0.10817031070195628,0.1622554660529344,0.1277330264672037,0.07249712313003452,0.21979286536248563
works,0.11551925320886815,0.1808634772462077,0.06884480746791131,0.06884480746791131,0.13418903150525088,0.0338389731621937,0.024504084014002333,0.3733955659276546
form,0.07900677200902935,0.18397291196388263,0.04401805869074492,0.11512415349887133,0.136568848758465,0.10045146726862303,0.04966139954853273,0.291196388261851
limited,0.2481012658227848,0.07341772151898734,0.053164556962025315,0.02531645569620253,0.09113924050632911,0.28354430379746837,0.043037974683544304,0.18227848101265823
warranty,0.2,0.06666666666666667,0.0,0.06666666666666667,0.0,0.4666666666666667,0.0,0.2
damages,0.18292682926829268,0.042682926829268296,0.07926829268292683,0.06707317073170732,0.0,0.38414634146341464,0.0,0.24390243902439024
right,0.12235817575083426,0.1457174638487208,0.05005561735261402,0.11012235817575083,0.12791991101223582,0.14349276974416017,0.06451612903225806,0.23581757508342602
choose,0.05592105263157895,0.19078947368421054,0.03618421052631579,0.09539473684210527,0.19407894736842105,0.08223684210526316,0.08881578947368421,0.2565789473684211
second,0.0594059405940594,0.21122112211221122,0.0594059405940594,0.10231023102310231,0.16831683168316833,0.10231023102310231,0.0627062706270627,0.23432343234323433
kind,0.08571428571428572,0.1267080745341615,0.049689440993788817,0.09813664596273292,0.231055900621118,0.09813664596273292,0.0546583850931677,0.25590062111801243
express,0.12041884816753927,0.14136125654450263,0.04712041884816754,0.09424083769633508,0.193717277486911,0.13612565445026178,0.07853403141361257,0.18848167539267016
hold,0.10362694300518134,0.17098445595854922,0.054404145077720206,0.13730569948186527,0.13989637305699482,0.09067357512953368,0.06994818652849741,0.23316062176165803
cost,0.12222222222222222,0.14444444444444443,0.06666666666666667,0.12222222222222222,0.1111111111111111,0.13333333333333333,0.05555555555555555,0.24444444444444444
expense,0.09929078014184398,0.2198581560283688,0.028368794326241134,0.05673758865248227,0.07092198581560284,0.09219858156028368,0.02127659574468085,0.41134751773049644
arise,0.0915032679738562,0.16666666666666666,0.05555555555555555,0.13725490196078433,0.16013071895424835,0.10784313725490197,0.05555555555555555,0.22549019607843138
following,0.11886792452830189,0.1792452830188679,0.07169811320754717,0.12452830188679245,0.11886792452830189,0.11320754716981132,0.04716981132075472,0.22641509433962265
cause,0.11724806201550388,0.1308139534883721,0.0755813953488372,0.12403100775193798,0.125,0.1065891472868217,0.07170542635658915,0.24903100775193798
book,0.05025125628140704,0.20100502512562815,0.04522613065326633,0.10552763819095477,0.20100502512562815,0.07537688442211055,0.06532663316582915,0.2562814070351759
either,0.10991957104557641,0.1487935656836461,0.07104557640750671,0.14075067024128687,0.12198391420911528,0.10589812332439678,0.064343163538874,0.23726541554959785
proprietary,0.07692307692307693,0.23076923076923078,0.0,0.07692307692307693,0.0,0.07692307692307693,0.0,0.5384615384615384
word,0.08294062205466542,0.12535344015080113,0.061262959472196045,0.12252591894439209,0.12252591894439209,0.11027332704995288,0.05466540999057493,0.32045240339302544
hypertext,0.07692307692307693,0.23076923076923078,0.0,0.07692307692307693,0.0,0.07692307692307693,0.0,0.5384615384615384
long,0.07639419404125286,0.27234530175706645,0.05500381970970206,0.10580595874713522,0.13254392666157372,0.10542398777692895,0.06264323911382735,0.18983957219251338
displayed,0.12096774193548387,0.1532258064516129,0.04032258064516129,0.14516129032258066,0.12903225806451613,0.11290322580645161,0.07258064516129033,0.22580645161290322
characters,0.05384615384615385,0.2076923076923077,0.023076923076923078,0.06153846153846154,0.08461538461538462,0.07692307692307693,0.046153846153846156,0.4461538461538462
intended,0.10344827586206896,0.23754789272030652,0.05363984674329502,0.11494252873563218,0.09195402298850575,0.09961685823754789,0.04980842911877394,0.24904214559386972
used,0.10536044362292052,0.1589648798521257,0.04436229205175601,0.133086876155268,0.133086876155268,0.10905730129390019,0.06284658040665435,0.2532347504621072
ascii,0.07692307692307693,0.23076923076923078,0.0,0.07692307692307693,0.0,0.07692307692307693,0.0,0.5384615384615384
ebcdic,0.07692307692307693,0.23076923076923078,0.0,0.07692307692307693,0.0,0.07692307692307693,0.0,0.5384615384615384
equivalent,0.06896551724137931,0.27586206896551724,0.0,0.06896551724137931,0.0,0.10344827586206896,0.0,0.4827586206896552
prepare,0.059322033898305086,0.3389830508474576,0.03389830508474576,0.1016949152542373,0.09322033898305085,0.1016949152542373,0.06779661016949153,0.2033898305084746
let,0.08906426155580609,0.1488162344983089,0.06538895152198422,0.12063134160090191,0.1527621195039459,0.16403607666290868,0.06200676437429538,0.19729425028184894
freely,0.05336426914153132,0.1345707656612529,0.03944315545243619,0.06960556844547564,0.2273781902552204,0.10208816705336426,0.06496519721577726,0.308584686774942
friend,0.06419316843345112,0.12249705535924617,0.045936395759717315,0.07656065959952886,0.23616018845700826,0.09010600706713781,0.06595995288574794,0.29858657243816256
born,0.05448717948717949,0.1858974358974359,0.07371794871794872,0.11538461538461539,0.1858974358974359,0.11858974358974358,0.060897435897435896,0.20512820512820512
father,0.07921600653327888,0.13352388730093917,0.059616169865251124,0.11310739077174357,0.12903225806451613,0.11229073091057575,0.05634953042057983,0.31686402613311554
home,0.07588932806324111,0.17549407114624507,0.05375494071146245,0.1075098814229249,0.18972332015810275,0.1233201581027668,0.07430830039525692,0.2
till,0.0823045267489712,0.16049382716049382,0.06995884773662552,0.12345679012345678,0.16140832190214907,0.12162780064014632,0.07544581618655692,0.20530406950160038
went,0.08183632734530938,0.14770459081836326,0.09181636726546906,0.10179640718562874,0.17564870259481039,0.11177644710578842,0.0658682634730539,0.22355289421157684
high,0.07825600894354388,0.15651201788708777,0.05869200670765791,0.12129681386249301,0.18557853549468978,0.12744550027948576,0.0626048071548351,0.20961430967020683
gave,0.07804878048780488,0.17073170731707318,0.06341463414634146,0.09170731707317073,0.17658536585365853,0.1024390243902439,0.08487804878048781,0.23219512195121952
though,0.09825195901145269,0.1518987341772152,0.062085593731163354,0.13532248342374925,0.15009041591320071,0.12266425557564799,0.07172995780590717,0.20795660036166366
could,0.09614051305754565,0.16200600878206609,0.06517217471689392,0.13473538248208922,0.14421076958631845,0.11809567829905246,0.07071874277790617,0.20892073029812802
large,0.08333333333333333,0.17708333333333334,0.049479166666666664,0.12239583333333333,0.16666666666666666,0.08333333333333333,0.10677083333333333,0.2109375
old,0.08622502628811778,0.167192429022082,0.0583596214511041,0.11303890641430074,0.17718191377497372,0.10147213459516298,0.08096740273396424,0.21556256572029442
duty,0.10256410256410256,0.14743589743589744,0.07051282051282051,0.13675213675213677,0.13247863247863248,0.1388888888888889,0.05555555555555555,0.21581196581196582
little,0.0842741935483871,0.16491935483870968,0.05524193548387097,0.12016129032258065,0.16653225806451613,0.11008064516129032,0.08024193548387097,0.21854838709677418
lived,0.060085836909871244,0.19313304721030042,0.05150214592274678,0.12017167381974249,0.15450643776824036,0.10300429184549356,0.06866952789699571,0.24892703862660945
age,0.07297297297297298,0.17027027027027028,0.05945945945945946,0.12162162162162163,0.1864864864864865,0.09864864864864865,0.08648648648648649,0.20405405405405405
love,0.07367650646499146,0.1463771651622347,0.04952427421322274,0.10270797755550135,0.27787265186630883,0.10856306416199073,0.06269821907782386,0.17858014149792634
god,0.06563706563706563,0.17528957528957528,0.050965250965250966,0.16525096525096525,0.19202059202059202,0.08983268983268983,0.04272844272844273,0.21827541827541827
church,0.048417132216014895,0.22346368715083798,0.04655493482309125,0.08472998137802606,0.22625698324022347,0.074487895716946,0.040968342644320296,0.25512104283054005
short,0.0847682119205298,0.18675496688741722,0.060927152317880796,0.11655629139072848,0.1403973509933775,0.1152317880794702,0.07682119205298013,0.2185430463576159
poems,0.0,0.35135135135135137,0.05405405405405406,0.02702702702702703,0.24324324324324326,0.02702702702702703,0.0,0.2972972972972973
heart,0.08955223880597014,0.14822439526505404,0.06845084920226453,0.12712300566134843,0.17086978898610397,0.1471950591868245,0.06536284096757591,0.18322182192485847
sense,0.10497237569060773,0.14917127071823205,0.06445672191528545,0.13443830570902393,0.14917127071823205,0.12154696132596685,0.0847145488029466,0.19152854511970535
meaning,0.08108108108108109,0.24324324324324326,0.02702702702702703,0.02702702702702703,0.24324324324324326,0.02702702702702703,0.02702702702702703,0.32432432432432434
desire,0.09404388714733543,0.13479623824451412,0.06583072100313479,0.14733542319749215,0.1974921630094044,0.09717868338557993,0.07210031347962383,0.19122257053291536
rose,0.06641366223908918,0.18975332068311196,0.058823529411764705,0.0872865275142315,0.1840607210626186,0.1347248576850095,0.0872865275142315,0.19165085388994307
follow,0.08835341365461848,0.14056224899598393,0.05622489959839357,0.14457831325301204,0.13253012048192772,0.1285140562248996,0.06827309236947791,0.24096385542168675
course,0.08838383838383838,0.1776094276094276,0.061447811447811446,0.12962962962962962,0.14057239057239057,0.1069023569023569,0.07575757575757576,0.2196969696969697
marked,0.07718120805369127,0.16778523489932887,0.050335570469798654,0.13087248322147652,0.17114093959731544,0.14093959731543623,0.06040268456375839,0.20134228187919462
bring,0.10649819494584838,0.15162454873646208,0.06859205776173286,0.1263537906137184,0.1552346570397112,0.12454873646209386,0.039711191335740074,0.22743682310469315
faith,0.054527750730282376,0.1966893865628043,0.03894839337877313,0.09834469328140215,0.21324245374878287,0.09931840311587146,0.06329113924050633,0.23563777994157742
life,0.09686221009549795,0.1490450204638472,0.07435197817189632,0.13028649386084584,0.15927694406548432,0.126193724420191,0.07060027285129604,0.19338335607094134
worship,0.05921052631578947,0.19078947368421054,0.05263157894736842,0.1513157894736842,0.19736842105263158,0.09868421052631579,0.039473684210526314,0.21052631578947367
heavenward,0.09090909090909091,0.21212121212121213,0.07575757575757576,0.10606060606060606,0.18181818181818182,0.12121212121212122,0.06060606060606061,0.15151515151515152
circle,0.08108108108108109,0.17117117117117117,0.07207207207207207,0.10810810810810811,0.22522522522522523,0.07207207207207207,0.07207207207207207,0.1981981981981982
many,0.09312913907284769,0.16804635761589404,0.05339403973509934,0.1216887417218543,0.15935430463576158,0.12251655629139073,0.07201986754966887,0.20985099337748345
brother,0.061465721040189124,0.14420803782505912,0.045705279747832936,0.1024428684003152,0.14026792750197006,0.12529550827423167,0.054373522458628844,0.3262411347517731
care,0.0846262341325811,0.16784203102961917,0.06488011283497884,0.11142454160789844,0.16361071932299012,0.1227080394922426,0.076163610719323,0.20874471086036672
drawn,0.11299435028248588,0.13559322033898305,0.06779661016949153,0.14689265536723164,0.12429378531073447,0.10734463276836158,0.06779661016949153,0.23728813559322035
great,0.10799796230259806,0.152317880794702,0.07080998471726949,0.12429954151808456,0.14824248599083037,0.10494141619969434,0.06775343861436577,0.22363728986245543
four,0.12064343163538874,0.1447721179624665,0.08310991957104558,0.1581769436997319,0.11796246648793565,0.1554959785522788,0.04289544235924933,0.1769436997319035
whose,0.0905368516833485,0.1565059144676979,0.06050955414012739,0.12147406733393995,0.16606005459508644,0.1091901728844404,0.08553230209281165,0.21019108280254778
equal,0.09230769230769231,0.15384615384615385,0.10256410256410256,0.13846153846153847,0.15897435897435896,0.08205128205128205,0.09743589743589744,0.17435897435897435
power,0.10964083175803403,0.14366729678638943,0.06332703213610585,0.14272211720226843,0.15784499054820417,0.11436672967863894,0.05954631379962193,0.20888468809073724
sympathy,0.13559322033898305,0.1271186440677966,0.059322033898305086,0.1694915254237288,0.1271186440677966,0.17796610169491525,0.0847457627118644,0.11864406779661017
putting,0.17142857142857143,0.17142857142857143,0.05714285714285714,0.14285714285714285,0.08571428571428572,0.2,0.05714285714285714,0.11428571428571428
pass,0.10136452241715399,0.17738791423001948,0.056530214424951264,0.1189083820662768,0.1442495126705653,0.13450292397660818,0.08382066276803118,0.18323586744639375
raise,0.0794392523364486,0.14018691588785046,0.06542056074766354,0.1308411214953271,0.16822429906542055,0.1261682242990654,0.056074766355140186,0.2336448598130841
man,0.1055764411027569,0.1488095238095238,0.07957393483709273,0.12656641604010024,0.14786967418546365,0.12531328320802004,0.08114035087719298,0.18515037593984962
spirit,0.0973377703826955,0.15141430948419302,0.06572379367720466,0.14309484193011648,0.15224625623960067,0.14309484193011648,0.0723793677204659,0.17470881863560733
true,0.07112375533428165,0.11948790896159317,0.057610241820768134,0.09815078236130868,0.23968705547652916,0.09317211948790896,0.05405405405405406,0.26671408250355616
beyond,0.0851063829787234,0.17494089834515367,0.05200945626477541,0.12529550827423167,0.17257683215130024,0.10401891252955082,0.06619385342789598,0.2198581560283688
earthly,0.07520325203252033,0.17479674796747968,0.06300813008130081,0.12195121951219512,0.18902439024390244,0.11178861788617886,0.06504065040650407,0.1991869918699187
together,0.09570957095709572,0.16006600660066006,0.0462046204620462,0.12706270627062707,0.16501650165016502,0.11551155115511551,0.08745874587458746,0.20297029702970298
lives,0.08835341365461848,0.1606425702811245,0.05220883534136546,0.12048192771084337,0.1927710843373494,0.11646586345381527,0.08032128514056225,0.18875502008032127
setting,0.06578947368421052,0.19736842105263158,0.05263157894736842,0.09868421052631579,0.19736842105263158,0.09210526315789473,0.1118421052631579,0.18421052631578946
aside,0.05825242718446602,0.1650485436893204,0.04854368932038835,0.1553398058252427,0.18446601941747573,0.08737864077669903,0.06796116504854369,0.23300970873786409
hidden,0.04,0.16,0.06,0.12,0.2,0.12,0.06,0.24
christ,0.08183079056865465,0.15950069348127602,0.06241331484049931,0.10540915395284327,0.20388349514563106,0.11511789181692095,0.049930651872399444,0.22191400832177532
christians,0.027777777777777776,0.1388888888888889,0.08333333333333333,0.05555555555555555,0.2222222222222222,0.1111111111111111,0.08333333333333333,0.2777777777777778
forms,0.06467661691542288,0.17412935323383086,0.06467661691542288,0.1044776119402985,0.19900497512437812,0.06965174129353234,0.1044776119402985,0.21890547263681592
found,0.06866129650939777,0.13271960107403144,0.04602991944764097,0.09282700421940929,0.22784810126582278,0.09474491752972766,0.05485232067510549,0.2823168392788646
think,0.08892763731473409,0.13426329555361813,0.07759372275501308,0.11421098517872712,0.16216216216216217,0.11333914559721012,0.07236268526591107,0.23714036617262424
guileless,0.041666666666666664,0.1875,0.041666666666666664,0.14583333333333334,0.22916666666666666,0.0625,0.020833333333333332,0.2708333333333333
kindly,0.05917159763313609,0.15976331360946747,0.07100591715976332,0.08875739644970414,0.20710059171597633,0.10059171597633136,0.09467455621301775,0.21893491124260356
affection,0.08666666666666667,0.12133333333333333,0.05466666666666667,0.1,0.23066666666666666,0.108,0.042666666666666665,0.256
still,0.08451178451178451,0.16666666666666666,0.06060606060606061,0.12828282828282828,0.15858585858585858,0.1292929292929293,0.07676767676767676,0.19528619528619529
go,0.10159817351598173,0.16552511415525115,0.0547945205479452,0.1141552511415525,0.15182648401826485,0.1415525114155251,0.07876712328767123,0.1917808219178082
shall,0.07526545908806996,0.1727045596502186,0.05777638975640225,0.1146158650843223,0.1755153029356652,0.11305434103685197,0.06620861961274203,0.22485946283572766
living,0.08831168831168831,0.13766233766233765,0.05454545454545454,0.14285714285714285,0.16363636363636364,0.11688311688311688,0.06233766233766234,0.23376623376623376
live,0.08798283261802575,0.1630901287553648,0.06652360515021459,0.14163090128755365,0.15879828326180256,0.12660944206008584,0.07081545064377683,0.18454935622317598
appointed,0.11926605504587157,0.13761467889908258,0.08256880733944955,0.1651376146788991,0.11009174311926606,0.11926605504587157,0.07339449541284404,0.1926605504587156
theme,0.04054054054054054,0.14864864864864866,0.02702702702702703,0.10810810810810811,0.22972972972972974,0.13513513513513514,0.06756756756756757,0.24324324324324326
strong,0.11481975967957277,0.1375166889185581,0.07610146862483311,0.14686248331108145,0.15220293724966621,0.12550066755674233,0.06809078771695594,0.17890520694259013
towards,0.10347615198059822,0.15278900565885206,0.07033144704931285,0.12772837510105092,0.1608730800323363,0.11156022635408246,0.068714632174616,0.20452708164915118
revive,0.08333333333333333,0.2777777777777778,0.08333333333333333,0.1111111111111111,0.1111111111111111,0.1111111111111111,0.05555555555555555,0.16666666666666666
soul,0.08737864077669903,0.13980582524271845,0.07961165048543689,0.1378640776699029,0.17184466019417477,0.14563106796116504,0.07281553398058252,0.1650485436893204
deep,0.10424028268551237,0.14664310954063603,0.06978798586572438,0.1439929328621908,0.1413427561837456,0.15724381625441697,0.06448763250883392,0.17226148409893993
felt,0.1030008110300081,0.15571776155717762,0.07218167072181671,0.13949716139497162,0.14436334144363341,0.1281427412814274,0.08110300081103,0.1759935117599351
known,0.09135399673735727,0.14845024469820556,0.057096247960848286,0.12398042414355628,0.12887438825448613,0.11745513866231648,0.0799347471451876,0.2528548123980424
sought,0.0675,0.2,0.0625,0.095,0.1475,0.1425,0.0775,0.2075
stir,0.1111111111111111,0.1388888888888889,0.08333333333333333,0.1111111111111111,0.1388888888888889,0.1388888888888889,0.027777777777777776,0.25
nature,0.08056394763343404,0.16012084592145015,0.06445115810674723,0.12185297079556898,0.1701913393756294,0.11983887210473314,0.08862034239677745,0.19436052366565962
put,0.10324483775811209,0.15781710914454278,0.06047197640117994,0.11946902654867257,0.14454277286135694,0.11209439528023599,0.0855457227138643,0.2168141592920354
zeal,0.07296137339055794,0.15879828326180256,0.04291845493562232,0.10300429184549356,0.18025751072961374,0.07296137339055794,0.12017167381974249,0.24892703862660945
dead,0.10565110565110565,0.10565110565110565,0.10319410319410319,0.18673218673218672,0.10565110565110565,0.21375921375921375,0.05405405405405406,0.12530712530712532
glow,0.04938271604938271,0.1831275720164609,0.04938271604938271,0.08847736625514403,0.22016460905349794,0.09670781893004116,0.06790123456790123,0.2448559670781893
fire,0.08270676691729323,0.12593984962406016,0.041353383458646614,0.24436090225563908,0.15413533834586465,0.09398496240601503,0.06766917293233082,0.18984962406015038
light,0.07750144592249855,0.17235396182764604,0.06304222093695779,0.11162521688837479,0.18218623481781376,0.1249277038750723,0.08097165991902834,0.18739155581260844
warmth,0.02631578947368421,0.21052631578947367,0.0,0.15789473684210525,0.21052631578947367,0.07894736842105263,0.05263157894736842,0.2631578947368421
earnest,0.028846153846153848,0.19230769230769232,0.04807692307692308,0.08653846153846154,0.18269230769230768,0.11538461538461539,0.04807692307692308,0.2980769230769231
pure,0.06192660550458716,0.17889908256880735,0.0481651376146789,0.10550458715596331,0.20642201834862386,0.11009174311926606,0.06422018348623854,0.22477064220183487
back,0.08655804480651731,0.15784114052953158,0.06008146639511202,0.11812627291242363,0.17311608961303462,0.10386965376782077,0.0824847250509165,0.21792260692464357
