,anger,anticipation,disgust,fear,joy,sadness,surprise,trust
project,0.12202753441802253,0.17083854818523153,0.05569461827284105,0.05506883604505632,0.1013767209011264,0.07884856070087609,0.020650813516896117,0.3954943679599499
gutenberg,0.07915567282321899,0.2480211081794195,0.06068601583113455,0.050131926121372024,0.058047493403693924,0.11609498680738785,0.010554089709762533,0.3773087071240105
ebook,0.02366863905325444,0.23076923076923078,0.08284023668639054,0.0591715976331361,0.08875739644970415,0.0591715976331361,0.03550295857988166,0.4201183431952663
use,0.11884550084889643,0.16638370118845502,0.09168081494057725,0.10696095076400679,0.14261460101867574,0.0865874363327674,0.04074702886247878,0.24617996604414263
almost,0.10161662817551964,0.15473441108545036,0.06466512702078522,0.12009237875288685,0.15473441108545036,0.12702078521939955,0.07621247113163972,0.20092378752886836
may,0.09058341862845445,0.1660696008188332,0.06960081883316276,0.1072159672466735,0.150460593654043,0.10823950870010236,0.07599795291709315,0.23183213920163767
copy,0.14960629921259846,0.11286089238845146,0.08398950131233597,0.09186351706036747,0.060367454068241476,0.08661417322834647,0.044619422572178484,0.3700787401574804
give,0.08628318584070796,0.2079646017699115,0.06084070796460177,0.10287610619469027,0.14823008849557523,0.11061946902654866,0.07300884955752211,0.21017699115044247
away,0.09415121255349501,0.1776034236804565,0.06990014265335237,0.11911554921540657,0.15049928673323826,0.13908701854493583,0.0841654778887304,0.16547788873038516
terms,0.11778846153846156,0.12740384615384617,0.060096153846153855,0.07451923076923078,0.12019230769230771,0.08173076923076925,0.05528846153846154,0.3629807692307693
license,0.10659898477157359,0.22842639593908626,0.06598984771573603,0.0862944162436548,0.11675126903553297,0.0862944162436548,0.035532994923857864,0.27411167512690354
lady,0.0875,0.155,0.06,0.125,0.17250000000000001,0.13,0.1125,0.1575
page,0.08163265306122448,0.13877551020408163,0.08571428571428572,0.12653061224489795,0.10612244897959185,0.11020408163265306,0.0653061224489796,0.2857142857142857
years,0.08599857853589198,0.17626154939587776,0.06823027718550106,0.10732054015636106,0.15422885572139305,0.10660980810234542,0.0767590618336887,0.22459132906894103
many,0.10307109802271772,0.15481699621371475,0.0702566259991586,0.13167858645351285,0.14387883887252842,0.11821623895666808,0.07698779974758099,0.20109381573411864
things,0.08753315649867374,0.1777188328912467,0.0610079575596817,0.11538461538461539,0.15517241379310345,0.09946949602122017,0.07824933687002654,0.2254641909814324
ever,0.0948905109489051,0.1510948905109489,0.06715328467153284,0.12408759124087591,0.1635036496350365,0.11386861313868613,0.07372262773722628,0.2116788321167883
time,0.07035175879396985,0.32017229002153624,0.04917444364680545,0.092964824120603,0.12670495333811915,0.09727207465900933,0.07035175879396985,0.17300789662598706
come,0.08187919463087248,0.19731543624161074,0.06577181208053692,0.11543624161073825,0.13154362416107385,0.12751677852348994,0.07919463087248323,0.20134228187919462
found,0.06948493683187561,0.1292517006802721,0.0510204081632653,0.07920310981535471,0.2346938775510204,0.08309037900874636,0.058794946550048584,0.2944606413994169
lines,0.08421052631578947,0.12105263157894736,0.07368421052631578,0.23157894736842108,0.15789473684210525,0.09473684210526316,0.05263157894736842,0.18421052631578946
unpolluted,0.06097560975609757,0.1585365853658537,0.12195121951219513,0.12195121951219513,0.17073170731707318,0.13414634146341467,0.07317073170731708,0.1585365853658537
much,0.07941176470588235,0.1730392156862745,0.058333333333333334,0.10686274509803922,0.16323529411764703,0.10490196078431371,0.08872549019607844,0.22549019607843138
prophetic,0.0697674418604651,0.1395348837209302,0.09302325581395347,0.18604651162790695,0.11627906976744184,0.1395348837209302,0.09302325581395347,0.16279069767441856
somewhat,0.1021505376344086,0.16666666666666666,0.07526881720430106,0.13978494623655913,0.13978494623655913,0.13440860215053763,0.08602150537634408,0.15591397849462363
view,0.09782608695652173,0.17080745341614906,0.06211180124223602,0.12732919254658384,0.15062111801242234,0.13819875776397514,0.07919254658385091,0.17391304347826084
since,0.10162601626016259,0.15853658536585363,0.07859078590785906,0.14092140921409213,0.10840108401084009,0.14634146341463414,0.05962059620596206,0.20596205962059616
long,0.08205553253211771,0.29589722337339414,0.05843348528802321,0.10733526730211355,0.11893907998342312,0.1027766266058848,0.07086614173228348,0.16369664318276006
means,0.09977827050997783,0.14855875831485588,0.06208425720620842,0.11086474501108647,0.13747228381374724,0.10199556541019955,0.06430155210643015,0.2749445676274945
rise,0.07425742574257425,0.17821782178217824,0.039603960396039604,0.1386138613861386,0.15346534653465346,0.08415841584158416,0.09405940594059406,0.2376237623762376
one,0.09317269076305221,0.1644979919678715,0.06650602409638554,0.12144578313253011,0.1489156626506024,0.11903614457831324,0.08369477911646586,0.20273092369477913
first,0.08320373250388802,0.1776827371695179,0.06376360808709175,0.11430793157076205,0.1594090202177294,0.09331259720062209,0.08359253499222395,0.22472783825816486
every,0.07936507936507937,0.18073593073593075,0.05627705627705628,0.11868686868686869,0.1684704184704185,0.10966810966810966,0.0808080808080808,0.205988455988456
little,0.08851017042330953,0.18086860912589336,0.054975261132490384,0.10555250137438153,0.16217702034084663,0.11709730621220453,0.09345794392523366,0.1973611874656405
'd,0.09315519765739386,0.15629575402635434,0.05472181551976574,0.14128843338213765,0.16819180087847732,0.14769399707174233,0.095900439238653,0.14275256222547586
ask,0.07692307692307693,0.1923076923076923,0.05769230769230769,0.1346153846153846,0.09615384615384615,0.11538461538461538,0.11538461538461538,0.21153846153846154
full,0.09315375982042648,0.19753086419753085,0.04601571268237934,0.10325476992143658,0.1728395061728395,0.11560044893378227,0.08754208754208753,0.18406285072951736
sun,0.052808988764044947,0.20786516853932585,0.028089887640449437,0.07865168539325842,0.19325842696629214,0.08314606741573034,0.1595505617977528,0.19662921348314608
way,0.06837606837606837,0.17094017094017092,0.05982905982905983,0.13797313797313798,0.12698412698412698,0.12454212454212453,0.0879120879120879,0.22344322344322343
cold,0.11320754716981132,0.13417190775681342,0.08176100628930817,0.12788259958071277,0.14884696016771487,0.1593291404612159,0.10062893081761005,0.13417190775681342
skies,0.12096774193548389,0.1532258064516129,0.040322580645161296,0.1370967741935484,0.1370967741935484,0.10483870967741937,0.11290322580645162,0.19354838709677422
would,0.08374500117619385,0.17666431427899318,0.06069160197600565,0.12091272641731358,0.15290519877675843,0.11056222065396379,0.08350976240884499,0.21100917431192662
fling,0.0625,0.1875,0.04166666666666667,0.08333333333333334,0.22916666666666669,0.125,0.14583333333333334,0.125
air,0.08035714285714285,0.17729591836734693,0.05229591836734693,0.1288265306122449,0.15561224489795916,0.12755102040816327,0.10459183673469385,0.173469387755102
broken,0.1564885496183206,0.10305343511450381,0.0648854961832061,0.19465648854961828,0.09923664122137404,0.16030534351145037,0.0648854961832061,0.1564885496183206
high,0.0726072607260726,0.1672167216721672,0.0572057205720572,0.11551155115511551,0.16831683168316833,0.11551155115511551,0.09130913091309131,0.21232123212321233
bold,0.08583690987124463,0.1502145922746781,0.04291845493562232,0.1072961373390558,0.1888412017167382,0.09871244635193133,0.07725321888412016,0.24892703862660942
seem,0.0927357032457496,0.1437403400309119,0.07882534775888717,0.1329211746522411,0.1391035548686244,0.1391035548686244,0.08191653786707882,0.19165378670788252
kind,0.07234042553191489,0.1049645390070922,0.032624113475177303,0.08085106382978724,0.24822695035460993,0.10354609929078014,0.06524822695035461,0.2921985815602837
soar,0.04819277108433736,0.1807228915662651,0.01204819277108434,0.07228915662650603,0.2530120481927711,0.14457831325301207,0.10843373493975905,0.1807228915662651
care,0.06557377049180328,0.16939890710382516,0.05191256830601094,0.11475409836065575,0.16939890710382516,0.10928961748633881,0.08743169398907105,0.23224043715846998
find,0.08937437934458788,0.17477656405163855,0.070506454816286,0.10427010923535253,0.15491559086395232,0.10427010923535253,0.09036742800397218,0.211519364448858
soon,0.10184049079754602,0.17791411042944785,0.06748466257668712,0.13496932515337423,0.14355828220858896,0.1312883435582822,0.06871165644171778,0.17423312883435582
beauty,0.07211538461538461,0.14663461538461536,0.04326923076923077,0.07692307692307693,0.3245192307692308,0.09134615384615384,0.06971153846153846,0.17548076923076922
sweet,0.0394456289978678,0.208955223880597,0.025586353944562896,0.05223880597014925,0.23027718550106607,0.07569296375266524,0.16844349680170576,0.1993603411513859
light,0.08075221238938052,0.16261061946902652,0.059734513274336286,0.11946902654867257,0.165929203539823,0.13716814159292035,0.10287610619469027,0.17146017699115043
fall,0.09393939393939395,0.10606060606060606,0.08181818181818182,0.13333333333333333,0.1272727272727273,0.2090909090909091,0.06969696969696969,0.1787878787878788
say,0.0670995670995671,0.16450216450216448,0.0606060606060606,0.10822510822510822,0.17316017316017315,0.0974025974025974,0.0844155844155844,0.24458874458874458
think,0.08018867924528301,0.18238993710691823,0.036163522012578615,0.1179245283018868,0.17452830188679244,0.10534591194968554,0.08647798742138364,0.2169811320754717
thy,0.09297912713472486,0.16223908918406071,0.06072106261859583,0.12049335863377608,0.18406072106261856,0.12808349146110057,0.08918406072106262,0.16223908918406071
praise,0.06967213114754098,0.11065573770491803,0.04918032786885245,0.06967213114754098,0.290983606557377,0.06557377049180328,0.05737704918032786,0.28688524590163933
grace,0.08333333333333333,0.14102564102564102,0.08333333333333333,0.09615384615384615,0.16666666666666666,0.1346153846153846,0.08974358974358973,0.20512820512820512
see,0.0865979381443299,0.177319587628866,0.06391752577319589,0.12164948453608247,0.1463917525773196,0.12783505154639177,0.08109965635738832,0.19518900343642612
thee,0.07069219440353462,0.18556701030927836,0.036082474226804134,0.11708394698085421,0.20103092783505158,0.1399116347569956,0.09867452135493374,0.15095729013254788
path,0.08943089430894309,0.14634146341463414,0.05284552845528455,0.10975609756097561,0.1991869918699187,0.1382113821138211,0.09756097560975609,0.16666666666666663
duty,0.05357142857142858,0.17261904761904764,0.04761904761904763,0.0773809523809524,0.23809523809523814,0.07142857142857144,0.0654761904761905,0.27380952380952384
happy,0.059001512859304085,0.23146747352496222,0.04387291981845689,0.07564296520423601,0.22087745839636916,0.08320726172465961,0.059001512859304085,0.22692889561270804
face,0.04892966360856269,0.2110091743119266,0.030581039755351678,0.08868501529051986,0.18960244648318042,0.12538226299694188,0.11314984709480122,0.19266055045871558
friend,0.07149321266968327,0.10497737556561086,0.056108597285067875,0.0832579185520362,0.25882352941176473,0.07692307692307693,0.056108597285067875,0.29230769230769227
charm,0.08661417322834647,0.14960629921259844,0.05118110236220473,0.12598425196850396,0.19291338582677167,0.11023622047244094,0.07874015748031496,0.20472440944881892
could,0.0880952380952381,0.16875,0.06071428571428571,0.11666666666666667,0.16071428571428573,0.11011904761904762,0.08095238095238096,0.21398809523809526
graceful,0.09374999999999999,0.21874999999999997,0.0,0.0,0.40625,0.0625,0.03125,0.18749999999999997
wise,0.1452991452991453,0.11111111111111112,0.08547008547008547,0.11965811965811966,0.11111111111111112,0.10256410256410256,0.10256410256410256,0.22222222222222224
words,0.22157434402332363,0.15160349854227406,0.04373177842565598,0.08892128279883382,0.119533527696793,0.07580174927113703,0.0728862973760933,0.22594752186588923
thou,0.07799274486094317,0.17351874244256346,0.04715840386940749,0.11185006045949214,0.1837968561064087,0.15719467956469166,0.10822249093107617,0.14026602176541716
art,0.04622013317665492,0.21425773599686646,0.0309439874657266,0.0536623580101841,0.2146494320407364,0.16764590677634156,0.15863689776733256,0.11398354876615747
fair,0.07017543859649124,0.15789473684210528,0.03333333333333333,0.09649122807017545,0.22280701754385968,0.11403508771929825,0.09649122807017545,0.20877192982456144
tongue,0.08938547486033521,0.12849162011173185,0.0558659217877095,0.13966480446927376,0.1675977653631285,0.13966480446927376,0.0782122905027933,0.2011173184357542
poor,0.0909090909090909,0.15856236786469344,0.07822410147991543,0.12050739957716701,0.16913319238900631,0.10359408033826638,0.10782241014799153,0.1712473572938689
joy,0.09770114942528736,0.1149425287356322,0.04597701149425288,0.10919540229885058,0.25287356321839083,0.13793103448275862,0.08620689655172414,0.15517241379310348
oh,0.02,0.2,0.04,0.06,0.24,0.18,0.16,0.1
whose,0.0941816659690247,0.16157388028463796,0.06990372540812055,0.11594809543742152,0.1703641691084136,0.10422771033905401,0.08539137714524907,0.1984093763080787
heart,0.08746130030959753,0.13854489164086686,0.07120743034055728,0.12616099071207432,0.16795665634674922,0.1346749226006192,0.08126934984520125,0.19272445820433437
feel,0.08298171589310831,0.17158931082981715,0.05203938115330521,0.13642756680731363,0.17299578059071732,0.12236286919831224,0.0689170182841069,0.19268635724331928
voice,0.07142857142857144,0.16402116402116404,0.04761904761904762,0.11111111111111112,0.19841269841269843,0.12962962962962965,0.10582010582010583,0.17195767195767198
truth,0.09466019417475727,0.13228155339805825,0.06067961165048543,0.10072815533980582,0.12742718446601942,0.08252427184466019,0.07402912621359223,0.3276699029126213
warmth,0.07471264367816093,0.16091954022988506,0.06321839080459771,0.1149425287356322,0.19540229885057472,0.09195402298850576,0.10919540229885058,0.18965517241379312
zeal,0.0718232044198895,0.17679558011049723,0.04696132596685083,0.07458563535911603,0.16574585635359115,0.07734806629834252,0.12154696132596685,0.26519337016574585
folly,0.10112359550561797,0.12359550561797754,0.056179775280898875,0.11235955056179775,0.16853932584269662,0.16853932584269662,0.0898876404494382,0.1797752808988764
become,0.09017496635262448,0.1870794078061911,0.0753701211305518,0.09959623149394346,0.1668909825033647,0.11036339165545085,0.0753701211305518,0.19515477792732164
tender,0.07915057915057915,0.11196911196911197,0.04054054054054054,0.0888030888030888,0.2567567567567568,0.1003861003861004,0.06756756756756757,0.2548262548262548
vain,0.09375,0.165625,0.071875,0.121875,0.178125,0.11875,0.075,0.175
world,0.08994708994708996,0.16468253968253968,0.07407407407407407,0.11507936507936507,0.16865079365079366,0.11772486772486773,0.08134920634920637,0.18849206349206352
win,0.06060606060606061,0.1515151515151515,0.06060606060606061,0.06060606060606061,0.24242424242424243,0.06060606060606061,0.0909090909090909,0.2727272727272727
bright,0.06774193548387097,0.17096774193548386,0.05161290322580645,0.11935483870967742,0.20967741935483872,0.11935483870967742,0.08709677419354839,0.17419354838709677
prize,0.07246376811594203,0.14492753623188406,0.043478260869565216,0.10144927536231883,0.24637681159420288,0.07246376811594203,0.07246376811594203,0.24637681159420288
though,0.07297830374753451,0.1643655489809336,0.05325443786982249,0.10650887573964497,0.1715976331360947,0.11637080867850098,0.09598948060486522,0.21893491124260353
know,0.08500590318772137,0.19126328217237307,0.05548996458087367,0.09563164108618653,0.16883116883116883,0.1050767414403778,0.08736717827626919,0.2113341204250295
noble,0.08250825082508252,0.1353135313531353,0.054455445544554455,0.11056105610561058,0.13366336633663367,0.09735973597359737,0.06930693069306931,0.31683168316831684
love,0.07796257796257797,0.1387733887733888,0.0472972972972973,0.09771309771309773,0.29002079002079006,0.09875259875259876,0.08212058212058214,0.1673596673596674
admire,0.06802721088435373,0.09523809523809522,0.08163265306122448,0.06802721088435373,0.14285714285714285,0.11564625850340135,0.07482993197278912,0.35374149659863946
fear,0.1910828025477707,0.12738853503184716,0.06581740976645437,0.21656050955414013,0.10403397027600851,0.09766454352441614,0.06581740976645437,0.13163481953290873
breast,0.10030395136778113,0.13677811550151972,0.048632218844984795,0.1276595744680851,0.17933130699088143,0.1337386018237082,0.10638297872340424,0.16717325227963523
soul,0.08551724137931034,0.1682758620689655,0.05655172413793103,0.1186206896551724,0.20551724137931035,0.10482758620689654,0.10482758620689654,0.15586206896551724
toil,0.11450381679389311,0.12213740458015267,0.09923664122137404,0.2213740458015267,0.09923664122137404,0.13740458015267173,0.08396946564885496,0.12213740458015267
strife,0.152,0.128,0.055999999999999994,0.096,0.16,0.136,0.08800000000000001,0.184
life,0.0925925925925926,0.1748633879781421,0.0734669095324833,0.1071645415907711,0.15846994535519127,0.11687917425622345,0.09046751669702491,0.18609593199757135
's,0.08387633439622903,0.1563843061139609,0.06418965756273395,0.12546790517121864,0.14945237765146263,0.1264383751559684,0.08346041868847914,0.21073062525994732
close,0.0974155069582505,0.1709741550695825,0.05168986083499007,0.13320079522862824,0.1411530815109344,0.11729622266401592,0.09940357852882704,0.1888667992047714
spirit,0.11097410604192356,0.14673242909987672,0.06411837237977806,0.12823674475955613,0.14796547472256474,0.1319358816276202,0.08138101109741061,0.18865598027127006
repose,0.07936507936507937,0.14814814814814814,0.08465608465608467,0.08465608465608467,0.19576719576719578,0.12169312169312169,0.07936507936507937,0.20634920634920637
poverty,0.18133333333333332,0.056,0.18933333333333333,0.18666666666666668,0.064,0.18133333333333332,0.04266666666666667,0.09866666666666667
chains,0.22222222222222224,0.02777777777777778,0.22222222222222224,0.25,0.02777777777777778,0.19444444444444442,0.0,0.05555555555555556
often,0.09779482262703738,0.17353787152444872,0.061840843720038355,0.11265580057526367,0.15963566634707574,0.11457334611697027,0.08101629913710451,0.19894534995206137
past,0.0946969696969697,0.15909090909090912,0.07196969696969698,0.13257575757575757,0.16287878787878787,0.14772727272727273,0.060606060606060615,0.17045454545454547
hour,0.07083333333333333,0.14375000000000002,0.07916666666666666,0.11666666666666665,0.1729166666666667,0.15625,0.08125,0.17916666666666667
dear,0.068,0.188,0.057999999999999996,0.1,0.18,0.106,0.08800000000000001,0.212
power,0.10776545166402535,0.1537242472266244,0.07290015847860538,0.14104595879556261,0.1473851030110935,0.11885895404120443,0.0681458003169572,0.1901743264659271
around,0.07259953161592506,0.14754098360655737,0.06088992974238876,0.1334894613583138,0.16159250585480092,0.1522248243559719,0.09601873536299764,0.1756440281030445
ne'er,0.04545454545454546,0.18181818181818185,0.02272727272727273,0.04545454545454546,0.20454545454545459,0.06818181818181819,0.1590909090909091,0.27272727272727276
bosom,0.07344632768361581,0.13559322033898302,0.07909604519774009,0.16949152542372878,0.18079096045197737,0.14124293785310732,0.05649717514124293,0.16384180790960448
o'er,0.07772020725388601,0.17357512953367876,0.04145077720207254,0.12435233160621761,0.17875647668393782,0.12694300518134716,0.12953367875647667,0.14766839378238342
wing,0.0821917808219178,0.136986301369863,0.0547945205479452,0.1780821917808219,0.1643835616438356,0.19178082191780818,0.0136986301369863,0.1780821917808219
alone,0.0972972972972973,0.17117117117117117,0.06306306306306306,0.14234234234234236,0.16396396396396395,0.11171171171171171,0.07747747747747748,0.17297297297297295
wanderings,0.026315789473684213,0.2368421052631579,0.026315789473684213,0.026315789473684213,0.2631578947368421,0.10526315789473685,0.2105263157894737,0.10526315789473685
eyes,0.09254807692307693,0.1766826923076923,0.046875,0.12860576923076922,0.1766826923076923,0.12980769230769232,0.08533653846153845,0.16346153846153846
home,0.08847184986595175,0.14745308310991959,0.08310991957104559,0.12332439678284182,0.15549597855227884,0.15013404825737264,0.07238605898123325,0.17962466487935658
appears,0.10581222056631893,0.1639344262295082,0.0700447093889717,0.11624441132637854,0.13561847988077497,0.12518628912071536,0.0655737704918033,0.21758569299552907
ye,0.08503937007874016,0.16377952755905512,0.048818897637795275,0.12125984251968504,0.19370078740157481,0.08031496062992126,0.06614173228346457,0.2409448818897638
glow,0.0486111111111111,0.24305555555555552,0.02083333333333333,0.05555555555555555,0.2569444444444444,0.08333333333333331,0.06944444444444443,0.2222222222222222
forth,0.11773700305810399,0.14678899082568808,0.06269113149847096,0.12079510703363916,0.14678899082568808,0.1269113149847095,0.07645259938837921,0.2018348623853211
affection,0.056291390728476824,0.12582781456953643,0.023178807947019868,0.09271523178807947,0.27814569536423844,0.08609271523178809,0.056291390728476824,0.2814569536423841
like,0.10237510237510238,0.15765765765765766,0.06674856674856676,0.13472563472563473,0.1461916461916462,0.128992628992629,0.09213759213759214,0.17117117117117117
child,0.05132192846034215,0.26749611197511663,0.04043545878693624,0.06531881804043546,0.25972006220839816,0.09486780715396578,0.07309486780715398,0.14774494556765164
still,0.09173715029277814,0.15875081327260898,0.0657124268054652,0.1346779440468445,0.1541964866623292,0.1236174365647365,0.07612231620039037,0.19518542615484713
yet,0.08503937007874016,0.16614173228346457,0.0625984251968504,0.11811023622047244,0.16968503937007876,0.12244094488188977,0.08661417322834646,0.1893700787401575
rare,0.0390625,0.18749999999999997,0.015625,0.0703125,0.25,0.0625,0.0859375,0.2890625
early,0.08502024291497975,0.19433198380566805,0.058029689608636977,0.10121457489878544,0.17139001349527666,0.10121457489878544,0.09041835357624832,0.19838056680161945
within,0.11037234042553191,0.1702127659574468,0.05851063829787234,0.12234042553191488,0.14627659574468085,0.1276595744680851,0.09308510638297872,0.17154255319148937
free,0.07123287671232877,0.15890410958904108,0.049315068493150684,0.12602739726027395,0.15616438356164383,0.12054794520547946,0.06301369863013698,0.2547945205479452
fancy,0.06855791962174941,0.24349881796690312,0.03546099290780142,0.08510638297872342,0.2364066193853428,0.0921985815602837,0.0921985815602837,0.14657210401891255
thought,0.06768734891216761,0.28203062046736505,0.046736502820306204,0.09669621273166801,0.1506849315068493,0.09186140209508462,0.0741337630942788,0.19016921837228043
closely,0.09154929577464789,0.17605633802816903,0.06338028169014084,0.10563380281690142,0.17605633802816903,0.08450704225352113,0.08450704225352113,0.2183098591549296
never,0.09372384937238494,0.16276150627615063,0.06569037656903766,0.1259414225941423,0.15397489539748954,0.12301255230125524,0.08493723849372387,0.18995815899581592
mine,0.06912442396313365,0.14285714285714288,0.05529953917050691,0.15668202764976957,0.15668202764976957,0.15207373271889402,0.08294930875576037,0.18433179723502305
young,0.0546875,0.22514204545454544,0.04190340909090909,0.06889204545454544,0.2180397727272727,0.09232954545454544,0.16548295454545453,0.13352272727272727
hope,0.05459387483355526,0.1810918774966711,0.043941411451398134,0.0785619174434088,0.18508655126498005,0.07589880159786952,0.14247669773635152,0.23834886817576564
vainly,0.08888888888888889,0.13333333333333333,0.13333333333333333,0.1111111111111111,0.15555555555555556,0.15555555555555556,0.08888888888888889,0.13333333333333333
might,0.0942578548212351,0.1782231852654388,0.07258938244853738,0.13001083423618634,0.14463705308775732,0.11375947995666306,0.07204767063921994,0.19447453954496208
prove,0.0900473933649289,0.14218009478672985,0.06635071090047392,0.10900473933649288,0.1848341232227488,0.0995260663507109,0.0900473933649289,0.21800947867298576
deep,0.08299319727891157,0.14829931972789115,0.053061224489795916,0.14965986394557823,0.15510204081632653,0.14285714285714285,0.08571428571428572,0.18231292517006803
speak,0.07490636704119849,0.19475655430711608,0.08614232209737827,0.12359550561797751,0.13857677902621723,0.11235955056179774,0.06367041198501872,0.20599250936329586
tendrils,0.025,0.225,0.025,0.05,0.25,0.125,0.2,0.1
blossoms,0.03921568627450981,0.17647058823529413,0.0,0.07843137254901962,0.25490196078431376,0.07843137254901962,0.09803921568627452,0.27450980392156865
gay,0.08955223880597016,0.1492537313432836,0.029850746268656723,0.13432835820895525,0.20895522388059704,0.10447761194029852,0.06716417910447763,0.2164179104477612
decay,0.025,0.175,0.025,0.175,0.2,0.15,0.1,0.15
bird,0.0898876404494382,0.15730337078651685,0.06741573033707865,0.10112359550561797,0.1797752808988764,0.12359550561797754,0.1348314606741573,0.14606741573033707
ere,0.0684931506849315,0.22260273972602737,0.0547945205479452,0.1267123287671233,0.17123287671232876,0.13013698630136986,0.0821917808219178,0.14383561643835616
lose,0.13993174061433447,0.08191126279863482,0.13993174061433447,0.15358361774744028,0.09215017064846417,0.15358361774744028,0.13651877133105803,0.10238907849829353
less,0.12199630314232901,0.14602587800369687,0.08133086876155268,0.0942698706099815,0.17190388170055454,0.09796672828096117,0.07948243992606284,0.20702402957486135
pure,0.08503401360544217,0.14625850340136054,0.09523809523809523,0.1054421768707483,0.17006802721088435,0.11224489795918367,0.0782312925170068,0.20748299319727892
true,0.06868686868686869,0.1292929292929293,0.0494949494949495,0.08989898989898991,0.24646464646464644,0.07474747474747476,0.07373737373737374,0.2676767676767677
shall,0.07329842931937172,0.18399401645474942,0.05011219147344801,0.10246821241585638,0.17726252804786832,0.11293941660433805,0.07554225878833208,0.22438294689603588
look,0.09090909090909091,0.1590909090909091,0.06666666666666667,0.12424242424242424,0.16363636363636364,0.10757575757575757,0.10151515151515152,0.18636363636363637
divine,0.06382978723404255,0.19148936170212766,0.04680851063829788,0.05957446808510638,0.1957446808510638,0.11489361702127661,0.0978723404255319,0.22978723404255322
soft,0.0700280112044818,0.19607843137254902,0.03081232492997199,0.08123249299719887,0.22128851540616246,0.13165266106442577,0.07843137254901959,0.19047619047619047
delight,0.07286821705426356,0.23410852713178293,0.05116279069767442,0.08837209302325581,0.2589147286821705,0.07906976744186046,0.07906976744186046,0.13643410852713178
feeling,0.11232130701157249,0.13886997957794417,0.10211027910142954,0.12253233492171545,0.1327433628318584,0.1259360108917631,0.10279101429543906,0.16269571136827773
lovely,0.06796116504854369,0.16504854368932037,0.024271844660194174,0.07281553398058252,0.1990291262135922,0.16019417475728154,0.1407766990291262,0.1699029126213592
mind,0.08372978116079924,0.1698382492863939,0.062321598477640336,0.11132254995242624,0.16412940057088485,0.11274976213130351,0.08658420551855375,0.20932445290199808
human,0.1060455896927651,0.16154608523290387,0.07829534192269574,0.11793855302279484,0.14767096134786917,0.11595639246778988,0.0842418235877106,0.18830525272547075
careless,0.06349206349206349,0.1825396825396825,0.031746031746031744,0.10317460317460317,0.1984126984126984,0.0873015873015873,0.07936507936507936,0.25396825396825395
eye,0.0805084745762712,0.1652542372881356,0.05790960451977401,0.11581920903954802,0.1864406779661017,0.11016949152542373,0.10451977401129944,0.1793785310734463
spell,0.055555555555555566,0.1388888888888889,0.08333333333333334,0.1388888888888889,0.16666666666666669,0.19444444444444445,0.08333333333333334,0.1388888888888889
captive,0.04615384615384615,0.2,0.04615384615384615,0.0923076923076923,0.21538461538461537,0.13846153846153847,0.13846153846153847,0.12307692307692308
skill,0.08333333333333334,0.15384615384615385,0.07051282051282053,0.14743589743589744,0.16025641025641027,0.12179487179487179,0.04487179487179487,0.21794871794871795
warm,0.07676767676767676,0.17575757575757575,0.05656565656565656,0.1090909090909091,0.197979797979798,0.10505050505050506,0.07676767676767676,0.20202020202020202
must,0.09722948248823837,0.16257187663355985,0.0669106116048092,0.12598013591217982,0.14532148457919497,0.10716152639832723,0.0742289597490852,0.22059592263460534
remain,0.08928571428571429,0.14285714285714288,0.09375000000000001,0.16517857142857145,0.10267857142857142,0.08928571428571429,0.0625,0.25446428571428575
hair,0.0711743772241993,0.1921708185053381,0.04626334519572954,0.10676156583629894,0.18861209964412812,0.10676156583629894,0.099644128113879,0.18861209964412812
sad,0.07169811320754717,0.1509433962264151,0.08301886792452831,0.15471698113207547,0.13962264150943396,0.16981132075471697,0.07169811320754717,0.15849056603773587
hear,0.08118081180811808,0.16236162361623616,0.06273062730627306,0.12915129151291513,0.16605166051660517,0.0996309963099631,0.12546125461254612,0.17343173431734318
doom,0.07142857142857144,0.09821428571428573,0.053571428571428575,0.19642857142857145,0.1517857142857143,0.17857142857142858,0.07142857142857144,0.17857142857142858
bid,0.06481481481481481,0.21296296296296294,0.037037037037037035,0.10185185185185186,0.19444444444444445,0.10185185185185186,0.05555555555555555,0.23148148148148145
late,0.07509157509157509,0.14652014652014653,0.06776556776556777,0.08241758241758243,0.1336996336996337,0.2197802197802198,0.07142857142857144,0.20329670329670332
pride,0.0842911877394636,0.12452107279693486,0.08045977011494253,0.12260536398467432,0.23946360153256704,0.11877394636015326,0.0632183908045977,0.16666666666666666
state,0.08401305057096249,0.1476345840130506,0.07096247960848287,0.12561174551386625,0.13539967373572595,0.12805872756933115,0.06443719412724307,0.24388254486133767
n,0.0449438202247191,0.2584269662921348,0.02247191011235955,0.07865168539325842,0.12359550561797754,0.16853932584269662,0.11235955056179775,0.19101123595505617
fond,0.09090909090909091,0.16969696969696968,0.04242424242424242,0.08484848484848484,0.22424242424242424,0.13939393939393938,0.09090909090909091,0.1575757575757576
die,0.06551059730250482,0.13102119460500963,0.05202312138728324,0.21579961464354527,0.1136801541425819,0.21579961464354527,0.057803468208092484,0.1483622350674374
shed,0.09722222222222222,0.08333333333333334,0.06944444444444445,0.12500000000000003,0.19444444444444445,0.1388888888888889,0.055555555555555566,0.23611111111111113
head,0.08342989571263036,0.16801853997682503,0.05793742757821553,0.12514484356894556,0.15411355735805332,0.12282734646581692,0.08227114716106605,0.2062572421784473
prayer,0.07352941176470588,0.16176470588235295,0.04411764705882353,0.11764705882352942,0.22058823529411764,0.08823529411764706,0.08823529411764706,0.20588235294117646
death,0.1343873517786561,0.15019762845849802,0.11857707509881422,0.1660079051383399,0.06851119894598155,0.16205533596837945,0.11462450592885373,0.08563899868247693
except,0.124,0.124,0.08,0.068,0.128,0.172,0.076,0.228
wish,0.07581227436823106,0.23826714801444043,0.04332129963898917,0.10469314079422383,0.1516245487364621,0.08303249097472924,0.09386281588447654,0.20938628158844766
caution,0.08888888888888889,0.17777777777777778,0.044444444444444446,0.2,0.08888888888888889,0.13333333333333333,0.08888888888888889,0.17777777777777778
thoughts,0.07984031936127745,0.1497005988023952,0.057884231536926144,0.10379241516966067,0.18163672654690619,0.11776447105788423,0.09181636726546905,0.21756487025948104
moment,0.09353507565337002,0.16093535075653373,0.0674002751031637,0.14442916093535077,0.14030261348005504,0.1348005502063274,0.09215955983493812,0.16643741403026138
comes,0.0967741935483871,0.13548387096774195,0.05161290322580645,0.11612903225806452,0.10967741935483871,0.17419354838709677,0.12903225806451613,0.1870967741935484
prompt,0.0425531914893617,0.1702127659574468,0.06382978723404255,0.14893617021276595,0.1276595744680851,0.1276595744680851,0.10638297872340426,0.2127659574468085
answer,0.08904109589041095,0.2534246575342466,0.0273972602739726,0.136986301369863,0.1232876712328767,0.11643835616438354,0.08904109589041095,0.1643835616438356
obey,0.1111111111111111,0.16666666666666666,0.03333333333333333,0.2111111111111111,0.1,0.08888888888888889,0.05555555555555555,0.23333333333333334
cause,0.11027190332326285,0.14199395770392753,0.07552870090634442,0.10876132930513598,0.12235649546827797,0.09969788519637464,0.06797583081570999,0.2734138972809668
coward,0.05952380952380952,0.10714285714285714,0.09523809523809523,0.20238095238095236,0.11904761904761904,0.17857142857142858,0.08333333333333333,0.15476190476190477
sway,0.07843137254901962,0.17647058823529413,0.058823529411764705,0.19607843137254904,0.07843137254901962,0.11764705882352941,0.07843137254901962,0.21568627450980396
doubt,0.049999999999999996,0.125,0.04285714285714286,0.18928571428571428,0.09285714285714286,0.18214285714285713,0.03928571428571429,0.2785714285714286
canst,0.125,0.125,0.1,0.2,0.075,0.15,0.075,0.15
rule,0.0909090909090909,0.1515151515151515,0.03787878787878787,0.20454545454545453,0.0909090909090909,0.06818181818181818,0.053030303030303025,0.303030303030303
us,0.07961330679556441,0.1865226044924652,0.05516064827978391,0.11885129371623544,0.1578049473983509,0.11032129655956782,0.09240830253056584,0.1993176002274666
silent,0.09467455621301776,0.12721893491124261,0.07988165680473373,0.13017751479289943,0.13609467455621302,0.15088757396449703,0.07396449704142012,0.20710059171597636
knew,0.07865168539325842,0.16179775280898878,0.051685393258426963,0.13707865168539324,0.16179775280898878,0.10561797752808989,0.06741573033707865,0.23595505617977527
wild,0.07591623036649214,0.1518324607329843,0.04712041884816753,0.11518324607329843,0.16753926701570682,0.10209424083769633,0.20157068062827224,0.13874345549738218
night,0.07327001356852103,0.19131614654002713,0.04613297150610583,0.11261872455902307,0.16689280868385345,0.10990502035278153,0.1044776119402985,0.19538670284938942
blue,0.05555555555555556,0.14379084967320263,0.032679738562091505,0.08823529411764706,0.15359477124183007,0.2777777777777778,0.08169934640522876,0.16666666666666666
promise,0.04854368932038835,0.1553398058252427,0.019417475728155338,0.08737864077669903,0.2524271844660194,0.058252427184466014,0.07766990291262135,0.30097087378640774
upon,0.08208045509955302,0.18203982121088985,0.05851279967492889,0.12433969930922388,0.1495327102803738,0.12637139374238113,0.09223892726533928,0.18488419341731002
hold,0.11504424778761063,0.15486725663716816,0.07079646017699116,0.11061946902654868,0.14159292035398233,0.10619469026548674,0.0752212389380531,0.2256637168141593
balm,0.08108108108108109,0.16216216216216217,0.08108108108108109,0.16216216216216217,0.1891891891891892,0.16216216216216217,0.027027027027027032,0.13513513513513514
woe,0.06611570247933884,0.11157024793388429,0.1446280991735537,0.22314049586776857,0.08677685950413222,0.22314049586776857,0.057851239669421475,0.08677685950413222
said,0.08004574042309892,0.17095483133218983,0.06518010291595198,0.11149228130360207,0.16295025728987994,0.10234419668381933,0.0794739851343625,0.2275586049170955
name,0.07111111111111111,0.16444444444444445,0.05,0.11555555555555556,0.16555555555555557,0.1,0.08444444444444445,0.24888888888888888
fame,0.062381852551984876,0.18714555765595464,0.043478260869565216,0.07372400756143667,0.20604914933837432,0.09640831758034026,0.0888468809073724,0.24196597353497165
made,0.08753056234718826,0.1784841075794621,0.06503667481662592,0.1158924205378973,0.1427872860635697,0.11149144254278728,0.08899755501222494,0.2097799511002445
sink,0.11818181818181818,0.16363636363636364,0.07272727272727274,0.17272727272727273,0.12727272727272726,0.14545454545454548,0.07272727272727274,0.12727272727272726
pain,0.08550185873605948,0.11152416356877325,0.04460966542750929,0.22676579925650558,0.1338289962825279,0.22676579925650558,0.05947955390334573,0.11152416356877325
anguish,0.09756097560975611,0.13414634146341467,0.08536585365853659,0.17073170731707318,0.13414634146341467,0.1585365853658537,0.07317073170731708,0.14634146341463417
ill,0.12598425196850394,0.10236220472440945,0.13385826771653542,0.15354330708661415,0.12204724409448818,0.1653543307086614,0.05905511811023621,0.13779527559055116
till,0.0781928757602085,0.16854908774978278,0.05473501303214595,0.11728931364031277,0.16594265855777585,0.11033883579496089,0.09556907037358818,0.20938314509122502
strength,0.08256880733944955,0.13761467889908258,0.06880733944954129,0.1146788990825688,0.1651376146788991,0.09174311926605504,0.08715596330275228,0.25229357798165136
lift,0.08108108108108109,0.13513513513513514,0.054054054054054064,0.13513513513513514,0.13513513513513514,0.24324324324324326,0.027027027027027032,0.1891891891891892
lies,0.07142857142857142,0.1761904761904762,0.07142857142857142,0.13333333333333333,0.14761904761904762,0.14285714285714285,0.07142857142857142,0.18571428571428572
living,0.11977715877437324,0.13370473537604455,0.0863509749303621,0.16434540389972144,0.1142061281337047,0.15041782729805012,0.0724233983286908,0.15877437325905291
arise,0.09036144578313252,0.2048192771084337,0.06024096385542168,0.10240963855421685,0.13855421686746985,0.10240963855421685,0.048192771084337345,0.25301204819277107
healing,0.06521739130434782,0.1739130434782609,0.06521739130434782,0.13043478260869565,0.1739130434782609,0.15217391304347827,0.06521739130434782,0.1739130434782609
calm,0.08549222797927461,0.16062176165803108,0.06994818652849741,0.11398963730569948,0.14766839378238342,0.1917098445595855,0.09844559585492227,0.13212435233160622
trick,0.07142857142857142,0.14285714285714285,0.07142857142857142,0.11904761904761904,0.16666666666666666,0.19047619047619047,0.11904761904761904,0.11904761904761904
dark,0.08123249299719888,0.1484593837535014,0.06162464985994399,0.10924369747899161,0.12184873949579833,0.257703081232493,0.07563025210084034,0.1442577030812325
disguise,0.09615384615384617,0.13461538461538464,0.09615384615384617,0.13461538461538464,0.13461538461538464,0.19230769230769235,0.11538461538461539,0.09615384615384617
web,0.06666666666666667,0.21666666666666667,0.0,0.06666666666666667,0.19999999999999998,0.08333333333333333,0.06666666666666667,0.3
smooth,0.04166666666666667,0.20833333333333334,0.027777777777777783,0.08333333333333334,0.15277777777777782,0.16666666666666669,0.12500000000000003,0.19444444444444445
plain,0.12334801762114538,0.1013215859030837,0.039647577092511016,0.11894273127753305,0.1013215859030837,0.15418502202643172,0.06607929515418502,0.29515418502202645
sense,0.06782945736434108,0.1821705426356589,0.05232558139534884,0.09496124031007752,0.18410852713178294,0.0872093023255814,0.10271317829457363,0.22868217054263568
reason,0.12316715542521994,0.1436950146627566,0.07038123167155425,0.14662756598240467,0.12023460410557184,0.11730205278592375,0.06744868035190615,0.21114369501466276
call,0.06918238993710692,0.17295597484276728,0.050314465408805034,0.09119496855345911,0.18867924528301885,0.11949685534591194,0.08176100628930817,0.22641509433962265
faith,0.10919540229885055,0.16666666666666663,0.07471264367816091,0.09770114942528735,0.16666666666666663,0.08620689655172413,0.051724137931034475,0.24712643678160914
efforts,0.16279069767441856,0.1395348837209302,0.10465116279069767,0.11627906976744184,0.10465116279069767,0.1511627906976744,0.09302325581395347,0.12790697674418602
sudden,0.07509157509157509,0.13736263736263735,0.05128205128205128,0.11172161172161171,0.1575091575091575,0.10989010989010989,0.1868131868131868,0.17032967032967034
throws,0.08450704225352113,0.11267605633802819,0.08450704225352113,0.08450704225352113,0.16901408450704225,0.11267605633802819,0.16901408450704225,0.18309859154929578
arms,0.1028708133971292,0.14832535885167467,0.08373205741626795,0.11961722488038279,0.1626794258373206,0.11483253588516747,0.08373205741626795,0.1842105263157895
son,0.08714133900106269,0.16896918172157277,0.06907545164718384,0.08820403825717323,0.15834218916046758,0.12539851222104145,0.0818278427205101,0.2210414452709883
