,anger,anticipation,disgust,fear,joy,sadness,surprise,trust
project,0.12922868741542626,0.16779431664411365,0.048037889039242214,0.054127198917456015,0.10148849797023003,0.07171853856562922,0.013531799729364004,0.4140730717185386
gutenberg,0.10290237467018468,0.2269129287598944,0.039577836411609495,0.07387862796833772,0.06596306068601582,0.10554089709762532,0.0,0.3852242744063324
distribution,0.08064516129032258,0.24193548387096772,0.0,0.04032258064516129,0.08870967741935484,0.0,0.0,0.5483870967741935
use,0.13784461152882205,0.1754385964912281,0.08020050125313284,0.08771929824561404,0.15288220551378445,0.07017543859649122,0.05764411027568922,0.2380952380952381
may,0.1408450704225352,0.1891348088531187,0.09859154929577466,0.07645875251509053,0.11468812877263582,0.09859154929577466,0.05231388329979879,0.22937625754527163
copy,0.19847328244274812,0.09541984732824428,0.07633587786259542,0.0801526717557252,0.026717557251908396,0.06106870229007634,0.022900763358778626,0.4389312977099237
terms,0.13265306122448978,0.12244897959183673,0.04421768707482993,0.06802721088435373,0.11224489795918366,0.04081632653061224,0.04081632653061224,0.4387755102040816
license,0.10407239819004524,0.21719457013574658,0.0497737556561086,0.09502262443438914,0.14027149321266968,0.06787330316742081,0.03167420814479638,0.2941176470588235
http,0.0,0.28205128205128205,0.0,0.0,0.15384615384615383,0.0,0.0,0.5641025641025641
s.,0.02564102564102564,0.15384615384615383,0.07692307692307691,0.05128205128205128,0.02564102564102564,0.1282051282051282,0.05128205128205128,0.4871794871794871
united,0.011428571428571429,0.2571428571428571,0.005714285714285714,0.08,0.045714285714285714,0.02857142857142857,0.02857142857142857,0.5428571428571428
states,0.012195121951219511,0.21951219512195122,0.028455284552845524,0.08536585365853658,0.06097560975609756,0.07317073170731707,0.02032520325203252,0.5
provide,0.13903743315508021,0.0748663101604278,0.03208556149732621,0.010695187165775402,0.08556149732620322,0.016042780748663103,0.053475935828877004,0.5882352941176471
associated,0.1027027027027027,0.18378378378378377,0.02702702702702703,0.07567567567567567,0.15135135135135133,0.05405405405405406,0.02702702702702703,0.3783783783783784
works,0.11732851985559566,0.17689530685920576,0.0631768953068592,0.045126353790613714,0.13176895306859204,0.019855595667870037,0.025270758122743677,0.42057761732851984
public,0.02702702702702703,0.4121621621621621,0.030405405405405404,0.07770270270270269,0.07770270270270269,0.02702702702702703,0.04391891891891892,0.30405405405405406
copyright,0.08403361344537814,0.17647058823529413,0.08403361344537814,0.07563025210084033,0.04201680672268907,0.08403361344537814,0.01680672268907563,0.4369747899159664
foundation,0.11484593837535012,0.15406162464985992,0.028011204481792715,0.014005602240896357,0.0700280112044818,0.1400560224089636,0.0,0.4789915966386555
without,0.11783960720130933,0.15384615384615385,0.07528641571194762,0.15220949263502456,0.09001636661211129,0.12929623567921442,0.058919803600654665,0.22258592471358427
set,0.14249363867684478,0.15012722646310434,0.050890585241730284,0.07888040712468194,0.13740458015267176,0.089058524173028,0.0534351145038168,0.29770992366412213
forth,0.16363636363636364,0.10909090909090909,0.05,0.06818181818181818,0.1409090909090909,0.09545454545454546,0.045454545454545456,0.32727272727272727
distributing,0.16666666666666666,0.16666666666666666,0.06666666666666667,0.03333333333333333,0.1,0.1,0.0,0.36666666666666664
gutenberg-tm,0.14084507042253522,0.15023474178403756,0.051643192488262914,0.046948356807511735,0.11267605633802817,0.06103286384976526,0.018779342723004695,0.41784037558685444
electronic,0.17857142857142858,0.13157894736842105,0.06578947368421052,0.039473684210526314,0.10714285714285714,0.07518796992481203,0.039473684210526314,0.36278195488721804
trademark,0.18421052631578946,0.1105263157894737,0.05263157894736842,0.02631578947368421,0.08421052631578947,0.15789473684210525,0.0,0.38421052631578945
copies,0.21212121212121213,0.12121212121212122,0.12121212121212122,0.09090909090909091,0.09090909090909091,0.0,0.0,0.36363636363636365
full,0.1434426229508197,0.21311475409836067,0.04508196721311476,0.08811475409836066,0.1168032786885246,0.09221311475409837,0.0942622950819672,0.2069672131147541
work,0.1505078485687904,0.19205909510618652,0.036011080332409975,0.06001846722068329,0.10803324099722991,0.07848568790397045,0.050784856879039705,0.32409972299168976
agree,0.1878172588832487,0.15228426395939085,0.055837563451776644,0.06598984771573603,0.06598984771573603,0.08121827411167512,0.030456852791878167,0.3604060913705583
agreement,0.12162162162162163,0.07027027027027027,0.043243243243243246,0.02702702702702703,0.05675675675675676,0.08108108108108109,0.016216216216216217,0.5837837837837838
must,0.1446280991735537,0.1446280991735537,0.09297520661157024,0.13842975206611569,0.09917355371900825,0.10330578512396693,0.07024793388429751,0.20661157024793386
paid,0.2564102564102564,0.18974358974358976,0.005128205128205128,0.010256410256410256,0.1282051282051282,0.05641025641025642,0.11794871794871795,0.2358974358974359
fee,0.35294117647058826,0.11764705882352941,0.058823529411764705,0.0,0.11764705882352941,0.0,0.0,0.35294117647058826
access,0.20833333333333331,0.13888888888888887,0.09259259259259259,0.06944444444444443,0.11574074074074073,0.046296296296296294,0.023148148148148147,0.3055555555555555
refund,0.24615384615384617,0.12307692307692308,0.046153846153846156,0.015384615384615385,0.12307692307692308,0.12307692307692308,0.09230769230769231,0.23076923076923078
paragraph,0.3142857142857143,0.05714285714285714,0.05714285714285714,0.02857142857142857,0.05714285714285714,0.17142857142857143,0.02857142857142857,0.2857142857142857
literary,0.12643678160919541,0.14942528735632185,0.02873563218390805,0.02298850574712644,0.06321839080459771,0.17816091954022992,0.02298850574712644,0.40804597701149425
archive,0.13793103448275862,0.13793103448275862,0.034482758620689655,0.0,0.034482758620689655,0.20689655172413793,0.0,0.4482758620689655
right,0.11602209944751382,0.16206261510128916,0.05156537753222836,0.11233885819521179,0.09760589318600368,0.13996316758747698,0.09392265193370165,0.22651933701657462
fees,0.13636363636363635,0.13636363636363635,0.045454545454545456,0.0,0.045454545454545456,0.13636363636363635,0.0,0.5
including,0.1290322580645161,0.1658986175115207,0.02764976958525345,0.04147465437788018,0.09216589861751151,0.13364055299539168,0.004608294930875576,0.40552995391705066
owner,0.22085889570552153,0.09202453987730062,0.061349693251533756,0.03680981595092025,0.030674846625766878,0.19018404907975464,0.0,0.3680981595092025
information,0.011904761904761904,0.19047619047619047,0.005952380952380952,0.08928571428571429,0.11309523809523808,0.05952380952380952,0.023809523809523808,0.5059523809523809
donations,0.0,0.23333333333333334,0.0,0.0,0.1,0.1,0.0,0.5666666666666667
replacement,0.24324324324324326,0.08108108108108109,0.05405405405405406,0.0,0.10810810810810811,0.16216216216216217,0.08108108108108109,0.2702702702702703
limited,0.2828282828282829,0.055555555555555566,0.07575757575757577,0.0,0.10101010101010102,0.25757575757575757,0.05050505050505051,0.1767676767676768
damages,0.18181818181818182,0.030303030303030304,0.12121212121212122,0.06060606060606061,0.0,0.3333333333333333,0.0,0.2727272727272727
ebook,0.12,0.192,0.024,0.152,0.096,0.024,0.0,0.392
time,0.06786786786786787,0.4222222222222222,0.03423423423423424,0.12492492492492493,0.08108108108108109,0.05765765765765766,0.05405405405405406,0.15795795795795797
crime,0.24285714285714285,0.21428571428571427,0.014285714285714287,0.014285714285714287,0.14285714285714285,0.05714285714285715,0.028571428571428574,0.2857142857142857
beam,0.15384615384615385,0.1794871794871795,0.0,0.051282051282051294,0.25641025641025644,0.0,0.051282051282051294,0.3076923076923077
almost,0.12256267409470753,0.14763231197771587,0.08635097493036212,0.15877437325905294,0.09749303621169916,0.1392757660167131,0.061281337047353765,0.18662952646239556
give,0.10071942446043165,0.2014388489208633,0.06115107913669065,0.14028776978417268,0.10071942446043165,0.10791366906474821,0.057553956834532384,0.23021582733812954
away,0.12008733624454147,0.17030567685589518,0.05895196506550218,0.17685589519650652,0.08515283842794759,0.12008733624454147,0.08515283842794759,0.1834061135371179
online,0.2142857142857143,0.32142857142857145,0.0,0.0,0.14285714285714288,0.0,0.0,0.32142857142857145
first,0.10973936899862825,0.1810699588477366,0.07270233196159122,0.16049382716049382,0.093278463648834,0.10699588477366254,0.07270233196159122,0.20301783264746226
start,0.06593406593406594,0.4725274725274725,0.027472527472527472,0.10989010989010989,0.06593406593406594,0.038461538461538464,0.04395604395604396,0.17582417582417584
distributed,0.08823529411764706,0.2647058823529412,0.029411764705882356,0.14705882352941177,0.11764705882352942,0.029411764705882356,0.0,0.3235294117647059
https,0.09090909090909091,0.24242424242424246,0.0,0.12121212121212123,0.13636363636363638,0.0,0.0,0.4090909090909091
's,0.09165902841429881,0.16468072105102352,0.07882676443629698,0.14634891536816375,0.12710051940116102,0.10754659333944394,0.07577146348915369,0.20806599450045826
two,0.11859838274932614,0.1940700808625337,0.07681940700808625,0.1334231805929919,0.12533692722371967,0.09838274932614555,0.07547169811320754,0.1778975741239892
paratime,0.06830601092896176,0.12295081967213117,0.027322404371584702,0.2814207650273225,0.05737704918032788,0.06284153005464481,0.03278688524590164,0.34699453551912574
police,0.047393364928909956,0.10426540284360189,0.009478672985781991,0.3522906793048973,0.03475513428120064,0.09794628751974724,0.031595576619273306,0.3222748815165877
real,0.042056074766355145,0.12616822429906543,0.023364485981308414,0.08411214953271029,0.11682242990654207,0.10747663551401869,0.060747663551401876,0.4392523364485982
one,0.11155378486055775,0.1548804780876494,0.06424302788844621,0.1643426294820717,0.11205179282868526,0.10806772908366533,0.08565737051792828,0.199203187250996
man,0.10507880910683014,0.15936952714535904,0.07530647985989493,0.14886164623467601,0.12959719789842383,0.09807355516637478,0.0788091068301226,0.20490367775831875
gang,0.24647887323943662,0.11971830985915494,0.04225352112676056,0.35915492957746475,0.007042253521126762,0.04225352112676056,0.028169014084507046,0.15492957746478875
probability,0.14285714285714285,0.38095238095238093,0.0,0.19047619047619047,0.047619047619047616,0.047619047619047616,0.0,0.19047619047619047
lines,0.0790960451977401,0.288135593220339,0.01694915254237288,0.3163841807909604,0.05084745762711865,0.05649717514124294,0.06214689265536724,0.12994350282485875
illustration,0.04040404040404041,0.1717171717171717,0.04040404040404041,0.1212121212121212,0.18181818181818182,0.10101010101010101,0.0707070707070707,0.27272727272727276
guard,0.06140350877192983,0.08771929824561404,0.01754385964912281,0.33333333333333337,0.052631578947368425,0.07017543859649124,0.03508771929824562,0.34210526315789475
captain,0.037037037037037035,0.1111111111111111,0.0,0.25925925925925924,0.1111111111111111,0.037037037037037035,0.07407407407407407,0.37037037037037035
white,0.04174757281553398,0.25825242718446606,0.02233009708737864,0.02912621359223301,0.27475728155339807,0.04660194174757282,0.036893203883495145,0.2902912621359223
cloak,0.06521739130434782,0.1739130434782609,0.02173913043478261,0.13043478260869565,0.13043478260869565,0.2173913043478261,0.0,0.2608695652173913
back,0.12213740458015267,0.1648854961832061,0.059541984732824425,0.18778625954198475,0.09465648854961832,0.12366412213740458,0.07022900763358778,0.17709923664122137
four,0.11764705882352941,0.18137254901960786,0.06862745098039216,0.14215686274509803,0.11274509803921569,0.13725490196078433,0.06372549019607844,0.17647058823529413
men,0.11196911196911195,0.13127413127413126,0.07335907335907335,0.19691119691119688,0.11196911196911195,0.11583011583011582,0.07722007722007722,0.18146718146718147
ten,0.10077519379844962,0.17829457364341086,0.04651162790697675,0.1550387596899225,0.13953488372093026,0.07751937984496125,0.0930232558139535,0.2093023255813954
hundred,0.12432432432432432,0.17297297297297298,0.06486486486486487,0.14594594594594595,0.09189189189189188,0.11351351351351352,0.07567567567567567,0.2108108108108108
blue,0.02875399361022364,0.10862619808306709,0.019169329073482427,0.05111821086261981,0.14696485623003194,0.3961661341853035,0.06389776357827476,0.1853035143769968
said,0.09266055045871559,0.18532110091743118,0.06880733944954129,0.12935779816513762,0.1165137614678899,0.1110091743119266,0.0871559633027523,0.20917431192660552
another,0.09793814432989692,0.17525773195876287,0.041237113402061855,0.13745704467353953,0.13917525773195877,0.10824742268041238,0.08247422680412371,0.218213058419244
taking,0.14173228346456693,0.14173228346456693,0.10236220472440945,0.18897637795275588,0.06299212598425197,0.11023622047244093,0.06299212598425197,0.18897637795275588
front,0.1262135922330097,0.16504854368932037,0.058252427184466014,0.1844660194174757,0.058252427184466014,0.08737864077669903,0.04854368932038835,0.27184466019417475
plantation,0.1044776119402985,0.16417910447761194,0.014925373134328358,0.1791044776119403,0.08955223880597014,0.13432835820895522,0.029850746268656716,0.2835820895522388
made,0.08756137479541735,0.1833060556464812,0.07528641571194762,0.11292962356792145,0.15548281505728315,0.08756137479541735,0.08101472995090017,0.21685761047463178
n't,0.11279683377308708,0.17150395778364116,0.08113456464379948,0.16820580474934038,0.08839050131926122,0.10554089709762533,0.08311345646437995,0.18931398416886544
like,0.11508553654743392,0.14618973561430795,0.08398133748055989,0.15085536547433903,0.11275272161741835,0.1104199066874028,0.07931570762052877,0.20139968895800933
know,0.09251968503937008,0.16141732283464566,0.07480314960629922,0.16338582677165356,0.11023622047244094,0.1141732283464567,0.07283464566929135,0.2106299212598425
sector,0.11627906976744184,0.15406976744186043,0.0377906976744186,0.20348837209302323,0.07267441860465115,0.09302325581395347,0.06104651162790697,0.26162790697674415
local,0.15384615384615385,0.20512820512820515,0.10256410256410257,0.15384615384615385,0.05128205128205129,0.10256410256410257,0.0,0.23076923076923078
human,0.10593220338983052,0.1398305084745763,0.07203389830508475,0.1440677966101695,0.11440677966101696,0.1228813559322034,0.07203389830508475,0.22881355932203393
used,0.13017751479289943,0.13017751479289943,0.06508875739644972,0.12721893491124261,0.12130177514792899,0.07988165680473373,0.07396449704142012,0.27218934911242604
nothing,0.11659192825112108,0.17040358744394618,0.08520179372197309,0.20179372197309417,0.08968609865470852,0.14349775784753363,0.04035874439461883,0.15246636771300448
think,0.0935483870967742,0.2,0.07096774193548387,0.15483870967741936,0.09032258064516129,0.11935483870967742,0.08709677419354839,0.18387096774193548
lot,0.07352941176470588,0.14705882352941177,0.03431372549019608,0.20098039215686275,0.07352941176470588,0.12745098039215688,0.06372549019607844,0.27941176470588236
better,0.08333333333333333,0.14583333333333334,0.0625,0.16666666666666666,0.13194444444444445,0.10416666666666666,0.08333333333333333,0.22222222222222224
labor,0.0,0.225,0.0,0.05,0.225,0.025,0.2,0.275
slaves,0.08444444444444445,0.15555555555555556,0.035555555555555556,0.21333333333333332,0.08888888888888889,0.10222222222222221,0.08,0.24000000000000002
three,0.10644257703081231,0.19607843137254902,0.058823529411764705,0.1456582633053221,0.11204481792717086,0.10924369747899158,0.0896358543417367,0.18207282913165265
whole,0.10227272727272728,0.17803030303030304,0.05303030303030303,0.18181818181818182,0.10227272727272728,0.08712121212121211,0.08333333333333334,0.21212121212121213
twelve,0.09638554216867469,0.14457831325301204,0.12048192771084336,0.08433734939759036,0.14457831325301204,0.12048192771084336,0.10843373493975902,0.18072289156626503
money,0.2007168458781362,0.16487455197132617,0.01792114695340502,0.03225806451612903,0.16845878136200718,0.03225806451612903,0.15053763440860216,0.23297491039426524
coru-hin-irigod,0.11320754716981132,0.11320754716981132,0.03773584905660378,0.11320754716981132,0.11320754716981132,0.1320754716981132,0.05660377358490566,0.32075471698113206
slave,0.17277486910994763,0.09947643979057591,0.015706806282722512,0.225130890052356,0.05235602094240837,0.18324607329842932,0.041884816753926704,0.20942408376963348
took,0.12179487179487178,0.16666666666666666,0.07051282051282051,0.14102564102564102,0.09615384615384615,0.10576923076923075,0.10256410256410256,0.19551282051282048
put,0.13333333333333333,0.17777777777777778,0.05111111111111111,0.10222222222222221,0.1622222222222222,0.08666666666666667,0.08,0.2066666666666667
picked,0.08510638297872342,0.12765957446808512,0.06382978723404256,0.17021276595744683,0.14893617021276598,0.10638297872340427,0.08510638297872342,0.21276595744680854
house,0.08108108108108107,0.19594594594594594,0.05405405405405406,0.10135135135135134,0.13513513513513511,0.08108108108108107,0.10810810810810811,0.24324324324324323
turned,0.11507936507936507,0.1388888888888889,0.06746031746031746,0.18253968253968253,0.11507936507936507,0.12301587301587302,0.05952380952380953,0.19841269841269843
across,0.14624505928853757,0.13438735177865613,0.08300395256916997,0.1857707509881423,0.07114624505928854,0.14624505928853757,0.08300395256916997,0.15019762845849802
came,0.1070063694267516,0.16178343949044585,0.06496815286624204,0.1694267515923567,0.10828025477707007,0.10573248407643313,0.08280254777070063,0.19999999999999998
red,0.08264462809917356,0.18181818181818185,0.03305785123966942,0.07024793388429752,0.21074380165289255,0.12809917355371903,0.07851239669421488,0.21487603305785125
far,0.1095890410958904,0.13972602739726026,0.07945205479452054,0.2191780821917808,0.0684931506849315,0.13972602739726026,0.08493150684931507,0.15890410958904108
would,0.11714285714285715,0.15771428571428572,0.07542857142857143,0.17257142857142857,0.108,0.10857142857142857,0.062285714285714285,0.19828571428571432
careba,0.047619047619047616,0.2857142857142857,0.023809523809523808,0.11904761904761904,0.09523809523809523,0.07142857142857142,0.07142857142857142,0.2857142857142857
lord,0.020408163265306124,0.1564625850340136,0.217687074829932,0.06802721088435375,0.12244897959183675,0.020408163265306124,0.06122448979591837,0.33333333333333337
great,0.08021390374331551,0.15775401069518719,0.08288770053475937,0.18449197860962568,0.11229946524064172,0.09893048128342247,0.06417112299465241,0.2192513368983957
safar,0.025000000000000005,0.17500000000000002,0.15000000000000002,0.10000000000000002,0.12500000000000003,0.025000000000000005,0.05000000000000001,0.35000000000000003
us,0.09486166007905138,0.19367588932806326,0.07312252964426878,0.16403162055335968,0.12055335968379445,0.08102766798418971,0.06324110671936758,0.20948616600790512
went,0.10019646365422395,0.17288801571709234,0.07662082514734773,0.15717092337917485,0.09626719056974459,0.11001964636542237,0.08251473477406679,0.20432220039292728
good,0.032679738562091505,0.21633986928104576,0.02810457516339869,0.05032679738562092,0.20980392156862746,0.042483660130718956,0.18104575163398692,0.23921568627450981
look,0.09454545454545454,0.1781818181818182,0.07636363636363637,0.12727272727272726,0.09454545454545454,0.08363636363636363,0.09818181818181819,0.24727272727272726
'm,0.11294765840220386,0.15151515151515152,0.09090909090909091,0.17630853994490361,0.09641873278236915,0.1184573002754821,0.06336088154269973,0.1900826446280992
enough,0.10619469026548674,0.1769911504424779,0.07964601769911506,0.14380530973451328,0.1172566371681416,0.09070796460176991,0.09513274336283187,0.19026548672566373
let,0.1206140350877193,0.1644736842105263,0.08771929824561403,0.11622807017543858,0.12719298245614033,0.10307017543859649,0.07017543859649122,0.21052631578947367
thousand,0.1336405529953917,0.17972350230414746,0.07373271889400922,0.15668202764976957,0.07834101382488479,0.1336405529953917,0.06912442396313365,0.17511520737327188
paratemporal,0.09756097560975611,0.20731707317073172,0.02439024390243903,0.21951219512195125,0.07317073170731708,0.06097560975609757,0.04878048780487806,0.26829268292682934
company,0.07407407407407407,0.18518518518518517,0.018518518518518517,0.12962962962962962,0.16666666666666666,0.07407407407407407,0.12962962962962962,0.2222222222222222
're,0.10526315789473682,0.15331807780320367,0.08695652173913042,0.14874141876430205,0.10983981693363844,0.12814645308924483,0.06407322654462241,0.20366132723112126
take,0.09147286821705426,0.2,0.06511627906976744,0.13798449612403102,0.11472868217054265,0.09147286821705426,0.07906976744186046,0.22015503875968992
'd,0.0997643362136685,0.1767478397486253,0.07227022780832679,0.14611154752553027,0.10133542812254517,0.10133542812254517,0.08326787117046347,0.21916732128829536
got,0.09923664122137406,0.1946564885496183,0.0801526717557252,0.14885496183206107,0.09923664122137406,0.12213740458015268,0.08396946564885498,0.1717557251908397
though,0.1162227602905569,0.14527845036319614,0.08474576271186442,0.16949152542372883,0.10653753026634384,0.15012106537530268,0.09200968523002422,0.13559322033898305
among,0.10481586402266291,0.1331444759206799,0.0736543909348442,0.1643059490084986,0.1331444759206799,0.12464589235127481,0.0821529745042493,0.18413597733711048
never,0.1286764705882353,0.11764705882352942,0.07720588235294118,0.1875,0.09558823529411765,0.1323529411764706,0.0661764705882353,0.1948529411764706
called,0.07236842105263158,0.17763157894736845,0.10526315789473685,0.09210526315789473,0.15789473684210525,0.07894736842105263,0.09539473684210527,0.22039473684210528
talking,0.08771929824561403,0.12280701754385964,0.10526315789473684,0.15789473684210525,0.10526315789473684,0.05263157894736842,0.08771929824561403,0.2807017543859649
coming,0.11794871794871795,0.36923076923076925,0.041025641025641026,0.1282051282051282,0.05128205128205128,0.08205128205128205,0.02564102564102564,0.18461538461538463
go,0.10085836909871244,0.22746781115879827,0.05150214592274678,0.12446351931330471,0.09871244635193133,0.09656652360515021,0.0815450643776824,0.2188841201716738
kirv,0.06329113924050632,0.22784810126582278,0.06329113924050632,0.20253164556962025,0.11392405063291139,0.06329113924050632,0.06329113924050632,0.20253164556962025
'll,0.08074534161490683,0.20910973084886128,0.04347826086956522,0.16977225672877846,0.07867494824016563,0.09937888198757765,0.07867494824016563,0.2401656314699793
see,0.07900677200902934,0.1715575620767494,0.07449209932279909,0.1399548532731377,0.1128668171557562,0.13318284424379231,0.0654627539503386,0.22347629796839727
still,0.10337972166998013,0.1709741550695825,0.08151093439363817,0.1411530815109344,0.12922465208747516,0.10735586481113321,0.0775347912524851,0.1888667992047714
able,0.05729166666666667,0.21875000000000003,0.026041666666666668,0.14062500000000003,0.13541666666666669,0.10937500000000001,0.09375,0.21875000000000003
get,0.09890109890109891,0.23626373626373626,0.05311355311355311,0.16483516483516483,0.0934065934065934,0.08974358974358974,0.07509157509157509,0.18864468864468864
moment,0.11413043478260869,0.2010869565217391,0.05978260869565217,0.17391304347826086,0.08152173913043477,0.10869565217391303,0.06521739130434781,0.19565217391304346
big,0.12772585669781933,0.16199376947040503,0.06230529595015578,0.15887850467289721,0.09345794392523366,0.11838006230529596,0.06230529595015578,0.21495327102803743
old,0.10438413361169102,0.15866388308977036,0.07515657620041755,0.12108559498956159,0.1607515657620042,0.08977035490605428,0.08559498956158663,0.20459290187891443
thing,0.10191082802547771,0.1624203821656051,0.07006369426751594,0.17197452229299365,0.08917197452229299,0.10828025477707007,0.054140127388535034,0.24203821656050956
beginning,0.09565217391304348,0.20869565217391303,0.0782608695652174,0.1217391304347826,0.08695652173913043,0.09565217391304348,0.0782608695652174,0.23478260869565218
couple,0.1005586592178771,0.1564245810055866,0.0558659217877095,0.21787709497206706,0.07262569832402235,0.1340782122905028,0.05027932960893855,0.2122905027932961
five,0.2,0.18,0.02,0.24,0.02,0.12,0.06,0.16
could,0.10406616126809097,0.1578221915920055,0.07167470709855273,0.1729841488628532,0.09166092350103378,0.11578221915920056,0.07236388697450034,0.21364576154376294
case,0.06953642384105961,0.06622516556291391,0.046357615894039736,0.33112582781456956,0.043046357615894044,0.28807947019867547,0.049668874172185434,0.10596026490066227
new,0.06115107913669065,0.2050359712230216,0.04136690647482014,0.1223021582733813,0.16366906474820145,0.07553956834532376,0.08992805755395684,0.24100719424460434
little,0.11058451816745656,0.14375987361769352,0.06635071090047394,0.1500789889415482,0.15481832543443919,0.09636650868878358,0.07424960505529227,0.20379146919431282
hand,0.13472485768500947,0.13472485768500947,0.08918406072106262,0.18406072106261856,0.09487666034155597,0.12144212523719165,0.07779886148007589,0.16318785578747627
even,0.1272189349112426,0.14792899408284022,0.08136094674556212,0.1375739644970414,0.10207100591715976,0.1242603550295858,0.08875739644970414,0.19082840236686388
line,0.09502262443438914,0.32805429864253394,0.03167420814479638,0.1583710407239819,0.05656108597285067,0.07918552036199095,0.05203619909502262,0.1990950226244344
looked,0.11309523809523811,0.14285714285714288,0.08035714285714288,0.16369047619047622,0.0892857142857143,0.1398809523809524,0.0773809523809524,0.193452380952381
many,0.06563706563706563,0.17374517374517373,0.04633204633204633,0.12355212355212356,0.15830115830115826,0.11196911196911195,0.09266409266409266,0.2277992277992278
people,0.09672131147540984,0.16721311475409834,0.060655737704918035,0.15245901639344264,0.13114754098360656,0.10491803278688525,0.06721311475409836,0.219672131147541
told,0.08558558558558559,0.21621621621621623,0.07657657657657657,0.12612612612612611,0.12162162162162163,0.09909909909909911,0.07207207207207207,0.20270270270270271
much,0.07232704402515723,0.18553459119496857,0.06918238993710693,0.11949685534591195,0.14465408805031446,0.08805031446540881,0.08805031446540881,0.2327044025157233
black,0.10877192982456141,0.10526315789473684,0.031578947368421054,0.0736842105263158,0.12631578947368421,0.3543859649122807,0.031578947368421054,0.16842105263157894
've,0.096875,0.1875,0.075,0.134375,0.109375,0.121875,0.071875,0.203125
fell,0.1285714285714286,0.07142857142857142,0.05714285714285715,0.15714285714285717,0.028571428571428574,0.32857142857142857,0.07142857142857142,0.15714285714285717
begun,0.16091954022988506,0.31034482758620696,0.09195402298850576,0.16091954022988506,0.06896551724137931,0.09195402298850576,0.034482758620689655,0.08045977011494253
following,0.12254901960784315,0.2058823529411765,0.06862745098039216,0.12745098039215688,0.08823529411764706,0.13235294117647062,0.058823529411764705,0.19607843137254904
long,0.05890227576974566,0.4417670682730924,0.04149933065595717,0.12182061579651943,0.07095046854083,0.06425702811244981,0.052208835341365466,0.14859437751004018
ago,0.11351351351351352,0.21621621621621623,0.04864864864864865,0.14054054054054055,0.12432432432432432,0.09189189189189188,0.05945945945945946,0.2054054054054054
sort,0.07480314960629922,0.18503937007874016,0.05905511811023623,0.16535433070866143,0.1220472440944882,0.0984251968503937,0.07874015748031496,0.21653543307086615
servants,0.08888888888888889,0.2888888888888889,0.08888888888888889,0.08888888888888889,0.08888888888888889,0.06666666666666667,0.1111111111111111,0.17777777777777778
head,0.108843537414966,0.1360544217687075,0.1054421768707483,0.14625850340136054,0.0782312925170068,0.1326530612244898,0.09523809523809523,0.19727891156462585
kharanda,0.08108108108108107,0.08108108108108107,0.02702702702702703,0.21621621621621623,0.08108108108108107,0.08108108108108107,0.10810810810810811,0.3243243243243243
kholghoor,0.11842105263157895,0.19736842105263158,0.013157894736842106,0.2105263157894737,0.039473684210526314,0.07894736842105263,0.09210526315789473,0.25
fourth,0.10465116279069768,0.1627906976744186,0.011627906976744188,0.1744186046511628,0.04651162790697675,0.05813953488372093,0.03488372093023256,0.4069767441860465
level,0.08398950131233596,0.16272965879265092,0.02099737532808399,0.14173228346456693,0.06036745406824146,0.08661417322834646,0.04199475065616798,0.4015748031496063
outtime,0.07766990291262135,0.1941747572815534,0.019417475728155338,0.1844660194174757,0.0970873786407767,0.11650485436893203,0.058252427184466014,0.2524271844660194
years,0.09846153846153846,0.2,0.052307692307692305,0.10461538461538461,0.15076923076923077,0.07692307692307693,0.08615384615384615,0.23076923076923078
kind,0.06563706563706564,0.06563706563706564,0.02702702702702703,0.061776061776061784,0.3166023166023166,0.061776061776061784,0.03474903474903475,0.36679536679536684
going,0.0891566265060241,0.21927710843373494,0.05301204819277109,0.19036144578313255,0.0891566265060241,0.09397590361445783,0.0746987951807229,0.19036144578313255
make,0.12953367875647667,0.1437823834196891,0.06088082901554404,0.12305699481865284,0.12694300518134716,0.09585492227979275,0.08160621761658031,0.23834196891191708
way,0.0994236311239193,0.17723342939481268,0.07348703170028817,0.1642651296829971,0.10662824207492795,0.11239193083573486,0.08357348703170028,0.18299711815561956
home,0.06666666666666667,0.30666666666666664,0.03333333333333333,0.11,0.10666666666666667,0.09000000000000001,0.07,0.21666666666666667
main,0.14728682170542634,0.19379844961240308,0.09302325581395349,0.22480620155038758,0.015503875968992248,0.07751937984496124,0.05426356589147286,0.19379844961240308
office,0.07142857142857142,0.23469387755102036,0.09183673469387754,0.1530612244897959,0.08163265306122448,0.07142857142857142,0.0510204081632653,0.24489795918367344
well,0.12352941176470587,0.17647058823529413,0.06274509803921569,0.09999999999999999,0.1411764705882353,0.09019607843137255,0.07058823529411765,0.23529411764705882
using,0.1347517730496454,0.20567375886524822,0.04964539007092198,0.11347517730496455,0.12056737588652482,0.06382978723404256,0.0425531914893617,0.2695035460992908
tell,0.125,0.16666666666666666,0.06547619047619048,0.1369047619047619,0.09523809523809523,0.1369047619047619,0.07142857142857142,0.20238095238095236
sold,0.09433962264150943,0.18867924528301885,0.05660377358490565,0.12264150943396225,0.16981132075471697,0.04716981132075471,0.12264150943396225,0.1981132075471698
chief,0.07692307692307693,0.15384615384615385,0.06508875739644972,0.15384615384615385,0.10059171597633136,0.11242603550295859,0.09467455621301776,0.24260355029585798
want,0.1141304347826087,0.1956521739130435,0.05978260869565218,0.20108695652173916,0.08152173913043478,0.10326086956521739,0.05434782608695653,0.19021739130434784
alive,0.04838709677419355,0.26881720430107525,0.02150537634408602,0.05913978494623656,0.24193548387096772,0.03225806451612903,0.04838709677419355,0.27956989247311825
come,0.08893280632411067,0.17786561264822134,0.05335968379446641,0.1324110671936759,0.12648221343873517,0.10276679841897234,0.07312252964426878,0.2450592885375494
report,0.08536585365853659,0.13414634146341467,0.07317073170731708,0.24390243902439027,0.07317073170731708,0.14634146341463417,0.03658536585365854,0.20731707317073172
soon,0.11904761904761904,0.18571428571428572,0.06666666666666667,0.16666666666666666,0.08571428571428572,0.11904761904761904,0.09047619047619047,0.16666666666666666
transpose,0.10638297872340427,0.14893617021276598,0.0,0.34042553191489366,0.0,0.12765957446808512,0.021276595744680854,0.25531914893617025
terminal,0.05063291139240506,0.12658227848101267,0.0042194092827004225,0.3755274261603376,0.02531645569620253,0.17721518987341772,0.02531645569620253,0.2151898734177215
field,0.1,0.1125,0.05,0.15,0.0875,0.1125,0.0875,0.3
agent,0.06153846153846154,0.15384615384615385,0.03076923076923077,0.16923076923076924,0.10769230769230768,0.06153846153846154,0.04615384615384615,0.3692307692307692
world,0.09944751381215469,0.1574585635359116,0.049723756906077346,0.15193370165745856,0.13535911602209943,0.10773480662983424,0.09668508287292817,0.2016574585635359
gotten,0.03278688524590164,0.19672131147540983,0.06557377049180328,0.13114754098360656,0.1475409836065574,0.04918032786885246,0.13114754098360656,0.24590163934426232
transposition,0.05194805194805195,0.23376623376623376,0.03896103896103896,0.3116883116883117,0.03896103896103896,0.16883116883116883,0.025974025974025976,0.12987012987012986
status,0.0,0.13636363636363635,0.0,0.09090909090909091,0.13636363636363635,0.09090909090909091,0.045454545454545456,0.5
somebody,0.04878048780487806,0.19512195121951223,0.09756097560975611,0.17073170731707318,0.12195121951219513,0.02439024390243903,0.07317073170731708,0.26829268292682934
sent,0.08571428571428572,0.2571428571428572,0.028571428571428574,0.2285714285714286,0.05714285714285715,0.05714285714285715,0.08571428571428572,0.19999999999999998
charge,0.16129032258064516,0.1935483870967742,0.0967741935483871,0.06451612903225806,0.0967741935483871,0.03225806451612903,0.0,0.3548387096774194
knew,0.12211221122112213,0.15511551155115513,0.08910891089108912,0.19141914191419143,0.05940594059405941,0.13861386138613863,0.06270627062706272,0.18151815181518152
anything,0.07718120805369126,0.1912751677852349,0.053691275167785234,0.174496644295302,0.1040268456375839,0.087248322147651,0.07718120805369126,0.2348993288590604
around,0.12735849056603774,0.15330188679245282,0.07783018867924528,0.169811320754717,0.08018867924528301,0.11556603773584907,0.0919811320754717,0.1839622641509434
mouth,0.14035087719298248,0.07017543859649124,0.12280701754385966,0.2017543859649123,0.04385964912280702,0.11403508771929827,0.2192982456140351,0.08771929824561404
hope,0.026490066225165563,0.2119205298013245,0.026490066225165563,0.04966887417218543,0.2019867549668874,0.04966887417218543,0.17218543046357615,0.26158940397350994
things,0.09302325581395347,0.16279069767441856,0.0697674418604651,0.19186046511627902,0.05232558139534883,0.12209302325581393,0.0697674418604651,0.23837209302325577
course,0.07655502392344499,0.15789473684210525,0.07177033492822966,0.1626794258373206,0.11483253588516747,0.09090909090909091,0.07177033492822966,0.2535885167464115
isolated,0.11111111111111112,0.08333333333333333,0.02777777777777778,0.3333333333333333,0.02777777777777778,0.22222222222222224,0.05555555555555556,0.1388888888888889
known,0.06832298136645963,0.23602484472049687,0.06211180124223602,0.11801242236024843,0.14285714285714282,0.11180124223602483,0.05590062111801242,0.20496894409937885
something,0.09047619047619047,0.1761904761904762,0.07857142857142857,0.13571428571428573,0.11904761904761904,0.10476190476190476,0.1,0.1952380952380952
days,0.12087912087912087,0.2115384615384615,0.06043956043956043,0.08516483516483515,0.14835164835164835,0.09065934065934064,0.10164835164835163,0.18131868131868129
tortha,0.08839779005524863,0.2265193370165746,0.044198895027624314,0.17679558011049726,0.08839779005524863,0.09392265193370167,0.06629834254143648,0.21546961325966854
karf,0.1,0.22777777777777775,0.05,0.17777777777777778,0.08333333333333333,0.1,0.06666666666666667,0.19444444444444445
till,0.14084507042253522,0.1619718309859155,0.07042253521126761,0.10563380281690142,0.11267605633802819,0.11971830985915494,0.09154929577464789,0.19718309859154928
story,0.10919540229885058,0.10344827586206898,0.0574712643678161,0.15517241379310348,0.13218390804597702,0.1149425287356322,0.0574712643678161,0.2701149425287357
saw,0.14932126696832576,0.12669683257918551,0.07239819004524886,0.1764705882352941,0.09049773755656108,0.14932126696832576,0.06787330316742081,0.167420814479638
happened,0.034482758620689655,0.24137931034482757,0.06896551724137931,0.10344827586206896,0.13793103448275862,0.034482758620689655,0.13793103448275862,0.24137931034482757
began,0.10227272727272728,0.1553030303030303,0.07954545454545456,0.20833333333333334,0.0946969696969697,0.12878787878787878,0.06818181818181819,0.16287878787878787
verkan,0.11940298507462689,0.17910447761194032,0.059701492537313446,0.2537313432835821,0.04477611940298508,0.059701492537313446,0.059701492537313446,0.2238805970149254
vall,0.1043956043956044,0.17307692307692307,0.054945054945054944,0.17857142857142858,0.07967032967032966,0.11538461538461539,0.06868131868131869,0.22527472527472525
small,0.125,0.15801886792452832,0.08726415094339623,0.11320754716981132,0.15094339622641512,0.09433962264150944,0.0919811320754717,0.1792452830188679
dalla,0.10837438423645322,0.1970443349753695,0.07389162561576355,0.1477832512315271,0.11330049261083744,0.12807881773399016,0.06896551724137931,0.16256157635467983
girl,0.09615384615384615,0.10576923076923077,0.11538461538461538,0.19711538461538458,0.07692307692307693,0.17307692307692307,0.0673076923076923,0.16826923076923075
thought,0.09507042253521128,0.397887323943662,0.06690140845070422,0.12323943661971831,0.05985915492957747,0.10211267605633803,0.05985915492957747,0.09507042253521128
dwarma,0.1,0.22000000000000003,0.06,0.22000000000000003,0.12,0.1,0.04,0.13999999999999999
jard,0.17241379310344826,0.27586206896551724,0.051724137931034475,0.17241379310344826,0.034482758620689655,0.034482758620689655,0.08620689655172413,0.17241379310344826
trade,0.125,0.08928571428571429,0.03571428571428572,0.16964285714285715,0.0625,0.13392857142857142,0.053571428571428575,0.3303571428571429
always,0.10483870967741936,0.20161290322580644,0.07258064516129033,0.10483870967741936,0.12903225806451613,0.13709677419354838,0.03225806451612903,0.21774193548387097
left,0.12707182320441987,0.16298342541436464,0.07458563535911603,0.16574585635359115,0.07734806629834252,0.15193370165745856,0.09116022099447513,0.14917127071823205
explanation,0.13513513513513514,0.1891891891891892,0.027027027027027032,0.13513513513513514,0.13513513513513514,0.10810810810810813,0.10810810810810813,0.16216216216216217
thalvan,0.22448979591836735,0.16326530612244897,0.06122448979591836,0.1020408163265306,0.08163265306122448,0.06122448979591836,0.08163265306122448,0.22448979591836735
dras,0.18032786885245905,0.19672131147540983,0.06557377049180328,0.09836065573770492,0.11475409836065574,0.06557377049180328,0.09836065573770492,0.18032786885245905
talk,0.13157894736842105,0.10526315789473685,0.13157894736842105,0.2105263157894737,0.07894736842105263,0.15789473684210525,0.052631578947368425,0.13157894736842105
room,0.10294117647058823,0.16176470588235292,0.044117647058823525,0.14705882352941174,0.1176470588235294,0.12254901960784312,0.06372549019607843,0.24019607843137253
since,0.08641975308641975,0.17592592592592593,0.05555555555555556,0.11728395061728394,0.15123456790123457,0.09876543209876544,0.0771604938271605,0.23765432098765435
gave,0.08695652173913045,0.13586956521739132,0.10326086956521739,0.15760869565217392,0.07608695652173914,0.1141304347826087,0.10326086956521739,0.22282608695652173
forget,0.09278350515463918,0.2061855670103093,0.051546391752577324,0.13402061855670105,0.11340206185567012,0.11340206185567012,0.061855670103092786,0.22680412371134023
part,0.12949640287769784,0.13309352517985612,0.0539568345323741,0.16546762589928055,0.11510791366906475,0.12949640287769784,0.07194244604316546,0.20143884892086328
dhergabar,0.08108108108108107,0.2972972972972973,0.0,0.18918918918918917,0.10810810810810811,0.10810810810810811,0.05405405405405406,0.16216216216216214
every,0.11912225705329153,0.16300940438871475,0.06896551724137932,0.18808777429467086,0.10344827586206896,0.11598746081504703,0.05642633228840126,0.18495297805642635
found,0.05964214711729623,0.08946322067594434,0.0437375745526839,0.11928429423459246,0.2624254473161034,0.05765407554671968,0.04174950298210736,0.3260437375745527
green,0.03805496828752643,0.10359408033826639,0.03382663847780127,0.07822410147991544,0.2854122621564482,0.06342494714587739,0.052854122621564484,0.34460887949260044
looking,0.11666666666666665,0.15,0.09166666666666667,0.15,0.125,0.09999999999999999,0.08333333333333333,0.18333333333333335
