,anger,anticipation,disgust,fear,joy,sadness,surprise,trust
project,0.12177678630011153,0.16921461846335542,0.05183386916868972,0.0520963191391641,0.10399580080047241,0.07821009120136474,0.01889639787415524,0.4039761170526868
gutenberg,0.08675496688741721,0.22075055187637968,0.056070640176600434,0.06445916114790286,0.0803532008830022,0.11766004415011036,0.018763796909492272,0.35518763796909486
ebook,0.07358834244080147,0.18688524590163935,0.07103825136612021,0.08816029143897997,0.10528233151183972,0.10346083788706739,0.03460837887067395,0.33697632058287796
keepers,0.020408163265306124,0.2653061224489796,0.0,0.10204081632653061,0.12244897959183673,0.020408163265306124,0.0816326530612245,0.3877551020408163
trail,0.12623762376237624,0.18564356435643564,0.053217821782178217,0.1670792079207921,0.10024752475247525,0.1349009900990099,0.09158415841584158,0.14108910891089108
use,0.11398485128394606,0.1893589506743026,0.07130980971734713,0.11102900424903012,0.15056345834103088,0.07149455015702938,0.0472935525586551,0.2449658230186588
almost,0.10912765240821826,0.1561131694173122,0.07393061636914786,0.14971370831929942,0.12361064331424722,0.129504883799259,0.07039407207814077,0.18760525429437522
may,0.10408898032660409,0.1699241352706699,0.07522180789507521,0.1202263083451202,0.12536967982512534,0.11199691397711199,0.062299087051562285,0.23087308730873082
copy,0.18243472363513052,0.10783316378433368,0.08477449983045099,0.07460155985079688,0.04984740590030518,0.07426246185147507,0.032892505934214986,0.3933536792132926
give,0.0832655275291565,0.18348250610252237,0.05763493355031191,0.11133713045836725,0.1381882289123949,0.1105234608082452,0.07390832655275292,0.241659886086249
away,0.1007226738934056,0.17897470641373078,0.06639566395663957,0.142163504968383,0.12341915085817524,0.11969286359530261,0.08649503161698284,0.1821364046973803
terms,0.11673889490790898,0.133261105092091,0.04739978331527627,0.07854821235102924,0.12486457204767064,0.05715059588299024,0.044962080173347775,0.3970747562296858
license,0.10638297872340426,0.21415356151711382,0.06244218316373729,0.09158186864014801,0.12395929694727106,0.09204440333024978,0.036540240518038856,0.27289546716003704
great,0.09926933736457547,0.1642101284958428,0.06342907533383725,0.13819601914840013,0.13964474678760394,0.10500125976316455,0.07873519778281683,0.21151423532375913
woods,0.1091753774680604,0.17073170731707318,0.06039488966318235,0.17653890824622534,0.11614401858304298,0.12659698025551686,0.0778164924506388,0.16260162601626016
english,0.08687615526802218,0.1645101663585952,0.05841035120147874,0.13752310536044363,0.12643253234750462,0.09870609981515711,0.06321626617375231,0.2643253234750462
start,0.06014614952220349,0.4086565486228218,0.04272062956717257,0.08263069139966274,0.08600337268128162,0.07813378302417089,0.057897695334457565,0.18381112984822937
distributed,0.0508221225710015,0.25037369207772797,0.06203288490284006,0.09417040358744395,0.12556053811659193,0.06576980568011959,0.023168908819133038,0.328101644245142
http,0.02998236331569665,0.236331569664903,0.05291005291005291,0.031746031746031744,0.12874779541446207,0.045855379188712526,0.02469135802469136,0.4497354497354497
young,0.047386065053909576,0.2392860378726103,0.03252695478843889,0.0657787442239739,0.23738334692398294,0.06351363595179849,0.1908127208480565,0.12331249433722931
trailers,0.05555555555555556,0.1388888888888889,0.0,0.1388888888888889,0.11111111111111112,0.02777777777777778,0.05555555555555556,0.47222222222222227
forest,0.1016949152542373,0.16494419181479952,0.0715171558495246,0.14179412980570485,0.14882182720132286,0.1169904919388177,0.08598594460520878,0.16825134353038448
runners,0.09999999999999999,0.15,0.024999999999999998,0.19999999999999998,0.09999999999999999,0.075,0.125,0.22499999999999998
new,0.08367046708348658,0.19336152997425526,0.06197131298271424,0.13497609415226186,0.12348289812431042,0.09663479220301582,0.06748804707613093,0.23841485840382495
copyright,0.08395802098950525,0.18590704647676162,0.08995502248875561,0.05772113943028486,0.06371814092953523,0.0952023988005997,0.009745127436281859,0.41379310344827586
must,0.10082551329993648,0.17392224652508287,0.06611162068722216,0.13885557045085725,0.12121639737529102,0.10273054399209765,0.06343046637973611,0.23290764128977628
form,0.07486238532110091,0.17651376146788988,0.04844036697247707,0.1310091743119266,0.11816513761467891,0.09009174311926606,0.05761467889908257,0.303302752293578
without,0.09868038841397626,0.16200514565524107,0.06515063490746119,0.14432733006888537,0.12374470910449,0.11187650427421363,0.06697651257365757,0.22723877500207484
united,0.03800547278808148,0.20766190331407722,0.030404378230465188,0.08817269686834904,0.08057160231073274,0.051991486774095465,0.03344481605351171,0.4697476436606871
states,0.051933701657458566,0.18187845303867403,0.04861878453038675,0.10276243093922653,0.08154696132596685,0.07867403314917128,0.03226519337016574,0.42232044198895025
lives,0.11510791366906475,0.14902363823227133,0.07399794450154162,0.14696813977389517,0.1264131551901336,0.12949640287769784,0.06269270298047276,0.1963001027749229
henry,0.11760763947059809,0.1651867984587033,0.05947394873513151,0.14391020271402244,0.1147595912213101,0.09415312447646172,0.0760596414809851,0.22884905344278775
ware,0.09876543209876543,0.09876543209876543,0.037037037037037035,0.3950617283950617,0.07407407407407407,0.037037037037037035,0.08641975308641976,0.17283950617283952
paul,0.11002785515320335,0.19080779944289697,0.061281337047353765,0.12395543175487465,0.15181058495821728,0.09470752089136492,0.084958217270195,0.18245125348189417
shif'less,0.12500000000000003,0.1960227272727273,0.034090909090909095,0.15625000000000003,0.15056818181818185,0.07670454545454547,0.09943181818181819,0.16193181818181818
sol,0.11577424023154849,0.2069464544138929,0.04775687409551375,0.13458755426917512,0.14616497829232997,0.08248914616497828,0.1085383502170767,0.1577424023154848
long,0.0754689005856624,0.37474979613018017,0.04915116020461117,0.10682778560308401,0.09615242049077027,0.09392838609237157,0.057231818518793096,0.14648973237452742
jim,0.1139937106918239,0.2838050314465409,0.03616352201257862,0.12342767295597486,0.10298742138364782,0.10141509433962265,0.07547169811320754,0.16273584905660377
hart,0.1015625,0.2421875,0.03125,0.1015625,0.0703125,0.1796875,0.05468750000000001,0.21875000000000003
silent,0.1257796257796258,0.14864864864864866,0.06756756756756757,0.15384615384615385,0.1153846153846154,0.14033264033264034,0.07692307692307693,0.17151767151767153
tom,0.09359605911330049,0.20032840722495895,0.03940886699507389,0.12643678160919541,0.16748768472906406,0.08210180623973727,0.08866995073891626,0.2019704433497537
ross,0.08,0.21714285714285714,0.03428571428571429,0.12,0.16,0.09142857142857143,0.08,0.21714285714285714
point,0.09948892674616694,0.16388415672913115,0.07325383304940374,0.14889267461669506,0.10868824531516183,0.11788756388415672,0.07052810902896081,0.21737649063032366
time,0.07118785105055127,0.3698772623257749,0.04897025171624713,0.10276679841897232,0.10047846889952151,0.0816725608487622,0.06107759517370501,0.16396921156646554
third,0.09806451612903226,0.16903225806451613,0.05741935483870968,0.14322580645161292,0.1135483870967742,0.10258064516129033,0.07548387096774194,0.24064516129032257
volume,0.042925278219395874,0.19236883942766297,0.0810810810810811,0.09697933227344993,0.1399046104928458,0.06359300476947537,0.0604133545310016,0.32273449920508746
chapter,0.08882197967632668,0.1539330071509221,0.061723748588633796,0.16447120812946933,0.12194203989461799,0.12100112909296198,0.07357922468949944,0.21452766277756868
big,0.10790378006872853,0.15601374570446735,0.07353951890034365,0.12886597938144329,0.14432989690721648,0.11649484536082474,0.07731958762886598,0.19553264604810996
guns,0.14243759177679882,0.1527165932452276,0.08076358296622614,0.19676945668135096,0.09544787077826725,0.10279001468428779,0.07782672540381791,0.15124816446402348
indian,0.12709284627092846,0.16514459665144596,0.0563165905631659,0.1643835616438356,0.14079147640791476,0.10426179604261797,0.0730593607305936,0.16894977168949774
camp,0.11214953271028037,0.14641744548286603,0.07048286604361371,0.1764018691588785,0.10397196261682243,0.13434579439252337,0.0763239875389408,0.1799065420560748
water,0.10650887573964497,0.15236686390532542,0.07421104536489151,0.15113412228796844,0.1304240631163708,0.133629191321499,0.08431952662721894,0.16740631163708086
king,0.07918710581639803,0.15031534688156972,0.07568325157673442,0.13104414856341978,0.1524176594253679,0.07883672039243168,0.06377014716187807,0.26874562018220044
wolf,0.16621983914209118,0.14209115281501342,0.10723860589812334,0.18498659517426275,0.07774798927613942,0.14209115281501342,0.08579088471849868,0.09383378016085792
path,0.11794019933554818,0.14285714285714288,0.0681063122923588,0.1877076411960133,0.11461794019933555,0.12956810631229237,0.07475083056478406,0.16445182724252494
danger,0.07850911974623315,0.1245043616177637,0.04480570975416336,0.26645519429024583,0.07216494845360825,0.2232355273592387,0.057097541633624106,0.13322759714512292
shiftless,0.12698412698412698,0.16666666666666669,0.03703703703703704,0.1375661375661376,0.16666666666666669,0.07671957671957672,0.10846560846560846,0.1798941798941799
one,0.09972495988998396,0.15835434334173737,0.0643135457254183,0.14464817785927117,0.12722897089158836,0.1162732065092826,0.07384826953930781,0.2156085262434105
five,0.10032232070910557,0.17203867848509266,0.05479452054794521,0.14746172441579372,0.13336019339242547,0.0999194198227236,0.0773569701853344,0.21474617244157937
thousand,0.10966415352981494,0.17066483893077453,0.06031528444139822,0.12816997943797123,0.14119259766963674,0.11925976696367376,0.08019191226867717,0.19054146675805345
ford,0.10714285714285714,0.09693877551020408,0.163265306122449,0.14795918367346939,0.0663265306122449,0.030612244897959183,0.04591836734693878,0.3418367346938776
light,0.0863819191725723,0.1631871289025091,0.06109940624401456,0.14403371001723808,0.15418502202643175,0.1199004022217966,0.09136180808274277,0.17985060333269492
wind,0.11606510969568294,0.16489738145789104,0.07572540693559802,0.14578910120311395,0.13092710544939845,0.14012738853503184,0.08987968860580327,0.13658881811748055
primeval,0.07692307692307693,0.2153846153846154,0.061538461538461535,0.1692307692307692,0.15384615384615385,0.1076923076923077,0.0923076923076923,0.12307692307692307
wilderness,0.06007067137809187,0.2143698468786808,0.029446407538280327,0.2249705535924617,0.09776207302709068,0.18963486454652534,0.0447585394581861,0.13898704358068315
kentucky,0.1174863387978142,0.1721311475409836,0.04371584699453552,0.14207650273224043,0.1174863387978142,0.09836065573770492,0.07103825136612021,0.23770491803278687
dense,0.14556962025316456,0.10759493670886076,0.07594936708860758,0.18354430379746833,0.10759493670886076,0.13291139240506328,0.08860759493670886,0.1582278481012658
green,0.04913396960056557,0.12018381053375751,0.048780487804878044,0.06468716861081655,0.2841993637327677,0.08943089430894309,0.048073524213503006,0.2955107811947685
foliage,0.11940298507462688,0.16417910447761197,0.0746268656716418,0.10447761194029853,0.1492537313432836,0.10447761194029853,0.04477611940298508,0.23880597014925375
like,0.10654283627256601,0.15475320880726287,0.07361995199833038,0.14723990399666076,0.13779609725555672,0.12183032453302725,0.07894187623917354,0.1792758008974225
sea,0.08925506350841057,0.17404737384140062,0.0641949879848953,0.12873326467559215,0.14349467902506005,0.1383453484380364,0.07929969104016478,0.1826295914864401
every,0.09401530237920555,0.16843098207735038,0.0677077874436642,0.14201865632533278,0.13950319672990252,0.10732627607169061,0.07106173357090452,0.2099360654019495
direction,0.09336099585062241,0.18568464730290457,0.07053941908713693,0.1400414937759336,0.10995850622406639,0.10269709543568464,0.07676348547717841,0.220954356846473
canebrake,0.1702127659574468,0.1702127659574468,0.0425531914893617,0.23404255319148934,0.10638297872340426,0.10638297872340426,0.0425531914893617,0.1276595744680851
miles,0.09175019275250579,0.16422513492675406,0.06784888203546646,0.15651503469545103,0.12490362374710873,0.13107170393215112,0.08249807247494219,0.18118735543562067
trees,0.10531914893617021,0.1324468085106383,0.0675531914893617,0.149468085106383,0.15159574468085107,0.14574468085106385,0.06808510638297872,0.17978723404255317
infinite,0.07958921694480102,0.22721437740693193,0.048780487804878044,0.1399229781771502,0.14377406931964057,0.10012836970474967,0.05905006418485237,0.20154043645699612
nature,0.07958762886597938,0.17051546391752576,0.05938144329896907,0.13319587628865978,0.15505154639175256,0.08701030927835052,0.07257731958762886,0.24268041237113402
hand,0.10634874195435927,0.15842598010532474,0.06480397893504973,0.14847864248098303,0.13545933294324167,0.11351667641895845,0.0759215915740199,0.1970450555880632
master,0.10363836824696802,0.13561190738699008,0.08710033076074973,0.14002205071664828,0.11411245865490627,0.1345093715545755,0.08599779492833518,0.1990077177508269
little,0.08650210084033613,0.1682247899159664,0.06911764705882353,0.1160189075630252,0.15688025210084033,0.11880252100840337,0.07925420168067226,0.20519957983193277
silver,0.08695652173913043,0.17391304347826086,0.06324110671936758,0.09387351778656125,0.17885375494071146,0.10968379446640317,0.07608695652173912,0.21739130434782608
gold,0.07725587144622992,0.1681087762669963,0.06180469715698393,0.10939431396786156,0.16687268232385663,0.11124845488257108,0.07725587144622992,0.2280593325092707
greater,0.09096901779828609,0.1740276862228082,0.06064601186552407,0.14568226763348716,0.13513513513513514,0.09030982201713911,0.07514831905075808,0.22808174027686226
bush,0.11702127659574467,0.15248226950354607,0.07092198581560283,0.20921985815602834,0.09574468085106383,0.15248226950354607,0.07446808510638298,0.1276595744680851
youth,0.1451473136915078,0.18067590987868282,0.03726169844020797,0.1629116117850953,0.17677642980935873,0.058925476603119586,0.14081455805892545,0.09748700173310225
bearing,0.09090909090909093,0.17329545454545456,0.03125000000000001,0.11647727272727273,0.16193181818181818,0.07102272727272728,0.07386363636363638,0.28125000000000006
opening,0.10179640718562875,0.1377245508982036,0.04790419161676647,0.17165668662674652,0.1217564870259481,0.13572854291417166,0.0998003992015968,0.18363273453093815
looked,0.09152872444011687,0.16806231742940608,0.07497565725413828,0.12444011684518014,0.14995131450827656,0.11723466407010712,0.09172346640701072,0.1820837390457644
easy,0.11278195488721804,0.1568206229860365,0.06552094522019333,0.14822771213748656,0.13963480128893663,0.09237379162191192,0.06981740064446831,0.21482277121374865
caution,0.1794871794871795,0.22435897435897434,0.05769230769230769,0.18589743589743588,0.10256410256410256,0.06410256410256411,0.03846153846153846,0.14743589743589744
always,0.09648033126293996,0.16604554865424428,0.06459627329192547,0.13098688750862664,0.14727398205659076,0.11345755693581781,0.07757073844030365,0.2035886818495514
near,0.10652228657768825,0.1599093427348275,0.06547469151347268,0.14857718458826494,0.12263913371946612,0.11508436162175775,0.08159153865525057,0.2002014605892722
eyes,0.09653203637132586,0.14315923028124336,0.07295411292027912,0.13279763163459504,0.14802283780926198,0.14389934447028968,0.09071685345739056,0.17191795305561428
would,0.09717082835581715,0.17248914658663794,0.06284781911948953,0.14204131581247634,0.13131901751114478,0.11418664957314764,0.07791148276565368,0.202033740275633
noticed,0.08737864077669903,0.19741100323624597,0.07119741100323625,0.10355987055016182,0.1423948220064725,0.11003236245954694,0.09385113268608414,0.1941747572815534
anything,0.08897935446350683,0.17446932247746438,0.06833381797034022,0.1270718232044199,0.15004361733061936,0.1113695841814481,0.07909275952311719,0.20063972084908405
ear,0.07614213197969542,0.17766497461928932,0.060913705583756333,0.07614213197969542,0.20304568527918782,0.07106598984771574,0.10659898477157359,0.22842639593908629
keen,0.10662824207492796,0.17002881844380405,0.046109510086455335,0.13544668587896252,0.1527377521613833,0.14121037463976946,0.05763688760806917,0.19020172910662828
heard,0.12564159785762105,0.16335639366212898,0.06315554563713456,0.13992412407944654,0.11314438741352377,0.12274045971881276,0.0990850256639143,0.17295246596741798
sound,0.11959957850368808,0.15648050579557427,0.06427818756585878,0.16543730242360377,0.10537407797681768,0.14436248682824024,0.10221285563751314,0.14225500526870388
part,0.09614269141531323,0.16386310904872392,0.0630800464037123,0.146461716937355,0.11992459396751741,0.11151392111368912,0.06540023201856149,0.2336136890951276
eye,0.09202453987730061,0.15425065731814197,0.08150744960560911,0.12795793163891322,0.14899211218229622,0.119193689745837,0.09114811568799298,0.18492550394390883
powers,0.09286412512218963,0.17302052785923752,0.06451612903225806,0.14369501466275658,0.12316715542521994,0.10166177908113391,0.05474095796676442,0.24633431085043989
man,0.09455456823877875,0.16518569150148096,0.06489709121288068,0.1359459254196096,0.15280625806941595,0.09740259740259738,0.08221310852889799,0.20699475962633854
told,0.09214192829277355,0.163291844696266,0.06576258591863274,0.13059632175366898,0.14007059260635335,0.10588890953000187,0.07170722645365038,0.23054059074865318
enemy,0.21501956947162426,0.08561643835616439,0.17025440313111548,0.25489236790606656,0.055039138943248536,0.06898238747553817,0.04867906066536204,0.10151663405088064
stood,0.11220682302771856,0.15458422174840086,0.07089552238805971,0.14205756929637528,0.1279317697228145,0.12313432835820898,0.08128997867803839,0.1878997867803838
hill,0.1143827859569649,0.16874292185730463,0.06115515288788222,0.14609286523216308,0.10758776896942242,0.12231030577576445,0.06568516421291053,0.21404303510758776
fresh,0.08173076923076923,0.1923076923076923,0.052884615384615384,0.10737179487179488,0.16987179487179488,0.10256410256410256,0.09775641025641026,0.1955128205128205
air,0.11022253129346316,0.15403337969401948,0.07301808066759388,0.15264255910987481,0.13977746870653684,0.11787204450625871,0.09561891515994438,0.15681502086230878
delight,0.07994579945799457,0.23306233062330622,0.051490514905149054,0.08265582655826559,0.25338753387533874,0.07859078590785908,0.07181571815718157,0.14905149051490515
could,0.10336916917817462,0.16202599973010662,0.06342494714587738,0.14272862219423327,0.1332823534703792,0.11645899869551528,0.07808915478386037,0.20062075480185326
feel,0.09604802401200599,0.1570785392696348,0.07253626813406702,0.13756878439219608,0.1485742871435718,0.13056528264132064,0.08254127063531765,0.17508754377188593
mighty,0.17293777134587554,0.09840810419681621,0.03545586107091172,0.18813314037626627,0.191027496382055,0.04992764109985528,0.04775687409551375,0.21635311143270625
lone,0.10447761194029853,0.17910447761194032,0.05970149253731344,0.16417910447761197,0.0746268656716418,0.22388059701492538,0.08955223880597016,0.10447761194029853
human,0.09219190968955786,0.15961116337409845,0.0740043900909376,0.14675446848541862,0.13609281906553777,0.10661649419880839,0.07149576669802445,0.21323298839761679
figure,0.0968888888888889,0.1608888888888889,0.05777777777777778,0.1288888888888889,0.14577777777777776,0.12444444444444444,0.07733333333333334,0.208
perfectly,0.09549549549549549,0.14054054054054052,0.06486486486486485,0.1117117117117117,0.16756756756756755,0.1009009009009009,0.07567567567567567,0.24324324324324323
last,0.10221948212083846,0.174845869297164,0.06263871763255241,0.13921085080147966,0.12712700369913688,0.12688039457459926,0.07398273736128237,0.19309494451294698
wholly,0.10098522167487683,0.14532019704433494,0.05911330049261083,0.1354679802955665,0.1527093596059113,0.11330049261083742,0.09359605911330048,0.19950738916256155
fine,0.07657430730478589,0.17279596977329975,0.05340050377833753,0.11788413098236775,0.17783375314861458,0.10327455919395465,0.07707808564231737,0.2211586901763224
hunting,0.2262773722627737,0.2408759124087591,0.04562043795620438,0.22992700729927007,0.06204379562043796,0.04562043795620438,0.0437956204379562,0.10583941605839414
moccasins,0.09375000000000001,0.28125000000000006,0.0,0.09375000000000001,0.12500000000000003,0.06250000000000001,0.09375000000000001,0.25000000000000006
completely,0.09341500765696785,0.15007656967840735,0.0658499234303216,0.13476263399693722,0.1316998468606432,0.13016845329249618,0.07197549770290965,0.22205206738131703
ordinary,0.08871595330739299,0.18521400778210118,0.047470817120622566,0.12062256809338522,0.15019455252918287,0.09571984435797666,0.08093385214007782,0.2311284046692607
flaming,0.11415525114155252,0.1415525114155251,0.08675799086757992,0.10502283105022832,0.15068493150684933,0.0821917808219178,0.10502283105022832,0.2146118721461187
bird,0.09374999999999999,0.17241379310344826,0.09267241379310344,0.1045258620689655,0.13254310344827586,0.1066810344827586,0.06357758620689655,0.23383620689655168
let,0.09677419354838708,0.16666666666666666,0.07012622720897616,0.12879850397381953,0.1388499298737728,0.11453950444132772,0.0783076203833567,0.20593735390369333
stock,0.1,0.18518518518518517,0.04074074074074074,0.12962962962962962,0.14444444444444443,0.08518518518518518,0.05555555555555555,0.25925925925925924
rifle,0.29268292682926833,0.06987475280158208,0.03361898483849703,0.31839156229400134,0.04680290046143704,0.08569545154911008,0.06526038233355307,0.0876730388925511
rest,0.09170946441672781,0.17681584739545123,0.05906089508437271,0.12765957446808512,0.14269992663242848,0.1078503301540719,0.07813646368305209,0.21606749816581072
upon,0.10212280527725424,0.16288066660053568,0.0653209007042952,0.1399662731871838,0.12409483186191846,0.11422477928776907,0.0711734946929868,0.22021624838805673
ground,0.10701210926499576,0.10363277949873274,0.05998310335116867,0.12897775274570542,0.08307519008729934,0.10222472542945647,0.05491410870177414,0.36018023092086726
held,0.11925999339279815,0.1542781631978857,0.0687148992401718,0.14734060125536835,0.11694747274529237,0.12652791542781633,0.06970597951767427,0.19722497522299307
barrel,0.25,0.1875,0.0,0.3125,0.09375,0.0625,0.03125,0.0625
gazed,0.1264367816091954,0.10344827586206895,0.11494252873563218,0.14942528735632182,0.1264367816091954,0.1264367816091954,0.08045977011494253,0.17241379310344826
rolling,0.08715596330275231,0.18348623853211013,0.05963302752293579,0.16055045871559634,0.15137614678899086,0.13761467889908258,0.08256880733944955,0.13761467889908258
horizon,0.07063197026022305,0.3271375464684015,0.05947955390334573,0.07806691449814127,0.10780669144981413,0.1412639405204461,0.07806691449814127,0.137546468401487
come,0.0905345659163987,0.1872990353697749,0.06119372990353697,0.13032556270096463,0.1404742765273312,0.0977692926045016,0.07847668810289388,0.21392684887459804
place,0.08883946094465524,0.17427711631558288,0.05887740416066989,0.14038989925421955,0.13162370796807535,0.11121287452570978,0.07313881983514325,0.221640716995944
pleasure,0.07347670250896057,0.1550179211469534,0.0492831541218638,0.13082437275985662,0.17831541218637992,0.1093189964157706,0.0931899641577061,0.21057347670250898
world,0.0828539711373499,0.1786254919769906,0.06186295287112725,0.13916641437077404,0.1551115147845393,0.09042284791603593,0.07023917650620648,0.22171763043697645
none,0.09918845807033365,0.16501352569882777,0.06492335437330929,0.12804328223624886,0.13796212804328223,0.10730387736699729,0.07664562669071236,0.22091974752028856
knew,0.11059907834101383,0.15747656125854123,0.07293818528523756,0.14539965040521213,0.12982679167328778,0.11234705228031146,0.07770538693786747,0.19370729381852853
better,0.08907688479721325,0.1764120427967156,0.05648171186862404,0.11968151281413286,0.1440656879820851,0.10027369992535458,0.0853446130878328,0.2286638467280418
immense,0.11276595744680853,0.15319148936170215,0.053191489361702135,0.1468085106382979,0.1319148936170213,0.1297872340425532,0.08085106382978725,0.1914893617021277
noted,0.11,0.17,0.065,0.125,0.135,0.125,0.06,0.21
different,0.08111762054979721,0.18611987381703468,0.0473186119873817,0.12077512392969807,0.15863001351960343,0.06489409643983776,0.0540784136998648,0.2870662460567823
leaves,0.11121239744758431,0.15223336371923427,0.08659981768459434,0.12853236098450319,0.1422060164083865,0.1267092069279854,0.07748404740200546,0.17502278942570645
kind,0.07275541795665635,0.09597523219814243,0.03947368421052632,0.07759287925696595,0.2755417956656347,0.07449690402476782,0.04431114551083592,0.3198529411764707
tree,0.14519992629445366,0.16399484061175607,0.13156440022111665,0.05564768748848351,0.15091210613598674,0.0486456605859591,0.13156440022111665,0.1724709784411277
bore,0.11954022988505746,0.1747126436781609,0.05517241379310344,0.1471264367816092,0.14482758620689654,0.1011494252873563,0.07126436781609194,0.18620689655172412
fell,0.09696342305037955,0.1111111111111111,0.05348516218081435,0.11766735679779157,0.08592132505175983,0.32746721877156654,0.07729468599033816,0.13008971704623876
deep,0.09952854897852277,0.15453116815086432,0.07124148768988998,0.13567312729177577,0.14248297537977997,0.15662650602409636,0.08328968046097432,0.15662650602409636
intense,0.13631406761177753,0.08178844056706652,0.12540894220283533,0.14285714285714288,0.1712104689203926,0.05234460196292257,0.1177753544165758,0.1723009814612868
gave,0.08970621215519174,0.16147118187934514,0.05920610002242655,0.13074680421619198,0.14285714285714285,0.097779771249159,0.08970621215519174,0.22852657546535093
seemed,0.1075883575883576,0.15748440748440748,0.06843381843381843,0.14778239778239777,0.12474012474012475,0.13877338877338877,0.08523908523908524,0.16995841995841998
fairly,0.07262569832402235,0.12625698324022347,0.059217877094972074,0.10949720670391062,0.10949720670391062,0.08156424581005588,0.06256983240223465,0.37877094972067044
still,0.10559155267578595,0.15766738660907129,0.07307415406767458,0.13990880729541635,0.1297096232301416,0.12838972882169425,0.0709143268538517,0.19474442044636428
took,0.0971142215310178,0.17141869707966131,0.06825643684119578,0.13305685156385003,0.1230343874200795,0.10506307240366339,0.07983411093831001,0.2222222222222222
alarm,0.11475409836065573,0.08196721311475409,0.05737704918032786,0.2950819672131147,0.06557377049180327,0.0901639344262295,0.22540983606557374,0.06967213114754098
presence,0.09481037924151696,0.16067864271457089,0.05588822355289422,0.1506986027944112,0.14171656686626746,0.10878243512974053,0.07784431137724551,0.2095808383233533
tall,0.08644400785854617,0.16699410609037327,0.05697445972495088,0.11394891944990176,0.14931237721021612,0.1237721021611002,0.08447937131630648,0.21807465618860514
neither,0.08434504792332269,0.1757188498402556,0.05559105431309904,0.131629392971246,0.134185303514377,0.11309904153354633,0.07092651757188499,0.23450479233226837
stirred,0.10857142857142857,0.1542857142857143,0.06285714285714286,0.18285714285714286,0.12,0.13142857142857142,0.09714285714285716,0.14285714285714285
made,0.09887343445150734,0.1705582478444207,0.06394360878595255,0.13764239410913212,0.1334256403801372,0.10818805462898863,0.07269179935804645,0.2146768204418151
another,0.09718907451604349,0.1730310262529833,0.05993105277114823,0.14611508883585256,0.12476796605674888,0.1124370193582604,0.07783081410766375,0.20869795810129937
hidden,0.12934131736526946,0.1604790419161677,0.0718562874251497,0.1604790419161677,0.11736526946107785,0.1221556886227545,0.08383233532934131,0.15449101796407186
behind,0.11276181198246468,0.15611300535801265,0.06527033609352167,0.16707257671699952,0.11178762786166585,0.13395031660983925,0.084997564539698,0.16804676083779835
leaf,0.0818181818181818,0.1909090909090909,0.07272727272727272,0.11818181818181818,0.1272727272727273,0.10909090909090907,0.07272727272727272,0.22727272727272727
began,0.10830163347505035,0.17073170731707318,0.06645782054150817,0.14343253524278363,0.1306780040277467,0.116580890579548,0.09129559185500112,0.17252181696128888
forth,0.15830721003134796,0.12695924764890282,0.05642633228840126,0.11065830721003135,0.1181818181818182,0.12351097178683386,0.04921630094043888,0.2567398119122257
full,0.12695346795434592,0.1761194029850746,0.0607550482879719,0.11009657594381035,0.12958735733099208,0.1086918349429324,0.076558384547849,0.21123792800702368
song,0.086864406779661,0.22457627118644066,0.031779661016949144,0.07627118644067796,0.21610169491525422,0.11440677966101694,0.07415254237288134,0.17584745762711862
voice,0.11805187930121758,0.1455796717840127,0.06855479089465324,0.14531498147167815,0.12811011116993118,0.131286394917946,0.09422975119110641,0.16887241926945473
although,0.10608552631578948,0.16611842105263158,0.06085526315789474,0.13610197368421054,0.11595394736842105,0.11430921052631578,0.06907894736842105,0.2314967105263158
defiance,0.28044280442804426,0.07011070110701106,0.18450184501845016,0.24354243542435422,0.047970479704797044,0.03690036900369004,0.03321033210332103,0.10332103321033209
many,0.0836261419536191,0.16253388214034734,0.06013452464611986,0.12729645617909846,0.14054813773717495,0.10872402369240035,0.07760265033631161,0.23953418331492818
live,0.0811232449297972,0.17160686427457097,0.06708268330733229,0.12428497139885596,0.16328653146125846,0.10868434737389494,0.07852314092563703,0.20540821632865314
sing,0.03907203907203907,0.22954822954822954,0.03174603174603175,0.03907203907203907,0.23321123321123322,0.1746031746031746,0.042735042735042736,0.21001221001221002
gray,0.042119565217391304,0.11956521739130435,0.21059782608695654,0.07336956521739131,0.10190217391304349,0.28260869565217395,0.05434782608695653,0.11548913043478261
squirrel,0.15,0.09999999999999999,0.17500000000000002,0.09999999999999999,0.125,0.125,0.075,0.15
back,0.10298316432017329,0.17190115191493555,0.0658659052869942,0.1391158806734272,0.1278920941222802,0.12139411243477406,0.08171704243378952,0.1891306488136261
ran,0.10307017543859649,0.16666666666666666,0.07821637426900585,0.13523391812865498,0.13230994152046785,0.125,0.08260233918128654,0.17690058479532164
red,0.10682730923694779,0.14457831325301204,0.06131191432396252,0.14538152610441765,0.14002677376171352,0.1322623828647925,0.06693440428380187,0.20267737617135206
look,0.09609756097560976,0.16439024390243903,0.07365853658536585,0.12804878048780488,0.144390243902439,0.12365853658536587,0.08926829268292684,0.1804878048780488
laughed,0.09372312983662942,0.1702493551160791,0.08598452278589855,0.11779879621668102,0.16079105760963028,0.09802235597592433,0.10490111779879623,0.16852966466036115
manner,0.09144659046117462,0.1730390224674813,0.05675995270003942,0.13992905005912495,0.13953488372093026,0.09696491919590068,0.07765076862435949,0.22467481277098938
border,0.17419354838709677,0.17419354838709677,0.08387096774193549,0.21290322580645163,0.0903225806451613,0.0903225806451613,0.07741935483870967,0.0967741935483871
hurt,0.23388581952117865,0.06721915285451198,0.0432780847145488,0.24585635359116023,0.058931860036832415,0.24677716390423576,0.024861878453038676,0.07918968692449356
fellow,0.06763285024154589,0.12560386473429952,0.060041407867494824,0.10006901311249138,0.11042097998619738,0.07522429261559697,0.07798481711525189,0.3830227743271221
heart,0.11151934298681652,0.1363734601253512,0.07391398314242491,0.15042143937756647,0.14609898422303869,0.1348606008212665,0.08104603414739572,0.16576615517614007
bare,0.1105169340463458,0.1372549019607843,0.0784313725490196,0.1319073083778966,0.1461675579322638,0.16042780748663102,0.0677361853832442,0.1675579322638146
clear,0.07818277865821448,0.16904384574749076,0.06233491811938721,0.12308505018489171,0.14157422081352353,0.10301109350237718,0.08082408874801902,0.24194400422609616
creek,0.09523809523809526,0.14761904761904765,0.05714285714285715,0.17142857142857146,0.10952380952380955,0.17142857142857146,0.06666666666666668,0.18095238095238098
fish,0.08359375,0.1625,0.0703125,0.1203125,0.14296875,0.13203125,0.0859375,0.20234375
leaped,0.20512820512820512,0.10897435897435898,0.10897435897435898,0.18589743589743588,0.07051282051282051,0.11538461538461538,0.08974358974358974,0.11538461538461538
making,0.09712230215827337,0.17542888765910347,0.06806862202545656,0.13779745434421695,0.1458218040951854,0.0996126175982291,0.08384061981184282,0.19230769230769232
gone,0.10395010395010396,0.16632016632016633,0.06826056826056826,0.14033264033264034,0.12404712404712405,0.13132363132363134,0.08385308385308385,0.18191268191268192
instant,0.13761467889908255,0.11926605504587155,0.07568807339449542,0.16743119266055045,0.12155963302752293,0.1238532110091743,0.09862385321100917,0.1559633027522936
stream,0.10963455149501662,0.14950166112956811,0.07807308970099668,0.1611295681063123,0.11461794019933555,0.16611295681063123,0.08637873754152825,0.13455149501661132
fur,0.0881542699724518,0.20110192837465565,0.024793388429752067,0.11019283746556474,0.19559228650137742,0.06611570247933884,0.15702479338842976,0.15702479338842976
beyond,0.09945255474452555,0.16104014598540145,0.05611313868613138,0.1491788321167883,0.12454379562043795,0.1364051094890511,0.06751824817518248,0.20574817518248173
far,0.08860946745562129,0.16346153846153846,0.057396449704142004,0.1504437869822485,0.13076923076923075,0.12263313609467452,0.07026627218934911,0.21642011834319524
vast,0.07155635062611808,0.17531305903398928,0.046511627906976744,0.1252236135957066,0.16100178890876565,0.13237924865831843,0.08228980322003579,0.20572450805008943
brilliant,0.06548672566371681,0.21946902654867256,0.04159292035398229,0.08053097345132743,0.2150442477876106,0.07610619469026549,0.04513274336283186,0.2566371681415929
head,0.11071245515120452,0.1457372287715701,0.07773791218178712,0.14522467110883308,0.11720485221254058,0.13360669742012643,0.07876302750726123,0.1910131556466769
wild,0.1000555864369094,0.113396331295164,0.05836575875486382,0.13952195664257921,0.11061700944969428,0.10894941634241245,0.2462479155086159,0.12284602556976099
flying,0.06417112299465241,0.1470588235294118,0.05080213903743316,0.32085561497326204,0.09358288770053476,0.09358288770053476,0.061497326203208566,0.16844919786096257
appeared,0.09135559921414539,0.1556974459724951,0.07023575638506876,0.13310412573673872,0.13359528487229863,0.12819253438113948,0.08889980353634579,0.19891944990176816
came,0.1026811654353781,0.1655183863202457,0.06599153316178302,0.13737860048144768,0.1309039594919897,0.11895077612683656,0.0906449738524114,0.18793060512990786
wide,0.077007700770077,0.20572057205720573,0.04950495049504951,0.11111111111111112,0.14851485148514854,0.11551155115511552,0.066006600660066,0.22662266226622663
column,0.08584337349397589,0.17168674698795178,0.060240963855421686,0.15813253012048192,0.08283132530120482,0.13855421686746988,0.060240963855421686,0.24246987951807228
birds,0.048165137614678895,0.16972477064220182,0.03211009174311926,0.07721712538226298,0.11467889908256879,0.23929663608562687,0.07033639143730887,0.24847094801223238
returning,0.12771739130434784,0.18206521739130438,0.0516304347826087,0.13586956521739132,0.13586956521739132,0.11684782608695653,0.07880434782608696,0.17119565217391305
south,0.1147342995169082,0.14251207729468596,0.07971014492753623,0.18478260869565216,0.09057971014492752,0.11231884057971013,0.05193236714975845,0.22342995169082125
seen,0.08587650816181688,0.1755382067660279,0.06103619588360539,0.13863259995268512,0.14241779039507924,0.11118996924532765,0.08043529690087532,0.20487343269458244
huge,0.11192214111922141,0.12287104622871045,0.10583941605839416,0.1654501216545012,0.11800486618004864,0.12895377128953772,0.07055961070559609,0.17639902676399025
sight,0.09567430025445292,0.1597964376590331,0.055979643765903316,0.13740458015267176,0.14707379134860052,0.12061068702290077,0.10127226463104326,0.18218829516539442
never,0.09704383282364934,0.16656472986748216,0.06809378185524975,0.13353720693170235,0.13506625891946994,0.11906218144750255,0.07492354740061162,0.20570846075433233
matter,0.08110557317625737,0.17580425917535114,0.05142727684639783,0.13864975079293157,0.13389216130493883,0.09515178975985501,0.07091073855913003,0.2530584503851382
went,0.09627950393385785,0.16802240298706494,0.06627550340045339,0.13428457127617016,0.13588478463795173,0.1161488198426457,0.08014401920256034,0.20296039471929592
swiftly,0.09333333333333332,0.19466666666666665,0.050666666666666665,0.12266666666666667,0.14400000000000002,0.12533333333333332,0.128,0.14133333333333334
toward,0.10500863557858377,0.16614853195164075,0.07115716753022452,0.1533678756476684,0.12227979274611399,0.11675302245250432,0.07944732297063903,0.1858376511226252
north,0.13172252533125486,0.13951675759937646,0.07482462977396726,0.16679657053780203,0.11067809820732658,0.10989867498051441,0.06547155105222136,0.20109119251753702
wood,0.1046875,0.17500000000000002,0.057812499999999996,0.17968749999999997,0.11249999999999999,0.1328125,0.0625,0.17500000000000002
something,0.09986102838991463,0.1758983521937661,0.0684931506849315,0.1361921778836609,0.12745681953543775,0.11177288068294619,0.08636092912447885,0.19396466150486397
falling,0.09582309582309582,0.10933660933660933,0.07371007371007371,0.16216216216216217,0.09950859950859951,0.2874692874692874,0.06019656019656019,0.11179361179361179
way,0.09394396913269586,0.17270592182519712,0.06710283509478275,0.13579936252306662,0.1315215567857742,0.11147458480120785,0.07876195269250126,0.20868981714477436
grass,0.09442724458204334,0.17027863777089786,0.07894736842105263,0.12074303405572756,0.17182662538699692,0.11609907120743033,0.06656346749226007,0.1811145510835913
saw,0.1004947433518862,0.17285095856524427,0.07127396413110698,0.14069264069264067,0.1289424860853432,0.1147186147186147,0.08565244279529993,0.18537414965986393
work,0.12313136860089086,0.18250045762401612,0.0452132527915065,0.084080785892977,0.11995850875587286,0.0899993898346452,0.0543047165781927,0.30081151992189886
already,0.10522938723131214,0.1693936477382098,0.06512672441450111,0.1318575553416747,0.13634905357715751,0.10202117420596728,0.06384343920436317,0.22617901828681422
cut,0.11986754966887417,0.14172185430463577,0.0880794701986755,0.14172185430463577,0.12251655629139073,0.11390728476821191,0.08344370860927151,0.18874172185430463
teeth,0.11297539149888144,0.10850111856823266,0.08165548098434004,0.14653243847874722,0.13982102908277405,0.12751677852348992,0.09284116331096197,0.19015659955257272
sent,0.0929368029739777,0.17271947383471548,0.057763797540749215,0.1395481841578496,0.11552759508149843,0.100657706605662,0.0754932799542465,0.24535315985130113
waters,0.10659186535764376,0.16129032258064516,0.07152875175315568,0.17110799438990182,0.12201963534361851,0.1402524544179523,0.08274894810659186,0.14446002805049088
tiny,0.07638888888888888,0.15277777777777776,0.09027777777777776,0.11666666666666664,0.175,0.11388888888888886,0.08194444444444443,0.1930555555555555
going,0.10304676887250144,0.17853677469435278,0.06365224141276926,0.1441878517368523,0.12070638463031243,0.1168251503978265,0.08810401707743062,0.18494081117795458
higher,0.07020280811232449,0.1669266770670827,0.0499219968798752,0.10686427457098284,0.13494539781591264,0.12792511700468018,0.06942277691107644,0.2737909516380655
four,0.09182249511582473,0.16327100195367011,0.06447111359196205,0.1521071727602568,0.11303377058331007,0.11833658945018143,0.07228579402735139,0.2246720625174435
powerful,0.14772727272727273,0.15662055335968378,0.11462450592885373,0.16205533596837943,0.14822134387351776,0.054841897233201584,0.03162055335968379,0.1842885375494071
ready,0.07822878228782287,0.3682656826568266,0.04243542435424354,0.1040590405904059,0.0996309963099631,0.08339483394833948,0.06125461254612546,0.16273062730627305
put,0.10202040408081617,0.1722344468893779,0.06961392278455691,0.13582716543308662,0.126625325065013,0.10462092418483698,0.08341668333666734,0.20564112822564515
others,0.0849942726231386,0.16792668957617413,0.059793814432989686,0.13951890034364262,0.13654066437571594,0.10767468499427263,0.07101947308132875,0.2325315005727377
