,anger,anticipation,disgust,fear,joy,sadness,surprise,trust
project,0.12194244604316545,0.16906474820143882,0.05431654676258993,0.05323741007194244,0.1014388489208633,0.07805755395683453,0.018345323741007193,0.4035971223021583
gutenberg,0.08695652173913042,0.21739130434782605,0.06587615283267456,0.07114624505928853,0.06324110671936758,0.12779973649538867,0.01054018445322793,0.35704874835309613
ebook,0.059299191374663066,0.17520215633423178,0.09703504043126683,0.11320754716981131,0.08086253369272237,0.09433962264150941,0.032345013477088944,0.34770889487870615
torch,0.06666666666666667,0.13999999999999999,0.09333333333333332,0.09999999999999999,0.12666666666666665,0.12,0.06,0.29333333333333333
tales,0.058139534883720936,0.1511627906976744,0.08139534883720931,0.08139534883720931,0.08139534883720931,0.12790697674418605,0.046511627906976744,0.37209302325581395
eden,0.05263157894736842,0.15789473684210525,0.10526315789473684,0.10526315789473684,0.05263157894736842,0.15789473684210525,0.0,0.3684210526315789
phillpotts,0.05263157894736842,0.15789473684210525,0.10526315789473684,0.10526315789473684,0.05263157894736842,0.15789473684210525,0.0,0.3684210526315789
use,0.12499999999999999,0.18795620437956204,0.08667883211678831,0.12317518248175181,0.11040145985401459,0.0793795620437956,0.051094890510948905,0.2363138686131387
almost,0.09081836327345308,0.17065868263473052,0.06786427145708582,0.13473053892215567,0.13173652694610777,0.11477045908183632,0.07285429141716566,0.21656686626746505
may,0.09082833666444592,0.1796580057739285,0.06817677104152788,0.11259160559626916,0.12391738840772819,0.08505440817232957,0.06706640017765934,0.2727070841661115
copy,0.14794816414686826,0.13714902807775378,0.08423326133909287,0.11123110151187905,0.04967602591792657,0.07019438444924406,0.0367170626349892,0.36285097192224625
give,0.08837707552222816,0.1794322442420996,0.06909480449919657,0.12212104981253347,0.11890733797536154,0.09855382967327261,0.07177289769683985,0.2517407605784681
away,0.09774436090225565,0.1704260651629073,0.06328320802005012,0.13596491228070176,0.13471177944862156,0.10463659147869676,0.08834586466165414,0.2048872180451128
terms,0.10848549946294307,0.1482277121374866,0.055853920515574654,0.09344790547798067,0.11600429645542427,0.055853920515574654,0.050483351235230935,0.37164339419978515
license,0.10432569974554706,0.22137404580152667,0.06870229007633587,0.09923664122137403,0.11195928753180662,0.08905852417302798,0.035623409669211195,0.26972010178117045
online,0.053030303030303025,0.20454545454545453,0.08333333333333333,0.12878787878787878,0.053030303030303025,0.10606060606060605,0.0606060606060606,0.31060606060606055
claus,0.07317073170731707,0.1951219512195122,0.06097560975609757,0.0975609756097561,0.1951219512195122,0.12195121951219513,0.07317073170731707,0.1829268292682927
returned,0.10583941605839417,0.14233576642335766,0.07664233576642336,0.10948905109489052,0.14233576642335766,0.10583941605839417,0.08394160583941605,0.23357664233576642
native,0.06714285714285714,0.13714285714285715,0.07,0.14142857142857143,0.12571428571428572,0.09285714285714286,0.07857142857142857,0.28714285714285714
john,0.07616559485530547,0.16619774919614147,0.16137459807073956,0.10872186495176848,0.08139067524115755,0.07696945337620578,0.04581993569131832,0.2833601286173633
jane,0.05650857719475278,0.18920282542885974,0.06054490413723512,0.10040363269424825,0.18113017154389505,0.10090817356205853,0.09182643794147327,0.21947527749747733
old,0.08030075187969925,0.16240601503759397,0.07609022556390978,0.12120300751879699,0.14375939849624061,0.10406015037593984,0.07218045112781955,0.24
soldier,0.20069204152249134,0.07612456747404844,0.09688581314878891,0.1176470588235294,0.07612456747404844,0.21453287197231832,0.04152249134948096,0.1764705882352941
fox,0.09191176470588235,0.2058823529411765,0.05147058823529412,0.13602941176470587,0.1286764705882353,0.08455882352941176,0.08455882352941176,0.21691176470588236
mother,0.03998806326469711,0.20352133691435392,0.04744852282900627,0.062071023575052224,0.1951656222023277,0.17576842733512385,0.03581020590868398,0.240226797970755
's,0.08775817045184774,0.17266756350399617,0.0778665822584474,0.1259001345255994,0.10967792988842287,0.09187307114030227,0.06259397008783729,0.2716625781435467
misfortune,0.06185567010309278,0.10309278350515463,0.10309278350515463,0.18556701030927833,0.1134020618556701,0.20618556701030927,0.05154639175257732,0.17525773195876287
steadfast,0.05319148936170213,0.11702127659574468,0.0851063829787234,0.1276595744680851,0.09574468085106383,0.09574468085106383,0.09574468085106383,0.3297872340425532
samuel,0.08388704318936877,0.17026578073089702,0.08637873754152824,0.12458471760797343,0.08554817275747509,0.08388704318936877,0.04318936877076412,0.32225913621262464
hound,0.06666666666666668,0.18000000000000002,0.046666666666666676,0.10666666666666667,0.16666666666666669,0.10666666666666667,0.09333333333333335,0.23333333333333336
pool,0.09027777777777778,0.1527777777777778,0.06944444444444445,0.1388888888888889,0.14583333333333334,0.125,0.0763888888888889,0.2013888888888889
price,0.056249999999999994,0.19999999999999998,0.056249999999999994,0.10625,0.125,0.0875,0.09999999999999999,0.26875
milly,0.08552631578947369,0.18092105263157893,0.06414473684210525,0.08388157894736842,0.1743421052631579,0.10526315789473684,0.08223684210526315,0.2236842105263158
bassett,0.10000000000000002,0.21333333333333335,0.07333333333333335,0.10000000000000002,0.10666666666666667,0.12000000000000002,0.07333333333333335,0.21333333333333335
amber,0.05405405405405406,0.1801801801801802,0.08108108108108109,0.07207207207207207,0.1711711711711712,0.13513513513513514,0.08108108108108109,0.22522522522522523
heart,0.09735023041474655,0.14631336405529954,0.07776497695852534,0.13421658986175117,0.14631336405529954,0.1261520737327189,0.08352534562211981,0.18836405529953917
wise,0.0736842105263158,0.15789473684210525,0.06315789473684211,0.13684210526315788,0.14035087719298245,0.08421052631578947,0.05614035087719298,0.287719298245614
woman,0.07195888063963449,0.17018846373500857,0.07081667618503712,0.10451170759565961,0.17018846373500857,0.10336950314106223,0.08280982295830953,0.22615648201027982
walna,0.03225806451612903,0.16129032258064516,0.04838709677419354,0.11290322580645161,0.14516129032258063,0.11290322580645161,0.06451612903225806,0.3225806451612903
spider,0.10055865921787711,0.05586592178770951,0.22346368715083803,0.2905027932960894,0.06703910614525141,0.10055865921787711,0.027932960893854754,0.13407821229050282
night-hawk,0.1,0.13333333333333333,0.06666666666666667,0.16666666666666669,0.06666666666666667,0.16666666666666669,0.03333333333333333,0.26666666666666666
author,0.0684931506849315,0.1506849315068493,0.0684931506849315,0.0867579908675799,0.0958904109589041,0.0821917808219178,0.054794520547945195,0.3926940639269406
date,0.05217391304347826,0.18550724637681157,0.08405797101449275,0.08985507246376812,0.11304347826086955,0.08115942028985507,0.04637681159420289,0.34782608695652173
language,0.1076388888888889,0.15625,0.11458333333333333,0.11805555555555555,0.10416666666666667,0.10416666666666667,0.0625,0.2326388888888889
english,0.10470003821169277,0.15437523882307985,0.08674054260603745,0.15246465418418037,0.07642338555598013,0.08788689338937716,0.044707680550248374,0.2927015666794039
character,0.07934893184130212,0.17192268565615462,0.07121057985757884,0.12105798575788401,0.12207527975584943,0.07833163784333672,0.06714140386571718,0.28891149542217703
set,0.11828859060402683,0.18456375838926173,0.05536912751677851,0.0964765100671141,0.1401006711409396,0.10067114093959731,0.05201342281879195,0.2525167785234899
start,0.04313725490196079,0.43921568627450985,0.03921568627450981,0.07450980392156863,0.09019607843137255,0.05490196078431373,0.07058823529411765,0.18823529411764706
prepared,0.08395061728395062,0.24444444444444444,0.06913580246913581,0.11851851851851851,0.059259259259259255,0.07654320987654321,0.05185185185185186,0.29629629629629634
distributed,0.04580152671755726,0.25954198473282447,0.06488549618320612,0.11450381679389315,0.09923664122137406,0.06106870229007634,0.02290076335877863,0.3320610687022901
https,0.012987012987012986,0.19480519480519481,0.025974025974025972,0.025974025974025972,0.22077922077922077,0.03896103896103896,0.0,0.48051948051948046
new,0.08845437616387337,0.18137802607076353,0.074487895716946,0.13054003724394786,0.08826815642458101,0.08212290502793297,0.05549348230912478,0.29925512104283053
company,0.08030112923462986,0.17440401505646172,0.05144291091593475,0.1028858218318695,0.1468005018820577,0.08782936010037641,0.09410288582183188,0.26223337515683814
'santa,0.08620689655172414,0.2068965517241379,0.051724137931034475,0.10344827586206895,0.22413793103448273,0.10344827586206895,0.08620689655172414,0.13793103448275862
nobody,0.10087719298245612,0.19298245614035087,0.08333333333333333,0.11842105263157894,0.12719298245614033,0.09210526315789473,0.05701754385964912,0.22807017543859648
knew,0.08636584182435712,0.16060164968461915,0.06792819019893256,0.12566715186802524,0.141193595342067,0.11402231926249395,0.08199902959728289,0.22222222222222224
teddy,0.07692307692307693,0.16483516483516486,0.06043956043956045,0.1098901098901099,0.16483516483516486,0.09340659340659341,0.09890109890109891,0.23076923076923078
pegram,0.08,0.14,0.08,0.13,0.22999999999999998,0.09,0.06,0.19
came,0.08958485069191552,0.16751638747268757,0.06409322651128915,0.11689730517115805,0.14275309541150766,0.11070648215586308,0.09832483612527314,0.21012381646030592
man,0.09211921309930499,0.16397691129697256,0.07374249028154083,0.12663446813523382,0.13735422311226292,0.0978913888561668,0.08293085169042291,0.22535045352809518
ordained,0.03225806451612903,0.15053763440860216,0.02150537634408602,0.0967741935483871,0.16129032258064516,0.0967741935483871,0.07526881720430108,0.3655913978494623
little,0.08127133105802048,0.17128839590443687,0.07252559726962457,0.12030716723549487,0.14505119453924914,0.10110921501706484,0.07977815699658702,0.22866894197952217
silver,0.06956521739130435,0.18695652173913044,0.0782608695652174,0.10869565217391305,0.1391304347826087,0.13043478260869568,0.06956521739130435,0.2173913043478261
round,0.09769094138543516,0.17939609236234458,0.07104795737122557,0.13854351687388985,0.14742451154529307,0.0941385435168739,0.07815275310834814,0.1936056838365897
could,0.09890109890109891,0.16205128205128205,0.06886446886446887,0.1312820512820513,0.1356776556776557,0.10212454212454214,0.07472527472527472,0.22637362637362637
n't,0.09060144593139517,0.1748961698200277,0.0682971850484541,0.11690509152438087,0.15582218120289187,0.10506075988309492,0.08537148131056761,0.20304568527918782
would,0.09143821172501054,0.17199493884436945,0.06630113876001686,0.13715731758751581,0.12467313369886125,0.11117671868409955,0.07271193589202868,0.22454660480809785
tell,0.0836065573770492,0.17049180327868854,0.06721311475409836,0.11311475409836066,0.15327868852459017,0.1,0.0836065573770492,0.22868852459016395
neighbours,0.096,0.096,0.04000000000000001,0.16800000000000004,0.12000000000000002,0.136,0.04000000000000001,0.30400000000000005
brought,0.08979591836734695,0.1663265306122449,0.06326530612244899,0.13163265306122449,0.14183673469387756,0.09489795918367348,0.0826530612244898,0.22959183673469388
along,0.07958477508650519,0.18944636678200694,0.06574394463667821,0.12283737024221456,0.15224913494809691,0.10034602076124569,0.08044982698961939,0.20934256055363323
bit,0.07411630558722919,0.1733181299885975,0.06100342075256557,0.09806157354618016,0.1812998859749145,0.07696693272519954,0.12542759407069554,0.209806157354618
mrs.,0.06732348111658455,0.18062397372742198,0.07389162561576354,0.09564860426929392,0.15763546798029554,0.08949096880131362,0.0722495894909688,0.26313628899835795
ford,0.08270676691729323,0.16541353383458646,0.08270676691729323,0.15789473684210525,0.18796992481203006,0.03759398496240601,0.07518796992481203,0.21052631578947367
policeman,0.03873239436619719,0.09154929577464788,0.00352112676056338,0.2640845070422535,0.1056338028169014,0.05985915492957746,0.05633802816901408,0.38028169014084506
wife,0.09324566646742379,0.1661685594739988,0.07591153616258219,0.12851165570830844,0.11775254034668262,0.09324566646742379,0.06276150627615062,0.26240286909742977
'd,0.08958103638368248,0.17971334068357223,0.06560088202866593,0.11659316427783904,0.1543550165380375,0.10198456449834621,0.09536934950385888,0.1968026460859978
place,0.07541385652973635,0.16676885346413242,0.05640711220110361,0.13120784794604537,0.14224402207234826,0.09135499693439608,0.07418761496014714,0.26241569589209074
found,0.06460463956098778,0.12247443252681467,0.04065851833374906,0.09329009728111749,0.2466949363931155,0.07857321027687703,0.056622599151908204,0.29708156647543027
suited,0.03571428571428572,0.1785714285714286,0.01785714285714286,0.10714285714285715,0.19642857142857148,0.12500000000000003,0.053571428571428575,0.28571428571428575
took,0.08969132207338382,0.16423995340710543,0.06581246359930111,0.12463599301106582,0.1432731508444962,0.1059988351776354,0.07862550960978451,0.22772277227722773
cottage,0.0925925925925926,0.16049382716049382,0.07407407407407407,0.04938271604938271,0.1851851851851852,0.05555555555555555,0.10493827160493827,0.2777777777777778
village,0.09923664122137404,0.1412213740458015,0.10305343511450382,0.13358778625954199,0.1564885496183206,0.10305343511450382,0.07633587786259542,0.18702290076335878
worked,0.09763313609467457,0.18639053254437873,0.053254437869822494,0.13313609467455623,0.13609467455621302,0.08579881656804736,0.07692307692307693,0.23076923076923078
upon,0.09525790349417637,0.16430948419301164,0.0692595673876872,0.132279534109817,0.132279534109817,0.10503327787021632,0.07986688851913477,0.2217138103161398
soon,0.08953817153628653,0.176248821866164,0.06220546654099906,0.13100848256361924,0.1479736098020735,0.09048067860508953,0.06786050895381715,0.234684260131951
turn,0.0799347471451876,0.1794453507340946,0.057096247960848286,0.11908646003262642,0.15008156606851547,0.09951060358890701,0.08319738988580751,0.23164763458401305
many,0.0866838804869052,0.17558096643305052,0.0616008852821837,0.1198819623755072,0.1386942087790483,0.11029140538546661,0.07192917742530432,0.2353375138325341
jobs,0.09782608695652174,0.09782608695652174,0.08695652173913043,0.10869565217391305,0.17391304347826086,0.08695652173913043,0.13043478260869565,0.2173913043478261
show,0.04568527918781726,0.1404399323181049,0.032148900169204735,0.10829103214890015,0.14213197969543148,0.0676818950930626,0.05752961082910321,0.40609137055837563
good,0.03946102021174206,0.2115014436958614,0.032844080846968236,0.05185274302213667,0.20753128007699712,0.049326275264677574,0.16638594802694898,0.24109720885466795
children,0.07971014492753624,0.163768115942029,0.06811594202898552,0.1347826086956522,0.1492753623188406,0.10144927536231885,0.06811594202898552,0.2347826086956522
lived,0.09133489461358313,0.17330210772833723,0.0585480093676815,0.14051522248243561,0.14051522248243561,0.11241217798594848,0.05620608899297424,0.22716627634660425
alone,0.0720108695652174,0.17391304347826086,0.08016304347826088,0.13722826086956522,0.1345108695652174,0.09375000000000001,0.0815217391304348,0.22690217391304351
looked,0.09417040358744395,0.1412556053811659,0.0874439461883408,0.13452914798206278,0.14573991031390135,0.11659192825112107,0.10089686098654709,0.17937219730941703
like,0.09741400954054732,0.15239769018327892,0.08260105448154657,0.13959327140346472,0.14160180768265124,0.11649510419281947,0.0831031885513432,0.18679387396434846
least,0.08484848484848484,0.17818181818181816,0.05333333333333334,0.1212121212121212,0.1321212121212121,0.08242424242424241,0.08484848484848484,0.263030303030303
clever,0.0870870870870871,0.15915915915915918,0.06006006006006006,0.11711711711711711,0.14414414414414414,0.08408408408408409,0.0930930930930931,0.2552552552552553
ones,0.10377358490566038,0.14150943396226415,0.08490566037735849,0.10377358490566038,0.1509433962264151,0.16037735849056603,0.07547169811320754,0.1792452830188679
fact,0.07124551512045105,0.1435161455663762,0.05638134290107637,0.11276268580215273,0.1071245515120451,0.08918503331624808,0.057919015889287544,0.3618657098923629
nothing,0.09735099337748344,0.15496688741721854,0.07549668874172186,0.13245033112582782,0.13112582781456955,0.10397350993377483,0.08410596026490066,0.2205298013245033
knowledge,0.0817490494296578,0.16920152091254753,0.05893536121673004,0.11977186311787072,0.12357414448669202,0.06844106463878327,0.06463878326996197,0.3136882129277566
got,0.09332664325137983,0.16006021073758153,0.07325639739086803,0.1234320120421475,0.1510286001003512,0.09734069242348219,0.09282488710486704,0.2087305569493226
also,0.08877388535031848,0.1568471337579618,0.0768312101910828,0.12738853503184716,0.11703821656050956,0.08638535031847135,0.06210191082802548,0.2846337579617835
talk,0.08941176470588236,0.16470588235294117,0.04705882352941177,0.13176470588235295,0.1623529411764706,0.11529411764705882,0.08,0.20941176470588235
shop-of-all-sorts,0.14285714285714285,0.16666666666666666,0.14285714285714285,0.11904761904761904,0.14285714285714285,0.09523809523809523,0.047619047619047616,0.14285714285714285
business,0.10019841269841269,0.1736111111111111,0.06746031746031746,0.12400793650793651,0.12003968253968254,0.0992063492063492,0.0734126984126984,0.24206349206349206
concerning,0.09999999999999999,0.17387387387387385,0.09459459459459459,0.13873873873873874,0.06396396396396396,0.07927927927927927,0.040540540540540536,0.309009009009009
worth,0.10149750415973378,0.17304492512479203,0.06821963394342763,0.1031613976705491,0.1630615640599002,0.07487520798668885,0.09317803660565725,0.22296173044925127
subject,0.07723577235772357,0.14769647696476965,0.08401084010840108,0.12737127371273713,0.1111111111111111,0.0907859078590786,0.07452574525745256,0.2872628726287263
pleasure,0.06338028169014084,0.19014084507042256,0.06690140845070423,0.09507042253521128,0.17605633802816903,0.11267605633802817,0.08450704225352113,0.21126760563380284
however,0.08433734939759037,0.1641566265060241,0.05647590361445784,0.125,0.1378012048192771,0.088855421686747,0.08509036144578314,0.25828313253012053
sporting,0.05769230769230768,0.11538461538461536,0.05769230769230768,0.1346153846153846,0.17307692307692304,0.07692307692307691,0.05769230769230768,0.32692307692307687
dwelt,0.04878048780487805,0.17073170731707318,0.0,0.0975609756097561,0.24390243902439027,0.07317073170731707,0.0975609756097561,0.2682926829268293
among,0.0670611439842209,0.17948717948717946,0.07100591715976332,0.12031558185404338,0.14792899408284024,0.09861932938856015,0.08579881656804733,0.22978303747534515
us,0.07531509375960652,0.17061174300645557,0.059329849369812476,0.12573009529664925,0.14478942514601906,0.09621887488472179,0.07470027666769136,0.25330464186904394
measure,0.06728538283062646,0.1392111368909513,0.05336426914153132,0.14617169373549885,0.10440835266821347,0.07888631090487239,0.04872389791183295,0.3619489559164733
doubt,0.05371352785145888,0.10610079575596816,0.03713527851458886,0.21087533156498672,0.09018567639257294,0.1936339522546419,0.03978779840848806,0.2685676392572944
matter,0.09350649350649352,0.16536796536796539,0.07445887445887447,0.12380952380952383,0.10822510822510824,0.12121212121212123,0.06406926406926407,0.24935064935064938
praise,0.03816793893129771,0.12213740458015267,0.03816793893129771,0.07633587786259542,0.26717557251908397,0.08396946564885496,0.06870229007633588,0.3053435114503817
fifty,0.08650519031141868,0.14186851211072662,0.06228373702422145,0.12802768166089962,0.14186851211072662,0.1107266435986159,0.06920415224913494,0.25951557093425603
might,0.09282108805384184,0.16825574873808188,0.0628154795288839,0.1421761076836792,0.1326416152551879,0.09927089175546831,0.07879977565900168,0.2232192933258553
active,0.06666666666666667,0.2,0.13333333333333333,0.1,0.2,0.1,0.06666666666666667,0.13333333333333333
chap,0.0748792270531401,0.17149758454106281,0.07004830917874397,0.13526570048309178,0.1570048309178744,0.09178743961352658,0.09903381642512077,0.2004830917874396
five,0.122,0.172,0.06799999999999999,0.134,0.118,0.072,0.072,0.242
feet,0.10824742268041239,0.163659793814433,0.05670103092783506,0.13917525773195877,0.13273195876288663,0.12371134020618557,0.08762886597938145,0.18814432989690721
three,0.08112874779541446,0.19576719576719578,0.047619047619047616,0.10317460317460317,0.15520282186948856,0.08994708994708996,0.09700176366843033,0.23015873015873015
high,0.087406015037594,0.17011278195488722,0.05169172932330827,0.11654135338345867,0.1484962406015038,0.08834586466165414,0.07800751879699248,0.2593984962406015
always,0.07630057803468207,0.19132947976878611,0.05606936416184971,0.10982658959537572,0.16416184971098266,0.09017341040462427,0.09364161849710982,0.2184971098265896
hair,0.049689440993788817,0.17080745341614906,0.06832298136645963,0.09006211180124224,0.15217391304347827,0.18633540372670807,0.07453416149068322,0.2080745341614907
blue,0.06528189910979229,0.142433234421365,0.045994065281899116,0.10089020771513353,0.15578635014836795,0.25370919881305637,0.07566765578635015,0.16023738872403562
eyes,0.08455068614431165,0.15139442231075698,0.06285967242142541,0.11863656485170429,0.1575918548030102,0.13324479858344399,0.10137228862328464,0.19034971226206288
bright,0.042622950819672135,0.2098360655737705,0.0459016393442623,0.09508196721311477,0.2032786885245902,0.10491803278688525,0.0918032786885246,0.20655737704918034
black,0.09020902090209021,0.11551155115511551,0.0814081408140814,0.121012101210121,0.09790979097909791,0.30363036303630364,0.0748074807480748,0.11551155115511551
hard,0.12933753943217666,0.14668769716088328,0.08832807570977919,0.13249211356466878,0.1309148264984227,0.11987381703470032,0.07728706624605679,0.17507886435331232
mouth,0.08102766798418973,0.12648221343873517,0.07114624505928854,0.0909090909090909,0.12648221343873517,0.09881422924901186,0.26679841897233203,0.1383399209486166
though,0.08249346771183279,0.17021276595744683,0.06009705113848452,0.12094064949608065,0.15229563269876822,0.09891750653228817,0.0836132885405002,0.23142963792459875
cruel,0.18120805369127516,0.07550335570469797,0.15100671140939595,0.19127516778523487,0.06879194630872482,0.17785234899328858,0.05872483221476509,0.09563758389261744
sort,0.08449477351916376,0.16376306620209058,0.06184668989547038,0.12282229965156792,0.14024390243902438,0.10278745644599302,0.08362369337979092,0.24041811846689892
nought,0.11415525114155249,0.136986301369863,0.07305936073059359,0.1324200913242009,0.1506849315068493,0.091324200913242,0.0958904109589041,0.2054794520547945
ever,0.0883742911153119,0.16257088846880907,0.06568998109640832,0.12996219281663515,0.14555765595463138,0.10349716446124763,0.08175803402646502,0.2225897920604915
save,0.07873090481786134,0.11868390129259694,0.05170387779083432,0.11045828437132785,0.22561692126909516,0.08343125734430082,0.05992949471210341,0.27144535840188017
red,0.07638888888888888,0.1574074074074074,0.06712962962962964,0.13194444444444445,0.16666666666666666,0.13425925925925927,0.08333333333333333,0.18287037037037038
go,0.09285714285714286,0.16538461538461538,0.06923076923076923,0.14395604395604394,0.12582417582417582,0.11868131868131868,0.08296703296703296,0.20109890109890108
church,0.03268641470888661,0.23186925434116443,0.02451481103166496,0.061287027579162406,0.2277834525025536,0.04800817160367722,0.0449438202247191,0.3289070480081716
yet,0.08828961950498707,0.1680827484299963,0.05947543405984484,0.12744735869966753,0.14444033985962318,0.10712966383450312,0.08533431843369042,0.21980051717768745
friendship,0.05336426914153132,0.13225058004640372,0.034802784222737825,0.08352668213457078,0.22041763341067286,0.037122969837587005,0.06264501160092807,0.37587006960556846
hand,0.09782608695652174,0.1600790513833992,0.06225296442687747,0.14081027667984192,0.1314229249011858,0.10375494071146245,0.07954545454545454,0.22430830039525693
anybody,0.09734513274336284,0.22123893805309733,0.04424778761061947,0.10619469026548672,0.1504424778761062,0.07964601769911504,0.10619469026548672,0.1946902654867257
power,0.09353348729792149,0.15531177829099307,0.07390300230946882,0.15819861431870672,0.1120092378752887,0.08083140877598154,0.049653579676674366,0.27655889145496537
fierce,0.16616314199395768,0.10876132930513595,0.15709969788519637,0.1903323262839879,0.0906344410876133,0.07250755287009063,0.06646525679758308,0.14803625377643503
night,0.09945872801082543,0.15561569688768606,0.06359945872801083,0.15155615696887687,0.11772665764546683,0.15020297699594046,0.09472259810554803,0.16711772665764546
sometimes,0.10899182561307902,0.1416893732970027,0.06811989100817438,0.11989100817438693,0.1444141689373297,0.10081743869209808,0.10081743869209808,0.21525885558583108
true,0.05263157894736842,0.11381578947368419,0.03552631578947368,0.08289473684210526,0.2559210526315789,0.05526315789473684,0.0513157894736842,0.35263157894736835
think,0.09153605015673982,0.1492163009404389,0.07460815047021944,0.13918495297805644,0.14231974921630094,0.12539184952978058,0.07523510971786836,0.20250783699059563
well,0.08214676889375686,0.17305585980284777,0.06106243154435926,0.12048192771084337,0.15334063526834613,0.09063526834611173,0.08543263964950712,0.23384446878422782
mr.,0.08047105004906772,0.17697088649002293,0.07033038927052666,0.11056591429506053,0.1478573765129212,0.0866862937520445,0.07948969578017666,0.24762839385017996
friends,0.0868,0.1764,0.064,0.12919999999999998,0.1176,0.0868,0.0696,0.2696
made,0.09396984924623115,0.17110552763819095,0.0685929648241206,0.13819095477386936,0.12336683417085427,0.09773869346733668,0.06809045226130653,0.23894472361809047
much,0.08513302034428795,0.1671361502347418,0.06384976525821597,0.12363067292644757,0.14053208137715179,0.10015649452269171,0.08575899843505477,0.23380281690140844
women,0.09644670050761421,0.13502538071065992,0.08223350253807107,0.1482233502538071,0.14923857868020304,0.0984771573604061,0.06903553299492386,0.22131979695431472
declared,0.08771929824561403,0.15789473684210525,0.06627680311890838,0.15399610136452244,0.12085769980506823,0.07992202729044834,0.05263157894736842,0.2807017543859649
nature,0.09169054441260746,0.16446991404011463,0.07220630372492837,0.14154727793696276,0.11002865329512894,0.0825214899713467,0.05959885386819484,0.27793696275071633
ai,0.08433734939759037,0.1807228915662651,0.07228915662650602,0.10843373493975905,0.19879518072289157,0.0783132530120482,0.08433734939759037,0.1927710843373494
common,0.0861948142957253,0.16888577435178698,0.07077785564120533,0.12754029432375613,0.1079187105816398,0.08479327259985986,0.05676243868255081,0.29712683952347585
liked,0.07038123167155425,0.1759530791788856,0.05865102639296187,0.09677419354838708,0.17008797653958943,0.11436950146627564,0.08504398826979472,0.22873900293255128
childer,0.030769230769230767,0.23076923076923078,0.04615384615384615,0.07692307692307693,0.1846153846153846,0.0923076923076923,0.1076923076923077,0.23076923076923078
often,0.095,0.20125,0.057499999999999996,0.1125,0.12625,0.09625,0.06375,0.2475
pocket,0.14130434782608697,0.17391304347826086,0.043478260869565216,0.08695652173913043,0.1847826086956522,0.06521739130434782,0.11956521739130437,0.1847826086956522
one,0.09420128860253277,0.16296378582537213,0.06998444790046655,0.13008220395467673,0.1306376360808709,0.09886691846256386,0.06998444790046655,0.24327927127305043
great,0.0886,0.17120000000000002,0.0642,0.1332,0.13,0.09200000000000001,0.07220000000000001,0.24860000000000002
friend,0.07202680067001675,0.12520938023450587,0.04857621440536014,0.08877721943048578,0.22068676716917926,0.0728643216080402,0.05569514237855947,0.3161641541038526
husband,0.08077994428969361,0.16016713091922008,0.08356545961002787,0.11838440111420614,0.14902506963788303,0.1295264623955432,0.07381615598885795,0.20473537604456823
time,0.06859205776173286,0.3190266078352721,0.04826848509158979,0.10576280251370504,0.10990774167669475,0.08062575210589651,0.06471453402861345,0.20310201898649552
agreed,0.05990783410138248,0.10829493087557603,0.057603686635944694,0.08755760368663594,0.1129032258064516,0.057603686635944694,0.04377880184331797,0.4723502304147465
joseph,0.0728476821192053,0.2052980132450331,0.08940397350993377,0.11754966887417219,0.09105960264900662,0.07781456953642384,0.05629139072847682,0.2897350993377483
first,0.07991660875608063,0.18577716006485986,0.06624971044706973,0.11628445679870282,0.1341209173036831,0.08640259439425527,0.07667361593699329,0.25457493629835537
happened,0.09531013615733736,0.16338880484114973,0.07110438729198183,0.11497730711043871,0.14069591527987896,0.11951588502269288,0.0998487140695915,0.19515885022692886
became,0.1050656660412758,0.14446529080675422,0.04878048780487805,0.15384615384615385,0.11069418386491557,0.10318949343339587,0.06941838649155722,0.2645403377110694
calling,0.04827586206896552,0.2206896551724138,0.04827586206896552,0.1103448275862069,0.11724137931034483,0.0896551724137931,0.08275862068965517,0.2827586206896552
put,0.09429429429429428,0.16456456456456456,0.07267267267267268,0.13153153153153152,0.13093093093093092,0.08828828828828829,0.07987987987987988,0.23783783783783785
law,0.09262000422922394,0.16049904842461407,0.07697187566081623,0.13702685557200253,0.06787904419539013,0.07062803975470501,0.042715161767815604,0.3516599703954324
order,0.08755364806866954,0.16137339055793995,0.06523605150214593,0.14678111587982834,0.11416309012875539,0.07296137339055796,0.07038626609442061,0.28154506437768245
felt,0.09741144414168937,0.1662125340599455,0.06743869209809264,0.12602179836512262,0.14713896457765668,0.10762942779291554,0.07970027247956403,0.20844686648501362
want,0.08832807570977919,0.17823343848580442,0.06782334384858044,0.11198738170347004,0.15141955835962145,0.0914826498422713,0.08359621451104102,0.22712933753943218
anything,0.10216346153846152,0.16346153846153844,0.06370192307692307,0.1346153846153846,0.12019230769230767,0.10456730769230767,0.0829326923076923,0.22836538461538458
contrary,0.08883248730964467,0.1548223350253807,0.0532994923857868,0.13705583756345177,0.1116751269035533,0.09390862944162436,0.07106598984771574,0.2893401015228426
advance,0.05974842767295598,0.22327044025157236,0.01886792452830189,0.16352201257861637,0.17610062893081763,0.0628930817610063,0.15723270440251574,0.13836477987421386
proper,0.10360360360360361,0.16516516516516516,0.05705705705705706,0.14114114114114115,0.12162162162162163,0.10510510510510511,0.06456456456456457,0.24174174174174173
means,0.09367396593673964,0.1532846715328467,0.04987834549878345,0.12165450121654499,0.11313868613138686,0.1046228710462287,0.06690997566909974,0.2968369829683698
said,0.08030093658836174,0.17150314755105173,0.06556118532166436,0.10947336097036696,0.15799170888991246,0.10118225088284968,0.08920620297865806,0.22478120681713493
praised,0.06315789473684211,0.12631578947368421,0.0736842105263158,0.11578947368421054,0.2421052631578947,0.0736842105263158,0.052631578947368425,0.25263157894736843
opinions,0.09782608695652174,0.1644021739130435,0.06793478260869565,0.14266304347826086,0.11141304347826088,0.06929347826086957,0.06793478260869565,0.2785326086956522
truth,0.07744565217391304,0.1345108695652174,0.044836956521739135,0.09782608695652174,0.11684782608695653,0.08016304347826088,0.058423913043478264,0.3899456521739131
appeared,0.08266129032258064,0.16129032258064516,0.05241935483870967,0.13709677419354838,0.12701612903225806,0.11693548387096774,0.09677419354838708,0.22580645161290322
held,0.10313901345291479,0.16591928251121074,0.07324364723467862,0.12855007473841554,0.11958146487294469,0.10313901345291479,0.06875934230194318,0.23766816143497757
respect,0.054,0.208,0.03,0.074,0.218,0.054,0.04599999999999999,0.316
reckoned,0.06629834254143645,0.20994475138121543,0.08287292817679558,0.11049723756906076,0.16574585635359115,0.09944751381215468,0.06629834254143645,0.19889502762430936
within,0.12596153846153846,0.17211538461538461,0.04230769230769231,0.1076923076923077,0.1278846153846154,0.09999999999999999,0.08365384615384615,0.2403846153846154
say,0.08619173262972736,0.17106420404573439,0.06420404573438875,0.12049252418645558,0.14819700967458224,0.10554089709762533,0.08443271767810026,0.21987686895338612
doubtful,0.07299270072992702,0.18248175182481752,0.07299270072992702,0.16058394160583944,0.10218978102189781,0.13138686131386862,0.06569343065693431,0.21167883211678834
things,0.08221797323135756,0.1797323135755258,0.06500956022944551,0.11026131293817718,0.1453154875717017,0.10261312938177182,0.08349267049075844,0.23135755258126195
ear,0.1272727272727273,0.12272727272727274,0.0590909090909091,0.16363636363636364,0.10000000000000002,0.10000000000000002,0.08636363636363636,0.24090909090909093
fairly,0.06995884773662552,0.12757201646090535,0.06995884773662552,0.1440329218106996,0.10699588477366255,0.09876543209876543,0.037037037037037035,0.34567901234567905
minnie,0.053475935828877004,0.18716577540106952,0.053475935828877004,0.11229946524064172,0.18716577540106952,0.0855614973262032,0.1283422459893048,0.1925133689839572
son,0.06133333333333333,0.15466666666666667,0.06533333333333334,0.11333333333333334,0.16666666666666669,0.10800000000000001,0.06266666666666668,0.268
quarter,0.1322314049586777,0.1446280991735537,0.09090909090909091,0.1322314049586777,0.11570247933884298,0.10743801652892562,0.07024793388429752,0.20661157024793386
child,0.04658721560130011,0.28710725893824485,0.03791982665222102,0.07908992416034669,0.2903575297941495,0.08017334777898158,0.054171180931744306,0.12459371614301193
six,0.09068627450980392,0.17647058823529413,0.0784313725490196,0.12500000000000003,0.12745098039215688,0.09068627450980392,0.06862745098039216,0.24264705882352944
years,0.09087423312883436,0.1790644171779141,0.06748466257668713,0.12154907975460123,0.12615030674846628,0.08857361963190184,0.06326687116564417,0.26303680981595096
amazing,0.07352941176470588,0.15196078431372548,0.05392156862745098,0.10784313725490197,0.20098039215686272,0.07352941176470588,0.08333333333333333,0.2549019607843137
beauty,0.05434782608695652,0.19565217391304346,0.021739130434782608,0.05072463768115942,0.35144927536231885,0.07608695652173914,0.07246376811594203,0.17753623188405798
young,0.04936120789779327,0.23577235772357727,0.036295005807200936,0.06562137049941928,0.2299651567944251,0.05400696864111499,0.18495934959349594,0.1440185830429733
joey,0.06766917293233084,0.1954887218045113,0.09022556390977443,0.13533834586466167,0.2180451127819549,0.08270676691729324,0.09022556390977443,0.12030075187969926
beside,0.10963455149501661,0.15614617940199338,0.07973421926910298,0.11295681063122924,0.16611295681063123,0.08970099667774087,0.09966777408637875,0.186046511627907
look,0.08500400962309544,0.1732157177225341,0.06655974338412189,0.12910986367281477,0.14033680834001605,0.1066559743384122,0.08420208500400962,0.21491579791499602
beautiful,0.0588235294117647,0.12283737024221453,0.06747404844290657,0.09342560553633217,0.3321799307958477,0.09342560553633217,0.06920415224913494,0.16262975778546712
world,0.08443271767810025,0.17414248021108178,0.062005277044854874,0.15127528583992964,0.13808267370272645,0.07959542656112577,0.06816182937554968,0.24230430958663146
feel,0.08196721311475409,0.16530054644808742,0.08333333333333333,0.11885245901639342,0.15163934426229508,0.10109289617486336,0.0942622950819672,0.20355191256830601
ought,0.08507223113964686,0.15730337078651685,0.05778491171749598,0.14446227929373995,0.1348314606741573,0.08828250401284107,0.08667736757624397,0.24558587479935792
grow,0.05673758865248226,0.2127659574468085,0.05673758865248226,0.05673758865248226,0.21985815602836878,0.05673758865248226,0.07801418439716312,0.26241134751773043
pair,0.09865470852017938,0.15246636771300448,0.08071748878923767,0.11659192825112107,0.16591928251121074,0.09865470852017938,0.07174887892376682,0.21524663677130043
heaven,0.07042253521126761,0.13732394366197184,0.09154929577464789,0.12323943661971831,0.15492957746478875,0.11267605633802817,0.06690140845070423,0.24295774647887328
famous,0.1253012048192771,0.1566265060240964,0.08192771084337348,0.15180722891566265,0.08192771084337348,0.12048192771084336,0.08915662650602409,0.19277108433734938
seeing,0.10863509749303621,0.16713091922005574,0.06685236768802229,0.14484679665738162,0.11420612813370475,0.11142061281337048,0.07242339832869081,0.21448467966573817
dark,0.07858243451463791,0.11864406779661016,0.04930662557781201,0.10323574730354391,0.11556240369799692,0.3112480739599383,0.08320493066255778,0.14021571648690292
side,0.10142497904442582,0.15842414082145853,0.06873428331936296,0.1366303436714166,0.1332774518021794,0.10226320201173512,0.08968985750209557,0.2095557418273261
human,0.10323574730354391,0.14714946070878274,0.09861325115562403,0.1517719568567026,0.09322033898305085,0.09167950693374421,0.05469953775038521,0.2596302003081664
hopes,0.0890151515151515,0.16856060606060605,0.07575757575757576,0.14393939393939392,0.0909090909090909,0.0890151515151515,0.05871212121212121,0.28409090909090906
warned,0.06666666666666668,0.22962962962962968,0.05185185185185186,0.2740740740740741,0.044444444444444446,0.06666666666666668,0.162962962962963,0.10370370370370371
n,0.04381443298969072,0.3479381443298969,0.028350515463917526,0.04123711340206185,0.09536082474226802,0.03865979381443299,0.05154639175257732,0.3530927835051546
putting,0.1226993865030675,0.1411042944785276,0.09815950920245399,0.11042944785276074,0.14723926380368096,0.10429447852760736,0.07361963190184048,0.20245398773006135
whole,0.09776119402985073,0.16119402985074624,0.07835820895522386,0.13507462686567162,0.12014925373134326,0.09850746268656714,0.07388059701492536,0.2350746268656716
trust,0.08033240997229917,0.12465373961218836,0.05263157894736842,0.09418282548476453,0.12188365650969529,0.08310249307479224,0.08033240997229917,0.3628808864265928
boy,0.07625649913344888,0.11438474870017332,0.2784517619872906,0.09589832466782207,0.122472559214327,0.09127671865973427,0.07105719237435008,0.15020219526285386
eye,0.09624413145539906,0.1455399061032864,0.08098591549295776,0.12441314553990612,0.14201877934272303,0.13732394366197184,0.08920187793427231,0.18427230046948356
death,0.11820809248554913,0.16705202312138728,0.11011560693641619,0.15404624277456647,0.06011560693641618,0.11502890173410404,0.08034682080924856,0.19508670520231214
looking,0.07531380753138076,0.1527196652719665,0.06276150627615062,0.10878661087866108,0.16736401673640167,0.11715481171548117,0.10041841004184099,0.21548117154811713
sky,0.10843373493975905,0.16064257028112452,0.06425702811244981,0.1807228915662651,0.12449799196787151,0.13253012048192772,0.08835341365461849,0.14056224899598393
angel,0.015625,0.203125,0.046875,0.09375,0.17187500000000003,0.125,0.15625000000000003,0.1875
face,0.09784345047923322,0.14097444089456868,0.08027156549520766,0.14976038338658146,0.14297124600638977,0.13498402555910544,0.08386581469648562,0.16932907348242812
parlous,0.022727272727272724,0.22727272727272727,0.022727272727272724,0.11363636363636363,0.20454545454545453,0.06818181818181818,0.11363636363636363,0.22727272727272727
left,0.09431438127090301,0.1745819397993311,0.06488294314381271,0.13578595317725753,0.13110367892976588,0.10100334448160535,0.07424749163879599,0.22408026755852842
granted,0.10480349344978165,0.1615720524017467,0.07423580786026202,0.13973799126637554,0.11790393013100438,0.10043668122270742,0.09170305676855896,0.2096069868995633
tears,0.1040268456375839,0.12751677852348992,0.07718120805369126,0.11744966442953018,0.1442953020134228,0.18120805369127516,0.08389261744966442,0.16442953020134227
home,0.07603801900950476,0.1905952976488244,0.0655327663831916,0.11905952976488243,0.13806903451725863,0.09654827413706853,0.08054027013506754,0.23361680840420207
must,0.10463378176382661,0.15881913303437967,0.07847533632286996,0.13826606875934233,0.10986547085201794,0.11360239162929747,0.07548579970104634,0.22085201793721976
