,anger,anticipation,disgust,fear,joy,sadness,surprise,trust
project,0.11923233973050225,0.1866067782768477,0.04532462229481421,0.03960800326663944,0.10820743160473664,0.07349938750510412,0.02694977541853818,0.4005716619028175
gutenberg,0.0849933598937583,0.25630810092961487,0.04515272244355909,0.02788844621513944,0.10225763612217795,0.08764940239043822,0.03718459495351925,0.3585657370517928
ebook,0.11482558139534885,0.2063953488372093,0.03488372093023256,0.04069767441860465,0.06686046511627906,0.12209302325581396,0.04069767441860465,0.373546511627907
godolphin,0.08596300326441784,0.1779107725788901,0.057127312295973884,0.10772578890097932,0.1795429815016322,0.11697497279651795,0.08541893362350379,0.18933623503808486
world,0.08638600328048116,0.17222525970475672,0.06451612903225808,0.1088026243849098,0.16894477856752324,0.09513395297977037,0.07490431930016403,0.2290869327501367
country,0.0800376647834275,0.16666666666666666,0.07062146892655367,0.10357815442561205,0.1610169491525424,0.09604519774011298,0.08568738229755178,0.23634651600753295
first,0.09893858984078847,0.18119787717968155,0.0686125852918878,0.09287338893100834,0.1607278241091736,0.09704321455648218,0.0803639120545868,0.2202426080363912
without,0.10539928871645651,0.1561590688651794,0.0620756547041707,0.11057225994180409,0.14193339799547364,0.09537665696734561,0.07306821855803428,0.2554154542515357
written,0.11434108527131784,0.1821705426356589,0.05813953488372093,0.10271317829457363,0.14147286821705427,0.09108527131782945,0.08914728682170542,0.22093023255813954
read,0.08253358925143954,0.21689059500959693,0.06525911708253358,0.09021113243761997,0.14587332053742802,0.1074856046065259,0.0710172744721689,0.22072936660268713
legal,0.12650602409638553,0.10240963855421685,0.03614457831325301,0.07228915662650602,0.05421686746987951,0.23493975903614456,0.024096385542168672,0.34939759036144574
small,0.08523409363745496,0.18487394957983191,0.06962785114045617,0.10084033613445377,0.15246098439375746,0.10684273709483792,0.07563025210084032,0.22448979591836732
may,0.10961094332918812,0.16006395452122932,0.0635992183336294,0.09966246224906732,0.13910108367383192,0.09788594777047431,0.06999467045656421,0.26008171966601523
used,0.08768656716417911,0.16044776119402984,0.04477611940298507,0.07276119402985075,0.13246268656716417,0.08582089552238806,0.08395522388059701,0.332089552238806
also,0.08311170212765957,0.1522606382978723,0.0538563829787234,0.09308510638297872,0.1702127659574468,0.0964095744680851,0.07047872340425532,0.28058510638297873
find,0.0930059523809524,0.17410714285714288,0.0543154761904762,0.11532738095238097,0.1517857142857143,0.10193452380952382,0.0855654761904762,0.22395833333333337
make,0.08109339407744875,0.1744874715261959,0.05968109339407745,0.089749430523918,0.16082004555808654,0.1011389521640091,0.07881548974943053,0.2542141230068337
free,0.06353591160220994,0.17127071823204418,0.055248618784530384,0.09944751381215469,0.1574585635359116,0.10497237569060772,0.09668508287292817,0.25138121546961323
plain,0.0992167101827676,0.15665796344647517,0.0443864229765013,0.0835509138381201,0.10443864229765012,0.08093994778067884,0.054830287206266315,0.37597911227154046
ebooks,0.0,0.4444444444444444,0.0,0.027777777777777776,0.08333333333333333,0.0,0.027777777777777776,0.41666666666666663
readable,0.058823529411764705,0.23529411764705882,0.0,0.058823529411764705,0.029411764705882353,0.058823529411764705,0.0,0.5588235294117647
since,0.08131241084165479,0.22967189728958634,0.06276747503566335,0.08273894436519258,0.15691868758915836,0.09700427960057062,0.0855920114122682,0.20399429386590587
author,0.08205128205128205,0.1717948717948718,0.038461538461538464,0.12051282051282051,0.08717948717948718,0.0641025641025641,0.06666666666666667,0.36923076923076925
yes,0.0892018779342723,0.12206572769953052,0.06103286384976526,0.09859154929577466,0.14553990610328638,0.11267605633802816,0.09389671361502347,0.27699530516431925
one,0.08552631578947369,0.16961722488038278,0.06124401913875598,0.10801435406698565,0.16244019138755983,0.10598086124401913,0.07930622009569378,0.2278708133971292
english,0.07851239669421486,0.1921487603305785,0.0640495867768595,0.06611570247933884,0.17355371900826444,0.09090909090909091,0.07851239669421486,0.256198347107438
lord,0.05233380480905234,0.11598302687411596,0.1753889674681754,0.06930693069306931,0.1188118811881188,0.07072135785007072,0.07496463932107496,0.32248939179632247
towards,0.09350935093509351,0.1661166116611661,0.0561056105610561,0.10231023102310231,0.18261826182618263,0.0748074807480748,0.0858085808580858,0.2387238723872387
lucilla,0.08796764408493427,0.17997977755308392,0.0525783619817998,0.1365015166835187,0.16076845298281092,0.14560161779575329,0.08088978766430738,0.1557128412537917
's,0.0836746635459333,0.16851960210649503,0.06173200702165009,0.10708016383850205,0.16296079578700995,0.10810415447630194,0.08308952603861906,0.22483908718548856
servant,0.10077519379844961,0.12015503875968993,0.08914728682170542,0.11627906976744186,0.09302325581395349,0.10077519379844961,0.05426356589147286,0.32558139534883723
see,0.08271865121180189,0.19599578503688092,0.05742887249736565,0.10063224446786091,0.17070600632244465,0.10326659641728135,0.0864067439409905,0.20284510010537407
knew,0.0778443113772455,0.18862275449101792,0.06137724550898202,0.10628742514970058,0.15718562874251493,0.11377245508982034,0.07335329341317365,0.22155688622754488
save,0.08532423208191126,0.12627986348122866,0.051194539249146756,0.08873720136518772,0.24914675767918087,0.07508532423208192,0.07167235494880546,0.2525597269624573
whose,0.08417338709677419,0.16381048387096775,0.06854838709677419,0.10080645161290322,0.18245967741935484,0.09778225806451613,0.0751008064516129,0.22731854838709678
love,0.08024296675191817,0.14418158567774936,0.05370843989769821,0.09175191815856777,0.2982736572890025,0.08663682864450128,0.05498721227621483,0.1902173913043478
lived,0.07335907335907337,0.22393822393822393,0.03861003861003861,0.05791505791505792,0.1891891891891892,0.07722007722007722,0.1003861003861004,0.2393822393822394
said,0.07249779864983856,0.16935720575286173,0.0548869973583798,0.09480481361901964,0.16495450542999704,0.11124156149104783,0.09891400058702671,0.23334311711182856
gone,0.09872029250457039,0.18464351005484458,0.05301645338208409,0.12797074954296161,0.14076782449725778,0.10968921389396709,0.09506398537477148,0.19012797074954296
time,0.0808383233532934,0.30517536355859703,0.05260906757912746,0.0902480752780154,0.13644140290846876,0.09110350727117195,0.0742087254063302,0.16937553464499572
next,0.058741258741258746,0.2013986013986014,0.05174825174825175,0.07552447552447553,0.17762237762237762,0.0979020979020979,0.1034965034965035,0.23356643356643356
day,0.07620164126611959,0.20750293083235638,0.048651817116060966,0.09906213364595545,0.1623681125439625,0.1160609613130129,0.09495896834701055,0.1951934349355217
returned,0.056555269922879174,0.19537275064267348,0.06940874035989716,0.06940874035989716,0.19023136246786632,0.08740359897172235,0.08740359897172235,0.24421593830334187
home,0.06316725978647687,0.21975088967971532,0.05871886120996441,0.08362989323843417,0.15747330960854092,0.12455516014234877,0.07473309608540926,0.21797153024911034
letter,0.06467661691542288,0.3283582089552239,0.04311774461028193,0.06135986733001659,0.1625207296849088,0.0779436152570481,0.07296849087893865,0.18905472636815923
passed,0.08351648351648351,0.210989010989011,0.04835164835164835,0.11648351648351649,0.14505494505494504,0.13406593406593406,0.07912087912087912,0.18241758241758244
lay,0.06993006993006994,0.17832167832167833,0.07692307692307694,0.13636363636363638,0.13636363636363638,0.13636363636363638,0.06643356643356643,0.19930069930069932
around,0.07744874715261958,0.17312072892938493,0.05466970387243735,0.10706150341685648,0.17312072892938493,0.14123006833712984,0.05466970387243735,0.2186788154897494
luxury,0.10303030303030303,0.15151515151515152,0.048484848484848485,0.10303030303030303,0.23636363636363636,0.13333333333333333,0.0787878787878788,0.14545454545454545
lover,0.06557377049180328,0.20286885245901642,0.04098360655737705,0.06762295081967214,0.2540983606557377,0.05737704918032787,0.0389344262295082,0.27254098360655743
woman,0.07883302296710117,0.18311607697082555,0.06890130353817503,0.08379888268156424,0.19490999379267532,0.09807572936064556,0.08317815021725636,0.20918684047175667
left,0.0751730959446093,0.19683481701285854,0.050445103857566766,0.10583580613254204,0.17210682492581603,0.10484668644906034,0.08110781404549951,0.2136498516320475
could,0.08481087470449172,0.17316784869976362,0.06294326241134753,0.11258865248226951,0.1610520094562648,0.11790780141843972,0.07890070921985816,0.208628841607565
long,0.07294429708222812,0.30680813439434135,0.04509283819628647,0.09106984969053936,0.12953138815207782,0.10919540229885058,0.06410256410256411,0.1812555260831123
eye,0.08545454545454546,0.16363636363636364,0.07090909090909091,0.13090909090909092,0.15272727272727274,0.10909090909090909,0.08,0.20727272727272728
certain,0.11524334251606981,0.14003673094582186,0.0642791551882461,0.09641873278236915,0.14646464646464646,0.0881542699724518,0.07575757575757576,0.2736455463728191
words,0.22424242424242424,0.13535353535353536,0.05353535353535353,0.10101010101010101,0.13636363636363635,0.08787878787878788,0.07676767676767676,0.18484848484848485
passion,0.09029345372460497,0.19977426636568849,0.050790067720090294,0.06884875846501129,0.2212189616252822,0.05643340857787811,0.05530474040632055,0.25733634311512416
ever,0.08575883575883575,0.17463617463617465,0.06496881496881497,0.12058212058212057,0.17307692307692304,0.11018711018711018,0.07952182952182953,0.19126819126819125
moment,0.09682947729220223,0.16795201371036847,0.05826906598114824,0.13453299057412166,0.15081405312767782,0.12425021422450729,0.08740359897172235,0.17994858611825193
constance,0.0822538860103627,0.17746113989637308,0.04857512953367876,0.0906735751295337,0.18976683937823838,0.1295336787564767,0.09326424870466322,0.1884715025906736
word,0.08620689655172413,0.13793103448275862,0.0544464609800363,0.1206896551724138,0.11070780399274047,0.09891107078039928,0.05353901996370236,0.3375680580762251
many,0.09254143646408841,0.16758747697974216,0.06767955801104972,0.10589318600368325,0.14226519337016574,0.12292817679558012,0.08057090239410682,0.22053406998158379
upon,0.11057108140947752,0.15771567436208994,0.06123936816524909,0.1164034021871203,0.13827460510328068,0.09720534629404617,0.06682867557715674,0.2517618469015796
years,0.06904577191621412,0.20015515903801395,0.06361520558572537,0.09775019394879751,0.1698991466252909,0.09775019394879751,0.09231962761830877,0.2094647013188518
name,0.09037472446730345,0.14621601763409253,0.07053637031594415,0.11315209404849373,0.16458486407053632,0.10360029390154296,0.07567964731814841,0.23585598824393825
heart,0.08503054989816701,0.159877800407332,0.05702647657841141,0.11965376782077394,0.18279022403258657,0.12219959266802445,0.0809572301425662,0.1924643584521385
loved,0.08333333333333333,0.16428571428571428,0.05952380952380952,0.11904761904761904,0.20476190476190476,0.13095238095238096,0.05714285714285714,0.18095238095238095
yet,0.07786195286195285,0.17887205387205385,0.07028619528619527,0.10648148148148147,0.16456228956228955,0.10858585858585858,0.07407407407407407,0.21927609427609426
became,0.08450704225352114,0.1995305164319249,0.06572769953051644,0.147887323943662,0.15492957746478875,0.10563380281690142,0.0727699530516432,0.16901408450704228
another,0.11191135734072022,0.13850415512465375,0.07479224376731301,0.11800554016620499,0.14847645429362882,0.11191135734072022,0.07091412742382272,0.2254847645429363
desert,0.12499999999999997,0.15384615384615383,0.07692307692307691,0.13461538461538458,0.1442307692307692,0.15384615384615383,0.09615384615384613,0.11538461538461536
hand,0.08023872679045092,0.16246684350132626,0.051724137931034475,0.11671087533156499,0.16511936339522545,0.11007957559681698,0.08620689655172413,0.22745358090185672
life,0.09417860408412068,0.16885096007314843,0.06888143858579701,0.10484608351112465,0.1566595550137153,0.11398963730569947,0.07711063700091435,0.21548308442548003
habits,0.14658925979680695,0.14078374455732945,0.07402031930333816,0.1204644412191582,0.1204644412191582,0.09869375907111755,0.07402031930333816,0.22496371552975325
thoughts,0.10299625468164793,0.14606741573033705,0.06554307116104868,0.10112359550561797,0.1591760299625468,0.10486891385767788,0.07677902621722844,0.24344569288389512
would,0.0840146112367368,0.17916159332057746,0.05548791094103321,0.1050617498695425,0.15950600104365975,0.1064532962254305,0.0782744825186989,0.23204035484432073
us,0.09482758620689655,0.15804597701149425,0.0462962962962963,0.0983397190293742,0.16507024265644957,0.08492975734355046,0.07279693486590039,0.2796934865900383
away,0.0964109781843772,0.18015482054890924,0.059817030260380016,0.1147079521463758,0.1597466572836031,0.10767065446868404,0.0781140042223786,0.20337790288529203
shall,0.08963414634146341,0.16341463414634147,0.054878048780487805,0.1121951219512195,0.15060975609756097,0.1176829268292683,0.08353658536585365,0.22804878048780486
sought,0.09268292682926829,0.15609756097560976,0.05365853658536586,0.10243902439024391,0.18536585365853658,0.12195121951219512,0.08292682926829269,0.20487804878048782
others,0.10300000000000001,0.15,0.0605,0.12,0.151,0.096,0.067,0.2525
forget,0.06341463414634146,0.1951219512195122,0.06829268292682926,0.06829268292682926,0.224390243902439,0.07804878048780488,0.06829268292682926,0.23414634146341462
know,0.09046321525885559,0.1645776566757493,0.06376021798365122,0.09863760217983653,0.16076294277929154,0.11062670299727521,0.0768392370572207,0.23433242506811988
among,0.09242424242424242,0.16969696969696968,0.05984848484848485,0.09621212121212121,0.1643939393939394,0.10075757575757577,0.0803030303030303,0.23636363636363636
far,0.0902591599642538,0.16979445933869525,0.0679177837354781,0.11170688114387846,0.1546023235031278,0.11796246648793564,0.07953529937444147,0.20822162645218945
less,0.10268270120259018,0.16651248843663274,0.06197964847363552,0.09620721554116558,0.1637372802960222,0.08788159111933394,0.08140610545790934,0.23959296947271042
objects,0.0841889117043121,0.18480492813141683,0.055441478439425054,0.0677618069815195,0.17659137577002051,0.06570841889117043,0.08008213552361396,0.28542094455852157
might,0.08996359854394176,0.17888715548621942,0.06500260010400416,0.10816432657306292,0.1497659906396256,0.11232449297971919,0.07696307852314092,0.218928757150286
mine,0.06896551724137931,0.19540229885057472,0.01149425287356322,0.08045977011494253,0.24137931034482762,0.12643678160919541,0.09195402298850576,0.18390804597701152
strong,0.10975609756097561,0.14227642276422764,0.07317073170731707,0.12195121951219512,0.1382113821138211,0.1056910569105691,0.07317073170731707,0.23577235772357721
always,0.08301707779886147,0.17647058823529413,0.058823529411764705,0.10104364326375712,0.17030360531309297,0.10436432637571157,0.08633776091081594,0.21963946869070206
already,0.09762532981530342,0.18997361477572558,0.07519788918205804,0.10817941952506593,0.15171503957783639,0.1134564643799472,0.07651715039577835,0.1873350923482849
father,0.058772687986171135,0.1607605877268799,0.05704407951598963,0.08470181503889371,0.14606741573033707,0.09680207433016422,0.06914433880726016,0.32670700086430426
husband,0.08403361344537814,0.17366946778711484,0.07282913165266106,0.10784313725490195,0.17366946778711484,0.12044817927170867,0.07142857142857142,0.19607843137254902
never,0.0818048422597212,0.17241379310344826,0.061995597945707984,0.11041819515774028,0.1672780630961115,0.10785033015407189,0.08143800440205429,0.21680117388114453
cost,0.09947643979057591,0.19371727748691098,0.041884816753926704,0.10471204188481674,0.08376963350785341,0.11518324607329843,0.05235602094240837,0.3089005235602094
cold,0.09563409563409563,0.1600831600831601,0.07692307692307693,0.11642411642411642,0.1496881496881497,0.12474012474012473,0.08731808731808732,0.18918918918918917
reward,0.08256880733944955,0.1605504587155963,0.06422018348623852,0.07339449541284404,0.17431192660550457,0.08715596330275228,0.1146788990825688,0.24311926605504586
pride,0.09221902017291066,0.1095100864553314,0.06628242074927952,0.09510086455331411,0.2737752161383285,0.11815561959654176,0.05763688760806916,0.18731988472622477
lofty,0.06944444444444443,0.12499999999999999,0.0972222222222222,0.1111111111111111,0.18055555555555552,0.1944444444444444,0.06944444444444443,0.15277777777777776
mind,0.12262357414448669,0.15272496831432192,0.061787072243346,0.10709759188846639,0.1394169835234474,0.08365019011406843,0.07541191381495564,0.2572877059569075
perhaps,0.10443037974683544,0.16297468354430383,0.08544303797468356,0.12420886075949368,0.14477848101265825,0.11234177215189874,0.07199367088607596,0.19382911392405064
soul,0.10566037735849057,0.16100628930817612,0.08176100628930817,0.1270440251572327,0.16729559748427675,0.1119496855345912,0.07672955974842767,0.16855345911949687
poor,0.08589607635206785,0.14846235418875925,0.07741251325556733,0.13997879109225872,0.13679745493107104,0.14103923647932132,0.06998939554612936,0.200424178154825
girl,0.07179115300942712,0.16823785351704132,0.06163886874546773,0.0870195794053662,0.20739666424945613,0.09644670050761421,0.08556925308194344,0.22189992748368384
leave,0.05395232120451694,0.11166875784190718,0.03387703889585948,0.0752823086574655,0.10288582183186952,0.25345043914680054,0.21580928481806777,0.15307402760351319
affection,0.1013745704467354,0.1219931271477663,0.03951890034364261,0.0859106529209622,0.24742268041237112,0.06872852233676975,0.044673539518900345,0.2903780068728522
even,0.10971882640586796,0.15220048899755498,0.06968215158924204,0.12102689486552566,0.14731051344743276,0.12133251833740831,0.07854523227383861,0.20018337408312956
think,0.09014675052410902,0.1642208245981831,0.06009783368273934,0.09713487071977639,0.16841369671558354,0.10831586303284417,0.08245981830887492,0.22921034241788957
place,0.10202550637659413,0.18604651162790697,0.053263315828957235,0.09827456864216053,0.15078769692423105,0.0802700675168792,0.07876969242310577,0.25056264066016504
alone,0.07672634271099746,0.16496163682864454,0.05115089514066497,0.12404092071611254,0.16368286445012792,0.11892583120204606,0.08056265984654733,0.21994884910485935
whole,0.09357060849598164,0.16417910447761197,0.05223880597014925,0.09931113662456947,0.1521239954075775,0.09070034443168773,0.0849598163030999,0.2629161882893226
youth,0.13820224719101123,0.17865168539325843,0.0348314606741573,0.16179775280898878,0.18876404494382024,0.052808988764044947,0.1348314606741573,0.11011235955056181
receive,0.11753731343283581,0.1828358208955224,0.033582089552238806,0.08768656716417911,0.15671641791044777,0.1287313432835821,0.0914179104477612,0.20149253731343283
vain,0.07971014492753624,0.19927536231884058,0.05434782608695652,0.07608695652173914,0.18840579710144928,0.09782608695652174,0.09057971014492754,0.213768115942029
man,0.09622641509433963,0.16635220125786163,0.06462264150943396,0.09874213836477987,0.16226415094339622,0.08474842767295597,0.09559748427672955,0.23144654088050312
feel,0.09879253567508234,0.13062568605927552,0.06256860592755215,0.1141602634467618,0.14928649835345775,0.13501646542261253,0.06695938529088913,0.24259055982436886
better,0.08234126984126984,0.1954365079365079,0.060515873015873,0.09722222222222222,0.1746031746031746,0.09126984126984125,0.09226190476190475,0.20634920634920634
bright,0.09523809523809523,0.17582417582417578,0.07692307692307691,0.1172161172161172,0.17216117216117213,0.11355311355311354,0.08424908424908423,0.1648351648351648
ambition,0.07284768211920531,0.2384105960264901,0.06622516556291391,0.054635761589403975,0.23675496688741723,0.05794701986754967,0.043046357615894044,0.23013245033112584
feet,0.08403361344537814,0.21008403361344538,0.04201680672268907,0.09663865546218486,0.18067226890756302,0.1176470588235294,0.06722689075630252,0.20168067226890754
cause,0.11323529411764706,0.14852941176470588,0.049999999999999996,0.10735294117647058,0.12941176470588237,0.09558823529411764,0.06911764705882353,0.2867647058823529
indignation,0.2323943661971831,0.09859154929577464,0.17605633802816903,0.11971830985915494,0.07746478873239437,0.09859154929577464,0.07042253521126761,0.1267605633802817
hope,0.044863459037711315,0.20676202860858256,0.035110533159947985,0.07217165149544863,0.2022106631989597,0.06631989596879062,0.14629388816644992,0.2262678803641092
round,0.0718232044198895,0.17900552486187846,0.06408839779005525,0.10497237569060773,0.17679558011049723,0.11491712707182321,0.0972375690607735,0.19116022099447513
give,0.09453781512605042,0.17577030812324929,0.055322128851540614,0.09873949579831932,0.14775910364145659,0.12324929971988796,0.07633053221288515,0.22829131652661064
look,0.08740978348035283,0.1668003207698476,0.0673616680032077,0.10184442662389734,0.16920609462710504,0.1098636728147554,0.07618283881315155,0.2213311948676824
still,0.09525919361984936,0.1639344262295082,0.06956136464333186,0.12051395657953036,0.14754098360655737,0.12317235268054941,0.0713336287106779,0.2086840939299956
stood,0.07142857142857141,0.17080745341614906,0.046583850931677016,0.11180124223602483,0.17701863354037267,0.11490683229813664,0.09627329192546583,0.21118012422360247
soft,0.09659090909090907,0.1505681818181818,0.08522727272727272,0.11079545454545453,0.20738636363636362,0.1278409090909091,0.07386363636363635,0.1477272727272727
bent,0.11904761904761904,0.23809523809523808,0.07142857142857142,0.11904761904761904,0.16666666666666666,0.09523809523809523,0.047619047619047616,0.14285714285714285
future,0.0919931856899489,0.2078364565587734,0.049403747870528106,0.08006814310051107,0.16524701873935263,0.07495741056218058,0.09540034071550255,0.23509369676320271
lot,0.06629834254143646,0.18232044198895025,0.055248618784530384,0.07734806629834252,0.19889502762430938,0.13812154696132595,0.0718232044198895,0.20994475138121543
reality,0.10355987055016182,0.1715210355987055,0.061488673139158574,0.08090614886731393,0.1779935275080906,0.0744336569579288,0.0744336569579288,0.255663430420712
back,0.09327548806941431,0.16702819956616052,0.06724511930585683,0.11713665943600868,0.1399132321041215,0.13123644251626898,0.10412147505422993,0.18004338394793928
solitary,0.1320754716981132,0.16509433962264153,0.0660377358490566,0.15094339622641512,0.1179245283018868,0.1839622641509434,0.08962264150943396,0.09433962264150944
although,0.08641975308641975,0.15873015873015872,0.07760141093474426,0.11992945326278659,0.15167548500881833,0.1111111111111111,0.07054673721340388,0.2239858906525573
mingled,0.16216216216216214,0.27027027027027023,0.08108108108108107,0.05405405405405406,0.16216216216216214,0.02702702702702703,0.13513513513513511,0.10810810810810811
existence,0.12213740458015267,0.15839694656488548,0.053435114503816786,0.116412213740458,0.13740458015267173,0.09351145038167939,0.07442748091603052,0.24427480916030533
thus,0.12763395544852496,0.14629741119807343,0.06863335340156532,0.11137868753762792,0.1336544250451535,0.0897049969897652,0.0818783865141481,0.24081878386514144
something,0.08588957055214724,0.1668711656441718,0.060122699386503074,0.10061349693251533,0.17546012269938652,0.10306748466257669,0.09570552147239264,0.21226993865030674
human,0.10431372549019609,0.13803921568627453,0.0807843137254902,0.12235294117647058,0.15529411764705883,0.08392156862745097,0.058823529411764705,0.2564705882352941
forgotten,0.04918032786885246,0.1516393442622951,0.05327868852459017,0.20491803278688525,0.11885245901639345,0.2336065573770492,0.05737704918032787,0.13114754098360656
blame,0.18589743589743588,0.1282051282051282,0.14102564102564102,0.08333333333333333,0.1346153846153846,0.08333333333333333,0.044871794871794865,0.1987179487179487
degrees,0.18072289156626503,0.09638554216867469,0.048192771084337345,0.1566265060240964,0.1686746987951807,0.10843373493975902,0.08433734939759036,0.1566265060240964
gazed,0.0898876404494382,0.14606741573033707,0.056179775280898875,0.10112359550561797,0.1797752808988764,0.11235955056179775,0.12359550561797754,0.19101123595505617
beauty,0.07758620689655173,0.14008620689655174,0.05387931034482759,0.10344827586206896,0.27586206896551724,0.07758620689655173,0.07543103448275862,0.1961206896551724
voice,0.11031175059952036,0.14028776978417265,0.07434052757793765,0.1486810551558753,0.12230215827338128,0.13069544364508393,0.08633093525179855,0.1870503597122302
character,0.0998756734355574,0.15333609614587648,0.05055946953999171,0.09738914214670534,0.16162453377538333,0.07459593866556154,0.07003729796933277,0.29258184832159134
old,0.07410358565737052,0.18127490039840638,0.05856573705179283,0.08725099601593625,0.18167330677290838,0.09482071713147411,0.09243027888446215,0.22988047808764941
felt,0.08584905660377358,0.18207547169811322,0.06415094339622641,0.1179245283018868,0.17735849056603775,0.12169811320754717,0.07924528301886793,0.17169811320754716
much,0.09261939218523878,0.17752050168837433,0.06343463579353593,0.10130246020260492,0.15846599131693198,0.10106126386878919,0.08031837916063675,0.2252773757838881
times,0.09268292682926829,0.16910569105691056,0.06504065040650407,0.11056910569105691,0.17398373983739837,0.09268292682926829,0.08130081300813008,0.2146341463414634
nay,0.06557377049180327,0.2240437158469945,0.06557377049180327,0.1092896174863388,0.20218579234972678,0.08196721311475409,0.06557377049180327,0.18579234972677594
last,0.07200929152148665,0.19686411149825783,0.05226480836236934,0.09407665505226481,0.17770034843205576,0.09581881533101046,0.09001161440185831,0.22125435540069688
thought,0.08187919463087248,0.294407158836689,0.0505592841163311,0.09888143176733781,0.13333333333333333,0.09888143176733781,0.0697986577181208,0.17225950782997762
part,0.11184606133493687,0.1623571858087793,0.06494287432351173,0.0962116656644618,0.13108839446782922,0.10222489476849067,0.06734816596512326,0.26398075766686707
cheek,0.06944444444444445,0.17361111111111113,0.04166666666666667,0.13194444444444445,0.16666666666666669,0.13194444444444445,0.09027777777777779,0.19444444444444445
heard,0.07851690294438388,0.17775354416575795,0.05234460196292258,0.10905125408942204,0.17448200654307527,0.10905125408942204,0.09814612868047984,0.20065430752453653
weakness,0.11602209944751384,0.14364640883977903,0.08839779005524863,0.13259668508287295,0.13259668508287295,0.09392265193370167,0.044198895027624314,0.24861878453038677
nature,0.10741971207087483,0.15282392026578073,0.06090808416389811,0.11295681063122921,0.15946843853820597,0.07973421926910298,0.07308970099667773,0.2535991140642303
often,0.10707911957168352,0.16418798334324808,0.08030933967876265,0.10648423557406306,0.14634146341463417,0.10529446757882213,0.07138607971445568,0.21891731112433074
return,0.10801393728222998,0.1765389082462253,0.07549361207897794,0.11033681765389083,0.14634146341463417,0.11962833914053428,0.07433217189314752,0.18931475029036007
night,0.09179926560587515,0.1591187270501836,0.05507955936352509,0.12239902080783353,0.1701346389228886,0.14810281517747856,0.08200734394124846,0.17135862913096694
lips,0.08496732026143791,0.1568627450980392,0.05228758169934641,0.1111111111111111,0.17647058823529413,0.1503267973856209,0.12091503267973856,0.14705882352941177
let,0.07462686567164178,0.1960651289009498,0.054952510176390766,0.11126187245590229,0.17028493894165536,0.09023066485753053,0.10312075983717774,0.19945725915875168
god,0.0628140703517588,0.189070351758794,0.032663316582914576,0.16457286432160806,0.1972361809045226,0.04773869346733668,0.042085427135678394,0.26381909547738697
gave,0.07616361071932298,0.1706629055007052,0.060648801128349784,0.10719322990126938,0.18053596614950634,0.10719322990126938,0.0930888575458392,0.20451339915373765
days,0.10274790919952209,0.2066905615292712,0.053763440860215055,0.06690561529271206,0.15890083632019117,0.10513739545997611,0.10394265232974909,0.20191158900836317
must,0.10220713073005094,0.16129032258064516,0.06994906621392191,0.1130730050933786,0.1307300509337861,0.11035653650254669,0.07232597623089983,0.24006791171477082
go,0.0888468809073724,0.18084436042848143,0.05419029615626969,0.10081915563957153,0.16698172652804033,0.09577819785759295,0.09577819785759295,0.21676118462507876
forth,0.1218354430379747,0.13765822784810125,0.060126582278481014,0.09651898734177215,0.15506329113924053,0.12025316455696203,0.06329113924050633,0.24525316455696206
every,0.09982997328151567,0.17196988098129706,0.05878066553315521,0.10638814670876852,0.1493806169540928,0.08889968423609425,0.07529754675734758,0.24945348554772895
within,0.12086874409820586,0.17563739376770537,0.04815864022662889,0.09726156751652502,0.16147308781869688,0.09065155807365438,0.09915014164305948,0.20679886685552407
common,0.10380622837370243,0.15051903114186851,0.0726643598615917,0.0934256055363322,0.16435986159169552,0.09169550173010381,0.08304498269896193,0.24048442906574397
came,0.07157894736842105,0.17789473684210524,0.07052631578947369,0.10947368421052632,0.13578947368421054,0.11789473684210526,0.09473684210526316,0.22210526315789475
bowed,0.07692307692307691,0.15384615384615383,0.06837606837606837,0.07692307692307691,0.1794871794871795,0.1282051282051282,0.08547008547008546,0.23076923076923075
head,0.0713463751438435,0.16800920598388952,0.0667433831990794,0.09896432681242807,0.16455696202531644,0.11622554660529343,0.08860759493670886,0.22554660529344073
crushed,0.18181818181818177,0.10389610389610389,0.14285714285714285,0.1948051948051948,0.06493506493506493,0.1558441558441558,0.03896103896103895,0.11688311688311687
breathed,0.047619047619047616,0.19047619047619047,0.07142857142857142,0.09523809523809523,0.19047619047619047,0.14285714285714285,0.07142857142857142,0.19047619047619047
point,0.09234828496042216,0.17546174142480211,0.043535620052770445,0.1029023746701847,0.14643799472295516,0.10422163588390503,0.0712401055408971,0.2638522427440633
however,0.08524072612470403,0.1665351223362273,0.055248618784530384,0.0978689818468824,0.1499605367008682,0.11207576953433306,0.06708760852407261,0.265982636148382
tenderness,0.05128205128205127,0.13675213675213674,0.04273504273504273,0.05982905982905982,0.3675213675213675,0.10256410256410255,0.04273504273504273,0.19658119658119655
aroused,0.08823529411764706,0.2647058823529412,0.08823529411764706,0.05882352941176471,0.20588235294117646,0.08823529411764706,0.05882352941176471,0.14705882352941177
power,0.12214199759326115,0.13237063778580024,0.05354993983152828,0.11913357400722023,0.13357400722021662,0.09265944645006018,0.06618531889290012,0.28038507821901326
characters,0.08823529411764706,0.18627450980392157,0.029411764705882353,0.08496732026143791,0.10130718954248366,0.058823529411764705,0.058823529411764705,0.39215686274509803
eyes,0.08535784635587655,0.16152330925804334,0.07288246881155613,0.1057124097176625,0.16677609980302033,0.1319763624425476,0.08995403808273143,0.18581746552856204
form,0.09922178988326849,0.16731517509727628,0.06031128404669262,0.09533073929961092,0.10700389105058368,0.10408560311284047,0.052529182879377447,0.31420233463035024
face,0.0839160839160839,0.1713286713286713,0.057109557109557105,0.13286713286713286,0.15734265734265732,0.11538461538461538,0.09440559440559439,0.18764568764568765
rome,0.10691823899371068,0.18238993710691823,0.06289308176100629,0.12578616352201258,0.1320754716981132,0.15723270440251572,0.06289308176100629,0.169811320754717
vulgar,0.100418410041841,0.14644351464435149,0.2259414225941423,0.12133891213389121,0.10460251046025106,0.11297071129707115,0.058577405857740586,0.1297071129707113
public,0.07040816326530612,0.3112244897959184,0.029591836734693875,0.07653061224489796,0.12448979591836734,0.0653061224489796,0.05612244897959184,0.2663265306122449
air,0.08976660682226212,0.15260323159784558,0.09156193895870735,0.10951526032315977,0.16696588868940754,0.13285457809694792,0.07719928186714542,0.17953321364452424
indifference,0.14798206278026907,0.1165919282511211,0.13004484304932737,0.1524663677130045,0.13004484304932737,0.1165919282511211,0.053811659192825115,0.1524663677130045
quiet,0.07857142857142858,0.16428571428571428,0.05714285714285715,0.1142857142857143,0.15714285714285717,0.2285714285714286,0.0642857142857143,0.1357142857142857
little,0.08373117884686009,0.17554168196841716,0.05802423797282409,0.1046639735585751,0.16856408373117884,0.11568123393316194,0.07528461255967682,0.2185089974293059
italy,0.09090909090909091,0.18181818181818182,0.09090909090909091,0.06818181818181818,0.20454545454545453,0.09090909090909091,0.06818181818181818,0.20454545454545453
house,0.05677517032551098,0.21120363361090083,0.06283118849356549,0.07797123391370175,0.18016654049962152,0.09538228614685844,0.08629825889477669,0.22937168811506436
looking,0.06048387096774193,0.2036290322580645,0.07056451612903225,0.0967741935483871,0.1592741935483871,0.09879032258064517,0.09274193548387095,0.21774193548387097
saw,0.05731707317073171,0.19634146341463415,0.049999999999999996,0.08536585365853659,0.1902439024390244,0.09268292682926829,0.10609756097560975,0.22195121951219512
young,0.04274759340838636,0.23413281122532226,0.03573176700930005,0.06281612008484255,0.23266438244411813,0.06020558002936858,0.17506934247022352,0.15663240332843859
well,0.07404458598726116,0.1855095541401274,0.0553343949044586,0.09315286624203821,0.17237261146496816,0.10390127388535032,0.07762738853503184,0.23805732484076433
seemed,0.08148893360160965,0.17706237424547283,0.06941649899396378,0.11871227364185111,0.16800804828973842,0.12977867203219315,0.08651911468812877,0.16901408450704225
rank,0.06716417910447761,0.16791044776119401,0.055970149253731345,0.08208955223880597,0.19776119402985073,0.07462686567164178,0.06716417910447761,0.2873134328358209
beneath,0.11299435028248586,0.11016949152542371,0.09039548022598869,0.18644067796610164,0.12994350282485873,0.16666666666666666,0.05649717514124293,0.14689265536723162
began,0.08766233766233768,0.21103896103896105,0.05844155844155845,0.10714285714285715,0.16883116883116886,0.09740259740259741,0.09090909090909091,0.17857142857142858
melancholy,0.09090909090909091,0.10526315789473686,0.05741626794258373,0.14354066985645933,0.0861244019138756,0.3157894736842105,0.09090909090909091,0.11004784688995216
turned,0.0721830985915493,0.19014084507042256,0.061619718309859156,0.09154929577464789,0.17253521126760565,0.125,0.08978873239436619,0.19718309859154928
tears,0.09191176470588236,0.16176470588235295,0.05514705882352941,0.15808823529411764,0.1286764705882353,0.17647058823529413,0.07720588235294118,0.15073529411764705
happy,0.050411522633744855,0.24279835390946503,0.04218106995884773,0.06584362139917696,0.2397119341563786,0.04938271604938271,0.050411522633744855,0.25925925925925924
reader,0.08783783783783784,0.20945945945945946,0.04729729729729729,0.10135135135135134,0.12837837837837837,0.10810810810810811,0.06756756756756756,0.25
thou,0.07810107197549769,0.17611026033690655,0.06584992343032157,0.11026033690658497,0.19142419601837668,0.13016845329249616,0.0903522205206738,0.1577335375191424
thee,0.10229645093945722,0.17745302713987474,0.0709812108559499,0.10855949895615867,0.15866388308977036,0.1315240083507307,0.05636743215031316,0.19415448851774533
death,0.14099216710182766,0.15230635335073978,0.12445604873803308,0.1618798955613577,0.060922541340295906,0.16623150565709313,0.11227154046997388,0.08093994778067885
bad,0.146875,0.1171875,0.153125,0.1625,0.1078125,0.1640625,0.040625,0.1078125
indeed,0.10455311973018551,0.1585160202360877,0.05817875210792581,0.10118043844856661,0.1543001686340641,0.10286677908937605,0.0775716694772344,0.24283305227655988
way,0.09402283411685695,0.16856950973807924,0.06044325050369375,0.11148421759570182,0.15715245130960376,0.09670920080591,0.08865010073875083,0.22296843519140364
sometimes,0.09066666666666666,0.15866666666666668,0.076,0.10933333333333332,0.15866666666666668,0.09333333333333334,0.09866666666666667,0.21466666666666667
found,0.05364173228346457,0.12352362204724411,0.04478346456692914,0.0718503937007874,0.2573818897637795,0.08366141732283465,0.05659448818897638,0.30856299212598426
money,0.14557613168724282,0.2078189300411523,0.03497942386831276,0.0462962962962963,0.1718106995884774,0.04989711934156379,0.14094650205761317,0.20267489711934158
question,0.12820512820512822,0.14102564102564105,0.07875457875457877,0.11721611721611723,0.11172161172161173,0.09340659340659341,0.07142857142857144,0.25824175824175827
temper,0.1003584229390681,0.15412186379928317,0.07885304659498209,0.13620071684587814,0.15770609318996417,0.11111111111111112,0.06810035842293907,0.19354838709677422
await,0.027777777777777783,0.22222222222222227,0.027777777777777783,0.08333333333333334,0.19444444444444445,0.11111111111111113,0.055555555555555566,0.2777777777777778
broken,0.1806282722513089,0.09685863874345549,0.04450261780104712,0.1963350785340314,0.112565445026178,0.20157068062827224,0.05497382198952879,0.112565445026178
nothing,0.09359870898332437,0.18289402904787522,0.07046799354491663,0.10059171597633138,0.16299085529854762,0.10328133405056483,0.08337816030123724,0.20279720279720284
great,0.09953386344941045,0.16506717850287905,0.06032355360570331,0.10227584315876061,0.14697011242116806,0.09651768576912531,0.08171099533863449,0.24760076775431858
thy,0.13537906137184114,0.16064981949458482,0.06859205776173284,0.15342960288808663,0.1335740072202166,0.13898916967509023,0.06498194945848375,0.1444043321299639
dear,0.0655430711610487,0.18352059925093636,0.041198501872659186,0.0805243445692884,0.200374531835206,0.10674157303370789,0.07677902621722847,0.24531835205992514
kind,0.08951798010711551,0.1185921958684009,0.04590665646518745,0.07804131599081865,0.24177505738332056,0.08110175975516448,0.04973221117061973,0.2953328232593726
side,0.07474226804123711,0.14175257731958765,0.059278350515463915,0.1288659793814433,0.17010309278350516,0.11340206185567012,0.09020618556701032,0.2216494845360825
wish,0.10733452593917711,0.15921288014311272,0.04114490161001789,0.11449016100178892,0.16279069767441862,0.09123434704830054,0.07871198568872988,0.24508050089445438
generous,0.08536585365853658,0.13414634146341461,0.06097560975609756,0.09756097560975609,0.24390243902439024,0.07317073170731707,0.04065040650406504,0.26422764227642276
happiness,0.06060606060606061,0.24475524475524477,0.04584304584304585,0.08391608391608393,0.2571872571872572,0.07226107226107227,0.05827505827505828,0.17715617715617718
proud,0.07612456747404846,0.21107266435986158,0.04844290657439446,0.0934256055363322,0.22837370242214533,0.06920415224913495,0.05536332179930797,0.2179930795847751
england,0.10736196319018404,0.15337423312883436,0.07975460122699386,0.12269938650306748,0.15950920245398773,0.10429447852760736,0.07975460122699386,0.19325153374233128
new,0.07608034083992696,0.20815581253804016,0.04930006086427267,0.10164333536214241,0.16555082166768106,0.09616555082166768,0.08338405356055995,0.21972002434570906
least,0.09345794392523364,0.17549325025960538,0.05815160955347871,0.11422637590861891,0.15680166147455868,0.09865005192107996,0.08515057113187954,0.21806853582554517
come,0.07290322580645162,0.18838709677419355,0.04838709677419355,0.09483870967741935,0.17419354838709677,0.09096774193548386,0.09161290322580645,0.23870967741935484
convent,0.04807692307692307,0.1923076923076923,0.028846153846153844,0.05769230769230769,0.16346153846153846,0.05769230769230769,0.0673076923076923,0.3846153846153846
fair,0.07200000000000001,0.184,0.064,0.07733333333333334,0.17333333333333334,0.104,0.096,0.22933333333333333
grey,0.08333333333333333,0.18749999999999997,0.10416666666666666,0.12499999999999997,0.08333333333333333,0.10416666666666666,0.12499999999999997,0.18749999999999997
different,0.10429447852760736,0.14570552147239263,0.05828220858895705,0.08742331288343558,0.15184049079754602,0.0843558282208589,0.0843558282208589,0.28374233128834353
success,0.04239401496259351,0.3017456359102244,0.03740648379052369,0.06733167082294264,0.24438902743142146,0.07481296758104738,0.06733167082294264,0.16458852867830423
