,anger,anticipation,disgust,fear,joy,sadness,surprise,trust
project,0.12431174873982162,0.1706863125242342,0.0504846839860411,0.04885614579294299,0.10430399379604498,0.07646374563784412,0.02031795269484296,0.40457541682822795
gutenberg,0.0926270136307311,0.23667905824039653,0.047087980173482036,0.048017348203221816,0.07218091697645601,0.1167905824039653,0.01765799256505576,0.3689591078066915
use,0.12333155365723436,0.18259476775226907,0.07083110873820964,0.09823812066203949,0.15376401494927922,0.0788396511834846,0.05997508453461469,0.23242569852286882
anywhere,0.09933774834437087,0.17880794701986755,0.0728476821192053,0.12251655629139073,0.15562913907284767,0.11920529801324505,0.06622516556291391,0.18543046357615894
cost,0.10960334029227557,0.14822546972860126,0.05949895615866388,0.11169102296450939,0.14091858037578286,0.10125260960334029,0.07933194154488518,0.24947807933194155
almost,0.10543451039318807,0.15426997245179064,0.07225144002003506,0.12747307788630102,0.14274981217129978,0.12709742048585024,0.07901327322814926,0.19171049336338591
may,0.09117290526393124,0.1720236564669581,0.06303493369577196,0.10979686294677295,0.15578738566653197,0.10215626492304303,0.07442236344267715,0.23160562759431363
copy,0.18352941176470589,0.11490196078431371,0.08,0.06705882352941177,0.05607843137254902,0.06862745098039216,0.035686274509803925,0.3941176470588235
give,0.08378552377448727,0.18587326404856067,0.04874459670744045,0.0969373677917778,0.16334038443851742,0.0978570771636163,0.08185413409362642,0.2416076519819737
away,0.09749670619235837,0.16810044175773076,0.06711617453305434,0.13012477718360071,0.14353251181895682,0.130047275827327,0.08036890645586298,0.18321320623110904
terms,0.11364291895010095,0.14190943178540527,0.040669166426305164,0.07124314969714451,0.13556388808768388,0.05364868762618979,0.055667724257282954,0.3876550331698875
license,0.11123986095017382,0.22247972190034765,0.05909617612977985,0.08922363847045192,0.1181923522595597,0.08748551564310546,0.03881807647740441,0.2734646581691773
account,0.06918588496804666,0.13837176993609332,0.05223673242567379,0.10113920533481523,0.11614337315921087,0.09280355654348428,0.06390664073353708,0.36621283689913864
tour,0.034482758620689655,0.264367816091954,0.011494252873563218,0.022988505747126436,0.22988505747126436,0.04597701149425287,0.12643678160919541,0.264367816091954
england,0.08255451713395638,0.16666666666666666,0.06152647975077881,0.11812045690550362,0.14667705088265834,0.10176531671858774,0.0630841121495327,0.2596053997923156
france,0.10303173851255329,0.1598768356229275,0.056608242539081005,0.14258645191852204,0.12363808621506395,0.09592610137375653,0.0665561345333965,0.2517764092846992
holland,0.10833333333333332,0.15833333333333333,0.09166666666666667,0.09166666666666667,0.11666666666666667,0.09999999999999999,0.09166666666666667,0.24166666666666664
germany,0.09721432632177374,0.15235929505400797,0.043206367254121664,0.1335986355884025,0.1335986355884025,0.08925525866969869,0.06651506537805571,0.2842524161455372
date,0.05472636815920399,0.19701492537313436,0.052736318407960205,0.09353233830845772,0.1283582089552239,0.10447761194029852,0.05572139303482588,0.31343283582089554
language,0.08902077151335312,0.18058499364137348,0.05171682916490039,0.09580330648579907,0.14497668503603223,0.07164052564646037,0.06740144128868165,0.29885544722339974
english,0.09573958831977022,0.16634753470560074,0.05911919578745811,0.12111057922450932,0.136668262326472,0.09382479655337482,0.06845380564863571,0.258736237434179
produced,0.08391234633885623,0.17103153393907003,0.05451630144307858,0.10956707642971672,0.16141101015499734,0.09460181721004811,0.07910208444681989,0.24585783003741316
rhine,0.11009174311926605,0.1444954128440367,0.04128440366972477,0.1536697247706422,0.1238532110091743,0.11238532110091744,0.05733944954128441,0.25688073394495414
switzerland,0.07142857142857142,0.18749999999999997,0.026785714285714284,0.11607142857142856,0.16964285714285712,0.08035714285714285,0.09821428571428571,0.25
italy,0.08963585434173668,0.15966386554621848,0.05322128851540616,0.1253501400560224,0.1526610644257703,0.0861344537815126,0.0742296918767507,0.2591036414565826
egypt,0.061538461538461535,0.21025641025641026,0.0358974358974359,0.08717948717948718,0.16923076923076924,0.07692307692307693,0.13846153846153847,0.2205128205128205
wants,0.083223249669749,0.1571994715984148,0.05944517833553501,0.08982826948480845,0.19550858652575956,0.07529722589167767,0.07793923381770144,0.261558784676354
young,0.05213778313898941,0.2294598579278917,0.036992360273421794,0.06826609480409239,0.23464236250725998,0.06656837778671314,0.17356922664522184,0.13836393691640977
taking,0.08887488181531675,0.1837377875827293,0.057989284588717306,0.1248030255278916,0.1509612354238891,0.10179640718562875,0.08603844941695557,0.20579892845887177
first,0.09193673839771843,0.1823178636245787,0.058750324086077256,0.12299714804252009,0.14970184080891885,0.10360383717915478,0.08063261602281566,0.21005963183821622
old,0.0830098910729936,0.16677100287967947,0.06160010016276448,0.1083844580777096,0.17278076874921744,0.10396060264596635,0.08530528775927548,0.21818788865239344
world,0.08498106857383256,0.1652142556644029,0.06154215998557605,0.11857683755033355,0.17296712542821083,0.10655688442815071,0.08101448404351222,0.20914718432598112
fashionable,0.07476635514018691,0.23831775700934582,0.042056074766355145,0.056074766355140186,0.16822429906542058,0.08411214953271029,0.12149532710280374,0.21495327102803735
among,0.08688407522018568,0.16127112592239945,0.062247084027612476,0.11497262556534159,0.16424660795048798,0.10854558438467031,0.07807664841704356,0.22375624851225898
men,0.10120156482861402,0.1596032041728763,0.06073025335320418,0.12942436661698958,0.1605812220566319,0.10585879284649778,0.08247950819672131,0.200121087928465
visit,0.0661764705882353,0.19215686274509805,0.045098039215686274,0.10490196078431373,0.1754901960784314,0.09705882352941177,0.08284313725490196,0.2362745098039216
distant,0.07216494845360825,0.19158075601374572,0.04295532646048111,0.1125429553264605,0.17010309278350516,0.109106529209622,0.07646048109965636,0.225085910652921
countries,0.0868421052631579,0.15789473684210528,0.05789473684210527,0.15526315789473685,0.1342105263157895,0.09210526315789475,0.07631578947368421,0.23947368421052634
improve,0.03271028037383178,0.23364485981308414,0.037383177570093455,0.06542056074766356,0.26635514018691586,0.056074766355140186,0.042056074766355145,0.26635514018691586
traveling,0.041666666666666664,0.20833333333333334,0.07291666666666667,0.03125,0.19791666666666669,0.13541666666666666,0.08333333333333333,0.22916666666666669
various,0.07998192498870312,0.16131947582467238,0.0605512878445549,0.10122006326253953,0.17442385901491186,0.09173068233167644,0.07772254857659285,0.2530501581563488
literary,0.1106060606060606,0.15808080808080807,0.03787878787878787,0.029797979797979796,0.0898989898989899,0.15606060606060607,0.034848484848484844,0.3828282828282828
institutions,0.09124087591240876,0.15693430656934304,0.047445255474452545,0.10583941605839414,0.16423357664233576,0.08941605839416057,0.0583941605839416,0.28649635036496346
custom,0.07773851590106007,0.17667844522968199,0.053003533568904596,0.12014134275618374,0.1413427561837456,0.10954063604240281,0.053003533568904596,0.26855123674911663
still,0.09622585438335811,0.1626745913818722,0.06508172362555721,0.12956909361069835,0.15328380386329865,0.11583952451708766,0.08029717682020802,0.19702823179791976
europe,0.08291110087517273,0.18240442192538,0.03823122984799632,0.12390603408567478,0.14831874712114232,0.09350529709811148,0.08106863196683556,0.24965453707968677
present,0.04627157857269976,0.2114255205552589,0.03194518597615234,0.06478021000177968,0.19042534258764904,0.05961914931482469,0.15153941982559171,0.24399359316604377
time,0.07355996222851748,0.3258734655335222,0.0483160214038401,0.09729304375196728,0.12285174693106705,0.08517469310670445,0.06786276361347184,0.17906830343090965
country,0.08936514355034372,0.15608572583906188,0.06025070764253943,0.12899312575818844,0.14611133575953633,0.09543065103113628,0.07507750370669902,0.24868580671249496
course,0.08128930817610061,0.18569182389937106,0.05062893081761006,0.10707547169811318,0.1462264150943396,0.0982704402515723,0.08537735849056602,0.24544025157232702
strange,0.10012642225031605,0.16283185840707964,0.06599241466498103,0.13678887484197216,0.14740834386852084,0.11959544879898862,0.09077117572692794,0.17648546144121366
people,0.09012625445127874,0.1680802848818388,0.061314341210747816,0.1190029135642603,0.16037552606021369,0.0999676270637747,0.07944318549692458,0.2216898672709615
rest,0.07331189710610932,0.18113612004287247,0.05594855305466238,0.11961414790996784,0.16548767416934618,0.12090032154340837,0.07588424437299035,0.20771704180064307
wide,0.09580246913580247,0.17925925925925928,0.05037037037037038,0.12246913580246913,0.1634567901234568,0.10419753086419753,0.07012345679012345,0.21432098765432098
could,0.09948470497125667,0.16441783576087926,0.06097161409465939,0.12772168111279897,0.14702290531081524,0.11208411521162838,0.07726446847168855,0.21103267506627346
much,0.08196381357250247,0.1739851728964695,0.057908652599927425,0.10627818964176475,0.16584581886049043,0.10187153299808181,0.08605941210016071,0.22608740733060295
money,0.15649900398406374,0.19179531872509958,0.024713645418326696,0.04127241035856574,0.1768550796812749,0.039965139442231075,0.1512699203187251,0.21762948207171318
either,0.0958171206225681,0.1612354085603113,0.053258754863813235,0.13253891050583658,0.14372568093385213,0.11551556420233464,0.07636186770428015,0.2215466926070039
life,0.09068606352758889,0.16957906516312304,0.06593784970302144,0.12206249461995353,0.16355341310148921,0.11793061892054749,0.0780752345700267,0.19217526039424981
health,0.0817391304347826,0.18086956521739128,0.05478260869565217,0.10782608695652172,0.18086956521739128,0.10869565217391303,0.08782608695652173,0.19739130434782606
come,0.08580583906954664,0.17855447424638027,0.05726323285070021,0.11761215286019464,0.16146451459767386,0.10639686684073106,0.08307619273676714,0.20982672679800618
american,0.08304498269896195,0.1845444059976932,0.04844290657439446,0.10957324106113034,0.14186851211072665,0.08765859284890427,0.07612456747404846,0.26874279123414074
make,0.08512279799408512,0.1764176417641764,0.05895589558955896,0.11026102610261025,0.15674424585315674,0.1024173845956024,0.07843641507007844,0.23164459303073165
little,0.0803581257109309,0.1738891131251605,0.06054379334385205,0.10608006458004623,0.17425604520603236,0.11055663596668255,0.08824716544967526,0.20606905661762007
costs,0.12658227848101267,0.1360759493670886,0.04430379746835444,0.04113924050632911,0.11708860759493671,0.12025316455696203,0.0569620253164557,0.3575949367088607
even,0.09952337225064498,0.1563251563251563,0.0658533385806113,0.12562858017403472,0.1494162403253312,0.11924439197166468,0.07608553063098518,0.20792338974157154
one,0.08995277699464337,0.16579151395545533,0.06146038906117846,0.12052438680575134,0.15571257400620242,0.10972300535663942,0.08103679165491964,0.21579856216521
principal,0.07022106631989598,0.13394018205461639,0.04421326397919376,0.10143042912873863,0.10013003901170353,0.07932379713914176,0.05981794538361509,0.41092327698309494
objects,0.07515923566878982,0.19363057324840766,0.049681528662420385,0.09044585987261147,0.18089171974522295,0.08152866242038218,0.07515923566878982,0.25350318471337585
book,0.07763975155279502,0.17391304347826086,0.060170807453416145,0.09782608695652173,0.15605590062111802,0.09239130434782608,0.07569875776397515,0.2663043478260869
others,0.09473684210526316,0.164106988783434,0.06660914581535807,0.12182916307161347,0.1475409836065574,0.11164797238999137,0.07782571182053495,0.2157031924072476
would,0.09657863689990016,0.1672928577910881,0.06270986477901806,0.12676286414375168,0.14551229694164625,0.11226064071149831,0.07997095925220073,0.20891187948089662
books,0.06771653543307087,0.16771653543307086,0.05669291338582678,0.07795275590551182,0.1700787401574803,0.1078740157480315,0.09212598425196851,0.2598425196850394
general,0.07286922576447626,0.13630448926480154,0.04245283018867924,0.10523747560182173,0.1182498373454782,0.08165256994144436,0.06538711776187378,0.37784645413142487
america,0.07130730050933785,0.1867572156196944,0.05263157894736842,0.11035653650254669,0.1426146010186757,0.08319185059422751,0.05942275042444822,0.2937181663837012
see,0.08424513555759176,0.18315097288848164,0.0628469789252412,0.1124885463267396,0.16493289494960384,0.10548159327332506,0.08214304964156739,0.20471082843744945
less,0.08813720819437829,0.16325234238526284,0.05907575035731301,0.12164522788629507,0.15118310306495159,0.11005240590757503,0.07575035731300621,0.23090360489121806
year,0.0854490337248958,0.1775293671845396,0.05721864342553998,0.11633194391815081,0.1557408109132247,0.10742705570291777,0.07427055702917772,0.22603258810155363
two,0.0890389348141604,0.17107338928503818,0.0555941187606487,0.11964409667444943,0.15163753391809176,0.10986306556446016,0.07881617971855873,0.2243326812645927
thousand,0.09995285242809995,0.17727487034417727,0.05657708628005658,0.12399811409712401,0.13531353135313534,0.09948137670909948,0.0891089108910891,0.2182932578972183
dollars,0.10888030888030889,0.18146718146718147,0.047104247104247106,0.10810810810810811,0.1444015444015444,0.0749034749034749,0.08416988416988418,0.25096525096525096
great,0.08491230541663733,0.16894414312883005,0.05575121504543214,0.11632739311122069,0.16475311685567376,0.1019933788828626,0.08579277312108192,0.22152567443826163
pleasure,0.07569466624081764,0.1740657936761418,0.05397636537847333,0.10060683487703609,0.1935483870967742,0.10252315554136059,0.08847013733631427,0.2111146598530821
certainly,0.08762886597938145,0.171922377198302,0.0585203153426319,0.12158884172225592,0.15524560339599758,0.09945421467556095,0.07883565797453002,0.2268041237113402
require,0.10669456066945608,0.1589958158995816,0.07322175732217573,0.12343096234309624,0.14644351464435146,0.09623430962343095,0.0711297071129707,0.22384937238493724
months,0.08616904500548847,0.1942919868276619,0.06037321624588365,0.11141602634467619,0.14709110867178926,0.12019758507135017,0.07189901207464325,0.20856201975850713
say,0.0853438713255685,0.17408485856905162,0.0630199667221298,0.10343871325568497,0.1584858569051581,0.10177481974486967,0.08298668885191349,0.23086522462562398
many,0.0908049848433816,0.16416301785112833,0.05914449309531829,0.11599865274503199,0.15473223307510944,0.11700909397103403,0.07793869989895588,0.2202088245200404
learned,0.07744994731296101,0.17334035827186514,0.06322444678609063,0.1059009483667018,0.1522655426765016,0.10221285563751319,0.08061116965226556,0.24499473129610116
man,0.09505851439137734,0.15902289482007737,0.07196905184788692,0.12615264835405463,0.16101798009780782,0.10247925841220408,0.08240675409357436,0.20189289798301743
seen,0.08657950907150481,0.17355923159018144,0.06350053361792957,0.11739594450373535,0.15928495197438636,0.10605656350053362,0.08084311632870865,0.2127801494130203
reader,0.0944386149003148,0.16159496327387196,0.05876180482686254,0.10598111227701994,0.14060860440713535,0.1017838405036726,0.0912906610703043,0.24554039874081843
take,0.08704635285662952,0.1746316924182537,0.059917355371900814,0.11839741286381601,0.1544196909809558,0.10465325188645345,0.08129716133668702,0.21963708228530363
example,0.08830275229357798,0.1731651376146789,0.058486238532110095,0.10779816513761467,0.1651376146788991,0.09059633027522936,0.09518348623853211,0.2213302752293578
times,0.09852670349907919,0.162292817679558,0.06860036832412524,0.13489871086556168,0.13835174953959484,0.11464088397790055,0.07849907918968693,0.20418968692449355
different,0.09457714654615883,0.17882504841833444,0.05326016785022596,0.11007101355713365,0.15074241446094255,0.09715945771465463,0.07391865719819239,0.24144609425435767
places,0.08321060382916054,0.17599410898379975,0.0581737849779087,0.1310751104565538,0.15390279823269515,0.11192930780559648,0.08247422680412372,0.20324005891016203
given,0.07974258533855624,0.18102965864577503,0.05595970900951315,0.11233911583659764,0.16144376049244544,0.0889759373251259,0.07498601007274762,0.24552322327923895
form,0.09368913128165172,0.16225165562913907,0.058239189715621344,0.11959485781067393,0.14589014413712503,0.10712894429294896,0.06739384495520062,0.24581223217763923
leading,0.06743421052631579,0.13240131578947367,0.04358552631578947,0.08717105263157894,0.13651315789473684,0.08388157894736843,0.07154605263157894,0.37746710526315785
feature,0.05579399141630901,0.16738197424892703,0.04077253218884121,0.08369098712446352,0.2017167381974249,0.1223175965665236,0.09227467811158799,0.23605150214592277
work,0.12233549582947173,0.17961075069508808,0.04732777262897745,0.08266913809082484,0.13524868705591597,0.0903305529811554,0.06345381526104418,0.27902378745752243
special,0.06986899563318777,0.1489568170790878,0.039301310043668124,0.08733624454148473,0.2940320232896652,0.07617661329451722,0.06307617661329451,0.2212518195050946
history,0.08419380460683082,0.17447709822610538,0.05586444267937517,0.11675933280381257,0.140058247286206,0.09346041832141913,0.07704527402700556,0.2581413820492454
foreign,0.10357675111773473,0.13934426229508196,0.07228017883755589,0.14157973174366617,0.12220566318926976,0.09687034277198212,0.0745156482861401,0.2496274217585693
idea,0.1024937655860349,0.1518703241895262,0.06483790523690773,0.13117206982543642,0.14763092269326683,0.10124688279301747,0.07231920199501247,0.228428927680798
half,0.099202489787979,0.1630033067496596,0.070608830966738,0.1223497374051741,0.15619529274460223,0.11807041431628089,0.08578097646372303,0.18478895156584324
dozen,0.09240246406570841,0.15605749486652976,0.07392197125256673,0.1190965092402464,0.14168377823408623,0.12525667351129363,0.08008213552361396,0.2114989733059548
works,0.10473815461346633,0.1770573566084788,0.0628428927680798,0.05752285951787199,0.14197838736492102,0.03873649210307564,0.03574397339983375,0.38137988362427266
single,0.10803474484256245,0.16395222584147667,0.05700325732899023,0.13789359391965256,0.13192182410423456,0.11183496199782846,0.07980456026058633,0.20955483170466888
striking,0.08816964285714285,0.1450892857142857,0.06473214285714285,0.125,0.1529017857142857,0.11383928571428571,0.08370535714285714,0.2265625
features,0.078125,0.15625,0.0576171875,0.115234375,0.173828125,0.138671875,0.0927734375,0.1875
manners,0.06550665301944729,0.18321392016376664,0.056294779938587516,0.08085977482088025,0.1760491299897646,0.09007164790174002,0.09723643807574206,0.2507676560900717
customs,0.1125,0.15,0.0625,0.13333333333333333,0.16249999999999998,0.1125,0.049999999999999996,0.21666666666666665
eight,0.07471264367816091,0.1743295019157088,0.06513409961685823,0.10919540229885057,0.1475095785440613,0.13218390804597702,0.08045977011494253,0.21647509578544058
nations,0.1001926782273603,0.1608863198458574,0.059730250481695564,0.1348747591522158,0.14547206165703275,0.09055876685934489,0.06165703275529865,0.2466281310211946
sees,0.10161090458488227,0.1486988847583643,0.06691449814126393,0.14622057001239155,0.1486988847583643,0.14374225526641882,0.07063197026022303,0.17348203221809166
home,0.07334456394972139,0.1897110276013995,0.054943630944667615,0.1026305559155112,0.17895555267591032,0.11183102241803808,0.07554749254891796,0.21303615394583383
feel,0.08813339107838893,0.16305760069294067,0.07232568211346903,0.11650064963187527,0.15764400173235169,0.11974880900822868,0.0844521437851884,0.1981377219575574
describing,0.08904109589041095,0.1780821917808219,0.06164383561643836,0.08904109589041095,0.17123287671232879,0.10273972602739727,0.0684931506849315,0.2397260273972603
know,0.08625476144360514,0.1659242042740009,0.06488475692426883,0.11646975272774228,0.16037187681580478,0.11136935889986442,0.08102524372135063,0.21370004519336305
nature,0.08657502193623867,0.16115823340157942,0.056595495758993856,0.12050307107341328,0.16759286341035393,0.1050014624159111,0.07765428487861949,0.22491956712489033
go,0.08707504810776139,0.1802437459910199,0.06358242463117383,0.11505772931366261,0.14929441949967928,0.1168216805644644,0.081783194355356,0.20614175753688263
magnificence,0.06598984771573603,0.2182741116751269,0.03553299492385787,0.050761421319796954,0.25380710659898476,0.08121827411167512,0.04568527918781726,0.24873096446700507
national,0.08624229979466119,0.15742642026009582,0.043121149897330596,0.11498973305954825,0.1540041067761807,0.08008213552361397,0.08213552361396305,0.28199863107460643
capitol,0.0,0.1951219512195122,0.04878048780487805,0.0,0.21951219512195125,0.0975609756097561,0.07317073170731708,0.3658536585365854
describe,0.052805280528052806,0.18481848184818483,0.039603960396039604,0.08250825082508251,0.21782178217821782,0.0627062706270627,0.11221122112211221,0.24752475247524752
never,0.08568532252040761,0.1683295096836152,0.05879528357253374,0.11572320332924291,0.165501787333938,0.11204182894947447,0.07816251400522861,0.2157605506055594
larger,0.06299212598425197,0.11023622047244094,0.15135608048993876,0.07174103237095364,0.10498687664041996,0.08223972003499562,0.16447944006999124,0.25196850393700787
building,0.0834049871023216,0.16766981943250217,0.0533104041272571,0.11521926053310406,0.1668099742046432,0.11693895098882202,0.07652622527944972,0.2201203783319003
village,0.06944444444444445,0.16249999999999998,0.05208333333333333,0.1048611111111111,0.18194444444444444,0.09791666666666667,0.08263888888888889,0.24861111111111112
church,0.0478885502829778,0.22739805543462488,0.03221593382673052,0.065302568567697,0.23073574227252938,0.06181976491075315,0.04266434479756204,0.2919750399071252
exposition,0.08139534883720931,0.16279069767441862,0.05813953488372093,0.06976744186046512,0.16279069767441862,0.06976744186046512,0.09302325581395349,0.3023255813953488
tell,0.09148338792700048,0.16717360786148805,0.06504445484323819,0.1142957416939635,0.15617688348151615,0.10751052877866168,0.0825924192793636,0.21572297613476837
anything,0.08440797186400939,0.17444314185228604,0.06494724501758499,0.10597889800703399,0.15803048065650643,0.10621336459554513,0.08698710433763188,0.2189917936694021
fair,0.07944123042189925,0.17412163115563709,0.04938620008466205,0.10610977846761675,0.20601100606744743,0.1028643996049104,0.08847184986595173,0.19359390433187526
's,0.09238418961438645,0.16114696492960656,0.06398566868009463,0.11897981213109483,0.16013642314140694,0.11238832364897454,0.07606623642084472,0.21491238143359134
become,0.08647761893602061,0.16287790016404965,0.06468244668385283,0.11905319896883056,0.14905085540192173,0.10967893133348956,0.07827513475509724,0.22990391375673774
greatest,0.08259773013871376,0.17906683480453975,0.058638083228247165,0.12610340479192939,0.1557377049180328,0.11034047919293821,0.06998738965952081,0.21752837326607818
nation,0.07980383415069105,0.14266607222469907,0.04993312527864468,0.1101203744984396,0.12973695942933572,0.06509139545251895,0.05929558626839055,0.36335265269728045
ever,0.08393799472295514,0.16845316622691292,0.06480870712401056,0.11972295514511874,0.16968997361477575,0.10661279683377309,0.07709432717678101,0.20968007915567283
must,0.09590813520944526,0.17219257102808777,0.06442395816486064,0.12361852390964473,0.14184053048681872,0.11208151382823872,0.07030028572968894,0.21963448164321528
architecture,0.031007751937984496,0.16666666666666666,0.03875968992248062,0.07364341085271318,0.17054263565891473,0.08914728682170542,0.06201550387596899,0.3682170542635659
castles,0.06896551724137931,0.1724137931034483,0.06896551724137931,0.09195402298850575,0.1954022988505747,0.09195402298850575,0.034482758620689655,0.27586206896551724
churches,0.06273764258555133,0.16920152091254753,0.04562737642585551,0.08745247148288972,0.19961977186311786,0.09125475285171102,0.08174904942965779,0.26235741444866917
erected,0.0816326530612245,0.17551020408163268,0.0489795918367347,0.08979591836734695,0.17551020408163268,0.10612244897959185,0.07755102040816328,0.2448979591836735
twelve,0.05333333333333334,0.18857142857142858,0.04761904761904762,0.07238095238095238,0.15238095238095237,0.10666666666666667,0.08571428571428572,0.29333333333333333
city,0.09567523459812322,0.16095471236230108,0.057323541411668705,0.13953488372093023,0.1452468380252958,0.10526315789473684,0.07588739290085679,0.22011423908608732
hall,0.10044017607042817,0.1568627450980392,0.05942376950780312,0.1326530612244898,0.15946378551420567,0.12264905962384955,0.07803121248499399,0.19047619047619047
perhaps,0.08521937033759008,0.16828929068150209,0.06283980275635351,0.1199898849412062,0.15804779365280058,0.11139208496649386,0.08016184094070046,0.21405993172335314
beautiful,0.046523137837169014,0.15812917594654788,0.04008908685968819,0.07052709725315516,0.34867607027963377,0.07374412274189557,0.08042563721851026,0.18188567186340013
magnificent,0.030474040632054174,0.21670428893905191,0.025959367945823923,0.04966139954853273,0.22799097065462753,0.04288939051918736,0.1659142212189616,0.2404063205417607
edifices,0.049180327868852465,0.13114754098360656,0.03278688524590164,0.09836065573770493,0.26229508196721313,0.06557377049180328,0.13114754098360656,0.2295081967213115
late,0.07288466908684725,0.13962580284836637,0.057246579167830214,0.11058363585590618,0.10974588103881598,0.2703155543144373,0.06422786931024854,0.17537000837754818
let,0.08996222959826028,0.16859333867460227,0.06329403685475564,0.11743161268169854,0.15726221815268399,0.11205219182785854,0.08755865857845944,0.20384571363168136
us,0.08105912930474334,0.17376001732726878,0.05349794238683128,0.12491877842755036,0.1595191682910981,0.10472168074507256,0.08127572016460906,0.2212475633528265
buildings,0.1056547619047619,0.15029761904761904,0.06547619047619048,0.11607142857142856,0.16220238095238093,0.12202380952380952,0.06547619047619048,0.21279761904761904
expenses,0.11991434689507496,0.16809421841541755,0.04925053533190578,0.04925053533190578,0.1252676659528908,0.10599571734475376,0.06102783725910064,0.32119914346895073
c.,0.08328192473781616,0.1647131400370142,0.07094386181369525,0.10240592227020359,0.15052436767427516,0.11227637260950032,0.07772979642196175,0.23812461443553362
ten,0.10405972935137658,0.18572095193653756,0.06066262249183388,0.11899206719552029,0.13859076061595893,0.10125991600559962,0.081661222585161,0.20905272981801215
st.,0.06728172817281727,0.1638163816381638,0.11566156615661566,0.1035103510351035,0.14873987398739874,0.0855085508550855,0.06480648064806481,0.25067506750675067
peter,0.08395522388059702,0.1623134328358209,0.04664179104477612,0.13992537313432835,0.1380597014925373,0.09328358208955224,0.061567164179104475,0.27425373134328357
rome,0.09200343938091142,0.17196904557179707,0.055889939810834045,0.14832330180567496,0.13155631986242475,0.10060189165950127,0.07308684436801374,0.22656921754084264
nine,0.0950920245398773,0.1503067484662577,0.0950920245398773,0.08588957055214726,0.12883435582822086,0.13190184049079756,0.08588957055214726,0.22699386503067487
palace,0.09447236180904522,0.1708542713567839,0.054271356783919596,0.12663316582914572,0.15477386934673368,0.10854271356783919,0.06834170854271357,0.2221105527638191
versailles,0.13,0.16000000000000003,0.060000000000000005,0.15000000000000002,0.11000000000000001,0.13,0.08000000000000002,0.18000000000000002
safe,0.061362454498179925,0.11336453458138326,0.0405616224648986,0.08632345293811754,0.25533021320852833,0.07592303692147685,0.05460218408736349,0.312532501300052
hundred,0.08869987849331713,0.1701093560145808,0.060449574726609966,0.12150668286755772,0.1391251518833536,0.11148238153098419,0.07806804374240583,0.23055893074119077
six,0.0881057268722467,0.1762114537444934,0.0578980490874764,0.11264946507237258,0.1422278162366268,0.12334801762114539,0.0723725613593455,0.22718691000629332
spend,0.08497536945812807,0.2229064039408867,0.03817733990147783,0.06157635467980296,0.19334975369458127,0.06773399014778325,0.1169950738916256,0.21428571428571427
seeing,0.10186757215619693,0.16808149405772493,0.06044142614601019,0.1395585738539898,0.1398981324278438,0.11544991511035653,0.08251273344651952,0.19219015280135823
london,0.07473544973544974,0.1941137566137566,0.053571428571428575,0.083994708994709,0.16832010582010581,0.10119047619047619,0.082010582010582,0.24206349206349204
paris,0.09070294784580499,0.17006802721088438,0.05366591080876795,0.11866969009826152,0.14814814814814814,0.10657596371882086,0.08616780045351473,0.22600151171579744
east,0.08875219683655536,0.1836555360281195,0.05711775043936731,0.1265377855887522,0.1546572934973638,0.11599297012302284,0.07644991212653779,0.1968365553602812
chapter,0.09890109890109891,0.17328825021132713,0.06508875739644972,0.11327134404057483,0.1411665257819104,0.12848689771766697,0.07185122569737955,0.2079459002535926
leaving,0.09325771896660363,0.164461247637051,0.07057340894770006,0.14114681789540012,0.12854442344045366,0.1550094517958412,0.07246376811594202,0.17454316320100816
new,0.07745494667157043,0.1910996689959544,0.04972416329532917,0.10981978668628173,0.16035307098197868,0.0928282456785583,0.07694005148951821,0.24178006620080914
york,0.07100591715976332,0.17836010143702452,0.056635672020287416,0.12003381234150466,0.1293322062552832,0.08706677937447169,0.07438715131022824,0.28317836010143704
henry,0.0915982312065698,0.14718888186986734,0.09791535060012635,0.11181301326595074,0.13708149084017687,0.09349336702463676,0.07643714466203412,0.24447252053063803
board,0.06857142857142857,0.3157142857142857,0.05857142857142857,0.09999999999999999,0.13142857142857142,0.08142857142857142,0.08,0.16428571428571428
sail,0.10079575596816977,0.22015915119363397,0.05570291777188329,0.116710875331565,0.17506631299734748,0.08222811671087533,0.08222811671087533,0.16710875331564987
hour,0.08811854988092088,0.18602804974861073,0.0590103201905266,0.12146070388991796,0.1574490605980418,0.11722677957131517,0.0846784863720561,0.18602804974861073
approaching,0.09580838323353294,0.29940119760479045,0.05748502994011977,0.13652694610778443,0.09820359281437127,0.09580838323353294,0.07065868263473055,0.14610778443113775
sight,0.09556979660072443,0.16578434104207299,0.06993591529674002,0.14182223460573976,0.14098634717191416,0.1295625522429646,0.09139035943159654,0.1649484536082474
land,0.0932396839332748,0.16611062335381913,0.06409130816505706,0.13028972783143106,0.16962247585601403,0.10816505706760315,0.07831431079894643,0.19016681299385424
ireland,0.08148148148148147,0.17037037037037034,0.06296296296296296,0.09999999999999999,0.15185185185185185,0.07777777777777777,0.07407407407407407,0.28148148148148144
incidents,0.03389830508474576,0.20338983050847456,0.03389830508474576,0.03389830508474576,0.2711864406779661,0.10169491525423728,0.06779661016949153,0.2542372881355932
5,0.12772585669781933,0.17757009345794392,0.08099688473520249,0.12149532710280374,0.16199376947040497,0.07165109034267912,0.07476635514018691,0.1838006230529595
letters,0.08056872037914693,0.18720379146919433,0.06082148499210111,0.08609794628751975,0.16666666666666666,0.08767772511848342,0.08293838862559241,0.2480252764612954
clock,0.06040268456375839,0.35906040268456374,0.03355704697986577,0.09060402684563759,0.14093959731543623,0.09395973154362416,0.09060402684563759,0.13087248322147652
chester,0.08071748878923768,0.1883408071748879,0.08071748878923768,0.10762331838565023,0.13901345291479822,0.09417040358744395,0.09417040358744395,0.21524663677130046
name,0.07773553020701308,0.16307562315166876,0.0574566962399662,0.11082946063934655,0.1643430502746092,0.09449373327700322,0.07646810308407265,0.2555978031263202
pavements,0.1081081081081081,0.08108108108108107,0.1081081081081081,0.08108108108108107,0.16216216216216214,0.13513513513513511,0.1081081081081081,0.2162162162162162
cathedral,0.06473829201101929,0.10881542699724518,0.038567493112947666,0.06336088154269973,0.3030303030303031,0.06749311294765842,0.06336088154269973,0.29063360881542705
walls,0.09900596421471174,0.15149105367793242,0.06520874751491054,0.13280318091451293,0.1598409542743539,0.12007952286282307,0.07117296222664017,0.20039761431411532
shakespeare,0.10738255033557047,0.19463087248322147,0.05033557046979866,0.15771812080536912,0.1174496644295302,0.14093959731543623,0.05033557046979866,0.18120805369127518
grave,0.06856754921928039,0.12219959266802445,0.04718262050237611,0.21486761710794297,0.11812627291242363,0.2226748133061779,0.05770536320434488,0.14867617107942974
warwick,0.1764705882352941,0.2549019607843137,0.039215686274509796,0.1764705882352941,0.1176470588235294,0.0980392156862745,0.019607843137254898,0.1176470588235294
castle,0.09983498349834984,0.15099009900990099,0.09405940594059405,0.13696369636963696,0.12046204620462045,0.11386138613861385,0.066006600660066,0.21782178217821782
coventry,0.11320754716981132,0.26415094339622647,0.0,0.03773584905660377,0.22641509433962265,0.03773584905660377,0.07547169811320754,0.24528301886792453
promenade,0.04761904761904762,0.2142857142857143,0.02380952380952381,0.07142857142857142,0.2619047619047619,0.04761904761904762,0.07142857142857142,0.2619047619047619
fine,0.07865771812080537,0.17261744966442952,0.054496644295302016,0.0985234899328859,0.18577181208053692,0.09664429530201343,0.0934228187919463,0.21986577181208053
oxford,0.07214206437291898,0.1853496115427303,0.05660377358490567,0.0921198668146504,0.16426193118756938,0.11098779134295228,0.08879023307436182,0.2297447280799112
houses,0.0982783357245337,0.15136298421807745,0.06456241032998565,0.12051649928263987,0.15853658536585363,0.14347202295552366,0.07101865136298421,0.1922525107604017
westminster,0.08750000000000002,0.12500000000000003,0.1,0.08125,0.14375000000000002,0.10625000000000001,0.06875,0.28750000000000003
abbey,0.09751037344398339,0.15975103734439833,0.06431535269709543,0.11203319502074688,0.15767634854771784,0.10788381742738588,0.07261410788381742,0.22821576763485477
sunday,0.055769230769230765,0.21153846153846154,0.038461538461538464,0.057692307692307696,0.2076923076923077,0.06538461538461537,0.07884615384615384,0.2846153846153846
park,0.08303249097472923,0.15703971119133572,0.04693140794223826,0.09747292418772562,0.17689530685920576,0.10108303249097472,0.07581227436823103,0.26173285198555957
radical,0.10788381742738588,0.15352697095435683,0.06224066390041494,0.14107883817427386,0.0995850622406639,0.058091286307053944,0.07468879668049792,0.3029045643153527
meeting,0.08658256880733944,0.169151376146789,0.06708715596330275,0.11525229357798165,0.15825688073394495,0.09461009174311927,0.08772935779816514,0.2213302752293578
tower,0.08875739644970414,0.15976331360946744,0.06272189349112425,0.13372781065088757,0.13727810650887573,0.10650887573964497,0.07100591715976332,0.24023668639053256
railway,0.05960264900662252,0.19867549668874174,0.052980132450331126,0.06622516556291391,0.2052980132450331,0.07947019867549669,0.07947019867549669,0.2582781456953642
stations,0.09677419354838711,0.09677419354838711,0.03225806451612903,0.06451612903225806,0.25806451612903225,0.16129032258064516,0.09677419354838711,0.19354838709677422
social,0.07478753541076488,0.17960339943342776,0.0481586402266289,0.08895184135977337,0.18016997167138812,0.08668555240793202,0.07535410764872522,0.2662889518413598
habits,0.11807580174927114,0.15014577259475217,0.09037900874635568,0.12244897959183673,0.141399416909621,0.10641399416909621,0.07142857142857142,0.19970845481049562
warm,0.07158351409978307,0.1771511207519884,0.04483007953723788,0.0838756326825741,0.22848879248011564,0.0925524222704266,0.09038322487346347,0.21113521330441065
boulevards,0.09677419354838711,0.10752688172043011,0.06451612903225806,0.07526881720430109,0.24731182795698925,0.10752688172043011,0.08602150537634409,0.21505376344086022
passages,0.11931818181818181,0.13352272727272727,0.0625,0.1278409090909091,0.1278409090909091,0.10227272727272728,0.07386363636363635,0.2528409090909091
palais,0.09090909090909091,0.1688311688311688,0.051948051948051945,0.07792207792207792,0.19480519480519481,0.06493506493506493,0.06493506493506493,0.2857142857142857
royal,0.08952837729816147,0.16147082334132695,0.05195843325339728,0.11510791366906475,0.1750599520383693,0.08872901678657075,0.0671462829736211,0.2509992006394884
windows,0.09354413702239789,0.1646903820816864,0.06587615283267458,0.10803689064558629,0.18577075098814227,0.14756258234519104,0.06719367588932806,0.1673254281949934
cafe,0.028985507246376812,0.17391304347826086,0.043478260869565216,0.014492753623188406,0.2898550724637681,0.07246376811594203,0.08695652173913043,0.2898550724637681
modern,0.07741251325556733,0.16702014846235416,0.048250265111346766,0.11134676564156945,0.16702014846235416,0.10392364793213149,0.088016967126193,0.23700954400848356
civilization,0.07834101382488479,0.14055299539170507,0.04377880184331797,0.10829493087557603,0.14516129032258063,0.08525345622119815,0.06451612903225806,0.33410138248847926
champs,0.048387096774193554,0.20967741935483872,0.03225806451612903,0.048387096774193554,0.3225806451612903,0.06451612903225806,0.06451612903225806,0.20967741935483872
elysees,0.05555555555555555,0.2222222222222222,0.037037037037037035,0.05555555555555555,0.2962962962962963,0.07407407407407407,0.07407407407407407,0.18518518518518517
de,0.09801164892548705,0.15685880698935528,0.0672825868648323,0.12753564972886122,0.12472384012853989,0.09339224743924483,0.06848764812211287,0.2637075718015666
exhibition,0.08,0.21600000000000003,0.07200000000000001,0.104,0.15200000000000002,0.12000000000000001,0.08,0.17600000000000002
place,0.09251774005209736,0.16509476331626693,0.060001796460971875,0.1199137698733495,0.15135183688134374,0.1131770412287793,0.07886463666576843,0.21907841552142276
la,0.10743801652892562,0.1528925619834711,0.05785123966942149,0.11432506887052343,0.11570247933884298,0.10192837465564739,0.08402203856749313,0.26584022038567495
concorde,0.13888888888888887,0.13888888888888887,0.05555555555555555,0.1111111111111111,0.19444444444444445,0.08333333333333333,0.05555555555555555,0.2222222222222222
obelisk,0.037037037037037035,0.14814814814814814,0.037037037037037035,0.07407407407407407,0.2592592592592593,0.037037037037037035,0.037037037037037035,0.37037037037037035
garden,0.06211453744493393,0.14977973568281938,0.05110132158590308,0.08105726872246696,0.3185022026431718,0.08325991189427313,0.07797356828193833,0.1762114537444934
tuileries,0.0575,0.18500000000000003,0.0325,0.09250000000000001,0.17500000000000002,0.065,0.07250000000000001,0.32000000000000006
arch,0.1022222222222222,0.15111111111111108,0.05777777777777777,0.12444444444444444,0.1822222222222222,0.1022222222222222,0.08,0.2
triumph,0.06621160409556315,0.24573378839590446,0.04436860068259386,0.08122866894197953,0.26075085324232083,0.07986348122866894,0.06621160409556315,0.15563139931740613
arches,0.06666666666666667,0.16296296296296295,0.029629629629629627,0.11851851851851851,0.19259259259259257,0.1037037037037037,0.05185185185185185,0.274074074074074
tomb,0.08912188728702489,0.13892529488859762,0.06159895150720838,0.10615989515072083,0.14678899082568808,0.24901703800786368,0.0602883355176933,0.14809960681520312
napoleon,0.09628378378378379,0.17736486486486486,0.0625,0.13682432432432434,0.13006756756756757,0.10472972972972973,0.03547297297297297,0.25675675675675674
notre,0.1639344262295082,0.09836065573770493,0.13114754098360656,0.03278688524590164,0.18032786885245905,0.049180327868852465,0.01639344262295082,0.3278688524590164
dame,0.17482517482517482,0.11188811188811189,0.13286713286713286,0.04195804195804195,0.1608391608391608,0.055944055944055944,0.03496503496503496,0.2867132867132867
louvre,0.0625,0.1875,0.09375,0.0625,0.28125,0.0625,0.0625,0.1875
operas,0.0990990990990991,0.17117117117117117,0.04504504504504504,0.12612612612612611,0.14414414414414414,0.15315315315315314,0.05405405405405405,0.20720720720720717
ball,0.06554621848739495,0.1630252100840336,0.08067226890756302,0.08235294117647059,0.20504201680672268,0.0907563025210084,0.10756302521008403,0.20504201680672268
