,anger,anticipation,disgust,fear,joy,sadness,surprise,trust
project,0.12227805695142378,0.16973757677275264,0.0463428252372976,0.048576214405360134,0.11166945840312675,0.07146845337800112,0.01786711334450028,0.4120603015075377
gutenberg,0.08163265306122448,0.23809523809523808,0.03854875283446712,0.05215419501133787,0.10430839002267574,0.10430839002267574,0.006802721088435374,0.3741496598639456
valerius,0.09073724007561436,0.15879017013232513,0.062381852551984876,0.12476370510396975,0.15122873345935728,0.11342155009451796,0.0945179584120983,0.2041587901701323
roman,0.06724137931034482,0.18448275862068964,0.05862068965517241,0.13448275862068965,0.13275862068965516,0.13103448275862067,0.07931034482758621,0.21206896551724136
story,0.064,0.18000000000000002,0.052,0.11200000000000002,0.196,0.11200000000000002,0.07200000000000001,0.21200000000000002
use,0.12064965197215777,0.21577726218097448,0.0788863109048724,0.07424593967517401,0.18329466357308585,0.05104408352668213,0.03248259860788864,0.24361948955916474
almost,0.0645973154362416,0.1996644295302013,0.044463087248322146,0.10570469798657717,0.16526845637583892,0.11241610738255031,0.08305369127516778,0.22483221476510062
whatsoever,0.027777777777777776,0.25,0.05555555555555555,0.08333333333333333,0.2222222222222222,0.08333333333333333,0.0,0.2777777777777778
may,0.08054452637549632,0.17555303460011346,0.060408394781622236,0.09472490073737946,0.1545660805445264,0.10550198525241067,0.08054452637549632,0.24815655133295522
copy,0.0695499707773232,0.22969023962594973,0.06370543541788427,0.055523085914669784,0.16481589713617767,0.05961426066627703,0.08123904149620105,0.27586206896551724
give,0.081008100810081,0.1773177317731773,0.0567056705670567,0.11971197119711971,0.1521152115211521,0.10711071107110709,0.0855085508550855,0.2205220522052205
away,0.10119047619047619,0.17410714285714285,0.0625,0.13988095238095238,0.12648809523809523,0.13392857142857142,0.07142857142857142,0.19047619047619047
terms,0.11853448275862066,0.1293103448275862,0.036637931034482756,0.0689655172413793,0.15517241379310343,0.049568965517241374,0.058189655172413784,0.3836206896551724
license,0.10980392156862746,0.21960784313725493,0.05490196078431373,0.09803921568627452,0.13333333333333333,0.08627450980392157,0.0392156862745098,0.25882352941176473
http,0.012048192771084336,0.2289156626506024,0.0,0.048192771084337345,0.24096385542168675,0.0,0.0,0.4698795180722891
set,0.10869565217391304,0.17527173913043478,0.048913043478260865,0.0923913043478261,0.15081521739130435,0.09375,0.07744565217391304,0.25271739130434784
start,0.06666666666666667,0.3925925925925926,0.03703703703703704,0.0962962962962963,0.11851851851851851,0.05185185185185186,0.059259259259259255,0.17777777777777778
new,0.08125819134993448,0.22804718217562256,0.04456094364351246,0.10222804718217562,0.1402359108781127,0.09960681520314549,0.06946264744429884,0.2346002621231979
book,0.0641304347826087,0.22499999999999998,0.05326086956521738,0.08043478260869565,0.17282608695652174,0.075,0.09565217391304347,0.23369565217391305
chapter,0.09615384615384616,0.21153846153846154,0.07692307692307693,0.09615384615384616,0.13461538461538464,0.11538461538461539,0.07692307692307693,0.19230769230769232
since,0.08440629470672388,0.18884120171673818,0.05436337625178826,0.12017167381974247,0.14592274678111586,0.12017167381974247,0.07582260371959942,0.21030042918454933
desirous,0.08333333333333333,0.20138888888888887,0.034722222222222224,0.06944444444444445,0.1875,0.10416666666666667,0.09027777777777778,0.22916666666666666
friends,0.08743169398907104,0.15482695810564662,0.051001821493624776,0.11657559198542805,0.14936247723132967,0.11657559198542805,0.08561020036429873,0.23861566484517302
length,0.0744336569579288,0.18284789644012944,0.043689320388349516,0.11812297734627832,0.1650485436893204,0.10841423948220064,0.0825242718446602,0.2249190938511327
order,0.08806818181818181,0.17045454545454544,0.04971590909090908,0.12642045454545453,0.16051136363636362,0.10795454545454544,0.06534090909090909,0.2315340909090909
things,0.0960960960960961,0.15990990990990991,0.059309309309309305,0.12012012012012012,0.1493993993993994,0.10885885885885886,0.07357357357357357,0.23273273273273273
happened,0.104,0.18400000000000002,0.07200000000000001,0.168,0.11200000000000002,0.11200000000000002,0.104,0.14400000000000002
journey,0.0358974358974359,0.25641025641025644,0.025641025641025644,0.19743589743589746,0.23333333333333334,0.06923076923076923,0.038461538461538464,0.1435897435897436
rome,0.08571428571428573,0.16470588235294117,0.04705882352941177,0.1142857142857143,0.17142857142857146,0.10420168067226893,0.08739495798319329,0.22521008403361345
notwithstanding,0.1223021582733813,0.17985611510791366,0.050359712230215826,0.1726618705035971,0.0935251798561151,0.15827338129496402,0.06474820143884892,0.15827338129496402
pain,0.06081081081081081,0.12837837837837837,0.013513513513513513,0.22297297297297297,0.11486486486486487,0.22297297297297297,0.06081081081081081,0.17567567567567566
must,0.08839050131926121,0.1723834652594547,0.055408970976253295,0.11301671064204047,0.1424802110817942,0.11081794195250659,0.08047493403693931,0.2370272647317502
throw,0.08823529411764706,0.23529411764705882,0.0392156862745098,0.058823529411764705,0.19607843137254902,0.06862745098039216,0.11764705882352941,0.19607843137254902
back,0.09652509652509653,0.14285714285714285,0.08301158301158301,0.14478764478764478,0.13127413127413126,0.1274131274131274,0.06563706563706563,0.20849420849420847
feelings,0.08648648648648649,0.15675675675675677,0.07567567567567568,0.11891891891891893,0.16216216216216217,0.11891891891891893,0.08648648648648649,0.1945945945945946
time,0.06698853349426674,0.30567290283645143,0.041641520820760405,0.09535304767652383,0.12945081472540734,0.09625829812914906,0.08147254073627036,0.18316234158117078
refuse,0.10119047619047619,0.15476190476190474,0.06547619047619048,0.14285714285714285,0.125,0.13690476190476192,0.05952380952380953,0.21428571428571427
years,0.07814761215629522,0.17510853835021709,0.06078147612156295,0.1215629522431259,0.1577424023154848,0.11287988422575976,0.07091172214182344,0.22286541244573083
spent,0.08421052631578947,0.18947368421052632,0.042105263157894736,0.12631578947368421,0.15263157894736842,0.1105263157894737,0.08421052631578947,0.2105263157894737
remote,0.07352941176470588,0.19117647058823528,0.014705882352941175,0.10294117647058823,0.20588235294117646,0.16176470588235292,0.1323529411764706,0.1176470588235294
empire,0.13095238095238096,0.13095238095238096,0.07142857142857142,0.16666666666666669,0.10714285714285714,0.11904761904761905,0.07142857142857142,0.20238095238095238
happy,0.05641025641025641,0.27179487179487183,0.0358974358974359,0.06666666666666667,0.22051282051282053,0.046153846153846156,0.05128205128205129,0.2512820512820513
part,0.0947103274559194,0.16221662468513853,0.05390428211586902,0.1198992443324937,0.15768261964735517,0.11335012594458439,0.08463476070528968,0.21360201511335014
protection,0.03225806451612903,0.19354838709677422,0.06451612903225806,0.09677419354838711,0.12903225806451613,0.16129032258064518,0.06451612903225806,0.25806451612903225
remember,0.035175879396984924,0.20100502512562812,0.035175879396984924,0.08291457286432159,0.23366834170854267,0.0778894472361809,0.08291457286432159,0.25125628140703515
far,0.086053412462908,0.15281899109792285,0.06379821958456973,0.12759643916913946,0.1572700296735905,0.11721068249258158,0.06824925816023739,0.22700296735905043
occurred,0.06481481481481483,0.16666666666666666,0.0462962962962963,0.16666666666666666,0.12962962962962965,0.1388888888888889,0.07407407407407407,0.21296296296296297
months,0.09142857142857143,0.2,0.04000000000000001,0.12571428571428572,0.17714285714285716,0.10285714285714287,0.09142857142857143,0.17142857142857143
ago,0.06306306306306307,0.21621621621621623,0.04504504504504505,0.08558558558558559,0.16216216216216217,0.10810810810810811,0.08108108108108109,0.23873873873873874
particulars,0.029411764705882356,0.23529411764705885,0.029411764705882356,0.08823529411764706,0.1911764705882353,0.0735294117647059,0.11764705882352942,0.23529411764705885
saw,0.08269720101781171,0.18002544529262085,0.04961832061068702,0.11386768447837149,0.16030534351145037,0.10305343511450382,0.0960559796437659,0.2143765903307888
heard,0.09986033519553073,0.1717877094972067,0.05097765363128492,0.111731843575419,0.15712290502793297,0.12220670391061453,0.09916201117318436,0.1871508379888268
young,0.05495004541326068,0.22479564032697547,0.03678474114441417,0.07674841053587649,0.22388737511353315,0.06948228882833787,0.15985467756584923,0.15349682107175297
stranger,0.0759493670886076,0.14767932489451477,0.029535864978902957,0.30801687763713076,0.11392405063291139,0.0759493670886076,0.10126582278481013,0.14767932489451477
among,0.0993831391363948,0.15901302261823166,0.05757368060315285,0.12816997943797123,0.14667580534612748,0.11377655928718301,0.0712816997943797,0.2241261137765593
capital,0.06713780918727916,0.20848056537102475,0.028268551236749116,0.09187279151943463,0.176678445229682,0.10247349823321554,0.088339222614841,0.23674911660777384
world,0.07927927927927927,0.1747747747747748,0.06306306306306306,0.12072072072072071,0.15855855855855855,0.1153153153153153,0.09369369369369368,0.1945945945945946
yet,0.07847840986977381,0.17374914324880053,0.05140507196710075,0.1172035640849897,0.16141192597669635,0.11686086360520904,0.08293351610692255,0.21795750514050719
recovered,0.14583333333333334,0.125,0.10416666666666667,0.1875,0.08333333333333333,0.125,0.125,0.10416666666666667
effects,0.0990990990990991,0.15315315315315317,0.02702702702702703,0.11711711711711711,0.20720720720720723,0.11711711711711711,0.0990990990990991,0.1801801801801802
last,0.09890859481582538,0.18758526603001366,0.06821282401091405,0.11391541609822646,0.13710777626193724,0.10709413369713507,0.08321964529331513,0.20395634379263303
father,0.07084785133565621,0.1521486643437863,0.04878048780487805,0.09291521486643438,0.1440185830429733,0.09872241579558652,0.0743321718931475,0.31823461091753774
came,0.10497981157469717,0.1857335127860027,0.05518169582772544,0.13728129205921938,0.13862718707940783,0.11305518169582773,0.08209959623149395,0.18304172274562586
island,0.11475409836065573,0.14754098360655735,0.016393442622950817,0.0983606557377049,0.180327868852459,0.13114754098360654,0.08196721311475409,0.22950819672131145
lady,0.0740343347639485,0.16738197424892703,0.05901287553648068,0.09227467811158799,0.17274678111587982,0.12017167381974249,0.08369098712446352,0.23068669527896996
native,0.11340206185567009,0.14432989690721648,0.06185567010309278,0.09278350515463916,0.15463917525773194,0.10309278350515463,0.10309278350515463,0.22680412371134018
blood,0.1219047619047619,0.15619047619047619,0.09523809523809525,0.12952380952380954,0.14666666666666667,0.12380952380952381,0.05904761904761905,0.1676190476190476
first,0.07233551365909965,0.2100808003078107,0.049634474797999234,0.10388611004232398,0.15544440169295884,0.10042323970757985,0.07348980377068104,0.23470565602154678
arrival,0.04571428571428571,0.3771428571428571,0.04,0.07428571428571427,0.1257142857142857,0.09142857142857141,0.07428571428571427,0.17142857142857143
vespasian,0.17567567567567566,0.1081081081081081,0.08108108108108107,0.16216216216216214,0.1081081081081081,0.13513513513513514,0.040540540540540536,0.1891891891891892
titus,0.1869918699186992,0.1056910569105691,0.13008130081300812,0.15447154471544713,0.06504065040650406,0.17073170731707318,0.03252032520325203,0.15447154471544713
fortune,0.048888888888888885,0.2,0.035555555555555556,0.05333333333333334,0.1822222222222222,0.05333333333333334,0.1822222222222222,0.24444444444444444
find,0.07859531772575251,0.1822742474916388,0.05518394648829432,0.09698996655518395,0.17725752508361206,0.08193979933110368,0.08193979933110368,0.24581939799331107
general,0.06855439642324888,0.12369597615499256,0.06110283159463487,0.07600596125186289,0.11773472429210134,0.08345752608047691,0.05961251862891208,0.4098360655737705
recalled,0.11904761904761905,0.16666666666666669,0.07142857142857142,0.14285714285714285,0.11904761904761905,0.11904761904761905,0.09523809523809523,0.16666666666666669
domitian,0.14492753623188406,0.12318840579710146,0.09420289855072463,0.1956521739130435,0.09420289855072463,0.13768115942028986,0.050724637681159424,0.15942028985507245
retired,0.11504424778761062,0.1415929203539823,0.07964601769911504,0.1415929203539823,0.11504424778761062,0.10619469026548674,0.035398230088495575,0.26548672566371684
public,0.036130536130536135,0.5431235431235432,0.02505827505827506,0.051864801864801864,0.09032634032634032,0.051864801864801864,0.04836829836829837,0.15326340326340326
life,0.08717948717948718,0.1750915750915751,0.07326007326007326,0.11208791208791209,0.14505494505494507,0.10256410256410256,0.08351648351648351,0.22124542124542126
determined,0.07758620689655173,0.2155172413793104,0.060344827586206906,0.08620689655172414,0.13793103448275862,0.11206896551724138,0.060344827586206906,0.25
days,0.0867430441898527,0.20294599018003273,0.03764320785597381,0.07528641571194762,0.1734860883797054,0.09492635024549917,0.09328968903436988,0.23567921440261863
peace,0.0683453237410072,0.21582733812949642,0.03956834532374101,0.07913669064748202,0.22661870503597126,0.0827338129496403,0.05035971223021583,0.23741007194244607
right,0.1053159478435306,0.18254764292878636,0.054162487462387165,0.09528585757271817,0.14242728184553663,0.12036108324974926,0.06619859578736209,0.23370110330992983
wife,0.03424657534246575,0.21232876712328766,0.03424657534246575,0.0958904109589041,0.18493150684931506,0.0958904109589041,0.06164383561643835,0.28082191780821913
britain,0.07920792079207921,0.1831683168316832,0.034653465346534656,0.11386138613861388,0.17821782178217824,0.09405940594059406,0.09405940594059406,0.22277227722772278
laid,0.09415584415584416,0.20129870129870134,0.048701298701298704,0.12662337662337664,0.13961038961038963,0.13311688311688313,0.07142857142857144,0.18506493506493507
house,0.06153846153846154,0.18307692307692308,0.06923076923076923,0.11076923076923077,0.16,0.08307692307692308,0.07846153846153847,0.25384615384615383
pleasure,0.07142857142857142,0.1768707482993197,0.05102040816326531,0.08843537414965985,0.1904761904761905,0.07482993197278912,0.10884353741496598,0.23809523809523808
receiving,0.07092198581560284,0.2222222222222222,0.028368794326241134,0.06382978723404255,0.2198581560283688,0.06382978723404255,0.15130023640661938,0.1796690307328605
fields,0.06666666666666667,0.2,0.03333333333333333,0.08333333333333334,0.16666666666666669,0.11666666666666667,0.13333333333333333,0.2
education,0.030769230769230767,0.1846153846153846,0.015384615384615384,0.07692307692307693,0.2153846153846154,0.07692307692307693,0.12307692307692307,0.2769230769230769
found,0.043010752688172046,0.12962962962962962,0.029868578255675033,0.07765830346475508,0.26463560334528075,0.07287933094384706,0.05555555555555555,0.3267622461170848
sufficient,0.06648936170212766,0.1835106382978723,0.05053191489361702,0.12234042553191489,0.15159574468085105,0.12234042553191489,0.10106382978723404,0.20212765957446807
active,0.07407407407407408,0.17777777777777778,0.07407407407407408,0.059259259259259255,0.2,0.08148148148148147,0.1111111111111111,0.2222222222222222
though,0.10784313725490197,0.13725490196078433,0.0522875816993464,0.1241830065359477,0.16339869281045752,0.1568627450980392,0.06209150326797385,0.19607843137254902
longer,0.08130081300813008,0.16260162601626016,0.04878048780487805,0.12601626016260165,0.15853658536585366,0.12601626016260165,0.07317073170731707,0.22357723577235772
ambitious,0.07317073170731708,0.17073170731707318,0.07317073170731708,0.04878048780487805,0.1951219512195122,0.14634146341463417,0.07317073170731708,0.21951219512195122
mind,0.08062234794908063,0.16690240452616692,0.0693069306930693,0.11173974540311174,0.16124469589816126,0.10749646393210749,0.09618104667609619,0.2065063649222065
early,0.04878048780487805,0.23035230352303523,0.03794037940379404,0.07859078590785908,0.2140921409214092,0.07859078590785908,0.09485094850948508,0.21680216802168023
reign,0.043478260869565216,0.15217391304347827,0.10869565217391305,0.08695652173913043,0.1956521739130435,0.08695652173913043,0.08695652173913043,0.2391304347826087
trajan,0.11081794195250662,0.11609498680738788,0.10817941952506598,0.14511873350923485,0.11345646437994725,0.13720316622691295,0.05804749340369394,0.2110817941952507
died,0.0816326530612245,0.17346938775510207,0.04081632653061225,0.10204081632653063,0.163265306122449,0.1326530612244898,0.09183673469387756,0.2142857142857143
never,0.09055118110236221,0.15223097112860892,0.06496062992125985,0.10433070866141733,0.16535433070866143,0.10433070866141733,0.0872703412073491,0.2309711286089239
either,0.09358974358974359,0.158974358974359,0.057692307692307696,0.11794871794871796,0.15256410256410255,0.12307692307692308,0.07435897435897436,0.22179487179487178
british,0.09615384615384616,0.15384615384615385,0.049999999999999996,0.12692307692307692,0.1423076923076923,0.0846153846153846,0.06538461538461539,0.2807692307692307
dwelling,0.12429378531073446,0.11864406779661017,0.0903954802259887,0.1694915254237288,0.1016949152542373,0.17514124293785313,0.06779661016949153,0.15254237288135594
generous,0.05223880597014926,0.1417910447761194,0.06716417910447761,0.11194029850746269,0.21641791044776118,0.06716417910447761,0.10447761194029852,0.23880597014925373
master,0.09024745269286755,0.16448326055312953,0.05822416302765648,0.0975254730713246,0.16302765647743814,0.08588064046579331,0.08296943231441048,0.2576419213973799
regret,0.012820512820512822,0.1858974358974359,0.006410256410256411,0.0576923076923077,0.1730769230769231,0.26282051282051283,0.10256410256410257,0.19871794871794876
accident,0.0303030303030303,0.13636363636363635,0.0303030303030303,0.19696969696969696,0.09090909090909091,0.21212121212121213,0.19696969696969696,0.10606060606060606
immediately,0.07809523809523809,0.3028571428571429,0.05047619047619048,0.10380952380952381,0.11619047619047618,0.09142857142857143,0.06666666666666667,0.1904761904761905
afterwards,0.06542056074766354,0.21028037383177567,0.04672897196261682,0.09813084112149531,0.14018691588785046,0.1308411214953271,0.08411214953271028,0.22429906542056072
separated,0.08474576271186442,0.1864406779661017,0.05084745762711865,0.11864406779661019,0.16949152542372883,0.11864406779661019,0.08474576271186442,0.1864406779661017
gentle,0.08196721311475409,0.17213114754098358,0.06557377049180327,0.0901639344262295,0.17213114754098358,0.0983606557377049,0.0983606557377049,0.22131147540983603
see,0.07757404795486601,0.1763046544428773,0.0613540197461213,0.1156558533145275,0.15514809590973203,0.11354019746121298,0.08110014104372357,0.21932299012693937
upon,0.0772833723653396,0.19686768149882905,0.053571428571428575,0.0971896955503513,0.1674473067915691,0.09836065573770493,0.08269906323185013,0.22658079625292743
earth,0.11311053984575833,0.14395886889460152,0.07969151670951156,0.1568123393316195,0.13110539845758354,0.12853470437017994,0.05912596401028277,0.1876606683804627
deeply,0.057471264367816084,0.17241379310344826,0.03448275862068965,0.1379310344827586,0.2183908045977011,0.1264367816091954,0.09195402298850573,0.16091954022988506
happiness,0.0684931506849315,0.2328767123287671,0.0821917808219178,0.0410958904109589,0.22602739726027396,0.08904109589041094,0.04794520547945205,0.21232876712328766
returning,0.06185567010309279,0.16494845360824745,0.07216494845360827,0.11340206185567012,0.154639175257732,0.10309278350515466,0.09278350515463919,0.23711340206185572
hour,0.06465517241379311,0.1896551724137931,0.04454022988505747,0.10632183908045978,0.14224137931034483,0.11206896551724138,0.08908045977011494,0.2514367816091954
stained,0.046511627906976744,0.16279069767441862,0.09302325581395349,0.06976744186046512,0.20930232558139536,0.11627906976744187,0.06976744186046512,0.23255813953488375
common,0.0749279538904899,0.18443804034582129,0.05187319884726224,0.08069164265129682,0.16426512968299709,0.10374639769452448,0.060518731988472615,0.2795389048991354
rule,0.047619047619047616,0.12698412698412698,0.047619047619047616,0.25396825396825395,0.14285714285714285,0.09523809523809523,0.031746031746031744,0.25396825396825395
nature,0.07714285714285714,0.18,0.054285714285714284,0.09714285714285714,0.17714285714285716,0.11714285714285713,0.09142857142857141,0.2057142857142857
parents,0.06666666666666667,0.03333333333333333,0.06666666666666667,0.16666666666666669,0.2,0.06666666666666667,0.03333333333333333,0.36666666666666664
us,0.07802807704864512,0.1851126346718903,0.048645119164218084,0.10839046686255306,0.1632386549134835,0.10610512569376428,0.08684296441397324,0.22363695723147242
grave,0.06214689265536723,0.0903954802259887,0.03954802259887006,0.24293785310734464,0.0903954802259887,0.2768361581920904,0.03954802259887006,0.15819209039548024
also,0.08951965065502182,0.17394468704512372,0.06550218340611352,0.10917030567685589,0.16375545851528384,0.09898107714701601,0.07860262008733623,0.22052401746724887
grief,0.09278350515463916,0.134020618556701,0.07216494845360824,0.1649484536082474,0.10309278350515463,0.25773195876288657,0.06185567010309278,0.11340206185567009
power,0.08611111111111111,0.125,0.05555555555555556,0.14444444444444443,0.15833333333333333,0.1277777777777778,0.07222222222222222,0.23055555555555557
prevent,0.0449438202247191,0.1797752808988764,0.0449438202247191,0.25842696629213485,0.10112359550561799,0.06741573033707866,0.06741573033707866,0.2359550561797753
entering,0.057291666666666664,0.15104166666666666,0.041666666666666664,0.11458333333333333,0.171875,0.09375,0.057291666666666664,0.3125
gone,0.08839779005524862,0.18232044198895028,0.04972375690607735,0.17127071823204423,0.11602209944751382,0.11602209944751382,0.0718232044198895,0.20441988950276246
participation,0.0625,0.14583333333333334,0.0625,0.14583333333333334,0.14583333333333334,0.125,0.0625,0.25
business,0.07272727272727271,0.15,0.059090909090909076,0.10909090909090907,0.15,0.10909090909090907,0.07727272727272727,0.2727272727272727
pleasures,0.026315789473684206,0.15789473684210525,0.026315789473684206,0.21052631578947364,0.18421052631578946,0.13157894736842105,0.07894736842105263,0.18421052631578946
memory,0.07234042553191489,0.2085106382978723,0.008510638297872339,0.10212765957446807,0.19999999999999996,0.07234042553191489,0.10638297872340426,0.22978723404255316
buried,0.04132231404958678,0.11570247933884298,0.04958677685950413,0.2066115702479339,0.10743801652892561,0.2809917355371901,0.06611570247933883,0.13223140495867766
ever,0.08727810650887576,0.1723372781065089,0.05029585798816569,0.1161242603550296,0.17381656804733728,0.1198224852071006,0.08653846153846155,0.19378698224852073
anon,0.07291666666666667,0.16666666666666666,0.03125,0.11458333333333333,0.1875,0.125,0.15625,0.14583333333333334
rather,0.07262569832402234,0.17458100558659215,0.06075418994413408,0.09357541899441339,0.18156424581005587,0.09636871508379888,0.07751396648044692,0.2430167597765363
contemplation,0.06249999999999999,0.18749999999999997,0.0546875,0.11718749999999999,0.21875,0.11718749999999999,0.08593749999999999,0.15625
towards,0.07685009487666034,0.18690702087286526,0.052182163187855776,0.1081593927893738,0.15180265654648956,0.09392789373814041,0.08254269449715369,0.24762808349146107
end,0.07508532423208192,0.15699658703071673,0.05460750853242321,0.12627986348122866,0.1626848691695108,0.11604095563139932,0.0739476678043231,0.23435722411831628
following,0.09514563106796116,0.22135922330097088,0.05825242718446602,0.10097087378640776,0.11262135922330097,0.09708737864077671,0.05436893203883496,0.26019417475728157
death,0.13673139158576053,0.15129449838187703,0.12297734627831715,0.16262135922330098,0.063915857605178,0.14967637540453074,0.10760517799352752,0.10517799352750809
arrived,0.03246753246753247,0.24025974025974028,0.025974025974025976,0.1168831168831169,0.16883116883116883,0.11038961038961041,0.08441558441558442,0.22077922077922082
engaged,0.03939962476547842,0.22326454033771104,0.03189493433395872,0.06003752345215759,0.2195121951219512,0.061913696060037514,0.08255159474671668,0.2814258911819887
anxious,0.06012658227848101,0.28481012658227844,0.03481012658227848,0.2151898734177215,0.11708860759493671,0.06012658227848101,0.050632911392405056,0.17721518987341772
family,0.059190031152647975,0.19626168224299065,0.052959501557632405,0.102803738317757,0.15576323987538943,0.09345794392523364,0.07788161993769471,0.2616822429906542
none,0.07027027027027027,0.16756756756756758,0.03783783783783784,0.13513513513513514,0.1891891891891892,0.0918918918918919,0.05945945945945946,0.24864864864864866
mother,0.05333333333333334,0.1822222222222222,0.05333333333333334,0.08222222222222222,0.19333333333333333,0.17111111111111113,0.035555555555555556,0.2288888888888889
seen,0.07439104674127715,0.1816984858459513,0.04937458854509546,0.10796576695194207,0.16392363396971693,0.12113232389730086,0.07768268597761686,0.2238314680710994
caius,0.10185185185185185,0.1527777777777778,0.07407407407407407,0.12962962962962965,0.1388888888888889,0.12962962962962965,0.0925925925925926,0.18055555555555555
licinius,0.08662900188323917,0.1958568738229755,0.05649717514124294,0.08851224105461393,0.1807909604519774,0.09227871939736346,0.08097928436911488,0.21845574387947267
near,0.09288824383164006,0.18287373004354138,0.05079825834542816,0.11756168359941946,0.1509433962264151,0.10740203193033383,0.07547169811320754,0.2220609579100145
certain,0.07801418439716312,0.1607565011820331,0.06855791962174941,0.11229314420803783,0.1607565011820331,0.1099290780141844,0.08983451536643025,0.2198581560283688
patrician,0.07142857142857142,0.1857142857142857,0.0857142857142857,0.14285714285714285,0.1571428571428571,0.12857142857142856,0.057142857142857134,0.1714285714285714
name,0.07802197802197804,0.16813186813186815,0.04835164835164835,0.1098901098901099,0.15714285714285714,0.08351648351648351,0.07692307692307693,0.27802197802197803
become,0.1016393442622951,0.15737704918032788,0.0819672131147541,0.11475409836065574,0.1475409836065574,0.11475409836065574,0.07540983606557378,0.20655737704918034
considerable,0.07088607594936708,0.1924050632911392,0.0430379746835443,0.11139240506329112,0.15696202531645567,0.10126582278481011,0.08354430379746834,0.24050632911392403
take,0.07199297629499561,0.1940298507462687,0.05004389815627744,0.09657594381035997,0.15452151009657594,0.10008779631255488,0.10535557506584725,0.2273924495171203
possession,0.17715617715617715,0.13986013986013987,0.1655011655011655,0.17715617715617715,0.10023310023310024,0.046620046620046623,0.04195804195804196,0.15151515151515152
immediate,0.11904761904761905,0.1755952380952381,0.08333333333333334,0.13392857142857142,0.10416666666666666,0.13690476190476192,0.06845238095238096,0.17857142857142858
presence,0.09221902017291067,0.1527377521613833,0.07204610951008647,0.11815561959654179,0.15561959654178675,0.10086455331412104,0.08933717579250722,0.21902017291066284
said,0.08876560332871013,0.15593421834753315,0.058846839706756485,0.12740241727759063,0.1539528432732316,0.11551416683178126,0.07430156528630869,0.22528234594808796
indeed,0.07687614399023794,0.1659548505186089,0.05186089078706528,0.1177547284929835,0.162294081757169,0.10616229408175716,0.07809640024405125,0.24100061012812687
called,0.06086956521739131,0.19130434782608696,0.05217391304347826,0.08260869565217391,0.1855072463768116,0.10144927536231883,0.0753623188405797,0.25072463768115943
question,0.06343283582089553,0.19029850746268653,0.0503731343283582,0.09514925373134327,0.17164179104477612,0.08395522388059701,0.09141791044776118,0.2537313432835821
another,0.08035714285714286,0.18482142857142858,0.058035714285714295,0.11875000000000001,0.15357142857142858,0.10892857142857143,0.08839285714285715,0.20714285714285713
spot,0.06299212598425197,0.17060367454068243,0.04199475065616798,0.11811023622047244,0.1784776902887139,0.11548556430446194,0.09711286089238845,0.2152230971128609
exertions,0.07462686567164178,0.208955223880597,0.029850746268656712,0.07462686567164178,0.16417910447761191,0.059701492537313425,0.08955223880597014,0.29850746268656714
whatever,0.075,0.14166666666666666,0.058333333333333334,0.10416666666666667,0.125,0.15416666666666667,0.075,0.26666666666666666
interest,0.0796812749003984,0.14741035856573706,0.0597609561752988,0.11155378486055777,0.1553784860557769,0.08366533864541832,0.11553784860557767,0.24701195219123506
could,0.08890214797136038,0.1694510739856802,0.057875894988066834,0.11873508353221957,0.1551312649164678,0.11694510739856802,0.07667064439140812,0.21628878281622912
command,0.1021505376344086,0.1774193548387097,0.06989247311827956,0.12903225806451613,0.11290322580645161,0.0913978494623656,0.0913978494623656,0.22580645161290322
service,0.07053941908713693,0.17427385892116182,0.045643153526970945,0.09128630705394189,0.15352697095435683,0.10373443983402489,0.06639004149377592,0.29460580912863066
sake,0.09018567639257295,0.1830238726790451,0.050397877984084884,0.12201591511936341,0.15649867374005308,0.09814323607427057,0.08488063660477453,0.21485411140583555
love,0.08209959623149393,0.15746971736204574,0.04441453566621803,0.09959623149394346,0.2624495289367429,0.08882907133243606,0.06729475100942127,0.1978465679676985
excited,0.07894736842105263,0.20526315789473684,0.057894736842105256,0.06315789473684211,0.17368421052631577,0.08947368421052632,0.1473684210526316,0.18421052631578946
bosom,0.08579881656804735,0.14792899408284027,0.044378698224852076,0.13905325443786984,0.16863905325443787,0.13905325443786984,0.09763313609467457,0.1775147928994083
knew,0.11171662125340599,0.1362397820163488,0.05994550408719346,0.13079019073569484,0.1335149863760218,0.14986376021798364,0.07901907356948229,0.1989100817438692
soon,0.0815677966101695,0.1853813559322034,0.04449152542372881,0.12182203389830508,0.15360169491525424,0.11228813559322035,0.08792372881355932,0.2129237288135593
italy,0.07865168539325842,0.20224719101123592,0.04494382022471909,0.1235955056179775,0.13483146067415727,0.11235955056179774,0.07865168539325842,0.22471910112359547
delights,0.08888888888888888,0.11111111111111112,0.08888888888888888,0.11111111111111112,0.2,0.06666666666666667,0.15555555555555556,0.17777777777777776
might,0.0827027027027027,0.18702702702702703,0.05243243243243244,0.12486486486486487,0.1475675675675676,0.10972972972972975,0.07675675675675676,0.21891891891891893
hope,0.04290909090909091,0.20654545454545456,0.029090909090909094,0.07272727272727274,0.2,0.06981818181818182,0.14254545454545453,0.23636363636363636
imagination,0.07017543859649122,0.21052631578947367,0.05263157894736842,0.07017543859649122,0.1754385964912281,0.10526315789473684,0.10526315789473684,0.21052631578947367
dark,0.07142857142857142,0.11607142857142856,0.07142857142857142,0.09642857142857142,0.13035714285714284,0.29821428571428565,0.060714285714285714,0.15535714285714283
banks,0.05960264900662252,0.19205298013245034,0.05960264900662252,0.0728476821192053,0.2119205298013245,0.11920529801324505,0.09933774834437087,0.18543046357615897
shall,0.07050173010380623,0.19506920415224913,0.044117647058823525,0.10207612456747404,0.1626297577854671,0.08693771626297576,0.09385813148788925,0.24480968858131485
tiber,0.07692307692307693,0.12820512820512822,0.05128205128205128,0.07692307692307693,0.1794871794871795,0.20512820512820512,0.07692307692307693,0.20512820512820512
many,0.07765830346475508,0.16786140979689368,0.05017921146953405,0.11648745519713262,0.17264038231780165,0.10752688172043011,0.08482676224611709,0.2228195937873357
poets,0.06578947368421054,0.15789473684210528,0.05263157894736842,0.17105263157894737,0.13157894736842107,0.15789473684210528,0.05263157894736842,0.21052631578947367
sung,0.08771929824561404,0.1754385964912281,0.05263157894736842,0.05263157894736842,0.19298245614035087,0.1754385964912281,0.05263157894736842,0.21052631578947367
instead,0.10087719298245615,0.16666666666666666,0.07894736842105263,0.10087719298245615,0.13157894736842105,0.10526315789473684,0.07456140350877194,0.24122807017543857
moving,0.1388888888888889,0.12037037037037036,0.0462962962962963,0.16666666666666666,0.08333333333333333,0.16666666666666666,0.10185185185185185,0.17592592592592593
seeing,0.06982543640897755,0.1845386533665835,0.034912718204488775,0.13466334164588525,0.15710723192019949,0.10972568578553614,0.08977556109725685,0.21945137157107228
barbarians,0.14285714285714288,0.0892857142857143,0.053571428571428575,0.0892857142857143,0.14285714285714288,0.2142857142857143,0.0892857142857143,0.1785714285714286
one,0.07632371170533027,0.17460598547901543,0.052240127501328136,0.1096157251638038,0.15919957499557288,0.10359482911280327,0.0867717372055959,0.2376483088365504
hand,0.0916463909164639,0.18653690186536903,0.055150040551500405,0.11678832116788321,0.15247364152473641,0.10624493106244931,0.08759124087591241,0.20356853203568534
ground,0.06890130353817504,0.15083798882681565,0.06517690875232775,0.08752327746741154,0.11359404096834264,0.08193668528864059,0.0595903165735568,0.37243947858473003
romans,0.1568627450980392,0.13725490196078433,0.09803921568627451,0.09803921568627451,0.11764705882352941,0.1568627450980392,0.0392156862745098,0.19607843137254902
gown,0.09090909090909091,0.19696969696969696,0.045454545454545456,0.12878787878787878,0.15151515151515152,0.11363636363636363,0.09090909090909091,0.18181818181818182
behold,0.07746478873239437,0.147887323943662,0.07042253521126761,0.13380281690140847,0.19014084507042256,0.08450704225352114,0.07746478873239437,0.21830985915492962
forum,0.05769230769230768,0.22115384615384615,0.02884615384615384,0.11538461538461536,0.16346153846153844,0.1346153846153846,0.07692307692307691,0.2019230769230769
eloquence,0.07499999999999998,0.12499999999999999,0.024999999999999994,0.12499999999999999,0.14999999999999997,0.14999999999999997,0.09999999999999998,0.24999999999999997
ascend,0.0909090909090909,0.1590909090909091,0.0,0.1590909090909091,0.1818181818181818,0.0909090909090909,0.0909090909090909,0.22727272727272727
capitol,0.10810810810810811,0.10810810810810811,0.02702702702702703,0.16216216216216217,0.13513513513513514,0.10810810810810811,0.05405405405405406,0.2972972972972973
cã¦sar,0.1465798045602606,0.14332247557003258,0.08469055374592833,0.16938110749185667,0.09120521172638438,0.13355048859934854,0.07166123778501629,0.15960912052117263
wander,0.125,0.10416666666666667,0.0625,0.14583333333333334,0.125,0.16666666666666666,0.125,0.14583333333333334
luxurious,0.05882352941176471,0.08823529411764706,0.05882352941176471,0.05882352941176471,0.3823529411764706,0.11764705882352942,0.05882352941176471,0.17647058823529413
gardens,0.08910891089108909,0.1584158415841584,0.05445544554455445,0.12376237623762375,0.20792079207920788,0.10396039603960394,0.05445544554455445,0.20792079207920788
fresh,0.06250000000000001,0.19375000000000003,0.05625000000000001,0.05625000000000001,0.20625000000000002,0.08125,0.08125,0.2625
air,0.08729139922978178,0.1861360718870347,0.04878048780487805,0.12066752246469835,0.15789473684210528,0.11681643132220797,0.07830551989730425,0.20410783055198975
gaze,0.05263157894736842,0.16374269005847955,0.029239766081871347,0.1286549707602339,0.1695906432748538,0.10526315789473684,0.14619883040935674,0.2046783625730994
open,0.07560137457044673,0.1563573883161512,0.061855670103092786,0.12714776632302405,0.1563573883161512,0.11512027491408934,0.0859106529209622,0.22164948453608246
eyes,0.08321377331420374,0.17360114777618366,0.06025824964131995,0.1133428981348637,0.16571018651362984,0.11764705882352941,0.07819225251076041,0.20803443328550936
art,0.025821596244131457,0.2190923317683881,0.0297339593114241,0.03990610328638498,0.22535211267605634,0.16979655712050076,0.1643192488262911,0.12597809076682315
able,0.08627450980392157,0.17254901960784313,0.06862745098039215,0.1215686274509804,0.15098039215686276,0.10784313725490195,0.09607843137254901,0.19607843137254904
together,0.07913669064748201,0.17446043165467626,0.0539568345323741,0.1079136690647482,0.1726618705035971,0.10071942446043165,0.0737410071942446,0.23741007194244604
seat,0.11728395061728394,0.14814814814814814,0.10493827160493828,0.10493827160493828,0.16049382716049382,0.09876543209876543,0.04938271604938271,0.21604938271604937
wisdom,0.05504587155963304,0.18348623853211013,0.02752293577981652,0.08256880733944955,0.2018348623853211,0.08256880733944955,0.05504587155963304,0.31192660550458723
single,0.06185567010309278,0.21649484536082472,0.03092783505154639,0.09278350515463916,0.1649484536082474,0.11340206185567009,0.07216494845360824,0.24742268041237112
slave,0.15,0.11666666666666667,0.029166666666666667,0.15833333333333333,0.11666666666666667,0.18333333333333332,0.07083333333333333,0.175
accompany,0.05319148936170213,0.24468085106382978,0.010638297872340424,0.09574468085106383,0.14893617021276595,0.14893617021276595,0.08510638297872339,0.2127659574468085
certainly,0.04575163398692811,0.19607843137254902,0.04575163398692811,0.09150326797385622,0.1699346405228758,0.11764705882352941,0.09150326797385622,0.24183006535947713
account,0.05163511187607574,0.16179001721170397,0.04302925989672978,0.0774526678141136,0.13080895008605853,0.08605851979345956,0.06884681583476765,0.38037865748709127
boto,0.07380073800738007,0.18450184501845018,0.04059040590405903,0.1143911439114391,0.15129151291512913,0.1143911439114391,0.09963099630996308,0.2214022140221402
duty,0.0547945205479452,0.21004566210045664,0.0365296803652968,0.136986301369863,0.15525114155251143,0.0958904109589041,0.0867579908675799,0.2237442922374429
although,0.07857733664185278,0.16790736145574855,0.0554177005789909,0.11827956989247311,0.1588089330024814,0.10421836228287841,0.076095947063689,0.24069478908188585
lived,0.06818181818181818,0.19696969696969696,0.045454545454545456,0.09090909090909091,0.14393939393939392,0.13636363636363635,0.08333333333333333,0.23484848484848486
scarcely,0.07399794450154162,0.14902363823227135,0.04008221993833505,0.09455292908530319,0.1408016443987667,0.24665981500513876,0.08221993833504626,0.17266187050359713
person,0.11093990755007703,0.1802773497688752,0.0662557781201849,0.08628659476117104,0.14175654853620956,0.09090909090909091,0.07704160246533127,0.2465331278890601
within,0.08751608751608753,0.18725868725868725,0.04568854568854569,0.10424710424710425,0.16602316602316602,0.11068211068211069,0.08687258687258688,0.21171171171171171
spoke,0.056818181818181816,0.16477272727272724,0.04545454545454545,0.0909090909090909,0.17613636363636362,0.10227272727272727,0.06818181818181818,0.2954545454545454
worse,0.08421052631578947,0.1473684210526316,0.08421052631578947,0.16842105263157894,0.10526315789473685,0.2105263157894737,0.06315789473684211,0.1368421052631579
however,0.09019165727170238,0.1781285231116122,0.054114994363021425,0.12175873731679822,0.13190529875986473,0.12570462232243518,0.08173618940248029,0.2164599774520857
man,0.10110584518167456,0.1570300157977883,0.0679304897314376,0.1377567140600316,0.13238546603475512,0.12132701421800948,0.07993680884676145,0.20252764612954186
natural,0.08542713567839195,0.17336683417085424,0.047738693467336675,0.10552763819095476,0.1557788944723618,0.12311557788944721,0.08793969849246229,0.2211055276381909
concerning,0.085995085995086,0.18181818181818185,0.03931203931203931,0.11547911547911548,0.15724815724815724,0.10810810810810811,0.09582309582309582,0.21621621621621623
fallen,0.09000000000000001,0.19000000000000003,0.04,0.14000000000000004,0.19000000000000003,0.12000000000000002,0.06000000000000001,0.17000000000000004
customary,0.10256410256410256,0.05128205128205128,0.15384615384615385,0.1794871794871795,0.12820512820512822,0.1794871794871795,0.05128205128205128,0.15384615384615385
observation,0.11111111111111112,0.22222222222222224,0.04444444444444444,0.24444444444444444,0.08888888888888888,0.04444444444444444,0.11111111111111112,0.13333333333333333
shewed,0.0625,0.1730769230769231,0.043269230769230775,0.125,0.16826923076923078,0.13461538461538464,0.11057692307692309,0.1826923076923077
