,anger,anticipation,disgust,fear,joy,sadness,surprise,trust
project,0.12376838979619381,0.1694560669456067,0.048994466189769194,0.04777972735861789,0.10446753947901201,0.07484140909704413,0.01788365501417195,0.4128087461195843
gutenberg,0.08777194298574645,0.22980745186296575,0.04676169042260566,0.05076269067266817,0.07701925481370343,0.1137784446111528,0.01650412603150788,0.37759439859964994
ebook,0.06746861924686194,0.19351464435146448,0.05334728033472804,0.06746861924686194,0.1134937238493724,0.07949790794979081,0.03922594142259415,0.3859832635983264
mystery,0.057843996494303246,0.2778264680105171,0.040315512708150744,0.08851884312007012,0.10955302366345311,0.07887817703768624,0.2147239263803681,0.13234005258545137
sea,0.08877840909090909,0.1749526515151515,0.06652462121212122,0.1396780303030303,0.13825757575757575,0.13210227272727273,0.08546401515151514,0.17424242424242425
use,0.11501868841318381,0.1860346585117227,0.0762827047230717,0.09225280326197757,0.16326877336051648,0.07951070336391437,0.05385660890248046,0.23377505946313284
anyone,0.1076923076923077,0.17115384615384616,0.07115384615384615,0.12307692307692307,0.10384615384615385,0.10384615384615385,0.04615384615384615,0.27307692307692305
anywhere,0.07692307692307693,0.19230769230769232,0.04807692307692308,0.09615384615384616,0.07692307692307693,0.18269230769230768,0.10576923076923077,0.22115384615384615
almost,0.09706298099575938,0.16773990890529292,0.06847809015234806,0.12674729071776347,0.1481074289304225,0.12643317103816556,0.07271870582692005,0.19271242343332812
may,0.09784656111591915,0.1666242427327801,0.06918495138217176,0.11103191976785623,0.1434607748307285,0.1061955913047905,0.06857404673420557,0.23708191213154814
copy,0.1821008984105045,0.10815480304077402,0.08223911541119558,0.0694540428472702,0.04906703524533518,0.07187284035936421,0.02971665514858328,0.40739460953697304
give,0.08383770455054922,0.1796682358215647,0.05592916386460435,0.10154673839946202,0.15433759246805648,0.10603003810804754,0.08058731226182471,0.23806321452589105
away,0.10359766434356751,0.16961763043887737,0.07167074778677716,0.13712563571294029,0.13298172913919756,0.12092672819740063,0.07185910717649274,0.19222075720474666
terms,0.11606648199445986,0.13518005540166206,0.044044321329639896,0.0703601108033241,0.13102493074792246,0.051246537396121894,0.04709141274238228,0.4049861495844876
license,0.10674429888403689,0.2212518195050946,0.05822416302765648,0.08879184861717614,0.12372634643377001,0.08685104318292092,0.03784570596797671,0.2765647743813683
2,0.07142857142857144,0.17532467532467533,0.05519480519480519,0.08831168831168831,0.14415584415584418,0.17012987012987013,0.07922077922077922,0.21623376623376622
english,0.08411428571428572,0.16777142857142857,0.04228571428571429,0.10537142857142857,0.16434285714285715,0.09348571428571428,0.06834285714285715,0.2742857142857143
character,0.08763121862163396,0.16385212231857602,0.04837973528069376,0.1008671839342766,0.1547238703788225,0.10314924691921498,0.08215426745778184,0.2592423550890005
set,0.11301417941878422,0.1575178997613365,0.05531377228695774,0.11694510739856802,0.14277691983714727,0.09897515091955636,0.06135055454162572,0.25410641583602417
start,0.05612722170252572,0.3985032740879326,0.028999064546304958,0.07857811038353602,0.10570626753975677,0.06080449017773621,0.06735266604303088,0.20392890551917683
produced,0.0989632422243167,0.16305372290292178,0.06927426955702168,0.12676720075400566,0.14231856738925544,0.09660697455230914,0.08623939679547597,0.21677662582469368
distributed,0.060150375939849635,0.2599355531686359,0.04833512352309346,0.09237379162191194,0.12030075187969927,0.054779806659505915,0.030075187969924817,0.3340494092373792
made,0.09782971619365609,0.17384529771841958,0.07117417918753478,0.12598775737340012,0.14691151919866444,0.10005564830272677,0.07429048414023373,0.2099053978853645
new,0.07684057304834138,0.19275262391787332,0.04497050486478205,0.1043438290048265,0.17896269056921785,0.09652953344058839,0.07170765341300851,0.2338925917413622
e.,0.033112582781456956,0.24503311258278146,0.033112582781456956,0.06622516556291391,0.25165562913907286,0.056291390728476824,0.04304635761589404,0.271523178807947
real,0.07307171853856563,0.14343707713125844,0.04871447902571042,0.08930987821380243,0.13576905728461883,0.08705457825890843,0.06675687866486242,0.3558863328822733
woods,0.07317073170731707,0.15475189234650968,0.05046257359125315,0.12447434819175777,0.16316232127838518,0.12111017661900755,0.13877207737594616,0.17409587888982336
alone,0.08835859400193487,0.15511125443405352,0.07674943566591422,0.12221863914866173,0.14995162850693328,0.12286359238955177,0.08190906159303452,0.20283779425991616
right,0.12123513034674764,0.1603391546443938,0.05289800050620095,0.10566945077195646,0.12996709693748415,0.11680587193115666,0.07694254619083775,0.23614274867122245
way,0.09283387622149837,0.17143464098569608,0.06642118680073644,0.12137091063588727,0.14721710805834867,0.10812916017561251,0.07959212576122363,0.213000991360997
jack,0.09501915708812261,0.1839080459770115,0.06590038314176246,0.10574712643678161,0.15249042145593872,0.08659003831417625,0.09501915708812261,0.21532567049808432
love,0.05444816053511706,0.142876254180602,0.040802675585284276,0.07973244147157191,0.35023411371237456,0.08013377926421406,0.06675585284280937,0.18501672240802675
's,0.08988031559240439,0.16515110992243914,0.07115873228135865,0.11909935811714362,0.15014041187483282,0.10863533030221983,0.07772800213960952,0.21820673976999197
marriage,0.05142083897158322,0.23680649526387007,0.043301759133964814,0.07104194857916103,0.2334235453315291,0.061569688768606225,0.037889039242219216,0.2645466847090663
forest,0.11111111111111112,0.14841849148418493,0.0575831305758313,0.14598540145985403,0.1492295214922952,0.12570965125709652,0.0746147607461476,0.1873479318734793
london,0.07495069033530571,0.19132149901380668,0.06607495069033531,0.1272189349112426,0.1301775147928994,0.10157790927021695,0.0650887573964497,0.24358974358974358
rights,0.08052708638360176,0.16691068814055635,0.048316251830161056,0.11566617862371889,0.1390922401171303,0.08052708638360176,0.05417276720351391,0.31478770131771594
copyright,0.09700815956482323,0.1903898458748867,0.0915684496826836,0.04895738893925658,0.05258386219401632,0.0915684496826836,0.0018132366273798733,0.4261106074342702
united,0.04092687330725249,0.2025278362925068,0.02858862473668372,0.09148359915738791,0.08727053866987662,0.056274450797472175,0.0331026181161601,0.45982545892266025
states,0.05875831485587583,0.18052475979305246,0.05099778270509977,0.11289726533628973,0.09220251293422024,0.0868440502586844,0.035846267553584624,0.38192904656319293
america,0.08026030368763558,0.20065075921908898,0.0455531453362256,0.10303687635574837,0.1626898047722343,0.11171366594360088,0.06616052060737528,0.22993492407809116
loving,0.03825857519788918,0.13852242744063326,0.027704485488126648,0.06068601583113457,0.31662269129287596,0.05672823218997362,0.06068601583113457,0.30079155672823216
loyal,0.04276985743380855,0.10183299389002036,0.03054989816700611,0.164969450101833,0.2016293279022403,0.034623217922606926,0.14867617107942974,0.274949083503055
friends,0.07568483479243153,0.18808246258119177,0.051397910194860216,0.10590228748940979,0.179610279582039,0.0912171702908783,0.08924032759107597,0.21886472747811356
win,0.08414239482200649,0.17961165048543692,0.06148867313915858,0.11326860841423948,0.1634304207119741,0.0970873786407767,0.1051779935275081,0.19579288025889968
learn,0.07731958762886598,0.19759450171821302,0.04037800687285223,0.09965635738831614,0.17783505154639173,0.07646048109965635,0.08934707903780069,0.24140893470790378
secrets,0.12921348314606743,0.16853932584269662,0.10674157303370786,0.1348314606741573,0.08426966292134831,0.12359550561797752,0.10674157303370786,0.14606741573033707
gather,0.06741573033707865,0.19662921348314605,0.05056179775280899,0.1348314606741573,0.15168539325842698,0.0898876404494382,0.11235955056179776,0.19662921348314605
ane,0.11904761904761904,0.21428571428571425,0.11904761904761904,0.14285714285714285,0.07142857142857142,0.09523809523809523,0.16666666666666666,0.07142857142857142
weirds,0.07894736842105263,0.21052631578947367,0.07894736842105263,0.10526315789473684,0.13157894736842105,0.10526315789473684,0.15789473684210525,0.13157894736842105
three,0.09523042217209152,0.176603287141476,0.06268127618433773,0.12471801482436352,0.14147599097647437,0.11231066709635835,0.07315501127940702,0.21382533032549145
gowden,0.08108108108108109,0.1891891891891892,0.08108108108108109,0.10810810810810811,0.10810810810810811,0.10810810810810811,0.16216216216216217,0.16216216216216217
moon,0.07270233196159122,0.18930041152263372,0.05624142661179698,0.1056241426611797,0.1879286694101509,0.09190672153635117,0.09327846364883402,0.2030178326474623
tide,0.10208333333333332,0.17291666666666664,0.06666666666666665,0.14270833333333333,0.12291666666666665,0.16145833333333331,0.06979166666666665,0.16145833333333331
lammas,0.06410256410256411,0.1923076923076923,0.06410256410256411,0.14102564102564102,0.10256410256410256,0.1794871794871795,0.12820512820512822,0.12820512820512822
floods,0.08333333333333333,0.19999999999999996,0.06666666666666665,0.16666666666666666,0.06666666666666665,0.16666666666666666,0.11666666666666665,0.1333333333333333
spell,0.10498687664041995,0.16535433070866143,0.06036745406824147,0.10236220472440945,0.17060367454068243,0.09186351706036745,0.09711286089238845,0.2073490813648294
mon,0.1320754716981132,0.18867924528301888,0.07547169811320754,0.1509433962264151,0.07547169811320754,0.1509433962264151,0.11320754716981131,0.11320754716981131
wi,0.08333333333333334,0.15625,0.10416666666666667,0.125,0.10416666666666667,0.15625,0.11458333333333334,0.15625
death,0.1433749496576722,0.15515505436971408,0.12565445026178013,0.16502215062424488,0.0531614981876762,0.15394683850181232,0.12021747885622232,0.08346757954087797
chapter,0.08470537261698441,0.15532928942807628,0.04397746967071057,0.09163778162911614,0.15272963604852688,0.12240034662045063,0.13106585788561526,0.21815424610051995
page,0.09327217125382263,0.1353211009174312,0.04510703363914373,0.13379204892966362,0.14067278287461774,0.11314984709480122,0.09021406727828746,0.2484709480122324
second,0.10135135135135136,0.1862934362934363,0.06756756756756757,0.13175675675675677,0.12886100386100385,0.10472972972972973,0.06732625482625483,0.2121138996138996
sight,0.10332238043081417,0.1551661190215407,0.07630522088353413,0.14421321650237312,0.13581599123767799,0.1303395399780942,0.09200438116100766,0.162833150784958
3,0.05708245243128965,0.1543340380549683,0.0725863284002819,0.06342494714587739,0.14023960535588442,0.23467230443974632,0.054263565891472874,0.22339675828047922
gormala,0.09283819628647214,0.22811671087533156,0.0636604774535809,0.15649867374005305,0.11405835543766578,0.09283819628647214,0.10079575596816977,0.15119363395225463
doom,0.09,0.12,0.07,0.42,0.06,0.06,0.11,0.07
ends,0.08450704225352113,0.1752738654147105,0.0594679186228482,0.1298904538341158,0.16431924882629106,0.11267605633802816,0.07198748043818466,0.20187793427230047
earth,0.0708580262818861,0.16619427982478743,0.07163102293223395,0.12574078845658335,0.17469724297861375,0.10126256119556815,0.0760113372842051,0.2136047410461221
run,0.099609375,0.19140625,0.06054687500000001,0.12825520833333334,0.15625,0.099609375,0.07552083333333333,0.18880208333333334
beach,0.08333333333333333,0.13888888888888887,0.046296296296296294,0.14814814814814814,0.35185185185185186,0.09259259259259259,0.046296296296296294,0.09259259259259259
secret,0.0760122230710466,0.12375859434682965,0.05042016806722689,0.11229946524064172,0.11688311688311688,0.09090909090909091,0.058823529411764705,0.3708938120702827
writing,0.0849971477467199,0.19566457501426127,0.046776953793496855,0.1038220193953223,0.14318311466058184,0.10211066742726754,0.07472903593839132,0.24871648602395893
clear,0.08460698689956332,0.15775109170305676,0.05786026200873363,0.12336244541484714,0.16102620087336245,0.11517467248908296,0.0824235807860262,0.21779475982532753
cipher,0.04098360655737705,0.23770491803278687,0.036885245901639344,0.11475409836065575,0.12704918032786885,0.09836065573770492,0.0778688524590164,0.26639344262295084
ride,0.10197368421052631,0.1907894736842105,0.06907894736842105,0.12171052631578948,0.12828947368421054,0.13157894736842105,0.07236842105263158,0.1842105263157895
mountains,0.11310084825636192,0.15645617342130066,0.061262959472196045,0.15739868049010367,0.13760603204524036,0.1357210179076343,0.058435438265786996,0.18001885014137606
dinner,0.07228915662650602,0.23945783132530118,0.06626506024096385,0.10240963855421686,0.15210843373493974,0.08433734939759036,0.07078313253012047,0.21234939759036142
party,0.11845930232558138,0.14280523255813954,0.07049418604651163,0.13226744186046513,0.1177325581395349,0.1177325581395349,0.07848837209302326,0.2220203488372093
sam,0.1503267973856209,0.1372549019607843,0.058823529411764705,0.1568627450980392,0.14052287581699346,0.08169934640522876,0.058823529411764705,0.21568627450980393
adams,0.06557377049180327,0.21311475409836064,0.0273224043715847,0.08196721311475409,0.19672131147540983,0.0546448087431694,0.08743169398907104,0.27322404371584696
task,0.09291338582677165,0.17007874015748034,0.07559055118110236,0.13228346456692913,0.15275590551181104,0.11181102362204724,0.06299212598425198,0.20157480314960632
one,0.09400411044589402,0.16723259762308998,0.06686176391743365,0.12744616209454027,0.14496023590385132,0.10767581091948888,0.07588687338039496,0.21593244571530695
name,0.07579646685791938,0.1636720519402084,0.05858372338819267,0.12698173033368565,0.15385776838290807,0.0884795409935075,0.05752680054356033,0.2751019175600181
old,0.08364240243564904,0.1680044284528093,0.06958206476612233,0.11846111264876832,0.1585386105729311,0.11132023249377249,0.07528369775809576,0.21516745087185163
far,0.08407486959189936,0.17413316968395212,0.055078244860386615,0.12611230438784904,0.15710340595274622,0.11429886468241791,0.07318195765572261,0.21601718318502605
west,0.0867924528301887,0.18382749326145556,0.04474393530997305,0.13854447439353101,0.14609164420485177,0.08840970350404313,0.07385444743935311,0.2377358490566038
crom,0.07894736842105261,0.22807017543859648,0.06140350877192982,0.11403508771929824,0.09649122807017543,0.13157894736842105,0.07017543859649122,0.21929824561403508
castle,0.10256410256410259,0.1611721611721612,0.06410256410256411,0.1501831501831502,0.0750915750915751,0.1263736263736264,0.062271062271062286,0.25824175824175827
service,0.06944444444444445,0.1826923076923077,0.04772079772079773,0.08903133903133904,0.20014245014245016,0.08226495726495728,0.0608974358974359,0.2678062678062678
plan,0.06770833333333333,0.36874999999999997,0.04479166666666666,0.08749999999999998,0.10937499999999999,0.08854166666666666,0.04687499999999999,0.1864583333333333
whole,0.09606920625284565,0.16922142965548642,0.05843071786310518,0.1379572013962665,0.14979511306723325,0.10912126271057825,0.07133100622249204,0.20807406283199273
day,0.08277189605389798,0.18479307025986524,0.058469682386910485,0.10980109079242861,0.16514276547962783,0.10290343278793711,0.08461661854347129,0.2115014436958614
entrance,0.11666666666666665,0.15555555555555556,0.05555555555555556,0.18888888888888888,0.07222222222222223,0.12222222222222222,0.049999999999999996,0.23888888888888887
cavern,0.10588235294117646,0.12941176470588234,0.08235294117647059,0.1764705882352941,0.10588235294117646,0.12941176470588234,0.09411764705882353,0.1764705882352941
dark,0.07138842046093312,0.12788083192804947,0.053962900505902196,0.09724564362001124,0.11186059584035976,0.34654300168634067,0.0581787521079258,0.13293985385047782
monument,0.11637931034482758,0.17672413793103445,0.051724137931034475,0.10344827586206895,0.13793103448275862,0.06896551724137931,0.08189655172413793,0.26293103448275856
passage,0.11725663716814158,0.15154867256637167,0.07190265486725664,0.12831858407079644,0.13053097345132741,0.12721238938053095,0.07190265486725664,0.20132743362831856
marjory,0.08465608465608467,0.20861678004535145,0.039304610733182165,0.15192743764172334,0.13907785336356765,0.10733182161753589,0.0891912320483749,0.17989417989417988
lost,0.07829534192269574,0.13107036669970268,0.05624380574826561,0.10604558969276512,0.1082755203171457,0.30921704658077304,0.061446977205153616,0.1494053518334985
bernardino,0.07547169811320754,0.19496855345911948,0.012578616352201257,0.12578616352201258,0.1320754716981132,0.08805031446540881,0.04402515723270441,0.3270440251572327
pope,0.09330985915492958,0.18177816901408447,0.05941901408450704,0.11883802816901408,0.1465669014084507,0.0783450704225352,0.05589788732394366,0.2658450704225352
treasure,0.05257678292555961,0.24154086413326395,0.03331598125976055,0.08381051535658512,0.21759500260281106,0.05830296720458096,0.04216553878188444,0.27069234773555445
rising,0.06239067055393587,0.2629737609329446,0.04198250728862974,0.08688046647230321,0.2472303206997085,0.09737609329446065,0.07113702623906706,0.13002915451895045
round,0.09198195071155849,0.17979868101353697,0.06421381464769178,0.13224574800416522,0.14786532454009024,0.11627906976744187,0.08781673030197848,0.17979868101353697
duty,0.07916666666666666,0.16916666666666666,0.05583333333333334,0.13083333333333333,0.145,0.09833333333333333,0.06999999999999999,0.25166666666666665
wife,0.08158396946564885,0.1631679389312977,0.0579675572519084,0.11044847328244274,0.1736641221374046,0.11450381679389313,0.07585877862595419,0.22280534351145037
unexpected,0.043993231810490696,0.22504230118443316,0.03045685279187817,0.1692047377326565,0.19120135363790183,0.06260575296108291,0.17258883248730963,0.10490693739424703
trust,0.06399383191981495,0.14109483423284502,0.04780262143407864,0.09329221279876637,0.12875867386276021,0.06861989205859675,0.059367771781033155,0.39707016191210487
trove,0.08411214953271028,0.21495327102803738,0.02803738317757009,0.11214953271028036,0.21495327102803738,0.05607476635514018,0.037383177570093455,0.25233644859813087
struggle,0.19151756129887343,0.1166335321404904,0.04903909874088801,0.20874751491053678,0.07952286282306163,0.18290258449304173,0.043074884029158385,0.12856196156394964
honour,0.07197549770290965,0.15620214395099544,0.04900459418070445,0.1316998468606432,0.16692189892802453,0.09188361408882083,0.050535987748851464,0.28177641653905056
spaniard,0.0948905109489051,0.145985401459854,0.058394160583941604,0.14233576642335766,0.1386861313868613,0.14233576642335766,0.06204379562043796,0.21532846715328463
voice,0.09090909090909093,0.15613133794951978,0.05628769265132902,0.11882957337502793,0.16283225374134466,0.12128657583203038,0.0799642617824436,0.21375921375921378
dust,0.09124087591240876,0.14051094890510948,0.10401459854014597,0.12773722627737225,0.14781021897810218,0.14233576642335766,0.058394160583941604,0.18795620437956204
danger,0.08050089445438284,0.12999403697078116,0.0518783542039356,0.28324388789505067,0.0655933214072749,0.22719141323792488,0.04710793082886106,0.11449016100178891
speak,0.07501172058134083,0.1823722456633849,0.05250820440693858,0.11954992967651194,0.1514299109235818,0.10032817627754337,0.07501172058134083,0.2437880918893577
dunbuy,0.052631578947368425,0.31578947368421056,0.01754385964912281,0.1929824561403509,0.07017543859649124,0.08771929824561404,0.03508771929824562,0.2280701754385965
last,0.09515240130469015,0.17478348892138118,0.0654594533798223,0.1304690136092678,0.136879991002137,0.11843437183668878,0.07816893487796649,0.20065234506804636
help,0.08835457705677867,0.18424101969872536,0.06488991888760139,0.12108922363847044,0.16019698725376594,0.09154113557358053,0.07155272305909617,0.21813441483198145
eyes,0.08984594624985943,0.1581018778814798,0.07342853930057348,0.12346789609805464,0.15911390981670975,0.12268076014843134,0.08703474642977622,0.18632632407511523
dead,0.09609895337773548,0.1496986996511259,0.07136060894386298,0.1443070091975896,0.13479226133840785,0.13954963526799874,0.07136060894386298,0.19283222327941643
fog,0.11174785100286533,0.15759312320916904,0.0659025787965616,0.18051575931232092,0.09742120343839542,0.16905444126074495,0.08022922636103152,0.13753581661891115
skares,0.0983606557377049,0.16393442622950818,0.05737704918032786,0.20491803278688522,0.10655737704918032,0.1967213114754098,0.06557377049180327,0.10655737704918032
deep,0.08447380840018878,0.15950920245398775,0.07739499764039642,0.12647475224162344,0.16234072675790467,0.12458706937234547,0.07739499764039642,0.18782444549315716
arrived,0.08472012102874434,0.21331316187594554,0.046898638426626324,0.12102874432677763,0.12708018154311648,0.10287443267776099,0.07564296520423601,0.22844175491679275
cruden,0.050847457627118633,0.19491525423728812,0.0423728813559322,0.09322033898305083,0.16101694915254236,0.11016949152542371,0.15254237288135591,0.19491525423728812
bay,0.0782608695652174,0.17608695652173917,0.08695652173913045,0.10869565217391305,0.1739130434782609,0.14130434782608697,0.04782608695652174,0.18695652173913044
visit,0.061601642710472276,0.20465434633812457,0.05749486652977412,0.10746064339493497,0.1676933607118412,0.09924709103353867,0.07939767282683093,0.2224503764544832
late,0.06146788990825689,0.13623853211009176,0.05229357798165138,0.10504587155963305,0.10458715596330276,0.2866972477064221,0.054587155963302755,0.19908256880733946
breakfast,0.05602240896358543,0.2689075630252101,0.047619047619047616,0.0588235294117647,0.1680672268907563,0.10084033613445377,0.11204481792717086,0.1876750700280112
low,0.10254924681344149,0.152954808806489,0.07358053302433373,0.1245654692931634,0.1425260718424102,0.12282734646581694,0.07879490150637314,0.20220162224797222
wall,0.13528990694345025,0.1553328561202577,0.07730851825340015,0.1481746599856836,0.11524695776664282,0.11238367931281318,0.08017179670722979,0.17609162491052255
water,0.10599669906473501,0.16192921327709517,0.0812396845772969,0.1382725105446543,0.11810012836970475,0.13753896937465615,0.07408765816981477,0.18283513662204293
opposite,0.08666666666666667,0.1711111111111111,0.06444444444444444,0.14,0.13555555555555554,0.11333333333333334,0.1111111111111111,0.17777777777777778
across,0.10645879732739422,0.16258351893095768,0.06726057906458797,0.1514476614699332,0.13719376391982183,0.12115812917594657,0.07928730512249443,0.17461024498886416
road,0.09941207910208445,0.17477284874398716,0.06306787814003206,0.13949759486905397,0.13201496525921969,0.12185996793158738,0.0774986638161411,0.19187600213789416
standing,0.10534351145038166,0.1648854961832061,0.06793893129770992,0.13053435114503814,0.13740458015267173,0.10381679389312977,0.08549618320610687,0.20458015267175572
little,0.08364188740150004,0.16324883698851228,0.07837273331434538,0.11136428367986327,0.16904015949871828,0.10633247887591378,0.07671128833190922,0.2112883319092376
trees,0.08517495395948435,0.1643646408839779,0.06031307550644568,0.11049723756906077,0.18093922651933703,0.11187845303867405,0.08241252302025784,0.20441988950276246
place,0.09163303152612633,0.16853932584269662,0.05814334024217301,0.13777680811606852,0.1450856332497,0.1146503763499509,0.07145194720191993,0.21271953747136468
tall,0.10179640718562874,0.16766467065868262,0.0748502994011976,0.10778443113772454,0.155688622754491,0.09580838323353293,0.07035928143712573,0.22604790419161674
gaunt,0.06666666666666665,0.21666666666666665,0.033333333333333326,0.1333333333333333,0.14999999999999997,0.14999999999999997,0.11666666666666665,0.1333333333333333
woman,0.08390342052313883,0.17162977867203216,0.06398390342052314,0.10663983903420522,0.17706237424547283,0.10402414486921528,0.09396378269617706,0.19879275653923542
kept,0.10013908205841447,0.17628650904033383,0.0566759388038943,0.13282336578581364,0.1383866481223922,0.10813630041724617,0.07197496522948539,0.21557719054242006
looking,0.08607987592089958,0.1647925552539744,0.06979449398991858,0.12679333074835208,0.15548662272198527,0.1163241566498643,0.08297789841023653,0.1977510663047693
sat,0.09079951787866612,0.18119726797910807,0.07231820008035356,0.11169144234632382,0.14262756126958617,0.11169144234632382,0.0827641623141824,0.20691040578545603
man,0.1012232294841851,0.157792644788409,0.0693163374371561,0.13324888167530974,0.14607497723763904,0.11135742844701317,0.08313210086694904,0.1978544000633387
two,0.09816923742251693,0.165561481908606,0.06148190860602565,0.12656768055355339,0.136226034308779,0.11662101773100764,0.07654605737350438,0.2188265820960069
women,0.08975834292289987,0.16187188339087072,0.06559263521288837,0.12734944380514,0.16187188339087072,0.11737629459148446,0.08247027234369006,0.19370924434215572
went,0.09067815330240779,0.1734040203225094,0.06196156394963553,0.12823061630218688,0.14303070466092335,0.10790810691407113,0.07963331124364922,0.21515352330461676
found,0.06017296980357667,0.1144092641454119,0.039431251832307244,0.07820287305775432,0.2633391967165054,0.07233948988566402,0.04998534154206978,0.32211961301671066
follow,0.10397295012679628,0.15976331360946744,0.05071851225697379,0.125105663567202,0.13102282333051565,0.10904480135249366,0.08368554522400676,0.23668639053254437
seemed,0.10657622441940676,0.16245113819268797,0.06760174752816739,0.13922740859967808,0.14060703610025294,0.12865026442860428,0.08243274315934697,0.17245343757185558
passed,0.09851355290002914,0.16962984552608568,0.06382978723404255,0.12940833576216848,0.14223258525211308,0.11308656368405712,0.07694549693966773,0.2063538327018362
walked,0.08277830637488107,0.18553758325404376,0.056137012369172214,0.12274024738344434,0.15223596574690773,0.11607992388201713,0.08848715509039011,0.19600380589914368
together,0.08212927756653993,0.17997465145754116,0.053231939163498096,0.10646387832699619,0.15716096324461343,0.11254752851711027,0.07934093789607097,0.22915082382762988
front,0.09756097560975609,0.178397212543554,0.06480836236933797,0.14494773519163762,0.13658536585365852,0.1219512195121951,0.06829268292682926,0.18745644599303132
carrying,0.12519319938176196,0.16228748068006182,0.0865533230293663,0.16383307573415765,0.11128284389489952,0.09891808346213292,0.05409582689335393,0.19783616692426584
shoulder,0.08412322274881516,0.0995260663507109,0.06990521327014218,0.10545023696682465,0.10781990521327016,0.09004739336492891,0.058056872037914695,0.38507109004739337
black,0.05946201038225577,0.12490168318389176,0.04310209218184678,0.0920245398773006,0.12411514865502593,0.3603901211263174,0.039012112631744526,0.1569922919616171
box,0.07432432432432434,0.1554054054054054,0.06081081081081082,0.11711711711711713,0.15765765765765766,0.13963963963963966,0.06981981981981983,0.22522522522522526
thought,0.07694307252404473,0.3396586084394767,0.05328827657915259,0.09687202148860584,0.12581232128931635,0.08560783294341913,0.06576553158305173,0.15605233515293304
moment,0.10796820114623774,0.16343131817341466,0.07099278979478646,0.1471621371787761,0.129783693843594,0.12294324274357551,0.0861527084488815,0.17156590867073393
later,0.08851554663991977,0.17452357071213642,0.05566700100300904,0.11484453360080242,0.1507021063189569,0.10406218655967905,0.07372116349047142,0.2379638916750251
saw,0.10647779723062233,0.1602737545758396,0.07416839089606876,0.14563106796116507,0.13592233009708737,0.12223460130510902,0.08148973420340602,0.1738023237307019
came,0.0981805208704959,0.17331430610060652,0.06122012129860865,0.13064573671066715,0.14434534427399218,0.11009632536567965,0.08547984302533002,0.19671780235462008
said,0.09100084104289319,0.15849453322119425,0.06989066442388561,0.11694701429772918,0.14646761984861226,0.10092514718250631,0.0894869638351556,0.22678721614802352
without,0.1039863000665969,0.16392350870516603,0.06773855960422415,0.13376462753306062,0.12805632194843497,0.11093140519455809,0.06431357625344877,0.2272857006945105
ye,0.08530627583615183,0.16910935738444194,0.06952273581360391,0.1161217587373168,0.15558060879368657,0.09883502442690717,0.09094325441563322,0.21458098459225855
yer,0.09195402298850573,0.1379310344827586,0.07471264367816091,0.08908045977011493,0.1867816091954023,0.09770114942528735,0.11206896551724137,0.2097701149425287
looked,0.08881104471460952,0.16937976509375643,0.06985369874304553,0.13352565423449414,0.15804656913249535,0.11291984339583763,0.08572017308881105,0.18174325159695034
like,0.10135857121050221,0.1584490917417188,0.07510303770416729,0.13158296443291098,0.15198697399888056,0.11011041571261383,0.08349870248816973,0.18791024271103646
tell,0.0824186789064059,0.17262023548193975,0.06405907004589902,0.10596687287966473,0.15725404110955896,0.10337258032328876,0.08102175214528037,0.23328676910796248
answer,0.08557457212713937,0.18500407497962512,0.05949470252648737,0.12143439282803586,0.12795436022819887,0.1010594947025265,0.08964955175224125,0.22982885085574573
great,0.09227736964701666,0.1702203906110016,0.06024905930836767,0.1269933703637341,0.1558412470883354,0.10029564594158753,0.07583766350116466,0.2182852535387923
fixed,0.05824284304047384,0.15399802566633763,0.04738400789733465,0.08983218163869695,0.12438302073050347,0.08588351431391907,0.06416584402764068,0.3761105626850938
upon,0.09915037877202529,0.16431590842506172,0.06617000795211987,0.13049847235592013,0.14544008705478592,0.11116226509856443,0.06997865483614447,0.21328422550537815
seeming,0.13953488372093023,0.15116279069767444,0.06976744186046512,0.1744186046511628,0.09302325581395349,0.13953488372093023,0.08139534883720931,0.15116279069767444
look,0.08541829554339328,0.16966379984362784,0.07075840500390931,0.12509773260359658,0.15402658326817828,0.10574667709147773,0.09128225175918687,0.1980062548866302
felt,0.10018214936247723,0.16135397692774744,0.071645415907711,0.1367638129933212,0.14632665452337584,0.11809350333940499,0.08257437765634489,0.1830601092896175
grew,0.1155480033984707,0.15675446049277825,0.08411214953271028,0.13211554800339848,0.14146134239592184,0.13466440101954122,0.0713678844519966,0.16397621070518267
quite,0.08752475247524752,0.17386138613861385,0.06059405940594059,0.1095049504950495,0.16277227722772278,0.11267326732673268,0.0805940594059406,0.2124752475247525
red,0.07030603804797353,0.16818307140887787,0.05679625034463745,0.0998070030328095,0.18031430934656742,0.1513647642679901,0.05017921146953406,0.22304935208161017
even,0.09803806390977444,0.16371005639097744,0.06866776315789473,0.12488251879699248,0.14908364661654133,0.12147556390977443,0.0708999060150376,0.20324248120300753
see,0.08668863734059319,0.17946697234560824,0.05953575010746525,0.11670726465109613,0.16019487032526147,0.10438458231838371,0.08403782776902134,0.20898409514257058
mean,0.10551724137931034,0.1586206896551724,0.060689655172413794,0.12413793103448276,0.14344827586206896,0.11034482758620691,0.0896551724137931,0.20758620689655172
answered,0.09123434704830052,0.15313059033989265,0.07298747763864043,0.11985688729874776,0.15456171735241503,0.09373881932021466,0.08300536672629695,0.23148479427549193
wait,0.056569343065693424,0.49087591240875905,0.04562043795620438,0.0656934306569343,0.08394160583941605,0.06478102189781021,0.046532846715328466,0.145985401459854
shall,0.08872377622377622,0.17027972027972027,0.05043706293706293,0.11774475524475525,0.15786713286713286,0.10743006993006991,0.07036713286713286,0.23715034965034962
perhaps,0.09398296059637912,0.17066027689030883,0.06522896698615549,0.12752928647497336,0.1432374866879659,0.11794462193823214,0.077209797657082,0.20420660276890307
know,0.0788543797656686,0.1801190254788916,0.062395387762692954,0.11409708015622094,0.16105635112516276,0.09689417891017296,0.07941231169797285,0.22717128510321744
hour,0.08285243198680955,0.18054410552349548,0.11541632316570487,0.09975267930750206,0.14014839241549878,0.12283594394064304,0.0754328112118714,0.18301731244847488
interested,0.0404463040446304,0.12691771269177127,0.21478382147838213,0.05160390516039051,0.11854951185495118,0.2510460251046025,0.05439330543933054,0.1422594142259414
tried,0.09553072625698325,0.15307262569832406,0.06536312849162011,0.1463687150837989,0.13854748603351957,0.123463687150838,0.07318435754189945,0.2044692737430168
get,0.10408525754884548,0.18792184724689165,0.06820603907637655,0.12309058614564831,0.12824156305506218,0.10763765541740675,0.0857904085257549,0.19502664298401423
say,0.08490566037735849,0.16384045856221638,0.0610222116073561,0.11141628851206113,0.1572725101504657,0.10783377119656076,0.08275614998805826,0.23095294960592308
would,0.098582058121578,0.17099536712059527,0.0643549066404605,0.13460620525059666,0.1389583040853573,0.11040292011792785,0.07906780850765127,0.20303243015583325
moved,0.0847145488029466,0.1731123388581952,0.06169429097605894,0.13904235727440148,0.15101289134438306,0.12062615101289136,0.07734806629834254,0.19244935543278086
movement,0.09810981098109813,0.16291629162916293,0.045004500450045004,0.10891089108910891,0.1692169216921692,0.10621062106210621,0.08010801080108011,0.2295229522952295
become,0.07842157842157843,0.17532467532467533,0.06618381618381618,0.11638361638361638,0.15034965034965034,0.10639360639360639,0.07042957042957043,0.23651348651348653
form,0.07912923289564618,0.17328956461644782,0.04302004146510022,0.09053213545266069,0.17121630960608156,0.10003455425017278,0.07446440912232205,0.26831375259156875
whilst,0.10440613026819923,0.16379310344827583,0.07183908045977011,0.15229885057471262,0.1264367816091954,0.10823754789272029,0.06130268199233716,0.21168582375478925
hotel,0.06589785831960462,0.18945634266886327,0.0626029654036244,0.09719934102141681,0.16309719934102143,0.09884678747940692,0.05601317957166393,0.2668863261943987
much,0.08906978582154429,0.16826049158302378,0.06030190468663558,0.11633604678732316,0.16454595748043943,0.10519244447957006,0.07958586896388209,0.21670750019758162
running,0.11438474870017333,0.15771230502599656,0.06759098786828424,0.1317157712305026,0.1369150779896014,0.12478336221837089,0.09358752166377818,0.1733102253032929
men,0.1102072946733141,0.16157176594069797,0.06310679611650485,0.14300708475465757,0.14169509315140386,0.09892416688533194,0.07727630543164524,0.2042114930464445
sad,0.07363770250368189,0.1767304860088365,0.06480117820324006,0.10603829160530191,0.16494845360824745,0.13843888070692192,0.07658321060382917,0.1988217967599411
child,0.04985031888585188,0.2760640374853573,0.04230118443316413,0.07679291943251335,0.2751529350514122,0.07887543928153065,0.0525836261876871,0.1483795392424834
harbour,0.11940298507462688,0.17164179104477614,0.02985074626865672,0.17164179104477614,0.10447761194029853,0.14179104477611942,0.08208955223880599,0.17910447761194032
ran,0.10302049622437973,0.16396979503775622,0.0674217907227616,0.14563106796116507,0.13268608414239483,0.12297734627831715,0.0895361380798274,0.17475728155339806
wild,0.08502237430902869,0.10976572782311134,0.05896288496972888,0.11687286127928402,0.10871281916293761,0.09055014477494076,0.3095551460910766,0.12055804158989207
nicht,0.1,0.2,0.06,0.12,0.08,0.2,0.16,0.08
asked,0.08304498269896195,0.16306228373702425,0.06141868512110727,0.1198096885813149,0.14835640138408307,0.1068339100346021,0.07698961937716264,0.24048442906574397
took,0.09619750283768445,0.17224744608399545,0.06242905788876277,0.1303916004540295,0.14372871736662884,0.10329171396140749,0.07704313280363223,0.21467082860385925
father,0.06656912948061448,0.13935625457205558,0.051298463789319675,0.0976591075347476,0.12783467446964153,0.0906181419166057,0.05449890270665691,0.3721653255303584
mother,0.03940228077074321,0.20747149036570978,0.035863153755406996,0.056232795910342116,0.21085332284703104,0.1762485253637436,0.039323633503735744,0.23460479748328744
spoke,0.10888252148997135,0.14957020057306591,0.07277936962750717,0.1191977077363897,0.1329512893982808,0.1020057306590258,0.08825214899713468,0.22636103151862466
though,0.09391631013252635,0.17051027861838672,0.06730668892831056,0.12636961285609935,0.1448398205154962,0.1183345507669832,0.07461129082750705,0.20411144735469058
called,0.08526277104005879,0.17144432194046305,0.05512679162072767,0.11650128629180448,0.1563763322307975,0.09830944505696435,0.07148107313487688,0.24549797868430723
stood,0.10427883253046187,0.16151884386511758,0.06630773590252194,0.13913289883819777,0.13431567016151882,0.11306319070558231,0.07934258996882967,0.20204023802776988
face,0.09444732745199792,0.14686040477426052,0.07459782044628957,0.13674104826154643,0.1525687597301505,0.1305137519460301,0.08809029579657499,0.17618059159314997
shore,0.09684947491248541,0.17736289381563594,0.05717619603267211,0.13768961493582263,0.147024504084014,0.14002333722287047,0.07001166861143523,0.17386231038506417
waste,0.030196078431372547,0.058431372549019596,0.6588235294117647,0.05019607843137254,0.03686274509803921,0.06078431372549019,0.014117647058823526,0.09058823529411764
sandhills,0.10869565217391304,0.17391304347826086,0.043478260869565216,0.10869565217391304,0.19565217391304346,0.08695652173913043,0.08695652173913043,0.19565217391304346
whose,0.08608194054134004,0.16476852536607012,0.06374796627717792,0.12453779026771188,0.15559828427747374,0.10664102943351575,0.0732140215944387,0.22541044224227186
pretty,0.04244954766875435,0.2536534446764092,0.03444676409185804,0.05149617258176757,0.2512178148921364,0.05149617258176757,0.04384133611691023,0.27139874739039666
grass,0.09538461538461539,0.16923076923076924,0.07076923076923078,0.13538461538461538,0.1630769230769231,0.10307692307692308,0.09384615384615384,0.16923076923076924
green,0.04397254397254397,0.10574860574860574,0.04997854997854998,0.062419562419562424,0.2940797940797941,0.10832260832260833,0.03453453453453454,0.30094380094380097
surface,0.1076555023923445,0.15789473684210528,0.06698564593301437,0.1411483253588517,0.13636363636363635,0.14832535885167464,0.07894736842105264,0.1626794258373206
hills,0.08150470219435736,0.16509926854754442,0.0606060606060606,0.12434691745036572,0.19540229885057472,0.12539184952978055,0.07628004179728318,0.17136886102403343
held,0.09584905660377359,0.16125786163522013,0.05786163522012578,0.1320754716981132,0.14440251572327045,0.09962264150943397,0.07320754716981133,0.23572327044025154
wind,0.12812690665039658,0.1549725442342892,0.08236729713239781,0.15192190359975596,0.11897498474679682,0.13788895668090298,0.07382550335570469,0.15192190359975596
fine,0.07433808553971487,0.18380855397148674,0.048879837067209775,0.08655804480651731,0.18788187372708756,0.10437881873727087,0.10539714867617107,0.20875763747454174
sand,0.12155963302752296,0.10779816513761468,0.10321100917431195,0.17431192660550462,0.0963302752293578,0.17431192660550462,0.06651376146788991,0.15596330275229361
behind,0.10554442217768871,0.16499665998663995,0.0734802939211757,0.14061456245824983,0.13293253173012692,0.11289245156980628,0.08316633266533066,0.18637274549098196
mark,0.08103448275862069,0.10689655172413794,0.02931034482758621,0.12586206896551724,0.09137931034482759,0.07758620689655173,0.06379310344827586,0.4241379310344828
edge,0.05098389982110912,0.22450805008944544,0.09257602862254025,0.06082289803220036,0.21422182468694098,0.10465116279069767,0.020572450805008947,0.23166368515205724
distance,0.09986130374479887,0.1816920943134535,0.04854368932038834,0.14424410540915394,0.13869625520110956,0.11095700416088765,0.07073509015256588,0.20527045769764213
till,0.10929853181076674,0.17292006525285483,0.07707993474714518,0.14008972267536704,0.12234910277324633,0.13234094616639477,0.08340130505709625,0.16252039151712888
mist,0.11111111111111112,0.14646464646464646,0.07070707070707072,0.20202020202020204,0.09090909090909091,0.196969696969697,0.06060606060606061,0.12121212121212122
braemar,0.0392156862745098,0.19607843137254902,0.0,0.11764705882352941,0.19607843137254902,0.11764705882352941,0.13725490196078433,0.19607843137254902
kind,0.06567113524520618,0.11369421347361276,0.041574749703037504,0.06923468521975225,0.27473273375190904,0.07500424232139827,0.04785338537247582,0.31223485491260816
centre,0.06910039113428944,0.1864406779661017,0.07822685788787484,0.11603650586701435,0.17340286831812257,0.08996088657105605,0.04041720990873533,0.24641460234680573
