,anger,anticipation,disgust,fear,joy,sadness,surprise,trust
gutenberg,0.07436708860759494,0.20727848101265825,0.059335443037974694,0.064873417721519,0.08544303797468356,0.10363924050632912,0.02373417721518988,0.3813291139240507
's,0.09207637824628256,0.1508097585221389,0.07169780060473016,0.13030692126082094,0.14157312678623205,0.11121235969017935,0.07265045768959948,0.22967319720001658
children,0.06605305901461829,0.16025988088792636,0.06442880346507851,0.11261505143475907,0.1829994585814835,0.10936654033567947,0.08121277747698971,0.22306442880346505
new,0.08432349559218091,0.1786124952088923,0.05596013798390187,0.1387504791107704,0.1464162514373323,0.09582215408202377,0.0693752395553852,0.23073974702951322
forest,0.09420751113940166,0.16995544239338,0.06301718650541056,0.147040101845958,0.1273074474856779,0.1152132399745385,0.09484404837683004,0.18841502227880333
captain,0.10252742012398666,0.1359084406294707,0.0681926561754888,0.15498330948974728,0.11492608488316644,0.10968049594659038,0.08011444921316166,0.2336671435383882
use,0.11729452054794519,0.16994863013698627,0.07705479452054793,0.1331335616438356,0.13613013698630136,0.09845890410958903,0.04965753424657534,0.21832191780821916
almost,0.09703504043126684,0.15835579514824796,0.07210242587601079,0.14184636118598382,0.136455525606469,0.12095687331536388,0.07446091644204851,0.19878706199460916
may,0.09689180566949229,0.16060523197520737,0.059338255400601586,0.13380731018138728,0.12988788624555647,0.11247835201895907,0.06936468872481999,0.23762646978397595
copy,0.18424396442185512,0.11054637865311308,0.08132147395171536,0.062261753494282084,0.044472681067344345,0.060991105463786534,0.029224904701397714,0.42693773824650566
give,0.0947176684881603,0.16185271922976843,0.061930783242258654,0.13088732760863908,0.1259432734842571,0.10720791048659901,0.06609419724173823,0.2513661202185793
away,0.09878213802435723,0.16576454668470905,0.06901217861975642,0.14106901217861975,0.12483085250338297,0.12110960757780785,0.07036535859269283,0.20906630581867391
terms,0.11459192085737842,0.13025556471558122,0.048639736191261336,0.09068425391591096,0.11788953009068426,0.06347897774113768,0.061005770816158295,0.3734542456718879
project,0.1189851268591426,0.1605424321959755,0.05446194225721785,0.05927384076990376,0.1047681539807524,0.07567804024496938,0.021872265966754154,0.4044181977252843
license,0.09884678747940691,0.21746293245469522,0.060955518945634266,0.08237232289950576,0.12355848434925865,0.08401976935749587,0.039538714991762765,0.2932454695222405
date,0.029268292682926828,0.2097560975609756,0.048780487804878044,0.058536585365853655,0.13658536585365852,0.08292682926829267,0.058536585365853655,0.375609756097561
language,0.07491082045184304,0.16646848989298454,0.04399524375743163,0.10820451843043995,0.1426872770511296,0.09393579072532698,0.06539833531510106,0.30439952437574314
english,0.07062146892655367,0.18220338983050846,0.052259887005649715,0.09745762711864406,0.1313559322033898,0.07062146892655367,0.05790960451977401,0.3375706214689265
start,0.03869047619047619,0.3452380952380953,0.03869047619047619,0.10119047619047619,0.07142857142857144,0.09523809523809525,0.05952380952380953,0.25
london,0.09459459459459459,0.19819819819819817,0.05405405405405406,0.15765765765765766,0.09459459459459459,0.13063063063063063,0.06756756756756756,0.2027027027027027
england,0.09032258064516129,0.1655913978494624,0.07096774193548387,0.12903225806451613,0.14838709677419354,0.10752688172043011,0.06666666666666668,0.221505376344086
born,0.06989247311827958,0.14516129032258066,0.10215053763440861,0.0913978494623656,0.1532258064516129,0.10483870967741937,0.08870967741935486,0.2446236559139785
died,0.09259259259259259,0.13804713804713806,0.08249158249158249,0.13973063973063973,0.13636363636363638,0.13804713804713806,0.0707070707070707,0.20202020202020202
order,0.09969939879759519,0.1718436873747495,0.05811623246492986,0.15080160320641284,0.1282565130260521,0.09368737474949901,0.07264529058116233,0.2249498997995992
following,0.07938461538461537,0.16738461538461535,0.04861538461538461,0.12123076923076921,0.14584615384615385,0.10092307692307692,0.06461538461538462,0.27199999999999996
years,0.09036922282468368,0.1649883810999225,0.06480764265427316,0.13581203201652464,0.15569326103795506,0.1102504518461141,0.06687322489026593,0.21120578363026074
many,0.08884196849114828,0.16095501055708947,0.05960695143738833,0.12879649179795355,0.15543284066915705,0.10914406366737046,0.07438687672567809,0.2228357966542147
among,0.08783783783783784,0.15585585585585585,0.06103603603603604,0.12860360360360362,0.15990990990990991,0.10653153153153154,0.07882882882882883,0.22139639639639638
best,0.09013520280420631,0.1527290936404607,0.061091637456184275,0.11717576364546821,0.14672008012018029,0.10015022533800702,0.0756134201301953,0.256384576865298
still,0.09803921568627451,0.15528711484593838,0.07300420168067227,0.1400560224089636,0.1379551820728291,0.12167366946778711,0.07300420168067227,0.20098039215686272
says,0.08712121212121211,0.15404040404040403,0.06944444444444445,0.13257575757575757,0.1527777777777778,0.1047979797979798,0.07323232323232323,0.22601010101010102
sat,0.09223300970873788,0.1766990291262136,0.06504854368932039,0.12524271844660195,0.13203883495145632,0.12330097087378643,0.08349514563106797,0.20194174757281558
day,0.08521303258145363,0.17466743782533256,0.061307113938692884,0.12647002120686332,0.1499903605166763,0.1147098515519568,0.07885097358781569,0.2087912087912088
work,0.11341350601295096,0.19130434782608693,0.04458834412580943,0.07881591119333949,0.13320999074930617,0.08455134135060129,0.06604995374653098,0.2880666049953746
never,0.10234026745913817,0.15100297176820207,0.06853640416047548,0.13131500742942048,0.14227340267459138,0.11645616641901929,0.07355126300148587,0.21452451708766712
knew,0.0873296314992428,0.171125694093892,0.06713780918727916,0.13326602725896014,0.12973245835436648,0.11307420494699646,0.08934881373043918,0.20898536092882383
going,0.08977556109725686,0.17269326683291772,0.064214463840399,0.14900249376558605,0.12281795511221946,0.11221945137157108,0.06670822942643392,0.22256857855361598
certainly,0.080338266384778,0.16913319238900631,0.053911205073995765,0.10676532769556026,0.15856236786469344,0.1014799154334038,0.07822410147991543,0.25158562367864695
literary,0.10055865921787709,0.16340782122905026,0.03910614525139665,0.040502793296089384,0.09916201117318435,0.15083798882681565,0.040502793296089384,0.3659217877094972
last,0.10388073828679602,0.1545196403218173,0.07453857075248461,0.14126833885470894,0.11760530052058683,0.13464268812115474,0.07240889730241362,0.20113582584003784
alive,0.0625,0.21323529411764708,0.06985294117647059,0.11029411764705882,0.1875,0.07720588235294118,0.029411764705882353,0.25
one,0.09463963717829628,0.15960876454838532,0.0646412764329818,0.1414676793617835,0.13272498770558988,0.11786241189006066,0.07387574449483636,0.21517949838806627
circumstances,0.08904649330181245,0.17100078802206464,0.06461780929866037,0.12687155240346729,0.12844759653270293,0.12056737588652482,0.07013396375098503,0.2293144208037825
took,0.09987917841320983,0.1562625855819573,0.07209021345146999,0.13854208618606523,0.12444623439387836,0.11075312122432539,0.0805477245267821,0.2174788562223117
place,0.08898391366320506,0.15394013439218082,0.06393809814701691,0.14212991244145795,0.1356139279169212,0.12136021176949706,0.07737731622887396,0.2166564854408471
year,0.08195926285160039,0.18283220174587778,0.051891367604267706,0.1251212415130941,0.1600387972841901,0.10572259941804074,0.0877788554801164,0.2046556741028128
history,0.07317073170731707,0.19623059866962306,0.05210643015521064,0.10088691796008868,0.13303769401330376,0.08869179600886916,0.07317073170731707,0.28270509977827046
find,0.08692018386961971,0.15587129126619303,0.06351859590472209,0.14291684078562472,0.13623067279565398,0.1165900543251149,0.08023401587964897,0.21771834517342245
king,0.11153662039253233,0.16323599808520825,0.06701771182383917,0.14504547630445191,0.11536620392532314,0.10627094303494497,0.07084729535662998,0.2206797510770704
charles,0.10555555555555556,0.17222222222222225,0.05555555555555555,0.16666666666666666,0.07222222222222223,0.09444444444444444,0.07222222222222223,0.2611111111111111
first,0.09391534391534392,0.17741402116402116,0.06332671957671958,0.14136904761904762,0.12748015873015872,0.11011904761904762,0.07473544973544974,0.21164021164021163
civil,0.08150470219435738,0.1786833855799373,0.05642633228840126,0.1755485893416928,0.11598746081504703,0.07210031347962383,0.06269592476489028,0.25705329153605017
war,0.10508329773601024,0.11789833404527979,0.06663818880820163,0.32721059376334904,0.07945322511747117,0.10380179410508329,0.049124305852199915,0.15079026057240497
nearly,0.0929203539823009,0.16740412979351033,0.06710914454277286,0.1349557522123894,0.10619469026548674,0.1246312684365782,0.06932153392330384,0.23746312684365783
five,0.08605341246290801,0.18793273986152326,0.060336300692383785,0.11968348170128587,0.13649851632047477,0.09891196834817015,0.07912957467853611,0.23145400593471813
confined,0.1585014409221902,0.0835734870317003,0.15273775216138327,0.1815561959654179,0.06628242074927955,0.18731988472622477,0.043227665706051875,0.12680115273775217
prisoner,0.16816326530612247,0.08326530612244899,0.14448979591836736,0.183265306122449,0.051020408163265314,0.17918367346938777,0.042857142857142864,0.14775510204081635
hampton,0.1636363636363636,0.23636363636363636,0.05454545454545454,0.2727272727272727,0.01818181818181818,0.0909090909090909,0.03636363636363636,0.12727272727272726
court,0.17428725121032815,0.2087143625605164,0.05917159763313609,0.21086605701990316,0.0650887573964497,0.0779989241527703,0.04518558364712211,0.15868746637977407
party,0.13026444662095985,0.15377081292850148,0.0773751224289912,0.14201762977473065,0.10186092066601372,0.10577864838393733,0.06953966699314398,0.21939275220372187
parliamentary,0.12244897959183675,0.1836734693877551,0.06122448979591837,0.12244897959183675,0.12244897959183675,0.08163265306122448,0.04081632653061224,0.2653061224489796
army,0.10645724258289702,0.16055846422338568,0.04712041884816753,0.18324607329842932,0.1169284467713787,0.12216404886561955,0.075043630017452,0.18848167539267013
command,0.0949367088607595,0.17088607594936708,0.04746835443037975,0.16772151898734178,0.12658227848101264,0.07278481012658228,0.060126582278481014,0.25949367088607594
cromwell,0.1269035532994924,0.16751269035532998,0.050761421319796954,0.17258883248730963,0.09137055837563451,0.10152284263959391,0.06091370558375635,0.2284263959390863
month,0.07272727272727274,0.20606060606060606,0.0606060606060606,0.12727272727272726,0.1575757575757576,0.10303030303030303,0.06666666666666667,0.20606060606060606
sir,0.06663223140495868,0.12293388429752067,0.05320247933884297,0.09814049586776859,0.11983471074380166,0.08264462809917356,0.07334710743801653,0.3832644628099174
made,0.10168125287885765,0.15672501151543067,0.06298940580377706,0.13968217411331182,0.12920313219714416,0.11411791801013356,0.07646245969599262,0.21913864578535233
escape,0.10574875798438609,0.21220723917672107,0.0525195173882186,0.27608232789212206,0.056068133427963095,0.11852377572746628,0.0525195173882186,0.1263307310149042
rode,0.09703504043126684,0.16172506738544473,0.0646900269541779,0.14555256064690028,0.15902964959568733,0.12668463611859837,0.07008086253369272,0.17520215633423178
fast,0.12229102167182661,0.15170278637770895,0.07585139318885448,0.16563467492260062,0.10061919504643961,0.14086687306501547,0.06346749226006192,0.17956656346749225
horses,0.08341968911917098,0.17357512953367876,0.05958549222797928,0.14093264248704665,0.12642487046632125,0.1150259067357513,0.09015544041450778,0.21088082901554406
could,0.10413522487171749,0.15293289063286047,0.07103330314921019,0.14639299728342894,0.12013281014186539,0.12385551866384949,0.07415232920816985,0.2073649260488983
carry,0.09276729559748426,0.18867924528301885,0.06446540880503145,0.13364779874213836,0.12264150943396225,0.1022012578616352,0.08647798742138363,0.2091194968553459
towards,0.09786641929499071,0.1623376623376623,0.06725417439703153,0.14564007421150277,0.13126159554730982,0.10714285714285714,0.08256029684601113,0.2059369202226345
part,0.10301912883152801,0.16271030191288316,0.05738649458400554,0.13712837059230237,0.12698778520396406,0.11684719981562572,0.07605439041253745,0.21986632864715375
led,0.09978070175438596,0.16885964912280702,0.06798245614035088,0.13925438596491227,0.13925438596491227,0.11513157894736842,0.07127192982456139,0.19846491228070173
expected,0.0741190765492102,0.3001215066828675,0.06682867557715674,0.1057108140947752,0.11300121506682868,0.09963547995139733,0.06804374240583232,0.17253948967193194
friends,0.072265625,0.17578125,0.059244791666666664,0.12304687499999999,0.16145833333333334,0.12239583333333333,0.07486979166666667,0.2109375
provided,0.11922503725782413,0.1594634873323398,0.08047690014903129,0.08941877794336811,0.12369597615499255,0.11624441132637854,0.05067064083457526,0.2608047690014903
might,0.09299761073332108,0.17184341113765852,0.06101819518470869,0.13784230839919132,0.13159345708509465,0.11247932365374011,0.08288917478404705,0.20933651902223857
france,0.09248554913294796,0.18786127167630054,0.05491329479768785,0.11849710982658958,0.1560693641618497,0.09248554913294796,0.08092485549132947,0.2167630057803468
disappointed,0.15492957746478872,0.15492957746478872,0.1408450704225352,0.0704225352112676,0.0704225352112676,0.16901408450704225,0.0704225352112676,0.16901408450704225
ready,0.07809847198641766,0.31239388794567063,0.06027164685908319,0.10950764006791171,0.10865874363327674,0.07215619694397284,0.07385398981324279,0.18505942275042445
riding,0.10434782608695653,0.20869565217391306,0.043478260869565216,0.15652173913043477,0.08695652173913043,0.12608695652173912,0.06521739130434782,0.20869565217391306
time,0.08253130057064985,0.2990375606847798,0.05425432245975641,0.11779235158845074,0.10927518950685632,0.09939528149220679,0.06856315475683501,0.16915083894046504
along,0.0878721859114016,0.17356572258533043,0.056644880174291944,0.1532316630355846,0.12926652142338418,0.12563543936092955,0.06753812636165578,0.20624546114742195
resolved,0.11074918566775244,0.1530944625407166,0.058631921824104226,0.16286644951140064,0.08143322475570032,0.14983713355048858,0.06840390879478826,0.21498371335504884
go,0.08872767857142856,0.1635044642857143,0.06752232142857142,0.12779017857142858,0.13616071428571427,0.12165178571428571,0.07784598214285715,0.21679687499999997
earl,0.2,0.16666666666666666,0.16666666666666666,0.2,0.0,0.13333333333333333,0.06666666666666667,0.06666666666666667
long,0.07994598244429439,0.299797434166104,0.05577312626603646,0.12113436866981768,0.1099257258609048,0.10290344361917622,0.058203916272788654,0.17231600270087777
attended,0.10034602076124569,0.10726643598615919,0.07612456747404844,0.16955017301038064,0.09688581314878893,0.16262975778546712,0.058823529411764705,0.22837370242214536
advice,0.0430379746835443,0.1291139240506329,0.03544303797468354,0.06329113924050632,0.14177215189873416,0.06582278481012657,0.0860759493670886,0.43544303797468353
trust,0.06751054852320676,0.12658227848101267,0.04922644163150493,0.090014064697609,0.13642756680731366,0.09282700421940929,0.06891701828410689,0.3684950773558368
colonel,0.07707509881422925,0.14229249011857706,0.05533596837944664,0.1067193675889328,0.1007905138339921,0.07707509881422925,0.0691699604743083,0.37154150197628455
parliament,0.07692307692307693,0.10256410256410256,0.04487179487179487,0.10897435897435896,0.10256410256410256,0.07692307692307693,0.0641025641025641,0.4230769230769231
supposed,0.09214501510574018,0.15861027190332327,0.05589123867069487,0.14501510574018128,0.1283987915407855,0.1268882175226586,0.06646525679758308,0.22658610271903323
whatever,0.08872458410351201,0.16358595194085027,0.053604436229205174,0.12939001848428835,0.14602587800369685,0.09519408502772642,0.077634011090573,0.24584103512014788
feelings,0.0923076923076923,0.1519230769230769,0.07788461538461539,0.12307692307692306,0.15673076923076923,0.12019230769230768,0.07211538461538461,0.20576923076923076
consequence,0.12994350282485875,0.1370056497175141,0.07768361581920903,0.18220338983050846,0.08757062146892655,0.14689265536723164,0.06779661016949153,0.17090395480225987
found,0.06867145421903052,0.10801915020945542,0.0450329144225015,0.09994015559545183,0.23623578695391984,0.08228605625374028,0.05400957510472771,0.305804907241173
must,0.10454727296972928,0.16188825176690225,0.06080810774769968,0.14428590478730496,0.11254833977863714,0.11614881984264568,0.06880917455660754,0.23096412855047338
leave,0.0629264594389689,0.1178923426838514,0.05648218347232752,0.09590598938589841,0.089461713419257,0.23616376042456405,0.19522365428354815,0.14594389689158455
commencement,0.06493506493506494,0.12987012987012989,0.03896103896103897,0.2207792207792208,0.14285714285714285,0.07792207792207793,0.1038961038961039,0.2207792207792208
short,0.0932857991681521,0.1978609625668449,0.05466428995840761,0.13309566250742721,0.12299465240641712,0.12299465240641712,0.0778371954842543,0.1972667855020796
distance,0.10211480362537764,0.16858006042296073,0.043504531722054374,0.15468277945619333,0.11722054380664652,0.12145015105740181,0.07432024169184288,0.21812688821752263
town,0.08069977426636568,0.15519187358916478,0.06997742663656885,0.1399548532731377,0.13318284424379231,0.1100451467268623,0.06659142212189616,0.2443566591422122
lymington,0.07281553398058253,0.1941747572815534,0.043689320388349516,0.1262135922330097,0.10679611650485436,0.14077669902912623,0.08737864077669903,0.22815533980582525
far,0.08909321496512365,0.1686746987951807,0.05833861762840837,0.12523779327837664,0.15091946734305642,0.11192136968928346,0.0818008877615726,0.21401395053899808
side,0.09509803921568627,0.16078431372549018,0.053267973856209155,0.17712418300653596,0.11568627450980393,0.12516339869281046,0.05588235294117647,0.2169934640522876
water,0.11635282457879088,0.14727452923686818,0.06620416253716552,0.16689791873141727,0.09454905847373637,0.13121902874132804,0.07452923686818633,0.20297324083250745
property,0.113384484228474,0.15089514066496165,0.09462915601023018,0.12958226768968456,0.11594202898550723,0.10741687979539642,0.07161125319693094,0.216538789428815
called,0.09114680612626073,0.15128875607022788,0.06948076204706762,0.13298468434815092,0.14717967874486365,0.10459469555472545,0.0672394471423235,0.23608516996638026
arnwood,0.07868852459016393,0.17049180327868851,0.09508196721311474,0.12786885245901639,0.09180327868852459,0.1245901639344262,0.08524590163934426,0.22622950819672127
belonged,0.09634551495016612,0.16279069767441862,0.06976744186046512,0.11627906976744187,0.12956810631229237,0.11960132890365448,0.05980066445182724,0.24584717607973425
cavalier,0.06097560975609756,0.17073170731707318,0.06097560975609756,0.07317073170731707,0.14634146341463414,0.07317073170731707,0.10975609756097561,0.3048780487804878
name,0.09030492572322127,0.16067240031274432,0.06684910086004692,0.12978889757623144,0.14972634870992965,0.10203283815480843,0.06997654417513682,0.23064894448788117
beverley,0.07738095238095238,0.15873015873015872,0.05952380952380952,0.0873015873015873,0.12698412698412698,0.09325396825396826,0.09325396825396826,0.30357142857142855
value,0.062038404726735594,0.16986706056129985,0.0827178729689808,0.12112259970457903,0.1447562776957164,0.11078286558345643,0.06942392909896603,0.2392909896602659
call,0.10329341317365269,0.14371257485029942,0.07709580838323353,0.1407185628742515,0.12050898203592814,0.12425149700598803,0.08008982035928144,0.21032934131736528
rose,0.1149312377210216,0.15029469548133592,0.0667976424361493,0.13752455795677798,0.1493123772102161,0.1355599214145383,0.08546168958742631,0.16011787819253437
rank,0.0967741935483871,0.17204301075268816,0.06989247311827958,0.1075268817204301,0.14784946236559138,0.09408602150537634,0.07258064516129033,0.239247311827957
friend,0.05688405797101449,0.10905797101449276,0.04456521739130435,0.09420289855072463,0.2391304347826087,0.08115942028985508,0.057608695652173914,0.3173913043478261
companion,0.05613305613305614,0.12681912681912683,0.0395010395010395,0.11226611226611229,0.2286902286902287,0.07484407484407485,0.06652806652806653,0.29521829521829523
prince,0.06900878293601004,0.17063989962358847,0.05395232120451695,0.10288582183186953,0.17942283563362613,0.10664993726474281,0.09410288582183188,0.22333751568381435
commanded,0.13966480446927373,0.0893854748603352,0.07262569832402235,0.20670391061452514,0.0893854748603352,0.07262569832402235,0.09497206703910614,0.23463687150837986
several,0.07292882147024504,0.17444574095682613,0.05425904317386231,0.12252042007001167,0.14585764294049008,0.10151691948658109,0.07876312718786464,0.24970828471411904
troops,0.11814345991561183,0.14978902953586498,0.06540084388185655,0.189873417721519,0.10126582278481014,0.10337552742616034,0.06540084388185655,0.20675105485232068
cavalry,0.0847457627118644,0.11016949152542373,0.05932203389830508,0.20338983050847456,0.11016949152542373,0.10169491525423728,0.06779661016949153,0.2627118644067797
ever,0.08681135225375626,0.15459098497495827,0.06343906510851419,0.1312186978297162,0.15425709515859767,0.1278797996661102,0.08080133555926544,0.20100166944908182
gallant,0.11353711790393015,0.13100436681222707,0.07860262008733625,0.14847161572052403,0.12227074235807861,0.11790393013100438,0.06986899563318778,0.2183406113537118
fell,0.09769189479334407,0.11969940955448204,0.06280193236714976,0.1352657004830918,0.09930220075147612,0.26892109500805156,0.07246376811594203,0.14385399892646272
arms,0.1071667782987274,0.13864701942397858,0.055592766242464835,0.16476892163429335,0.11788345612860013,0.13797722705961152,0.06563965170797052,0.21232417950435364
naseby,0.11764705882352941,0.11764705882352941,0.0,0.058823529411764705,0.11764705882352941,0.17647058823529413,0.08823529411764706,0.32352941176470584
married,0.04941176470588234,0.20235294117647057,0.05411764705882353,0.08705882352941176,0.19294117647058823,0.07058823529411765,0.08705882352941176,0.2564705882352941
family,0.07077724706904039,0.17064698219713417,0.05514546244029527,0.10377768128528007,0.17325227963525838,0.10811984368215373,0.08336951801997396,0.2349109856708641
villiers,0.1081081081081081,0.16216216216216217,0.06756756756756756,0.13513513513513511,0.09459459459459459,0.12162162162162161,0.09459459459459459,0.2162162162162162
two,0.0961965574680733,0.15657967795669073,0.06038312048861744,0.14408661854525265,0.1242365352581899,0.11840644086618546,0.07454192115491394,0.22556912826207662
daughters,0.06956521739130435,0.19999999999999998,0.049275362318840575,0.10144927536231885,0.15362318840579708,0.10434782608695652,0.10724637681159421,0.21449275362318843
sense,0.07581699346405228,0.1568627450980392,0.06274509803921569,0.1084967320261438,0.19084967320261437,0.06797385620915034,0.0849673202614379,0.2522875816993464
duty,0.08615948670944087,0.14115490375802017,0.07149404216315307,0.1448212648945921,0.13198900091659027,0.10907424381301559,0.06874427131072411,0.2465627864344638
wife,0.08193668528864059,0.1675977653631285,0.06052141527001862,0.1005586592178771,0.1750465549348231,0.09217877094972067,0.09404096834264433,0.22811918063314712
meet,0.09032258064516127,0.17327188940092164,0.0608294930875576,0.13824884792626727,0.15023041474654378,0.10506912442396311,0.0672811059907834,0.2147465437788018
news,0.09243697478991598,0.1596638655462185,0.0812324929971989,0.1512605042016807,0.11764705882352942,0.12605042016806725,0.08683473389355745,0.18487394957983197
death,0.14037764638565706,0.14514590883082204,0.12168605760061033,0.16955941255006673,0.06503909975205036,0.1535380507343124,0.11501049017737937,0.08964333396910165
effect,0.13493723849372385,0.12552301255230125,0.06485355648535565,0.16527196652719664,0.09937238493723849,0.12238493723849372,0.07322175732217573,0.21443514644351463
upon,0.1007837620578778,0.1614750803858521,0.05777733118971061,0.14218247588424435,0.12349276527331189,0.11736334405144692,0.07465836012861736,0.2222668810289389
mrs,0.126984126984127,0.2063492063492064,0.09523809523809526,0.11111111111111113,0.03174603174603175,0.17460317460317462,0.09523809523809526,0.15873015873015875
already,0.09485771342985522,0.17473789316025962,0.05591612581128308,0.13579630554168748,0.13280079880179732,0.10484273589615577,0.06290564153769346,0.2381427858212681
worn,0.0927536231884058,0.11884057971014493,0.07536231884057971,0.13043478260869565,0.08695652173913043,0.28695652173913044,0.0463768115942029,0.16231884057971016
anxiety,0.17063492063492064,0.17857142857142858,0.047619047619047616,0.20238095238095236,0.057539682539682536,0.1765873015873016,0.057539682539682536,0.10912698412698411
account,0.09732016925246825,0.1297602256699577,0.05994358251057828,0.12693935119887165,0.09732016925246825,0.10296191819464033,0.05077574047954866,0.3349788434414669
months,0.0929032258064516,0.17677419354838708,0.056774193548387086,0.14709677419354836,0.12129032258064515,0.14193548387096772,0.060645161290322575,0.20258064516129032
afterwards,0.0990990990990991,0.16756756756756758,0.06306306306306307,0.12612612612612614,0.13063063063063063,0.11261261261261261,0.07477477477477477,0.22612612612612615
followed,0.11258955987717503,0.1617195496417605,0.07062436028659161,0.15864892528147392,0.11156601842374618,0.12180143295803482,0.08085977482088025,0.1821903787103378
early,0.07065750736015702,0.19430814524043183,0.05593719332679098,0.11089303238469089,0.15505397448478903,0.10893032384690876,0.07360157016683024,0.2306182531894014
leaving,0.0940032414910859,0.17828200972447325,0.05834683954619125,0.12479740680713129,0.13776337115072934,0.11507293354943274,0.08752025931928688,0.20421393841166938
four,0.1014799154334038,0.18252290345313602,0.052854122621564484,0.1338971106412967,0.11909795630725865,0.11205073995771671,0.0718816067653277,0.226215644820296
charge,0.125,0.15953947368421054,0.0625,0.10032894736842105,0.13322368421052633,0.09539473684210527,0.06743421052631579,0.2565789473684211
relative,0.23809523809523808,0.07769423558897244,0.03759398496240601,0.08771929824561403,0.06516290726817042,0.045112781954887216,0.047619047619047616,0.40100250626566414
till,0.09124999999999998,0.1759375,0.0709375,0.1328125,0.1259375,0.134375,0.0790625,0.1896875
protect,0.10507246376811595,0.12318840579710146,0.09057971014492755,0.15942028985507248,0.13043478260869565,0.14130434782608697,0.07246376811594203,0.17753623188405798
appear,0.09256661991584854,0.15147265077138852,0.07433380084151472,0.15988779803646563,0.11220196353436185,0.12342215988779803,0.05329593267882188,0.23281907433380084
possible,0.09553349875930521,0.1575682382133995,0.057071960297766754,0.1507444168734491,0.12034739454094293,0.10545905707196031,0.07692307692307693,0.23635235732009924
life,0.08459723626558814,0.16852039096730706,0.07111560498820357,0.12571621166161104,0.1528479946073475,0.11644759015840916,0.07600269632625548,0.20475227502527804
lives,0.07385229540918163,0.19361277445109779,0.05389221556886227,0.09980039920159679,0.18562874251497002,0.09780439121756485,0.06986027944111775,0.22554890219560875
remained,0.10893032384690873,0.20215897939156033,0.055937193326790965,0.14916584887144257,0.10402355250245338,0.12365063788027478,0.0677134445534838,0.18842001962708538
care,0.07893101305158484,0.16842759477936606,0.06339341205717837,0.10876320696084524,0.15164698570540708,0.12616532007458048,0.08949658172778123,0.21317588564325668
perhaps,0.09163346613545817,0.1643426294820717,0.06075697211155378,0.12649402390438247,0.14193227091633465,0.11653386454183266,0.09063745019920318,0.20766932270916333
aware,0.12536873156342185,0.1489675516224189,0.08997050147492626,0.15929203539823011,0.10176991150442478,0.1224188790560472,0.058997050147492625,0.19321533923303835
royal,0.07874015748031496,0.16010498687664043,0.060367454068241476,0.10761154855643046,0.16535433070866143,0.10761154855643046,0.08923884514435695,0.23097112860892388
days,0.09640522875816994,0.17712418300653596,0.05163398692810457,0.11568627450980393,0.15588235294117647,0.11568627450980393,0.08954248366013072,0.1980392156862745
fond,0.07962962962962963,0.1425925925925926,0.07407407407407407,0.08333333333333333,0.19074074074074074,0.1111111111111111,0.08148148148148147,0.23703703703703705
chase,0.07608695652173914,0.1847826086956522,0.07608695652173914,0.08695652173913045,0.14130434782608697,0.11956521739130435,0.10869565217391304,0.20652173913043478
also,0.09193954659949621,0.15270780856423175,0.06580604534005037,0.1322418136020151,0.13287153652392947,0.10673803526448362,0.07399244332493701,0.24370277078085642
recollect,0.085,0.17,0.055,0.14,0.11500000000000002,0.09000000000000001,0.15000000000000002,0.19500000000000003
met,0.08597285067873305,0.1647058823529412,0.07963800904977376,0.11674208144796382,0.1475113122171946,0.10135746606334843,0.0823529411764706,0.22171945701357468
shot,0.181360201511335,0.060453400503778336,0.04659949622166247,0.21914357682619645,0.05163727959697733,0.18513853904282115,0.16750629722921914,0.08816120906801007
since,0.09304556354916067,0.18465227817745805,0.05899280575539568,0.14532374100719425,0.12326139088729017,0.11270983213429256,0.06426858513189448,0.21774580335731414
present,0.0513938934193059,0.19969656741892663,0.03906694481319932,0.08021998862127822,0.17940451355964349,0.07111701118907643,0.14526834818888681,0.23383273278968333
continued,0.1152,0.1384,0.0752,0.1728,0.11120000000000002,0.11840000000000002,0.0784,0.1904
domain,0.04166666666666667,0.3511904761904762,0.02380952380952381,0.06547619047619048,0.1130952380952381,0.04761904761904762,0.04166666666666667,0.31547619047619047
verderers,0.13157894736842102,0.10526315789473682,0.07894736842105263,0.21052631578947364,0.07894736842105263,0.10526315789473682,0.07894736842105263,0.21052631578947364
paid,0.18728813559322033,0.17288135593220338,0.036440677966101696,0.0771186440677966,0.12457627118644068,0.09237288135593219,0.0940677966101695,0.21525423728813559
men,0.09690121554528335,0.15374079780859443,0.062146892655367235,0.1521999657592878,0.14004451292586886,0.10734463276836158,0.08097928436911489,0.20664269816812192
soon,0.09836519811582156,0.15516763646439458,0.0653920753671377,0.14657799944582986,0.1260737046273206,0.12939872540870048,0.06954835134386257,0.20947630922693267
state,0.09111029140538546,0.14607156030984877,0.06713389893028403,0.13537440059018813,0.11729988933972704,0.11803762449280708,0.06713389893028403,0.2578384360014755
country,0.09926289926289925,0.14545454545454545,0.07395577395577395,0.1452088452088452,0.13144963144963143,0.11547911547911546,0.06683046683046683,0.22235872235872234
longer,0.08737864077669905,0.1737864077669903,0.047572815533980586,0.1475728155339806,0.13300970873786408,0.13106796116504857,0.0737864077669903,0.20582524271844663
obtained,0.08827785817655572,0.1823444283646889,0.07091172214182345,0.1287988422575977,0.11722141823444285,0.09696092619392187,0.06367583212735166,0.25180897250361794
decided,0.10096153846153845,0.1923076923076923,0.07211538461538461,0.16346153846153846,0.10096153846153845,0.11538461538461539,0.04807692307692307,0.20673076923076922
raising,0.09420289855072465,0.1884057971014493,0.057971014492753624,0.1739130434782609,0.09420289855072465,0.15217391304347827,0.057971014492753624,0.1811594202898551
held,0.09654350417163289,0.16686531585220502,0.06674612634088199,0.13349225268176398,0.13230035756853398,0.11442193087008343,0.08343265792610251,0.20619785458879616
superior,0.09619686800894854,0.15436241610738252,0.04474272930648769,0.14317673378076062,0.13870246085011187,0.1029082774049217,0.06711409395973154,0.25279642058165547
office,0.05555555555555555,0.18518518518518517,0.046296296296296294,0.10493827160493827,0.15123456790123455,0.08333333333333333,0.07098765432098765,0.3024691358024691
young,0.04697845507094062,0.2265895953757225,0.03888596952180767,0.07461902259590121,0.2227009984235418,0.06673673147661587,0.17130846032580135,0.15218076720966894
employed,0.09300184162062616,0.1546961325966851,0.05064456721915286,0.13075506445672194,0.1408839779005525,0.0966850828729282,0.06261510128913444,0.2707182320441989
join,0.10580912863070539,0.15767634854771784,0.07261410788381743,0.13070539419087138,0.11618257261410789,0.14107883817427386,0.07261410788381743,0.2033195020746888
age,0.06992337164750957,0.18007662835249044,0.0574712643678161,0.10632183908045978,0.17816091954022992,0.09386973180076628,0.09003831417624522,0.22413793103448276
services,0.04501607717041801,0.18971061093247588,0.028938906752411574,0.08038585209003216,0.18327974276527328,0.05787781350482315,0.0932475884244373,0.3215434083601286
old,0.08540482954545454,0.16086647727272727,0.06516335227272727,0.12162642045454544,0.15678267045454544,0.11328124999999999,0.08025568181818181,0.21661931818181815
attached,0.08709016393442624,0.1752049180327869,0.029713114754098362,0.1721311475409836,0.11270491803278689,0.09836065573770493,0.05122950819672132,0.27356557377049184
man,0.10182488837119005,0.1467676179382644,0.07076295864880605,0.1395845466899631,0.14298194525334884,0.11308483789555426,0.0846437584934964,0.2003494467093768
whose,0.08354646206308611,0.16254617789144643,0.0676328502415459,0.1315714691673771,0.1503267973856209,0.11793123046319978,0.08042057402671214,0.20602443876101167
jacob,0.10110110110110111,0.1691691691691692,0.07307307307307308,0.15015015015015015,0.11511511511511513,0.09809809809809811,0.0870870870870871,0.20620620620620622
armitage,0.069164265129683,0.18731988472622477,0.04899135446685879,0.10086455331412104,0.16138328530259366,0.08069164265129683,0.09221902017291066,0.25936599423631124
situation,0.09748427672955974,0.15566037735849053,0.051886792452830184,0.15251572327044025,0.10534591194968553,0.12578616352201255,0.0691823899371069,0.2421383647798742
interest,0.08134920634920637,0.17361111111111113,0.06051587301587302,0.11309523809523811,0.15773809523809526,0.1011904761904762,0.09424603174603176,0.21825396825396828
lived,0.06905710491367861,0.1899070385126162,0.05843293492695882,0.12217795484727756,0.15670650730411684,0.11288180610889774,0.0796812749003984,0.21115537848605576
miles,0.11548913043478262,0.17255434782608697,0.04619565217391305,0.1331521739130435,0.13722826086956522,0.09510869565217393,0.07336956521739131,0.2269021739130435
killing,0.22448979591836735,0.1326530612244898,0.0,0.23469387755102042,0.08163265306122448,0.16326530612244897,0.06122448979591837,0.10204081632653061
deer,0.11989100817438691,0.12806539509536785,0.05722070844686648,0.1989100817438692,0.10354223433242507,0.11989100817438691,0.08174386920980926,0.1907356948228883
cottage,0.0841628959276018,0.17466063348416289,0.06334841628959276,0.13574660633484162,0.12488687782805429,0.10588235294117646,0.08597285067873302,0.2253393665158371
mile,0.15053763440860216,0.16129032258064516,0.059139784946236555,0.15053763440860216,0.1075268817204301,0.11827956989247311,0.04838709677419355,0.2043010752688172
half,0.10161836657884833,0.1561911930748965,0.06887467068121941,0.1554384644335717,0.12081294693263078,0.13774934136243883,0.07038012796386903,0.18893488897252542
mansion,0.0867579908675799,0.14155251141552513,0.0867579908675799,0.1004566210045662,0.14155251141552513,0.1324200913242009,0.0867579908675799,0.2237442922374429
went,0.09150943396226414,0.17452830188679244,0.0650943396226415,0.1169811320754717,0.13820754716981132,0.10566037735849056,0.0830188679245283,0.22499999999999998
feeling,0.11133949982870847,0.13532031517643028,0.10277492291880781,0.13532031517643028,0.13600548132922233,0.12744090441932168,0.09421034600890715,0.157588215142172
little,0.08396007110624915,0.1646383153288664,0.05948311226582798,0.12033365239983591,0.15793791877478464,0.1093942294543963,0.08354984274579516,0.2207028579242445
security,0.10112359550561797,0.17415730337078653,0.0898876404494382,0.11235955056179774,0.1348314606741573,0.11235955056179774,0.09550561797752809,0.1797752808988764
would,0.1011301409763486,0.1574041710357684,0.07060468367703601,0.14016078294302695,0.11948036816963765,0.12163579168123034,0.07456600256320635,0.2150180589537458
troubled,0.05128205128205128,0.15384615384615385,0.05128205128205128,0.1282051282051282,0.15384615384615385,0.05128205128205128,0.15384615384615385,0.2564102564102564
times,0.10442260442260441,0.14578214578214577,0.06674856674856675,0.16175266175266173,0.1208026208026208,0.1257166257166257,0.06511056511056511,0.20966420966420965
requested,0.10344827586206898,0.15517241379310345,0.06896551724137932,0.06896551724137932,0.13793103448275865,0.13793103448275865,0.12068965517241381,0.20689655172413796
lose,0.1411338962605549,0.11338962605548854,0.11459589867310012,0.1604342581423402,0.07840772014475271,0.1531966224366707,0.13510253317249699,0.1037394451145959
sight,0.0998263888888889,0.15277777777777776,0.08333333333333334,0.15625,0.12847222222222224,0.125,0.08854166666666667,0.1657986111111111
often,0.10157932519741564,0.15147164393395549,0.0620961952620244,0.15326633165829143,0.13854989231873654,0.11486001435750177,0.07106963388370423,0.20710696338837042
see,0.0842733908427339,0.1767308117673081,0.0716655607166556,0.12475116124751161,0.1508515815085158,0.10506525105065251,0.0791860207918602,0.20747622207476218
service,0.06830601092896174,0.18214936247723132,0.03825136612021857,0.14116575591985428,0.1466302367941712,0.08652094717668488,0.06648451730418943,0.27049180327868855
persuaded,0.07547169811320754,0.1383647798742138,0.03144654088050314,0.16981132075471697,0.16352201257861634,0.0880503144654088,0.10062893081761005,0.23270440251572325
altogether,0.10865191146881288,0.15694164989939638,0.05835010060362173,0.17706237424547283,0.1006036217303823,0.12877263581488935,0.08048289738430583,0.1891348088531187
taken,0.10953608247422682,0.14261168384879727,0.06314432989690723,0.16838487972508592,0.10309278350515465,0.1254295532646048,0.07130584192439864,0.21649484536082478
tree,0.14149947201689544,0.1642027455121436,0.12513199577613515,0.057022175290390706,0.15100316789862722,0.05438225976768742,0.13463569165786693,0.17212249208025343
bear,0.1915673693858845,0.11824014665444546,0.06324472960586618,0.23189734188817598,0.09349220898258478,0.10082493125572868,0.051329055912007336,0.14940421631530706
promised,0.08431372549019608,0.1784313725490196,0.050980392156862744,0.13529411764705881,0.15098039215686276,0.10980392156862745,0.06470588235294118,0.22549019607843138
watch,0.06271186440677966,0.27118644067796605,0.033898305084745756,0.2542372881355932,0.0983050847457627,0.08305084745762711,0.05254237288135594,0.1440677966101695
hand,0.10369881109643328,0.14927344782034346,0.07001321003963011,0.14200792602377807,0.13672391017173052,0.11492734478203434,0.08157199471598414,0.20178335535006606
required,0.09609292502639916,0.1900739176346357,0.04646251319957761,0.13621964097148892,0.10454065469904962,0.11087645195353749,0.059134107708553325,0.25659978880675816
kept,0.10793650793650793,0.14444444444444443,0.07301587301587302,0.15714285714285714,0.10952380952380951,0.11587301587301586,0.07222222222222222,0.2198412698412698
word,0.08223823654090717,0.11530309453158119,0.06655362441712591,0.11742263671047054,0.11869436201780417,0.10004239084357779,0.051716829164900384,0.3480288257736329
heavy,0.10749646393210749,0.16831683168316833,0.07920792079207921,0.157001414427157,0.08769448373408771,0.1485148514851485,0.07355021216407355,0.17821782178217824
blow,0.16363636363636364,0.1258741258741259,0.1006993006993007,0.1986013986013986,0.057342657342657345,0.15944055944055943,0.07272727272727274,0.12167832167832168
forester,0.09225092250922509,0.1881918819188192,0.06642066420664207,0.12177121771217714,0.15129151291512916,0.0959409594095941,0.0885608856088561,0.19557195571955718
greatest,0.09987515605493133,0.1622971285892634,0.05742821473158553,0.12359550561797752,0.14856429463171036,0.1048689138576779,0.0774032459425718,0.22596754057428214
