,anger,anticipation,disgust,fear,joy,sadness,surprise,trust
project,0.1236111111111111,0.18749999999999997,0.04722222222222222,0.05555555555555555,0.09861111111111111,0.07361111111111111,0.019444444444444445,0.39444444444444443
gutenberg,0.09917355371900828,0.25206611570247933,0.04958677685950414,0.07851239669421488,0.07851239669421488,0.08264462809917357,0.020661157024793392,0.3388429752066116
ebook,0.12230215827338131,0.19424460431654678,0.05035971223021583,0.10071942446043167,0.046762589928057555,0.11151079136690649,0.01798561151079137,0.3561151079136691
personal,0.11428571428571428,0.05714285714285714,0.019047619047619046,0.21904761904761905,0.11428571428571428,0.03809523809523809,0.019047619047619046,0.41904761904761906
recollections,0.14193548387096774,0.07741935483870968,0.04516129032258065,0.1870967741935484,0.11612903225806452,0.1032258064516129,0.06451612903225808,0.2645161290322581
civil,0.10112359550561797,0.13108614232209737,0.0449438202247191,0.18726591760299627,0.12359550561797752,0.07865168539325842,0.0749063670411985,0.25842696629213485
war,0.12919896640826875,0.12403100775193798,0.043927648578811374,0.30749354005167956,0.08010335917312662,0.09302325581395349,0.043927648578811374,0.17829457364341086
james,0.18571428571428572,0.07142857142857144,0.0,0.24285714285714288,0.08571428571428572,0.05714285714285714,0.04285714285714286,0.3142857142857143
madison,0.17187499999999997,0.06249999999999999,0.0,0.265625,0.09374999999999999,0.04687499999999999,0.031249999999999997,0.32812499999999994
stone,0.31391585760517804,0.11003236245954694,0.038834951456310676,0.10194174757281553,0.08737864077669903,0.0825242718446602,0.03398058252427184,0.2313915857605178
use,0.1497797356828194,0.18061674008810574,0.05726872246696035,0.09251101321585904,0.15859030837004406,0.09251101321585904,0.05726872246696035,0.2114537444933921
almost,0.07954545454545456,0.18181818181818182,0.07954545454545456,0.17045454545454547,0.05681818181818182,0.17045454545454547,0.011363636363636364,0.25
may,0.07954545454545454,0.1717171717171717,0.061868686868686865,0.10101010101010101,0.12626262626262627,0.1047979797979798,0.041666666666666664,0.31313131313131315
copy,0.19999999999999996,0.09999999999999998,0.0818181818181818,0.0909090909090909,0.027272727272727268,0.06363636363636363,0.018181818181818177,0.41818181818181815
give,0.06229508196721311,0.16721311475409836,0.039344262295081964,0.08524590163934426,0.13770491803278687,0.10819672131147541,0.08852459016393442,0.3114754098360656
away,0.15567765567765568,0.1336996336996337,0.07326007326007326,0.18498168498168496,0.11172161172161171,0.13736263736263737,0.0641025641025641,0.1391941391941392
terms,0.11851851851851851,0.13333333333333333,0.03703703703703704,0.08888888888888889,0.12592592592592594,0.03703703703703704,0.044444444444444446,0.41481481481481486
license,0.11764705882352941,0.22352941176470587,0.058823529411764705,0.11764705882352941,0.10588235294117646,0.08235294117647059,0.02352941176470588,0.27058823529411763
online,0.09090909090909091,0.21212121212121213,0.045454545454545456,0.15151515151515152,0.0606060606060606,0.0303030303030303,0.0,0.4090909090909091
one,0.11495601173020528,0.13958944281524927,0.05337243401759531,0.14721407624633434,0.11906158357771264,0.10733137829912025,0.06686217008797656,0.2516129032258065
took,0.16608996539792387,0.15916955017301038,0.03460207612456747,0.23183391003460205,0.08304498269896193,0.10726643598615916,0.06228373702422145,0.1557093425605536
part,0.1197411003236246,0.14724919093851133,0.0598705501618123,0.18122977346278318,0.10194174757281553,0.11165048543689321,0.05663430420711974,0.2216828478964401
private,0.16216216216216217,0.12162162162162163,0.013513513513513514,0.21621621621621623,0.08108108108108109,0.14864864864864866,0.04054054054054054,0.21621621621621623
soldier,0.21875,0.08593749999999999,0.007812499999999999,0.16406249999999997,0.078125,0.20312499999999997,0.023437499999999997,0.21875
21st,0.11678832116788321,0.15328467153284672,0.029197080291970802,0.22627737226277375,0.12408759124087593,0.058394160583941604,0.058394160583941604,0.23357664233576642
volunteer,0.09433962264150945,0.13207547169811323,0.0,0.28301886792452835,0.11320754716981134,0.03773584905660378,0.01886792452830189,0.3207547169811321
regiment,0.09029345372460496,0.11512415349887131,0.015801354401805866,0.3860045146726862,0.07674943566591422,0.03837471783295711,0.04288939051918735,0.23476297968397286
infantry,0.13636363636363635,0.11363636363636363,0.011363636363636362,0.40909090909090906,0.06818181818181818,0.03409090909090909,0.011363636363636362,0.21590909090909088
massachusetts,0.10169491525423728,0.13559322033898302,0.016949152542372878,0.22881355932203387,0.06779661016949151,0.0847457627118644,0.059322033898305086,0.30508474576271183
author,0.0782122905027933,0.1340782122905028,0.03910614525139665,0.11731843575418993,0.11173184357541899,0.055865921787709494,0.05027932960893854,0.4134078212290503
july,0.06976744186046512,0.18604651162790697,0.0,0.20930232558139536,0.09302325581395349,0.09302325581395349,0.046511627906976744,0.3023255813953488
start,0.09999999999999999,0.31999999999999995,0.0,0.19999999999999998,0.06,0.07999999999999999,0.039999999999999994,0.19999999999999998
produced,0.11206896551724138,0.19827586206896552,0.06896551724137931,0.15517241379310345,0.07758620689655173,0.025862068965517244,0.017241379310344827,0.3448275862068966
distributed,0.0821917808219178,0.2602739726027397,0.054794520547945195,0.136986301369863,0.0958904109589041,0.0410958904109589,0.0,0.3287671232876712
https,0.0821917808219178,0.2328767123287671,0.0410958904109589,0.10958904109589039,0.0958904109589041,0.013698630136986299,0.0,0.4246575342465753
file,0.10526315789473684,0.19298245614035087,0.05263157894736842,0.14035087719298245,0.08771929824561404,0.017543859649122806,0.0,0.4035087719298246
made,0.11578947368421053,0.16140350877192983,0.05497076023391813,0.1391812865497076,0.14152046783625732,0.08187134502923976,0.056140350877192984,0.24912280701754386
available,0.1,0.1,0.0,0.2,0.1,0.03333333333333333,0.0,0.4666666666666667
copyright,0.11666666666666667,0.15,0.06666666666666667,0.11666666666666667,0.06666666666666667,0.08333333333333334,0.016666666666666666,0.38333333333333336
soldiers,0.17647058823529413,0.05882352941176471,0.04411764705882353,0.2647058823529412,0.08823529411764706,0.08823529411764706,0.04411764705882353,0.23529411764705885
loyal,0.1020408163265306,0.06122448979591836,0.0,0.24489795918367344,0.18367346938775508,0.06122448979591836,0.1020408163265306,0.24489795918367344
dead,0.2030075187969925,0.10150375939849625,0.13533834586466167,0.13533834586466167,0.10902255639097745,0.10150375939849625,0.03383458646616542,0.1804511278195489
rather,0.05607476635514018,0.19626168224299062,0.04672897196261682,0.04672897196261682,0.24299065420560742,0.03738317757009345,0.08411214953271028,0.2897196261682243
life,0.06596306068601583,0.12928759894459102,0.039577836411609495,0.11345646437994722,0.19525065963060687,0.11081794195250659,0.058047493403693924,0.287598944591029
experience,0.08064516129032259,0.24193548387096778,0.0,0.08064516129032259,0.12903225806451613,0.09677419354838711,0.08064516129032259,0.2903225806451613
camp,0.11501597444089456,0.16293929712460062,0.06070287539936101,0.14696485623003194,0.12779552715654952,0.10862619808306709,0.06070287539936101,0.21725239616613418
field,0.12987012987012986,0.13852813852813853,0.03896103896103896,0.2077922077922078,0.11255411255411255,0.11688311688311688,0.03463203463203463,0.22077922077922077
marched,0.12244897959183672,0.1530612244897959,0.08163265306122447,0.2040816326530612,0.08163265306122447,0.1530612244897959,0.06122448979591836,0.14285714285714285
suffered,0.2,0.08571428571428572,0.11428571428571428,0.2,0.05714285714285714,0.17142857142857143,0.08571428571428572,0.08571428571428572
volunteers,0.027777777777777776,0.1111111111111111,0.027777777777777776,0.027777777777777776,0.08333333333333333,0.1388888888888889,0.0,0.5833333333333334
reached,0.11650485436893206,0.20873786407766995,0.05825242718446603,0.14563106796116507,0.08252427184466021,0.1262135922330097,0.05339805825242719,0.20873786407766995
front,0.15942028985507245,0.16304347826086957,0.050724637681159424,0.22826086956521738,0.06521739130434782,0.11956521739130435,0.043478260869565216,0.17028985507246377
army,0.10714285714285714,0.15476190476190474,0.044642857142857144,0.20238095238095238,0.10119047619047619,0.06845238095238096,0.0625,0.25892857142857145
fell,0.10000000000000002,0.11000000000000001,0.030000000000000006,0.15000000000000002,0.05000000000000001,0.39000000000000007,0.05000000000000001,0.12000000000000002
sick,0.02564102564102564,0.02564102564102564,0.23076923076923078,0.12820512820512822,0.0,0.3333333333333333,0.0,0.25641025641025644
sent,0.1106382978723404,0.1404255319148936,0.05957446808510638,0.18723404255319145,0.10638297872340426,0.10638297872340426,0.06382978723404255,0.225531914893617
hospital,0.04365079365079365,0.06349206349206349,0.023809523809523808,0.27380952380952384,0.047619047619047616,0.23015873015873015,0.023809523809523808,0.29365079365079366
without,0.07122507122507123,0.17378917378917377,0.03418803418803419,0.1282051282051282,0.13675213675213677,0.08262108262108261,0.07692307692307693,0.2962962962962963
passing,0.15909090909090912,0.11363636363636365,0.11363636363636365,0.2272727272727273,0.045454545454545456,0.18181818181818182,0.045454545454545456,0.11363636363636365
wounded,0.13868613138686128,0.145985401459854,0.0437956204379562,0.18248175182481752,0.0583941605839416,0.1751824817518248,0.0583941605839416,0.1970802919708029
early,0.08270676691729323,0.20300751879699247,0.03007518796992481,0.21052631578947367,0.09774436090225563,0.10526315789473684,0.045112781954887216,0.22556390977443608
never,0.10372340425531915,0.14361702127659573,0.03457446808510638,0.14095744680851063,0.14361702127659573,0.13297872340425532,0.061170212765957445,0.23936170212765956
able,0.13138686131386862,0.11678832116788321,0.0948905109489051,0.16788321167883213,0.08029197080291971,0.13138686131386862,0.058394160583941604,0.21897810218978103
return,0.19847328244274806,0.11450381679389311,0.10687022900763359,0.22900763358778622,0.06106870229007633,0.13740458015267173,0.030534351145038163,0.12213740458015265
passed,0.1391304347826087,0.18695652173913047,0.06956521739130435,0.14347826086956522,0.09130434782608697,0.11304347826086956,0.060869565217391314,0.19565217391304351
sound,0.10416666666666667,0.17361111111111113,0.05555555555555555,0.1388888888888889,0.19444444444444445,0.11805555555555557,0.0625,0.15277777777777776
battle,0.3784615384615384,0.12923076923076923,0.033846153846153845,0.17538461538461536,0.04615384615384615,0.09846153846153845,0.030769230769230767,0.10769230769230767
campaign,0.1,0.22222222222222224,0.04444444444444444,0.15555555555555556,0.08888888888888888,0.12222222222222222,0.11111111111111112,0.15555555555555556
whole,0.09627329192546584,0.14596273291925463,0.043478260869565216,0.12422360248447205,0.15217391304347824,0.08695652173913043,0.07453416149068322,0.2763975155279503
three,0.11590909090909092,0.15454545454545457,0.04772727272727273,0.17954545454545454,0.10681818181818183,0.10227272727272728,0.07045454545454546,0.22272727272727272
years,0.09941520467836257,0.17348927875243667,0.06042884990253412,0.1539961013645224,0.09746588693957116,0.11306042884990253,0.06237816764132553,0.23976608187134502
thus,0.14035087719298245,0.14035087719298245,0.05555555555555555,0.1783625730994152,0.14035087719298245,0.1111111111111111,0.06140350877192982,0.17251461988304095
service,0.08620689655172413,0.10344827586206895,0.03448275862068965,0.29310344827586204,0.03448275862068965,0.15517241379310343,0.03448275862068965,0.2586206896551724
end,0.0979020979020979,0.1678321678321678,0.02797202797202797,0.1818181818181818,0.12587412587412586,0.06993006993006992,0.04195804195804195,0.28671328671328666
work,0.12421580928481805,0.17314930991217062,0.04140526976160602,0.10037641154328733,0.12547051442910917,0.07528230865746549,0.05771643663739021,0.302383939774153
directly,0.1967213114754098,0.16393442622950818,0.016393442622950817,0.180327868852459,0.06557377049180327,0.13114754098360654,0.06557377049180327,0.180327868852459
following,0.07865168539325844,0.1853932584269663,0.08426966292134833,0.12359550561797754,0.10112359550561799,0.12921348314606743,0.02247191011235955,0.2752808988764045
taken,0.08530805687203792,0.16587677725118483,0.04265402843601896,0.18009478672985782,0.1042654028436019,0.12322274881516587,0.04265402843601896,0.2559241706161138
form,0.0661764705882353,0.1801470588235294,0.029411764705882356,0.11397058823529414,0.10661764705882354,0.08455882352941178,0.029411764705882356,0.38970588235294124
interesting,0.07766990291262135,0.17475728155339804,0.029126213592233007,0.12621359223300968,0.20388349514563106,0.0970873786407767,0.08737864077669902,0.20388349514563106
time,0.09243697478991597,0.3259303721488595,0.035414165666266505,0.14465786314525808,0.09663865546218486,0.0822328931572629,0.052821128451380546,0.16986794717887152
different,0.06372549019607843,0.14215686274509803,0.0392156862745098,0.08823529411764706,0.14705882352941177,0.09803921568627451,0.10784313725490195,0.3137254901960784
entirely,0.10752688172043011,0.1827956989247312,0.04301075268817204,0.1935483870967742,0.07526881720430108,0.10752688172043011,0.08602150537634408,0.2043010752688172
long,0.0784557907845579,0.3387297633872976,0.034869240348692404,0.11830635118306351,0.0834371108343711,0.0896637608966376,0.0410958904109589,0.2154420921544209
comrades,0.14285714285714288,0.10204081632653063,0.06122448979591837,0.04081632653061225,0.22448979591836735,0.020408163265306124,0.14285714285714288,0.2653061224489796
four,0.11191335740072203,0.1588447653429603,0.039711191335740074,0.1552346570397112,0.11552346570397112,0.10830324909747292,0.07581227436823106,0.23465703971119137
trying,0.09999999999999999,0.125,0.049999999999999996,0.125,0.09999999999999999,0.17500000000000002,0.09999999999999999,0.22499999999999998
hope,0.06382978723404255,0.19148936170212766,0.021276595744680847,0.05319148936170213,0.20212765957446807,0.06382978723404255,0.14893617021276595,0.2553191489361702
mind,0.10408921933085502,0.17100371747211895,0.0483271375464684,0.10780669144981411,0.17843866171003717,0.08178438661710036,0.08178438661710036,0.22676579925650556
well,0.12680115273775217,0.16426512968299714,0.043227665706051875,0.12968299711815562,0.1325648414985591,0.09221902017291067,0.069164265129683,0.24207492795389052
chapter,0.13043478260869565,0.08695652173913043,0.043478260869565216,0.13043478260869565,0.043478260869565216,0.17391304347826086,0.08695652173913043,0.30434782608695654
lincoln,0.07575757575757576,0.21212121212121213,0.0,0.10606060606060606,0.10606060606060606,0.1212121212121212,0.07575757575757576,0.30303030303030304
annapolis,0.14285714285714288,0.20408163265306126,0.04081632653061225,0.163265306122449,0.0816326530612245,0.12244897959183675,0.06122448979591837,0.1836734693877551
bay,0.043478260869565216,0.2608695652173913,0.043478260869565216,0.05797101449275362,0.17391304347826086,0.043478260869565216,0.11594202898550723,0.2608695652173913
negroes,0.09523809523809523,0.2380952380952381,0.047619047619047616,0.14285714285714285,0.09523809523809523,0.14285714285714285,0.047619047619047616,0.19047619047619047
escape,0.08275862068965519,0.22758620689655173,0.062068965517241385,0.24827586206896554,0.0896551724137931,0.13793103448275865,0.062068965517241385,0.0896551724137931
picket,0.2727272727272727,0.2626262626262626,0.030303030303030304,0.2727272727272727,0.03535353535353536,0.0404040404040404,0.0,0.08585858585858586
duty,0.17222222222222222,0.2,0.03888888888888889,0.22222222222222224,0.08888888888888888,0.08333333333333333,0.04444444444444444,0.15
railroad,0.1836734693877551,0.1836734693877551,0.0,0.22448979591836735,0.0816326530612245,0.163265306122449,0.04081632653061225,0.12244897959183675
negro,0.0684931506849315,0.136986301369863,0.0410958904109589,0.10958904109589039,0.054794520547945195,0.3835616438356164,0.0958904109589041,0.10958904109589039
ball,0.1627906976744186,0.17441860465116277,0.011627906976744184,0.1627906976744186,0.11627906976744184,0.0697674418604651,0.1395348837209302,0.1627906976744186
2d,0.048780487804878044,0.12195121951219512,0.0,0.4146341463414634,0.17073170731707316,0.0,0.024390243902439022,0.2195121951219512
brigade,0.08823529411764706,0.09411764705882353,0.01764705882352941,0.4705882352941177,0.06470588235294118,0.047058823529411764,0.029411764705882356,0.18823529411764706
division,0.043478260869565216,0.15217391304347827,0.021739130434782608,0.4565217391304348,0.043478260869565216,0.08695652173913043,0.08695652173913043,0.10869565217391305
9th,0.05555555555555555,0.19444444444444445,0.027777777777777776,0.2222222222222222,0.125,0.08333333333333333,0.06944444444444445,0.2222222222222222
corps,0.055045871559633024,0.16513761467889906,0.009174311926605503,0.28440366972477066,0.13761467889908255,0.055045871559633024,0.06422018348623854,0.22935779816513763
north,0.05154639175257732,0.12027491408934707,0.061855670103092786,0.15463917525773196,0.17525773195876287,0.048109965635738834,0.08247422680412371,0.30584192439862545
inlet,0.08620689655172414,0.25862068965517243,0.10344827586206898,0.1896551724137931,0.08620689655172414,0.13793103448275862,0.017241379310344827,0.12068965517241381
island,0.10185185185185185,0.1111111111111111,0.05092592592592592,0.19907407407407407,0.1388888888888889,0.08796296296296297,0.05092592592592592,0.2592592592592593
newbern,0.14705882352941177,0.08823529411764705,0.0,0.20588235294117646,0.14705882352941177,0.08823529411764705,0.1176470588235294,0.20588235294117646
johnnies,0.16370106761565836,0.12811387900355872,0.02491103202846975,0.29181494661921703,0.10320284697508895,0.099644128113879,0.060498220640569395,0.12811387900355872
went,0.10485436893203882,0.2135922330097087,0.03689320388349514,0.16310679611650483,0.09514563106796114,0.1087378640776699,0.06601941747572815,0.2116504854368932
virginia,0.12307692307692308,0.16923076923076924,0.015384615384615385,0.18461538461538463,0.10769230769230771,0.09230769230769231,0.06153846153846154,0.24615384615384617
general,0.0688259109311741,0.12753036437246965,0.032388663967611336,0.12955465587044535,0.08299595141700405,0.06072874493927126,0.05465587044534413,0.4433198380566802
pope,0.10869565217391305,0.13043478260869565,0.021739130434782608,0.10869565217391305,0.021739130434782608,0.08695652173913043,0.06521739130434782,0.4565217391304348
ride,0.0,0.1,0.0,0.17500000000000002,0.1,0.12500000000000003,0.025,0.47500000000000003
confederate,0.15584415584415584,0.07792207792207792,0.032467532467532464,0.12987012987012986,0.051948051948051945,0.0844155844155844,0.032467532467532464,0.43506493506493504
doctor,0.046153846153846156,0.12307692307692308,0.046153846153846156,0.07692307692307694,0.046153846153846156,0.09230769230769231,0.03076923076923077,0.5384615384615385
's,0.09925093632958802,0.14653558052434457,0.05945692883895132,0.1554307116104869,0.1596441947565543,0.10767790262172286,0.07397003745318352,0.19803370786516855
horse,0.06024096385542169,0.10843373493975905,0.04819277108433735,0.07228915662650603,0.04819277108433735,0.06024096385542169,0.03614457831325302,0.5662650602409639
distance,0.08661417322834644,0.17322834645669288,0.047244094488188976,0.11811023622047244,0.1653543307086614,0.05511811023622047,0.07874015748031496,0.2755905511811023
ford,0.10810810810810811,0.10810810810810811,0.05405405405405406,0.2702702702702703,0.08108108108108109,0.10810810810810811,0.02702702702702703,0.24324324324324326
second,0.17073170731707318,0.13658536585365855,0.03414634146341464,0.21951219512195125,0.05853658536585366,0.13658536585365855,0.04390243902439025,0.2
bull,0.3571428571428572,0.07142857142857144,0.0,0.28571428571428575,0.03571428571428572,0.14285714285714288,0.0,0.10714285714285715
run,0.28301886792452835,0.15094339622641512,0.0,0.28301886792452835,0.01886792452830189,0.169811320754717,0.01886792452830189,0.07547169811320756
mcclellan,0.0,0.38461538461538464,0.0,0.0,0.0,0.07692307692307693,0.07692307692307693,0.46153846153846156
south,0.0676328502415459,0.13043478260869565,0.06521739130434782,0.13768115942028986,0.12560386473429952,0.07971014492753623,0.07246376811594203,0.32125603864734303
mountain,0.07608695652173914,0.2826086956521739,0.05434782608695653,0.11956521739130435,0.10869565217391305,0.07608695652173914,0.07608695652173914,0.20652173913043478
death,0.16100178890876565,0.1627906976744186,0.1359570661896243,0.1735241502683363,0.03756708407871198,0.1556350626118068,0.11627906976744186,0.05724508050089445
reno,0.06140350877192983,0.16666666666666666,0.04385964912280702,0.2017543859649123,0.07017543859649122,0.08771929824561404,0.07894736842105263,0.2894736842105263
president,0.07142857142857142,0.14285714285714285,0.011904761904761904,0.15476190476190474,0.07142857142857142,0.09523809523809523,0.05952380952380953,0.39285714285714285
near,0.09536082474226804,0.10051546391752576,0.07216494845360824,0.19845360824742267,0.12628865979381443,0.10051546391752576,0.0670103092783505,0.23969072164948452
fredericksburg,0.21666666666666665,0.16666666666666669,0.13333333333333333,0.13333333333333333,0.03333333333333333,0.13333333333333333,0.05,0.13333333333333333
home,0.06666666666666667,0.22083333333333335,0.016666666666666666,0.09166666666666666,0.17916666666666667,0.08333333333333334,0.10416666666666667,0.2375
along,0.15669515669515668,0.15384615384615385,0.06552706552706553,0.15954415954415954,0.10826210826210826,0.09401709401709402,0.04843304843304844,0.21367521367521367
river,0.08896797153024913,0.15658362989323846,0.04626334519572954,0.14946619217081852,0.11743772241992884,0.08896797153024913,0.0818505338078292,0.2704626334519573
confederates,0.18,0.15999999999999998,0.019999999999999997,0.18,0.12,0.09999999999999999,0.09999999999999999,0.13999999999999999
breakfast,0.07999999999999999,0.19999999999999998,0.06,0.0,0.15999999999999998,0.09999999999999999,0.15999999999999998,0.24
sterling,0.21666666666666665,0.25,0.0,0.06666666666666667,0.2,0.05,0.0,0.21666666666666665
moved,0.16129032258064516,0.13978494623655913,0.053763440860215055,0.27419354838709675,0.08602150537634408,0.07526881720430108,0.04838709677419355,0.16129032258064516
town,0.07228915662650602,0.15662650602409636,0.07831325301204818,0.16867469879518074,0.10843373493975904,0.1144578313253012,0.042168674698795185,0.25903614457831325
mule,0.16666666666666666,0.10416666666666667,0.020833333333333332,0.16666666666666666,0.14583333333333334,0.0625,0.0625,0.2708333333333333
train,0.12903225806451613,0.3225806451612903,0.06451612903225806,0.1935483870967742,0.12903225806451613,0.0967741935483871,0.03225806451612903,0.03225806451612903
make,0.08950617283950617,0.18827160493827158,0.07098765432098765,0.1419753086419753,0.11728395061728394,0.10493827160493828,0.06481481481481481,0.2222222222222222
knoxville,0.19047619047619047,0.14285714285714285,0.11904761904761905,0.09523809523809523,0.14285714285714285,0.0,0.07142857142857142,0.2380952380952381
colonel,0.12820512820512822,0.07692307692307693,0.038461538461538464,0.20512820512820512,0.038461538461538464,0.07692307692307693,0.01282051282051282,0.4230769230769231
mountains,0.09302325581395349,0.09302325581395349,0.058139534883720936,0.20930232558139536,0.08139534883720931,0.16279069767441862,0.11627906976744187,0.18604651162790697
way,0.11422845691382767,0.12825651302605212,0.06012024048096193,0.1402805611222445,0.12224448897795592,0.11422845691382767,0.09418837675350702,0.22645290581162325
worcester,0.0,0.16216216216216214,0.027027027027027025,0.13513513513513514,0.13513513513513514,0.05405405405405405,0.027027027027027025,0.4594594594594595
church,0.10526315789473684,0.26315789473684215,0.0,0.02631578947368421,0.26315789473684215,0.0,0.05263157894736842,0.2894736842105263
see,0.08908045977011493,0.12356321839080459,0.043103448275862065,0.16379310344827583,0.15229885057471262,0.09770114942528735,0.09770114942528735,0.23275862068965514
sun,0.05555555555555555,0.2046783625730994,0.029239766081871347,0.07309941520467837,0.19883040935672516,0.05555555555555555,0.16374269005847955,0.21929824561403508
ambulance,0.03225806451612903,0.03225806451612903,0.016129032258064516,0.30645161290322576,0.04838709677419355,0.22580645161290322,0.03225806451612903,0.30645161290322576
name,0.0517799352750809,0.1650485436893204,0.05501618122977347,0.1262135922330097,0.15857605177993525,0.09061488673139159,0.05825242718446602,0.29449838187702265
dreadful,0.22641509433962267,0.15094339622641512,0.13207547169811323,0.20754716981132076,0.03773584905660378,0.15094339622641512,0.05660377358490567,0.03773584905660378
great,0.09353612167300379,0.14752851711026616,0.0638783269961977,0.1300380228136882,0.1277566539923954,0.09581749049429657,0.06920152091254753,0.2722433460076045
felt,0.1276595744680851,0.08510638297872339,0.06382978723404255,0.19148936170212766,0.06382978723404255,0.2553191489361702,0.0,0.2127659574468085
party,0.0588235294117647,0.29411764705882354,0.02941176470588235,0.1764705882352941,0.08823529411764705,0.1176470588235294,0.02941176470588235,0.20588235294117646
since,0.09756097560975611,0.18466898954703836,0.041811846689895474,0.12195121951219513,0.1637630662020906,0.10104529616724739,0.06620209059233449,0.2229965156794425
mr.,0.06687898089171974,0.15605095541401273,0.05095541401273885,0.089171974522293,0.14331210191082802,0.09872611464968153,0.06050955414012738,0.3343949044585987
began,0.0967741935483871,0.22043010752688172,0.02150537634408602,0.14516129032258066,0.10752688172043011,0.1021505376344086,0.08064516129032258,0.22580645161290322
union,0.16071428571428573,0.07142857142857144,0.01785714285714286,0.2142857142857143,0.07142857142857144,0.12500000000000003,0.07142857142857144,0.2678571428571429
new,0.07894736842105263,0.1600877192982456,0.04824561403508772,0.1425438596491228,0.16228070175438597,0.08333333333333333,0.06140350877192983,0.2631578947368421
soon,0.11790393013100435,0.18777292576419213,0.05240174672489082,0.18777292576419213,0.08733624454148471,0.1397379912663755,0.06550218340611352,0.1615720524017467
fort,0.20754716981132076,0.05660377358490567,0.01886792452830189,0.22641509433962267,0.01886792452830189,0.01886792452830189,0.0,0.45283018867924535
fired,0.1888888888888889,0.12222222222222222,0.04444444444444444,0.2555555555555556,0.06666666666666667,0.08888888888888888,0.08888888888888888,0.14444444444444443
upon,0.13389121338912136,0.12133891213389122,0.04602510460251046,0.17154811715481172,0.1087866108786611,0.1087866108786611,0.07112970711297073,0.23849372384937242
state,0.049689440993788817,0.13664596273291926,0.024844720496894408,0.11801242236024845,0.11180124223602485,0.10559006211180125,0.049689440993788817,0.4037267080745342
became,0.1359223300970874,0.1359223300970874,0.07281553398058253,0.16990291262135923,0.10194174757281554,0.14077669902912623,0.048543689320388356,0.19417475728155342
quietly,0.12820512820512822,0.15384615384615385,0.02564102564102564,0.1794871794871795,0.10256410256410256,0.15384615384615385,0.12820512820512822,0.12820512820512822
asked,0.15217391304347827,0.15217391304347827,0.043478260869565216,0.15217391304347827,0.08695652173913043,0.10869565217391305,0.06521739130434782,0.2391304347826087
would,0.07557354925775979,0.155195681511471,0.05398110661268556,0.155195681511471,0.1349527665317139,0.0931174089068826,0.0796221322537112,0.252361673414305
say,0.08484848484848485,0.1696969696969697,0.030303030303030304,0.10909090909090909,0.2,0.10303030303030304,0.06666666666666667,0.23636363636363636
told,0.08000000000000002,0.14857142857142858,0.04000000000000001,0.21714285714285714,0.12571428571428572,0.07428571428571429,0.08000000000000002,0.2342857142857143
could,0.09894459102902375,0.14511873350923482,0.06068601583113457,0.14775725593667546,0.1503957783641161,0.11477572559366755,0.06068601583113457,0.2216358839050132
however,0.07228915662650602,0.18674698795180722,0.024096385542168672,0.15662650602409636,0.10843373493975904,0.08433734939759037,0.08433734939759037,0.2831325301204819
known,0.09567198177676539,0.173120728929385,0.05694760820045559,0.1161731207289294,0.1457858769931663,0.10022779043280183,0.054669703872437365,0.25740318906605925
company,0.11068702290076336,0.15648854961832062,0.05725190839694657,0.2251908396946565,0.06870229007633588,0.08396946564885496,0.03816793893129771,0.25954198473282447
done,0.1891891891891892,0.08108108108108107,0.0,0.1891891891891892,0.13513513513513514,0.16216216216216214,0.027027027027027025,0.2162162162162162
days,0.14492753623188406,0.19420289855072462,0.04927536231884058,0.13333333333333333,0.1391304347826087,0.08985507246376812,0.10434782608695652,0.14492753623188406
nothing,0.06168831168831169,0.16883116883116883,0.05194805194805195,0.12337662337662338,0.14610389610389612,0.09415584415584416,0.09090909090909093,0.262987012987013
go,0.075098814229249,0.20553359683794462,0.03162055335968379,0.16205533596837943,0.14624505928853754,0.11857707509881421,0.051383399209486154,0.20948616600790512
back,0.15674603174603174,0.125,0.06150793650793651,0.21626984126984128,0.07936507936507937,0.14484126984126983,0.051587301587301584,0.16468253968253968
learned,0.05555555555555556,0.23333333333333334,0.02222222222222222,0.08888888888888888,0.2,0.05,0.06111111111111111,0.28888888888888886
going,0.09090909090909093,0.19480519480519481,0.012987012987012988,0.16233766233766236,0.15584415584415587,0.1168831168831169,0.07142857142857144,0.19480519480519481
next,0.06501547987616099,0.15789473684210528,0.027863777089783284,0.14241486068111456,0.16408668730650158,0.10216718266253871,0.07120743034055728,0.2693498452012384
day,0.12,0.14095238095238097,0.04,0.1904761904761905,0.14285714285714285,0.11047619047619046,0.06857142857142857,0.18666666666666665
hand,0.10625,0.19375,0.043750000000000004,0.11249999999999999,0.16249999999999998,0.13749999999999998,0.09999999999999999,0.14375
number,0.11347517730496454,0.14184397163120568,0.05673758865248227,0.19858156028368795,0.1276595744680851,0.07801418439716312,0.04964539007092199,0.23404255319148937
take,0.08870967741935484,0.12096774193548389,0.03225806451612903,0.25806451612903225,0.08870967741935484,0.12903225806451613,0.05645161290322582,0.22580645161290328
us,0.08287292817679558,0.16758747697974216,0.04511970534069981,0.13904235727440148,0.1464088397790055,0.09208103130755065,0.07550644567219153,0.2513812154696133
little,0.10838445807770962,0.147239263803681,0.05930470347648261,0.15337423312883436,0.12883435582822086,0.11451942740286299,0.06339468302658487,0.2249488752556237
miles,0.08571428571428572,0.13142857142857142,0.09714285714285714,0.21714285714285714,0.09142857142857141,0.13142857142857142,0.03428571428571429,0.21142857142857144
afternoon,0.09219858156028368,0.1773049645390071,0.05673758865248227,0.2553191489361702,0.0851063829787234,0.1276595744680851,0.0425531914893617,0.16312056737588654
grounds,0.075,0.3,0.0,0.17500000000000002,0.09999999999999999,0.09999999999999999,0.049999999999999996,0.19999999999999998
first,0.10604453870625662,0.1654294803817603,0.04559915164369035,0.16224814422057263,0.1251325556733828,0.10180275715800635,0.07635206786850476,0.21739130434782605
set,0.12121212121212122,0.17575757575757575,0.03636363636363636,0.07272727272727272,0.12727272727272726,0.09696969696969697,0.07272727272727272,0.29696969696969694
tents,0.0,0.2391304347826087,0.021739130434782608,0.06521739130434782,0.17391304347826086,0.0,0.15217391304347827,0.34782608695652173
street,0.057142857142857134,0.19999999999999998,0.028571428571428567,0.19999999999999998,0.057142857142857134,0.1714285714285714,0.11428571428571427,0.1714285714285714
guard,0.0824742268041237,0.134020618556701,0.04123711340206185,0.31958762886597936,0.07216494845360824,0.0824742268041237,0.05154639175257732,0.21649484536082472
seemed,0.10256410256410256,0.19230769230769232,0.05128205128205128,0.14102564102564102,0.19230769230769232,0.06410256410256411,0.10256410256410256,0.15384615384615385
good,0.03350515463917525,0.21649484536082472,0.02577319587628866,0.055412371134020616,0.21262886597938144,0.034793814432989685,0.1765463917525773,0.24484536082474226
deal,0.018633540372670804,0.22360248447204967,0.018633540372670804,0.08695652173913043,0.20496894409937885,0.04968944099378881,0.19254658385093168,0.20496894409937885
change,0.03488372093023256,0.18604651162790697,0.03488372093023256,0.2558139534883721,0.12790697674418605,0.023255813953488372,0.09302325581395349,0.24418604651162792
boy,0.09090909090909091,0.1212121212121212,0.2727272727272727,0.09090909090909091,0.1212121212121212,0.0606060606060606,0.09090909090909091,0.15151515151515152
among,0.06871609403254973,0.13743218806509946,0.056057866184448475,0.13743218806509946,0.16455696202531647,0.108499095840868,0.08318264014466548,0.24412296564195302
lot,0.06965174129353234,0.17412935323383083,0.03482587064676617,0.11442786069651742,0.1890547263681592,0.09950248756218906,0.11442786069651742,0.20398009950248755
young,0.039735099337748346,0.2384105960264901,0.05960264900662252,0.0728476821192053,0.2384105960264901,0.0728476821192053,0.1655629139072848,0.11258278145695366
men,0.1178343949044586,0.15286624203821655,0.055732484076433116,0.1751592356687898,0.12261146496815287,0.10031847133757961,0.0589171974522293,0.21656050955414013
fun,0.03448275862068965,0.29310344827586204,0.03448275862068965,0.03448275862068965,0.3448275862068965,0.0,0.15517241379310343,0.10344827586206895
boys,0.10309278350515466,0.1778350515463918,0.025773195876288665,0.1701030927835052,0.1314432989690722,0.09793814432989692,0.10567010309278352,0.18814432989690724
henry,0.21951219512195122,0.0,0.04878048780487805,0.3170731707317073,0.04878048780487805,0.07317073170731708,0.04878048780487805,0.24390243902439027
harding,0.04545454545454545,0.24999999999999997,0.06818181818181818,0.11363636363636363,0.22727272727272727,0.022727272727272724,0.11363636363636363,0.1590909090909091
friends,0.024691358024691357,0.16049382716049382,0.07407407407407407,0.037037037037037035,0.2222222222222222,0.037037037037037035,0.14814814814814814,0.2962962962962963
glad,0.024390243902439025,0.29268292682926833,0.024390243902439025,0.024390243902439025,0.3902439024390244,0.0,0.07317073170731708,0.17073170731707318
o'clock,0.11688311688311688,0.1688311688311688,0.06493506493506493,0.1948051948051948,0.07792207792207792,0.12987012987012986,0.025974025974025972,0.22077922077922077
get,0.11377245508982034,0.16766467065868262,0.04790419161676646,0.1437125748502994,0.10778443113772454,0.10179640718562874,0.08982035928143711,0.22754491017964068
always,0.05755395683453237,0.1870503597122302,0.014388489208633093,0.08633093525179855,0.1726618705035971,0.07194244604316546,0.1223021582733813,0.28776978417266186
called,0.06185567010309278,0.12113402061855669,0.0747422680412371,0.12628865979381443,0.13917525773195874,0.07989690721649484,0.06185567010309278,0.33505154639175255
two,0.10906298003072197,0.1443932411674347,0.07066052227342551,0.18125960061443933,0.0890937019969278,0.09984639016897082,0.05376344086021505,0.2519201228878648
times,0.07627118644067797,0.1610169491525424,0.04237288135593221,0.13559322033898305,0.13559322033898305,0.1228813559322034,0.07627118644067797,0.25000000000000006
every,0.10847457627118644,0.13898305084745763,0.06271186440677967,0.1423728813559322,0.12372881355932204,0.11525423728813561,0.059322033898305086,0.24915254237288137
morning,0.12121212121212122,0.16363636363636364,0.04242424242424243,0.17575757575757575,0.12727272727272726,0.10303030303030304,0.06666666666666667,0.2
hour,0.1111111111111111,0.07407407407407407,0.04938271604938271,0.20987654320987656,0.1111111111111111,0.20987654320987656,0.1111111111111111,0.1234567901234568
man,0.11678832116788321,0.1186131386861314,0.062043795620437964,0.16788321167883213,0.1386861313868613,0.11313868613138688,0.06934306569343066,0.2135036496350365
minutes,0.22222222222222224,0.04444444444444444,0.06666666666666667,0.22222222222222224,0.02222222222222222,0.17777777777777776,0.06666666666666667,0.17777777777777776
dress,0.05405405405405406,0.24324324324324326,0.05405405405405406,0.08108108108108109,0.18918918918918923,0.13513513513513514,0.05405405405405406,0.18918918918918923
put,0.08743169398907104,0.18579234972677597,0.060109289617486336,0.18032786885245902,0.10928961748633881,0.09289617486338798,0.09289617486338798,0.1912568306010929
order,0.08256880733944955,0.21100917431192664,0.04587155963302753,0.21100917431192664,0.10091743119266056,0.08256880733944955,0.07339449541284404,0.19266055045871563
six,0.11564625850340136,0.1836734693877551,0.05442176870748299,0.16326530612244897,0.10204081632653061,0.1292517006802721,0.05442176870748299,0.19727891156462585
line,0.2271604938271605,0.13333333333333333,0.046913580246913576,0.21481481481481482,0.05925925925925926,0.11604938271604938,0.04197530864197531,0.16049382716049385
much,0.08121827411167512,0.14720812182741114,0.05837563451776649,0.14974619289340102,0.12817258883248728,0.12817258883248728,0.05964467005076141,0.24746192893401014
like,0.05405405405405405,0.15637065637065636,0.05598455598455598,0.11776061776061775,0.14864864864864863,0.11196911196911195,0.06756756756756756,0.2876447876447876
remember,0.13513513513513514,0.16216216216216217,0.10810810810810811,0.21621621621621623,0.10810810810810811,0.10810810810810811,0.08108108108108109,0.08108108108108109
seen,0.06233062330623306,0.17344173441734417,0.06775067750677508,0.14634146341463414,0.12466124661246612,0.10569105691056911,0.04336043360433604,0.2764227642276423
expected,0.043478260869565216,0.34782608695652173,0.0,0.19565217391304346,0.0,0.15217391304347827,0.06521739130434782,0.19565217391304346
appeared,0.11627906976744187,0.12790697674418605,0.058139534883720936,0.23255813953488375,0.09302325581395349,0.10465116279069768,0.03488372093023256,0.23255813953488375
together,0.05607476635514018,0.1308411214953271,0.04672897196261682,0.16822429906542055,0.09345794392523364,0.11214953271028036,0.06542056074766354,0.3271028037383177
making,0.12676056338028172,0.19718309859154934,0.04225352112676057,0.14084507042253522,0.12676056338028172,0.11267605633802817,0.028169014084507043,0.22535211267605634
thing,0.10344827586206896,0.1773399014778325,0.034482758620689655,0.17241379310344826,0.09852216748768472,0.14285714285714285,0.02463054187192118,0.24630541871921183
many,0.11063218390804598,0.1336206896551724,0.07327586206896551,0.13218390804597702,0.1307471264367816,0.09770114942528736,0.0603448275862069,0.2614942528735632
rations,0.08571428571428572,0.34285714285714286,0.08571428571428572,0.17142857142857143,0.05714285714285714,0.08571428571428572,0.05714285714285714,0.11428571428571428
received,0.09090909090909091,0.2251082251082251,0.03896103896103896,0.08658008658008659,0.13852813852813853,0.0735930735930736,0.11255411255411255,0.23376623376623376
things,0.09782608695652173,0.13043478260869565,0.03804347826086957,0.125,0.16847826086956522,0.11413043478260869,0.0923913043478261,0.23369565217391305
coffee,0.09999999999999999,0.17500000000000002,0.049999999999999996,0.15,0.17500000000000002,0.09999999999999999,0.09999999999999999,0.15
kind,0.0776470588235294,0.10117647058823528,0.035294117647058816,0.09176470588235293,0.268235294117647,0.07058823529411763,0.04941176470588235,0.30588235294117644
regular,0.08888888888888889,0.16296296296296295,0.014814814814814814,0.1851851851851852,0.14814814814814817,0.059259259259259255,0.05185185185185186,0.28888888888888886
later,0.1081081081081081,0.14285714285714285,0.04247104247104246,0.19691119691119688,0.09266409266409266,0.1467181467181467,0.05405405405405405,0.2162162162162162
fresh,0.11428571428571427,0.19999999999999998,0.0857142857142857,0.11428571428571427,0.1714285714285714,0.0857142857142857,0.0857142857142857,0.14285714285714285
eight,0.13095238095238096,0.19047619047619047,0.09523809523809523,0.13095238095238096,0.05952380952380953,0.15476190476190474,0.047619047619047616,0.19047619047619047
