,anger,anticipation,disgust,fear,joy,sadness,surprise,trust
project,0.12196007259528131,0.1764065335753176,0.04972776769509982,0.057350272232304905,0.10344827586206896,0.07949183303085298,0.021052631578947368,0.39056261343012705
gutenberg,0.08860759493670886,0.2475386779184248,0.043600562587904367,0.06329113924050633,0.08579465541490858,0.09704641350210971,0.01547116736990155,0.35864978902953587
ebook,0.10507246376811594,0.1938405797101449,0.036231884057971016,0.08876811594202899,0.06702898550724638,0.10507246376811594,0.018115942028985508,0.3858695652173913
jack,0.059221658206429786,0.17258883248730966,0.06429780033840948,0.16243654822335027,0.155668358714044,0.08629441624365483,0.09137055837563453,0.20812182741116755
giant,0.09880749574105621,0.12776831345826234,0.06132879045996593,0.2776831345826235,0.12436115843270867,0.09880749574105621,0.059625212947189095,0.151618398637138
killer,0.018181818181818184,0.14545454545454548,0.07272727272727274,0.36363636363636365,0.10909090909090909,0.03636363636363637,0.018181818181818184,0.23636363636363636
use,0.09766555502620296,0.1681753215817056,0.0700333492139114,0.1233920914721296,0.15292996665078612,0.06955693187232016,0.04954740352548834,0.26869938065745597
may,0.0835507010107597,0.17394848386044995,0.06031953048581676,0.11909031626997066,0.14664166938376264,0.09153896315617868,0.07026410172807304,0.2546462341049886
copy,0.17058823529411762,0.09999999999999999,0.07450980392156863,0.08431372549019607,0.049019607843137254,0.08431372549019607,0.025490196078431372,0.4117647058823529
give,0.0812928501469148,0.17017629774730658,0.059745347698334964,0.1229187071498531,0.151077375122429,0.08276199804113614,0.0668462291870715,0.26518119490695397
away,0.1025508889461479,0.16155629992270035,0.07575367173408916,0.13553207936098946,0.12986343725843855,0.11929914970368462,0.07549600618397322,0.1999484668899768
terms,0.1138047138047138,0.13602693602693602,0.06397306397306397,0.1138047138047138,0.12861952861952863,0.06868686868686869,0.05185185185185185,0.32323232323232326
license,0.11212121212121212,0.21515151515151515,0.05757575757575757,0.09999999999999999,0.11818181818181818,0.08181818181818182,0.03333333333333333,0.28181818181818186
provided,0.09487179487179488,0.16538461538461538,0.06282051282051282,0.10384615384615384,0.16025641025641027,0.07692307692307693,0.05128205128205128,0.2846153846153846
archive,0.13168724279835392,0.1358024691358025,0.03703703703703704,0.020576131687242802,0.03703703703703704,0.19753086419753088,0.0,0.44032921810699593
illustration,0.14038128249566723,0.12305025996533794,0.053726169844020795,0.18890814558058924,0.14211438474870017,0.11785095320623916,0.05719237435008665,0.17677642980935873
sing,0.028089887640449437,0.20224719101123598,0.014981273408239702,0.054307116104868915,0.24531835205992508,0.14419475655430714,0.054307116104868915,0.2565543071161049
deeds,0.11111111111111112,0.13605442176870747,0.07709750566893424,0.12244897959183675,0.15873015873015872,0.10204081632653061,0.08163265306122448,0.2108843537414966
knight,0.1256544502617801,0.14136125654450263,0.04712041884816753,0.16753926701570682,0.14136125654450263,0.08900523560209424,0.07329842931937172,0.21465968586387432
arthur,0.06862745098039216,0.19607843137254904,0.029411764705882353,0.16666666666666669,0.18627450980392157,0.058823529411764705,0.07843137254901962,0.21568627450980396
's,0.08857379139243998,0.1770442093656318,0.05637297129664726,0.12583990903139108,0.1346438785706902,0.11307329175424694,0.08543813100858001,0.2190138175803729
days,0.08863198458574181,0.18159922928709057,0.06526974951830444,0.1252408477842004,0.14523121387283236,0.10838150289017341,0.06888246628131021,0.21676300578034682
fun,0.05063291139240506,0.26582278481012656,0.06329113924050632,0.11392405063291139,0.26582278481012656,0.03797468354430379,0.07594936708860758,0.12658227848101264
ere,0.10771581359816654,0.18258212375859434,0.06722689075630252,0.13903743315508021,0.1382734912146677,0.10618792971734148,0.08403361344537814,0.17494270435446904
britain,0.09523809523809523,0.1619047619047619,0.08571428571428572,0.13333333333333333,0.14761904761904762,0.09047619047619047,0.06666666666666667,0.21904761904761902
every,0.10678181696458461,0.14882506527415146,0.07190198835107453,0.1453437771975631,0.13670750485371896,0.10785298252661178,0.06286402892147018,0.21972283591082548
cave,0.08526187576126676,0.1900121802679659,0.050548112058465294,0.12393422655298418,0.12302070645554203,0.12637028014616322,0.09805115712545677,0.2028014616321559
fierce,0.20083184789067138,0.09209744503862151,0.1437908496732026,0.2364824717765894,0.0766488413547237,0.08793820558526441,0.052881758764111705,0.10932857991681519
till,0.09151785714285715,0.18638392857142858,0.04985119047619047,0.13802083333333334,0.1369047619047619,0.11681547619047618,0.07217261904761904,0.20833333333333331
slain,0.1147186147186147,0.14718614718614717,0.07359307359307359,0.16774891774891773,0.13528138528138528,0.09632034632034632,0.06601731601731602,0.1991341991341991
dragon,0.03636363636363637,0.19090909090909092,0.05454545454545454,0.16363636363636364,0.2,0.03636363636363637,0.11818181818181818,0.2
risk,0.09020618556701032,0.2345360824742268,0.06443298969072166,0.25,0.07474226804123711,0.08762886597938145,0.06701030927835053,0.13144329896907217
life,0.09369536151393601,0.16980355857245705,0.0677774349480613,0.13349789159724365,0.13462922966162708,0.12588707189139153,0.07878226884706366,0.19592718296821968
n't,0.09855862874951306,0.14374756525126606,0.07557460070120764,0.12504869497467863,0.14063108687183484,0.0938839111803662,0.09271523178807947,0.22984028048305416
think,0.09816815406294034,0.15265382808830436,0.07092531705025833,0.13621418506341004,0.13621418506341004,0.12588069516204792,0.07984969469234382,0.2000939408172851
'd,0.09893617021276596,0.14893617021276595,0.06702127659574468,0.1468085106382979,0.14574468085106382,0.10531914893617021,0.08617021276595745,0.20106382978723403
much,0.08499667332002661,0.1651696606786427,0.05854956753160346,0.11809713905522287,0.16067864271457083,0.10345974717232202,0.07734530938123751,0.2317032601463739
o'er,0.0835030549898167,0.17311608961303462,0.044806517311608965,0.14663951120162932,0.18126272912423624,0.1364562118126273,0.0835030549898167,0.15071283095723015
flew,0.15671641791044774,0.1343283582089552,0.08582089552238804,0.20522388059701488,0.10820895522388058,0.09328358208955223,0.11940298507462685,0.09701492537313432
't,0.11381074168797954,0.14194373401534527,0.08695652173913043,0.14578005115089515,0.13427109974424553,0.11636828644501278,0.08823529411764706,0.17263427109974425
thing,0.09230769230769231,0.1565934065934066,0.06593406593406594,0.12692307692307694,0.15824175824175823,0.10824175824175823,0.06923076923076923,0.22252747252747251
view,0.08461663154482087,0.19160317717620357,0.04968390338790727,0.11898200680823472,0.12660074566380286,0.12611444318366022,0.09539633652131625,0.2070027557140541
fairy,0.028571428571428574,0.2571428571428572,0.028571428571428574,0.1142857142857143,0.2571428571428572,0.028571428571428574,0.14285714285714285,0.14285714285714285
hero,0.0462962962962963,0.2028619528619529,0.03198653198653199,0.07323232323232323,0.2087542087542088,0.05303030303030304,0.148989898989899,0.23484848484848486
glory,0.04767184035476718,0.220990391722099,0.03621581670362158,0.1056910569105691,0.21433850702143384,0.04508499630450849,0.038063562453806356,0.29194382852919437
lady,0.08245505269683819,0.18516222359991732,0.0487704071089068,0.11779293242405456,0.1415581731762761,0.1161396982847696,0.09816077702004547,0.209960735689192
oh,0.10189573459715638,0.1386255924170616,0.07227488151658767,0.14218009478672985,0.1409952606635071,0.10308056872037913,0.06990521327014218,0.231042654028436
giants,0.09259259259259259,0.12962962962962962,0.07407407407407407,0.16666666666666666,0.1111111111111111,0.12962962962962962,0.07407407407407407,0.2222222222222222
monstrous,0.10583941605839416,0.12043795620437957,0.10583941605839416,0.1788321167883212,0.13138686131386862,0.14963503649635035,0.051094890510948905,0.15693430656934307
know,0.08986318407960198,0.15267412935323382,0.06125621890547263,0.14148009950248755,0.14365671641791045,0.09794776119402984,0.0708955223880597,0.24222636815920398
'll,0.10207939508506617,0.16446124763705106,0.06112161310649023,0.11972274732199119,0.13610586011342157,0.09640831758034027,0.08821676118462508,0.2318840579710145
high,0.0904176904176904,0.16756756756756758,0.053562653562653564,0.1285012285012285,0.15282555282555282,0.09852579852579853,0.0769041769041769,0.23169533169533169
three,0.09541008276899925,0.18073739653875093,0.056583897667419114,0.12626034612490594,0.12987208427389013,0.11467268623024832,0.08126410835214447,0.21519939804364183
earth,0.0763216679076694,0.155994043186895,0.07334326135517497,0.1373790022338049,0.157855547282204,0.0967982129560685,0.062174236783320916,0.24013402829486222
eyes,0.09719273413540931,0.14956357631516867,0.07147912243453645,0.13446567586694977,0.14578910120311395,0.13092710544939845,0.08563340410474168,0.1849492804906818
mouth,0.09302325581395347,0.1154485049833887,0.07890365448504982,0.11461794019933555,0.11960132890365448,0.10548172757475081,0.18604651162790695,0.18687707641196014
like,0.10271838401203394,0.15461480605995487,0.0719888256151284,0.13828301278607497,0.14558934135596863,0.11453744493392069,0.07779091006769098,0.19447727516922744
well,0.09676007005253941,0.16024518388791595,0.06202568593111501,0.1281377699941623,0.15280210157618215,0.09194395796847636,0.0760361938120257,0.2320490367775832
head,0.10344267619356935,0.15914257875933746,0.06446898343618059,0.14127963624553427,0.12828840532640468,0.1201688860019487,0.06771679116596298,0.21549204287106202
one,0.09608363757052771,0.15474610023232657,0.06662794556920013,0.13371224692997014,0.14333720544307998,0.10649684699634915,0.07115001659475606,0.22784600066379027
two,0.09177946517002311,0.17112358314075052,0.06096621547265323,0.12765489160338944,0.13799933971607792,0.11422911852096401,0.0822053482997689,0.21404203807637284
shone,0.07311827956989247,0.16344086021505375,0.05591397849462366,0.16774193548387095,0.15053763440860216,0.13333333333333333,0.0946236559139785,0.16129032258064516
back,0.10670535138620243,0.15570599613152802,0.061573178594455186,0.14410058027079303,0.1276595744680851,0.12830431979368148,0.08252740167633783,0.1934235976789168
bore,0.10707803992740472,0.1397459165154265,0.07622504537205081,0.1705989110707804,0.11796733212341197,0.12704174228675136,0.06715063520871144,0.19419237749546278
would,0.1042654028436019,0.14832994809298125,0.06685849695328368,0.14426765967050326,0.13704581358609794,0.11058451816745656,0.0696231099074701,0.21902505077860526
mountain,0.0896921017402945,0.23828647925033464,0.0537706381079875,0.13476126729138777,0.1108879964301651,0.12070504239178938,0.08121374386434627,0.17068273092369476
right,0.1076158940397351,0.14693708609271522,0.05629139072847682,0.12706953642384106,0.1390728476821192,0.1005794701986755,0.06374172185430463,0.2586920529801324
bold,0.11096938775510203,0.16326530612244897,0.06122448979591836,0.1301020408163265,0.14540816326530612,0.09566326530612244,0.07397959183673469,0.21938775510204078
son,0.09205903021784961,0.15764816116186461,0.06184118060435699,0.13094401499180136,0.14171937221831812,0.11009604122745374,0.07167955024595925,0.23401264933239638
sir,0.07387646213831316,0.13831315411450854,0.05479170941924892,0.09768109993843628,0.12558998563513238,0.08023804637800123,0.07551816129694233,0.3539913810794172
thousand,0.09975498774938746,0.1715085754287714,0.05810290514525726,0.14280714035701783,0.12635631781589077,0.1144557227861393,0.08470423521176057,0.20231011550577524
iron,0.12203389830508475,0.12542372881355932,0.08361581920903956,0.15254237288135594,0.096045197740113,0.11525423728813558,0.055367231638418085,0.2497175141242938
could,0.101217111150886,0.15536065867191695,0.06559871129407553,0.13987828888491144,0.13817791301235013,0.11768390907463756,0.07410059065688206,0.20798281725434045
free,0.08743570903747243,0.15209404849375457,0.060984570168993384,0.12711241734019102,0.14915503306392355,0.1168258633357825,0.0698016164584864,0.23659074210139602
sea,0.09686712279438241,0.177889809146561,0.059776737486496215,0.14836154123154482,0.11883327331652861,0.13467770975873242,0.0817428880086424,0.18185091825711197
way,0.10560388428080114,0.15881043900465305,0.061703418976330165,0.13918672870726279,0.13736597208173176,0.11915840582642119,0.07161642727088811,0.2065547238519118
go,0.08527131782945736,0.17013463892288863,0.06527947776417789,0.1244390044879641,0.13667890656874745,0.10118319053447573,0.0832313341493268,0.23378212974296206
make,0.0841708542713568,0.16038525963149078,0.06218592964824121,0.13170016750418762,0.14803182579564492,0.08752093802345058,0.0611390284757119,0.2648659966499163
might,0.09778327894677619,0.1629346236075166,0.06380105772476652,0.14695622819849216,0.13412850230674017,0.10160909193203554,0.07449082930122651,0.21829638798244627
round,0.09993060374739762,0.15718251214434417,0.06245662734212352,0.1446911866759195,0.1398334489937543,0.1169326856349757,0.08015267175572519,0.19882026370575984
table,0.08953974895397489,0.18828451882845187,0.06861924686192468,0.10711297071129708,0.14811715481171547,0.09456066945606695,0.07615062761506276,0.22761506276150628
man,0.1017274472168906,0.14597434084250935,0.07414890392968987,0.14223658955450047,0.1396100616223861,0.10091928477624003,0.07303768057379534,0.22234569148398828
'm,0.08771929824561404,0.13784461152882205,0.06390977443609022,0.11528822055137844,0.15914786967418545,0.08270676691729323,0.07268170426065163,0.2807017543859649
young,0.0708704145864988,0.20924679835033647,0.04167571087475581,0.09615802040373345,0.19220751031039723,0.08226611677881485,0.1464076405469937,0.16116778814846972
day,0.087781647594001,0.17407065178761819,0.06162484895870354,0.12737223683275287,0.13163693226242093,0.12012225460231717,0.0882081171369678,0.2091833108252186
gave,0.09249506254114549,0.15273206056616193,0.06583278472679394,0.13429888084265962,0.15207373271889402,0.09578670177748519,0.07439104674127715,0.23238973008558259
prince,0.08794788273615635,0.16395222584147667,0.06840390879478828,0.12377850162866451,0.13897937024972856,0.10097719869706842,0.07166123778501629,0.244299674267101
good,0.05586314593980692,0.1976859738784781,0.03918228279386712,0.08035207268597387,0.18419931856899485,0.06871095968199885,0.13465360590573536,0.23935264054514477
mount,0.07421874999999999,0.17578125,0.06640625,0.140625,0.140625,0.09765625,0.0625,0.2421875
count,0.08668501270110077,0.18321337849280273,0.04847586790855207,0.1226714648602879,0.11833192209991533,0.1205546147332769,0.09483488569009314,0.22523285351397124
mean,0.08888888888888889,0.17373737373737372,0.06868686868686869,0.12121212121212122,0.12525252525252525,0.08484848484848485,0.09090909090909091,0.24646464646464644
air,0.10281158203944608,0.1540075535039866,0.05623164078892153,0.12924884599244651,0.1624003357112883,0.12127570289550986,0.08560637851447755,0.18841796055392362
another,0.0946366109599689,0.16692576758647493,0.06412747765254566,0.1319471434123591,0.1369996113486203,0.10513019821220365,0.07151185386708121,0.2287213369607462
times,0.08865411116214976,0.1589343132751493,0.06430868167202573,0.13367018833256777,0.15204409738171798,0.08360128617363344,0.07165824529168581,0.2471290767110703
five,0.09530026109660575,0.1664490861618799,0.05417754569190601,0.13315926892950392,0.1409921671018277,0.10378590078328982,0.08746736292428199,0.21866840731070497
monster,0.09634551495016612,0.11627906976744187,0.08970099667774088,0.2724252491694352,0.08637873754152825,0.11295681063122924,0.07641196013289037,0.14950166112956811
club,0.08625877632898697,0.19107321965897697,0.051153460381143434,0.12236710130391175,0.11985957873620863,0.12838515546639923,0.09679037111334003,0.20411233701103312
made,0.07839667641175564,0.16948761347899674,0.055623942144945364,0.12324973072780425,0.15056162486536387,0.08824434528388982,0.06393291275580858,0.27050315433143557
comes,0.09343715239154617,0.17130144605116795,0.07341490545050054,0.13904338153503892,0.14905450500556172,0.10233592880978865,0.07563959955506117,0.19577308120133483
ever,0.10558414331999237,0.148084619782733,0.07261292166952545,0.140842386125405,0.1391271202591957,0.11816275967219363,0.0735658471507528,0.20202020202020202
old,0.0878423004623279,0.17990143778895493,0.056952700299751045,0.11964639536655997,0.13422750596961844,0.12213585327439921,0.09119544784839709,0.20809835898999135
hope,0.06352134949920928,0.19583552978386926,0.038745387453874534,0.08697944122298365,0.18371112282551397,0.07248286768581971,0.14101212440695834,0.21771217712177118
ye,0.08382526564344747,0.1507280598189689,0.08303817394726487,0.13341204250295158,0.14718614718614717,0.06887052341597796,0.06218024399842582,0.2707595434868162
must,0.10450756406298241,0.15405989502933004,0.06931151589996913,0.14124729854893486,0.12905217659771534,0.11546773695585058,0.06699598641556036,0.21935782648965732
upon,0.1085325832161275,0.15043366150961085,0.07389826535396155,0.14387013595874354,0.13039146741678387,0.10964603844350679,0.06446319737458978,0.21876465072667603
night,0.09263404754290587,0.17631382581814303,0.05639057669758021,0.131755676367125,0.12301460398678178,0.13186227481078774,0.09156806310627864,0.1964609316703976
say,0.07580091533180777,0.1759153318077803,0.06521739130434782,0.11699084668192218,0.1507437070938215,0.07894736842105263,0.07808924485125858,0.25829519450800914
morning,0.08691868896838442,0.18717973508653196,0.050178864932804795,0.1207580005801025,0.13139321280092817,0.12249830803441943,0.0947500725128106,0.20632311708401818
blue,0.06378600823045268,0.15123456790123455,0.04938271604938271,0.09516460905349794,0.14454732510288065,0.264917695473251,0.06430041152263374,0.16666666666666666
put,0.10906757912745936,0.14114627887082976,0.0795551753635586,0.1437125748502994,0.11248930710008555,0.10906757912745936,0.06800684345594525,0.2369546621043627
blow,0.1377459749552773,0.13059033989266547,0.07871198568872988,0.20035778175313057,0.08586762075134168,0.13059033989266547,0.07155635062611806,0.16457960644007155
cried,0.12844036697247707,0.1402359108781127,0.062254259501965926,0.1579292267365662,0.11926605504587157,0.12647444298820446,0.09239842726081259,0.1730013106159895
see,0.08753126116470168,0.17184708824580208,0.062343694176491604,0.12397284744551627,0.15594855305466238,0.10950339406931048,0.08360128617363344,0.20525187566988212
roared,0.11904761904761904,0.09523809523809523,0.14285714285714285,0.2619047619047619,0.07142857142857142,0.14285714285714285,0.14285714285714285,0.023809523809523808
nose,0.07580174927113703,0.14285714285714288,0.19533527696793004,0.09620991253644315,0.13994169096209913,0.0816326530612245,0.08454810495626823,0.1836734693877551
full,0.10366051182377714,0.1729834791059281,0.05604146420472952,0.11532231940395207,0.15937803692905736,0.09685779073534176,0.07385811467444121,0.22189828312277293
answered,0.11594202898550725,0.1360708534621578,0.053945249597423514,0.15217391304347824,0.1465378421900161,0.08373590982286634,0.07729468599033816,0.23429951690821257
said,0.08817771725253212,0.15533236871223083,0.06630351519278237,0.12196782704911056,0.1481828240701336,0.09413567112094645,0.07660226402246999,0.249297812579794
thus,0.09807265904826881,0.15231110353061572,0.07095343680709536,0.1425891181988743,0.13644891693672181,0.1050656660412758,0.061572573767695725,0.2329865256694525
read,0.0787923416789396,0.17967599410898377,0.0589101620029455,0.101620029455081,0.17231222385861558,0.09867452135493372,0.07658321060382915,0.23343151693667155
sent,0.0951231289232255,0.17286335103814582,0.06084017382906808,0.1400289715113472,0.1380975374215355,0.08739739256397876,0.06711733462095607,0.23853211009174313
champion,0.04081632653061225,0.23129251700680273,0.0272108843537415,0.11564625850340136,0.23129251700680273,0.04081632653061225,0.047619047619047616,0.2653061224489796
sword,0.11237274862960062,0.16914643696162882,0.06108065779169929,0.1495693030540329,0.1182458888018794,0.10728269381362568,0.08183241973375097,0.2004698512137823
soon,0.09329027628274131,0.16146393972012918,0.06207391460351633,0.14137064944384642,0.137064944384643,0.11517761033369216,0.07427341227125941,0.21528525296017223
name,0.077329928871056,0.165055626481853,0.06292175816159037,0.12967353638519058,0.15356556629582346,0.08389567754878717,0.060550793361298566,0.26700711289440093
little,0.08837701257492067,0.16406158185450698,0.06334469385356681,0.12057821130567632,0.15724526971442002,0.11317428605006462,0.08226583617346338,0.2109531084733811
sure,0.10034013605442177,0.1488095238095238,0.06972789115646258,0.12074829931972787,0.14795918367346936,0.08758503401360544,0.07738095238095237,0.24744897959183673
though,0.09442831466887876,0.15747269459422095,0.06262961426793862,0.13784045347711876,0.14931563666528413,0.10783907092492742,0.06650076040370524,0.22397345499792617
found,0.07450810185185185,0.12210648148148148,0.051070601851851846,0.10445601851851852,0.21455439814814814,0.09172453703703703,0.0625,0.2790798611111111
spoke,0.11305070656691604,0.15627597672485455,0.06566916043225271,0.1371571072319202,0.13965087281795513,0.10141313383208644,0.10058187863674148,0.18620116375727347
fear,0.15956969968623935,0.13267593007619902,0.05535634244733303,0.2090990587180636,0.10667861945316001,0.08830121021963244,0.06409681757059614,0.18422232182877632
castle,0.08683584456780333,0.1859635210150674,0.04956383822363204,0.12252180808881839,0.12450436161776368,0.1272799365582871,0.09199048374306107,0.211340206185567
sight,0.09323653037829575,0.1719526175009553,0.06419564386702331,0.13565150936186474,0.13641574321742456,0.12877340466182655,0.08750477646159725,0.18226977455101262
kind,0.07213003725025398,0.1469691838807992,0.045377582119878086,0.09007788689468338,0.2052150355570606,0.09617338300033863,0.06332543176430748,0.28073145953267864
ghastly,0.06796116504854369,0.14563106796116504,0.16504854368932037,0.2621359223300971,0.058252427184466014,0.16504854368932037,0.07766990291262135,0.058252427184466014
spirits,0.06624383368569416,0.19873150105708243,0.05144467935165609,0.1120507399577167,0.18816067653276955,0.09866102889358704,0.14869626497533475,0.13601127554615927
page,0.10744810744810745,0.14285714285714285,0.07448107448107447,0.14774114774114772,0.1330891330891331,0.10012210012210011,0.08180708180708181,0.21245421245421242
black,0.08681857513700605,0.1649841361407557,0.05581194115950389,0.11623882319007785,0.12676665705220652,0.1879146235938852,0.07816556100374963,0.18329968272281508
behind,0.09207161125319693,0.1815856777493606,0.0588235294117647,0.13427109974424553,0.1381074168797954,0.1329923273657289,0.07161125319693094,0.19053708439897699
hung,0.08010012515644556,0.17271589486858574,0.06508135168961202,0.12640801001251564,0.15769712140175218,0.1276595744680851,0.07133917396745933,0.1989987484355444
ladies,0.07898415657036345,0.18755824790307546,0.04776328052190121,0.1081081081081081,0.14655172413793102,0.11649580615097856,0.1015843429636533,0.2129543336439888
pray,0.039529914529914535,0.1752136752136752,0.02670940170940171,0.1634615384615385,0.17414529914529916,0.045940170940170943,0.13782051282051283,0.2371794871794872
long,0.08709800918836141,0.2556470137825421,0.06010719754977029,0.12720137825421135,0.11772588055130169,0.11179173047473201,0.06278713629402756,0.1776416539050536
take,0.09170027594990449,0.1602632137550414,0.06452982381659945,0.1350031840373594,0.13861175971131395,0.09721927403948206,0.07726597325408618,0.23540649543621314
enjoy,0.04225352112676056,0.23661971830985915,0.030046948356807514,0.07230046948356808,0.24694835680751173,0.036619718309859155,0.06197183098591549,0.27323943661971833
went,0.0887812752219532,0.16464891041162227,0.05205811138014528,0.11702986279257467,0.15899919289749798,0.11864406779661017,0.08999192897497983,0.20984665052461665
side,0.10406218655967905,0.15822467402206622,0.07121364092276831,0.14744232698094284,0.12738214643931797,0.1354062186559679,0.06519558676028085,0.19107321965897697
shall,0.07987438558164936,0.15565264882577826,0.08629164391043145,0.12097214636810484,0.14527580557072636,0.08164937192790823,0.05666302566903331,0.2736209721463681
came,0.09938837920489298,0.15341488277268095,0.06065239551478084,0.1388888888888889,0.13710499490316005,0.11926605504587155,0.08664627930682978,0.204638124362895
heads,0.1118546845124283,0.15200764818355642,0.08508604206500957,0.1367112810707457,0.124282982791587,0.121414913957935,0.06978967495219886,0.1988527724665392
rather,0.08708581138487681,0.1656754460492778,0.062022090059473234,0.11384876805437553,0.15802888700084963,0.10790144435004247,0.08411214953271028,0.22132540356839422
rocked,0.07317073170731705,0.1463414634146341,0.1219512195121951,0.19512195121951217,0.09756097560975609,0.17073170731707313,0.1463414634146341,0.048780487804878044
great,0.09199926203800504,0.16985425250599595,0.05774552610540558,0.1271754504643011,0.14224217452801183,0.11530656171207183,0.08492712625299798,0.21074964639321075
lay,0.09614309670206819,0.15539407490218,0.0626048071548351,0.15204024594745666,0.12968138624930128,0.12744550027948576,0.07881498043599776,0.19787590832867522
dismay,0.1423728813559322,0.15254237288135594,0.054237288135593226,0.21016949152542375,0.06779661016949153,0.16271186440677965,0.1288135593220339,0.08135593220338982
set,0.09811492164433343,0.1703384056325233,0.05882352941176471,0.11991823756529639,0.14058596411537588,0.10810810810810813,0.07494889847831025,0.22916193504428803
work,0.11553295932678821,0.17619214586255258,0.05276998597475455,0.10834502103786814,0.12464936886395508,0.1072931276297335,0.06960028050490882,0.24561711079943893
coat,0.07886904761904763,0.16517857142857145,0.06398809523809525,0.09821428571428573,0.15773809523809526,0.12946428571428573,0.06696428571428573,0.2395833333333334
fair,0.09661229611041405,0.16562107904642406,0.06336260978670012,0.12797992471769132,0.16813048933500627,0.10727728983688833,0.08155583437892094,0.18946047678795483
many,0.09693454846727423,0.15565451532725766,0.06648715824357912,0.1383595691797846,0.14157000828500413,0.12147887323943661,0.07073322286661143,0.2087821043910522
freely,0.05363321799307959,0.14705882352941177,0.027681660899653984,0.0657439446366782,0.23529411764705882,0.04498269896193772,0.051903114186851215,0.3737024221453288
money,0.15669393026259146,0.1902712010331468,0.024106758501937147,0.05467068445975032,0.17219113215669393,0.04261730520878175,0.14291863969005597,0.2165303486870426
beer,0.057347670250896064,0.17204301075268819,0.07526881720430108,0.07168458781362008,0.2616487455197133,0.0931899641577061,0.06810035842293907,0.2007168458781362
king,0.09943132862312597,0.16146820610029294,0.06824056522488367,0.1278648974668275,0.13648113044976734,0.09115974495950369,0.06772359124590728,0.2476305359296915
cap,0.07961783439490447,0.21656050955414013,0.04140127388535032,0.09872611464968153,0.11624203821656051,0.10031847133757962,0.04777070063694268,0.2993630573248408
pale,0.0978021978021978,0.14725274725274726,0.08461538461538462,0.14505494505494504,0.12307692307692307,0.17802197802197803,0.0956043956043956,0.12857142857142856
fell,0.12003058103975534,0.11009174311926605,0.07033639143730885,0.16437308868501527,0.08142201834862385,0.24885321100917426,0.07339449541284403,0.1314984709480122
green,0.06388702084734366,0.12340282447881643,0.04270342972427707,0.08776059179556155,0.2521856086079355,0.08944182918628112,0.06758574310692671,0.2730329522528581
glimmered,0.08695652173913043,0.10869565217391303,0.17391304347826086,0.23913043478260868,0.043478260869565216,0.17391304347826086,0.13043478260869562,0.043478260869565216
mac,0.030303030303030307,0.15151515151515152,0.0,0.24242424242424246,0.09090909090909091,0.24242424242424246,0.060606060606060615,0.18181818181818182
thundel,0.03448275862068966,0.17241379310344832,0.0,0.24137931034482762,0.10344827586206898,0.20689655172413796,0.06896551724137932,0.17241379310344832
without,0.1067754522880454,0.1556107366678491,0.07189310630247132,0.14130306255173228,0.12959678372945488,0.11209648811635331,0.06905522052737377,0.21366914981671986
forth,0.11396614268440147,0.14812575574365178,0.057134220072551395,0.1363361547762999,0.1405683192261185,0.11215235792019349,0.07587666263603388,0.21584038694074975
mid,0.07692307692307691,0.1282051282051282,0.1282051282051282,0.23076923076923075,0.07692307692307691,0.17948717948717946,0.15384615384615383,0.02564102564102564
catawampus,0.17142857142857143,0.05714285714285715,0.1142857142857143,0.2857142857142857,0.05714285714285715,0.19999999999999998,0.05714285714285715,0.05714285714285715
fire,0.09322834645669292,0.14645669291338584,0.062362204724409454,0.2220472440944882,0.11433070866141731,0.10551181102362205,0.07748031496062993,0.17858267716535434
dire,0.09615384615384616,0.08846153846153845,0.15,0.21153846153846154,0.057692307692307696,0.18076923076923077,0.12307692307692308,0.0923076923076923
associated,0.08566108007448789,0.17877094972067037,0.05214152700186219,0.0931098696461825,0.15828677839851024,0.054003724394785846,0.042830540037243944,0.33519553072625696
works,0.09468822170900693,0.16454965357967669,0.060046189376443425,0.08314087759815243,0.15300230946882218,0.05427251732101617,0.03406466512702079,0.3562355658198615
public,0.0674198250728863,0.2791545189504373,0.046647230320699715,0.10094752186588922,0.13228862973760933,0.06705539358600583,0.05903790087463557,0.2474489795918368
united,0.07215480485405051,0.18596261069203018,0.045588717612331915,0.11085601836667759,0.11971138078058381,0.10200065595277141,0.0787143325680551,0.28501147917349956
states,0.07671653241273493,0.18987341772151894,0.05101649405446873,0.11584196394322974,0.10932105868814727,0.11852704257767546,0.08093594169543536,0.2577675489067894
copyright,0.09523809523809522,0.19047619047619044,0.09523809523809522,0.04761904761904761,0.04761904761904761,0.09523809523809522,0.0,0.4285714285714285
foundation,0.11758893280632411,0.16600790513833993,0.041501976284584984,0.05335968379446641,0.09782608695652174,0.12450592885375493,0.028656126482213436,0.37055335968379444
distributing,0.16095890410958902,0.1506849315068493,0.07191780821917808,0.05136986301369863,0.09931506849315067,0.11986301369863013,0.010273972602739725,0.3356164383561644
gutenberg-tm,0.14074914869466518,0.15096481271282636,0.04994324631101022,0.046538024971623154,0.10896708286038592,0.06696935300794553,0.01816118047673099,0.4177071509648127
electronic,0.18095238095238095,0.13333333333333333,0.06666666666666667,0.0380952380952381,0.10476190476190476,0.0761904761904762,0.0380952380952381,0.3619047619047619
trademark,0.18918918918918917,0.10810810810810811,0.05405405405405406,0.02702702702702703,0.08108108108108107,0.16216216216216214,0.0,0.37837837837837834
copies,0.1923076923076923,0.1282051282051282,0.11217948717948717,0.09935897435897435,0.09615384615384615,0.01282051282051282,0.003205128205128205,0.3557692307692307
distribution,0.09225092250922509,0.18081180811808117,0.02952029520295203,0.08118081180811808,0.1070110701107011,0.051660516605166046,0.025830258302583023,0.43173431734317336
agree,0.15317286652078774,0.14879649890590807,0.06345733041575492,0.08315098468271334,0.08315098468271334,0.087527352297593,0.04157549234135667,0.33916849015317285
agreement,0.11689961880559084,0.08640406607369758,0.04955527318932655,0.05590851334180432,0.0724269377382465,0.08386277001270648,0.02795425667090216,0.5069885641677255
paid,0.12689738919247115,0.1621129326047359,0.04857316332726169,0.09593199757134184,0.1572556162720097,0.08925318761384335,0.07528840315725563,0.24468731026108076
fee,0.30521091811414397,0.12903225806451615,0.054590570719602986,0.03225806451612904,0.1141439205955335,0.03722084367245658,0.01488833746898263,0.31265508684863524
access,0.17029702970297028,0.14455445544554454,0.08316831683168317,0.09108910891089109,0.12079207920792079,0.0712871287128713,0.03564356435643565,0.2831683168316832
refund,0.2380952380952381,0.1292517006802721,0.04081632653061225,0.017006802721088437,0.12244897959183675,0.1326530612244898,0.09523809523809523,0.22448979591836735
paragraph,0.292358803986711,0.07308970099667775,0.053156146179401995,0.026578073089700997,0.07308970099667775,0.15946843853820597,0.03322259136212624,0.2890365448504983
literary,0.09922178988326846,0.169260700389105,0.031128404669260697,0.04474708171206225,0.11284046692607003,0.13035019455252916,0.05252918287937743,0.3599221789883268
fees,0.13333333333333333,0.13846153846153847,0.05641025641025642,0.020512820512820513,0.046153846153846156,0.13333333333333333,0.0,0.4717948717948718
including,0.11896551724137931,0.1568965517241379,0.027586206896551727,0.06379310344827586,0.10862068965517241,0.15344827586206897,0.015517241379310345,0.3551724137931035
provide,0.11633109619686803,0.11633109619686803,0.029082774049217008,0.03803131991051455,0.10961968680089487,0.01789709172259508,0.042505592841163314,0.5302013422818792
owner,0.16634050880626222,0.10567514677103719,0.07436399217221135,0.08610567514677105,0.07240704500978473,0.15851272015655576,0.03522504892367906,0.3013698630136986
information,0.08599242833964305,0.18334234721471065,0.04921579232017306,0.13034072471606273,0.12276906435911303,0.10167658193618172,0.07247160627366143,0.2541914548404543
donations,0.0038610038610038615,0.23552123552123552,0.0,0.007722007722007723,0.11196911196911197,0.09266409266409266,0.0,0.5482625482625483
replacement,0.24324324324324326,0.08108108108108109,0.054054054054054064,0.0,0.10810810810810813,0.16216216216216217,0.08108108108108109,0.2702702702702703
limited,0.2133850630455868,0.10378273520853538,0.0591658583899127,0.07856450048496605,0.1066925315227934,0.22308438409311346,0.04558680892337536,0.16973811833171676
damages,0.18227848101265823,0.04050632911392405,0.08607594936708861,0.06582278481012659,0.0,0.37721518987341773,0.0,0.24810126582278483
circassian,0.09836065573770492,0.14754098360655737,0.0702576112412178,0.1334894613583138,0.13817330210772832,0.14285714285714285,0.09836065573770492,0.17096018735362997
chief,0.10234244283324039,0.16703848298940321,0.05465699944227552,0.13943112102621305,0.1316229782487451,0.1048522030117122,0.07110987172336865,0.2289459007250418
cost,0.13066666666666668,0.14400000000000002,0.07200000000000001,0.152,0.10666666666666667,0.12266666666666666,0.032,0.24
almost,0.11700891127469971,0.1480046493607129,0.0755521115846571,0.16156528477334367,0.12243316543975202,0.12979465323518016,0.07826423866718325,0.16737698566447112
russia,0.11067193675889327,0.1324110671936759,0.07312252964426878,0.14624505928853757,0.12845849802371542,0.11857707509881422,0.07312252964426878,0.21739130434782608
release,0.1153846153846154,0.16025641025641027,0.0576923076923077,0.19230769230769235,0.1217948717948718,0.08974358974358974,0.07051282051282053,0.19230769230769235
language,0.08287292817679558,0.1701657458563536,0.06077348066298342,0.11491712707182321,0.16574585635359115,0.06740331491712707,0.06629834254143646,0.2718232044198895
start,0.11594202898550725,0.2782608695652174,0.0463768115942029,0.12463768115942028,0.09565217391304347,0.08695652173913043,0.10144927536231885,0.15072463768115943
england,0.09154600653900048,0.16721158337225595,0.07146193367585241,0.11816907986922,0.13825315273236807,0.1083605791686128,0.08780943484353107,0.21718822979915928
volume,0.07932011331444759,0.18130311614730882,0.0736543909348442,0.12464589235127481,0.16713881019830032,0.0821529745042493,0.0679886685552408,0.22379603399433431
ancient,0.09394654088050314,0.17059748427672955,0.06643081761006289,0.13286163522012578,0.13325471698113206,0.11202830188679246,0.08215408805031446,0.20872641509433962
fine,0.08458149779735682,0.1853157121879589,0.052276064610866375,0.113215859030837,0.13906020558002938,0.12305433186490455,0.09368575624082232,0.20881057268722467
broad,0.1087912087912088,0.15934065934065933,0.05054945054945054,0.15934065934065933,0.12857142857142856,0.12417582417582418,0.08351648351648351,0.1857142857142857
road,0.09615384615384615,0.17934312878133102,0.058556611927398444,0.14433880726015558,0.11495246326707001,0.1333189282627485,0.08513396715643906,0.18820224719101122
easy,0.11984282907662082,0.12770137524557956,0.08447937131630648,0.13948919449901767,0.13163064833005894,0.12180746561886052,0.068762278978389,0.206286836935167
communication,0.058282208588957066,0.147239263803681,0.049079754601227,0.1257668711656442,0.12269938650306751,0.07055214723926381,0.04294478527607362,0.38343558282208595
although,0.11278401313988504,0.14590747330960852,0.07363810566657542,0.1639748152203668,0.11716397481522035,0.12428141253764029,0.07007938680536545,0.19217081850533807
years,0.09307670209709853,0.1700660729675381,0.06722206262568228,0.12754955472565355,0.1508187302499282,0.10887675955185293,0.0709566216604424,0.2114334961218041
ago,0.06042884990253412,0.22417153996101366,0.03313840155945419,0.10526315789473685,0.15789473684210525,0.08966861598440545,0.0935672514619883,0.2358674463937622
traveller,0.09403669724770643,0.15137614678899083,0.08486238532110094,0.13532110091743121,0.11467889908256883,0.1743119266055046,0.07339449541284405,0.17201834862385323
journey,0.07527156549520767,0.2088178913738019,0.04498402555910543,0.13904153354632587,0.14146964856230032,0.11680511182108627,0.08626198083067092,0.1873482428115016
city,0.08708443659899971,0.18476022359517505,0.05325095616357753,0.12371285672256546,0.12989114445425126,0.12106501912327156,0.09120329508679025,0.20903206825536924
compelled,0.14154411764705882,0.13970588235294115,0.07169117647058823,0.1764705882352941,0.09558823529411764,0.13419117647058823,0.05698529411764706,0.1838235294117647
proceed,0.08712121212121211,0.14962121212121213,0.05681818181818182,0.17045454545454547,0.12121212121212123,0.12121212121212123,0.07386363636363637,0.2196969696969697
slow,0.11071428571428572,0.1464285714285714,0.08214285714285714,0.1392857142857143,0.11071428571428572,0.12142857142857143,0.0642857142857143,0.225
pace,0.09454545454545454,0.19636363636363638,0.05818181818181818,0.10909090909090909,0.10181818181818181,0.09454545454545454,0.09454545454545454,0.2509090909090909
along,0.10454545454545454,0.16293706293706295,0.06013986013986014,0.15314685314685314,0.1346153846153846,0.12797202797202797,0.07412587412587412,0.18251748251748254
wild,0.10022075055187638,0.15599705665930833,0.05665930831493746,0.1368653421633554,0.11567328918322295,0.11832229580573952,0.1481972038263429,0.16806475349521707
track,0.13978494623655913,0.2311827956989247,0.04838709677419355,0.17204301075268816,0.08602150537634408,0.15053763440860213,0.06451612903225806,0.1075268817204301
rough,0.10986547085201794,0.14798206278026904,0.07847533632286995,0.13677130044843047,0.10313901345291479,0.13677130044843047,0.08071748878923767,0.20627802690582958
ground,0.09329268292682927,0.1298780487804878,0.060060975609756095,0.14176829268292682,0.10335365853658536,0.10975609756097561,0.059756097560975614,0.3021341463414634
dark,0.09258312020460359,0.12838874680306905,0.06675191815856778,0.14296675191815855,0.11508951406649616,0.2506393861892583,0.0639386189258312,0.13964194373401534
across,0.12104949314251641,0.15146094215861658,0.06380441264162194,0.1621943947525343,0.12641621943947526,0.13237924865831843,0.07692307692307693,0.1657722122838402
bleak,0.11344537815126053,0.12184873949579833,0.05882352941176471,0.13445378151260506,0.11344537815126053,0.28571428571428575,0.05882352941176471,0.11344537815126053
plains,0.10343007915567283,0.16306068601583112,0.06174142480211081,0.13931398416886542,0.12242744063324539,0.1467018469656992,0.08021108179419524,0.18311345646437996
sun,0.0724368499257058,0.19557949479940565,0.04773402674591382,0.09695393759286776,0.16809063893016346,0.09528231797919762,0.12035661218424963,0.20356612184249628
already,0.10999614048629872,0.1636433809340023,0.06869934388267078,0.1466615206483983,0.12890775762253953,0.11192589733693553,0.06792744114241606,0.2022385179467387
