,anger,anticipation,disgust,fear,joy,sadness,surprise,trust
project,0.12738853503184713,0.16924476797088264,0.049590536851683346,0.06050955414012739,0.09963603275705187,0.07779799818016378,0.024112829845313922,0.39171974522292996
gutenberg,0.10204081632653061,0.22291993720565148,0.04866562009419152,0.08948194662480376,0.059654631083202514,0.12087912087912088,0.03453689167974882,0.3218210361067504
ebook,0.09536082474226804,0.20103092783505153,0.059278350515463915,0.14948453608247422,0.07731958762886597,0.0979381443298969,0.07474226804123711,0.24484536082474226
cave,0.08350951374207188,0.16807610993657507,0.062367864693446094,0.0919661733615222,0.18604651162790697,0.09936575052854123,0.09302325581395349,0.2156448202959831
gold,0.0799623706491063,0.17497648165569143,0.05644402634054562,0.09266227657572906,0.18391345249294447,0.08984007525870179,0.10677328316086548,0.21542803386641582
use,0.15510948905109487,0.18248175182481752,0.08941605839416057,0.10766423357664233,0.14781021897810218,0.072992700729927,0.05474452554744525,0.1897810218978102
anyone,0.09433962264150943,0.20377358490566036,0.05283018867924528,0.08679245283018866,0.13584905660377358,0.0830188679245283,0.056603773584905655,0.28679245283018867
anywhere,0.15384615384615383,0.12307692307692306,0.0923076923076923,0.10769230769230768,0.15384615384615383,0.0923076923076923,0.07692307692307691,0.19999999999999998
almost,0.1142204454597373,0.15191319246145057,0.06796116504854369,0.1644774414620217,0.11878926327812678,0.12107367218732151,0.10679611650485436,0.154768703597944
may,0.1113956466069142,0.17925736235595388,0.07490396927016645,0.1203585147247119,0.12419974391805377,0.11267605633802816,0.0614596670934699,0.21574903969270165
copy,0.18604651162790697,0.11162790697674417,0.07906976744186045,0.08604651162790697,0.046511627906976744,0.0813953488372093,0.04186046511627907,0.3674418604651163
give,0.11348837209302326,0.1674418604651163,0.04651162790697675,0.13116279069767442,0.11906976744186047,0.1302325581395349,0.09674418604651164,0.19534883720930235
away,0.0926334362593736,0.17423908248786943,0.06219673577415085,0.13762681958535508,0.12307013674459637,0.1354212615791795,0.10189677988531097,0.17291574768416407
terms,0.13186813186813187,0.12967032967032968,0.04395604395604396,0.08131868131868132,0.1098901098901099,0.05494505494505495,0.05494505494505495,0.39340659340659345
license,0.11419753086419755,0.21604938271604943,0.058641975308641986,0.11728395061728397,0.10802469135802471,0.09876543209876544,0.04938271604938272,0.23765432098765435
tale,0.07299270072992702,0.1642335766423358,0.043795620437956206,0.10948905109489052,0.16788321167883213,0.08029197080291972,0.16058394160583944,0.20072992700729927
california,0.0938337801608579,0.1689008042895442,0.053619302949061656,0.13672922252010722,0.12332439678284181,0.11528150134048257,0.11528150134048257,0.19302949061662197
start,0.06927175843694493,0.35879218472468916,0.046181172291296625,0.1030195381882771,0.10834813499111899,0.07104795737122557,0.08348134991119005,0.15985790408525755
https,0.0684931506849315,0.2054794520547945,0.0410958904109589,0.0547945205479452,0.1780821917808219,0.0136986301369863,0.0136986301369863,0.4246575342465754
made,0.10435532557136697,0.16515739542906427,0.06683915480810694,0.13454075032341525,0.1414402759810263,0.10521776627856834,0.08926261319534283,0.1931867184131091
note,0.10561056105610558,0.16501650165016502,0.0792079207920792,0.132013201320132,0.1386138613861386,0.0858085808580858,0.0759075907590759,0.2178217821782178
also,0.0977130977130977,0.17255717255717254,0.05405405405405405,0.09979209979209977,0.1663201663201663,0.09563409563409563,0.08523908523908523,0.22869022869022865
see,0.10787824529991047,0.16696508504923901,0.06803939122649955,0.13384064458370634,0.1253357206803939,0.11504028648164727,0.09400179051029543,0.18889883616830794
fighting,0.34375,0.08333333333333333,0.031249999999999997,0.1875,0.07291666666666666,0.06249999999999999,0.07291666666666666,0.14583333333333331
fremont,0.09999999999999999,0.1411764705882353,0.06470588235294118,0.14705882352941177,0.13529411764705881,0.09411764705882353,0.11764705882352942,0.19999999999999998
new,0.08676975945017183,0.20274914089347082,0.040378006872852236,0.10567010309278352,0.17182130584192443,0.08505154639175258,0.08247422680412371,0.225085910652921
company,0.07242339832869081,0.22284122562674097,0.05013927576601672,0.10306406685236769,0.15598885793871867,0.08635097493036212,0.12256267409470752,0.18662952646239553
first,0.09763709317877842,0.19259919750334373,0.05572893446277307,0.14177440927329468,0.13464110566205975,0.11012037449843957,0.09451627284886312,0.17298261257244762
second,0.10469314079422384,0.2093862815884477,0.061371841155234655,0.13357400722021662,0.10830324909747292,0.12635379061371843,0.08303249097472924,0.17328519855595667
third,0.10526315789473684,0.1754385964912281,0.06666666666666667,0.12631578947368421,0.16491228070175437,0.10526315789473684,0.10526315789473684,0.15087719298245614
young,0.06451612903225805,0.23493609251369443,0.032866707242848445,0.07912355447352404,0.2136335970785149,0.06695069993913572,0.19780888618381007,0.11016433353621423
old,0.08311094166984369,0.16355318337781166,0.06290507052992757,0.13076629813191,0.15745329775066716,0.10446054136484942,0.09226077011056041,0.20548989706443005
story,0.07756813417190776,0.16142557651991615,0.05450733752620546,0.11740041928721175,0.16352201257861634,0.09853249475890986,0.10482180293501049,0.22222222222222224
exciting,0.078125,0.25,0.0625,0.046875,0.21875,0.0625,0.21875,0.0625
days,0.12321792260692464,0.1608961303462322,0.0539714867617108,0.12118126272912425,0.14052953156822812,0.1120162932790224,0.09674134419551936,0.1914460285132383
discovery,0.08421052631578947,0.12631578947368421,0.0736842105263158,0.052631578947368425,0.17894736842105263,0.10526315789473685,0.11578947368421053,0.26315789473684215
lie,0.19230769230769232,0.09090909090909093,0.1853146853146853,0.06643356643356645,0.08391608391608392,0.21678321678321683,0.04895104895104895,0.11538461538461539
hard,0.08156606851549755,0.16150081566068517,0.057096247960848286,0.11419249592169657,0.17781402936378465,0.11908646003262643,0.09951060358890701,0.18923327895595435
fist,0.1470588235294118,0.11764705882352944,0.11764705882352944,0.17647058823529416,0.11764705882352944,0.02941176470588236,0.11764705882352944,0.17647058823529416
squarely,0.15384615384615385,0.07692307692307693,0.10256410256410256,0.12820512820512822,0.15384615384615385,0.07692307692307693,0.1794871794871795,0.12820512820512822
morning,0.07581967213114753,0.1834016393442623,0.04405737704918033,0.10655737704918032,0.16188524590163933,0.1096311475409836,0.11065573770491802,0.2079918032786885
marshall,0.05769230769230769,0.21153846153846154,0.08653846153846154,0.1346153846153846,0.14423076923076922,0.1346153846153846,0.09615384615384616,0.1346153846153846
picked,0.09523809523809525,0.1904761904761905,0.06666666666666667,0.05714285714285714,0.15238095238095237,0.09523809523809525,0.07619047619047618,0.26666666666666666
two,0.10672268907563026,0.17394957983193277,0.06274509803921569,0.13081232492997197,0.13893557422969188,0.10700280112044817,0.08907563025210084,0.19075630252100842
yellow,0.06130268199233716,0.14942528735632182,0.07279693486590039,0.11877394636015327,0.17624521072796934,0.13026819923371646,0.13793103448275865,0.15325670498084293
metal,0.05479452054794521,0.23287671232876714,0.013698630136986302,0.08219178082191782,0.19178082191780824,0.05479452054794521,0.13698630136986303,0.23287671232876714
size,0.10227272727272728,0.09090909090909091,0.07954545454545454,0.1590909090909091,0.10227272727272728,0.13636363636363635,0.06818181818181818,0.26136363636363635
shape,0.12121212121212123,0.09090909090909093,0.060606060606060615,0.15151515151515155,0.12121212121212123,0.15151515151515155,0.060606060606060615,0.24242424242424246
building,0.06593406593406594,0.23076923076923078,0.0879120879120879,0.10989010989010989,0.14285714285714285,0.09890109890109891,0.10989010989010989,0.15384615384615385
american,0.1258741258741259,0.14918414918414918,0.05827505827505828,0.11188811188811189,0.15151515151515152,0.1282051282051282,0.08158508158508158,0.19347319347319347
river,0.1001300390117035,0.15734720416124837,0.06501950585175553,0.1352405721716515,0.11703511053315994,0.15084525357607284,0.1001300390117035,0.1742522756827048
miles,0.09146341463414635,0.17073170731707318,0.06910569105691057,0.13414634146341464,0.12601626016260165,0.13008130081300814,0.07317073170731708,0.2052845528455285
northeast,0.02564102564102564,0.25641025641025644,0.05128205128205128,0.12820512820512822,0.15384615384615385,0.10256410256410256,0.07692307692307693,0.20512820512820512
sutter,0.05970149253731343,0.1791044776119403,0.0,0.1044776119402985,0.1791044776119403,0.1044776119402985,0.05970149253731343,0.31343283582089554
's,0.10566786555872505,0.15118442267146226,0.07242961676795238,0.1427508371573856,0.13716978792012902,0.10393153912935633,0.09314151060399357,0.19372442019099595
fort,0.08163265306122448,0.16326530612244897,0.0,0.14285714285714285,0.12244897959183673,0.10204081632653061,0.061224489795918366,0.32653061224489793
sacramento,0.09316770186335403,0.16770186335403728,0.049689440993788817,0.17701863354037267,0.13975155279503107,0.11180124223602485,0.09937888198757763,0.16149068322981366
city,0.0810593900481541,0.17736757624398075,0.04735152487961477,0.11476725521669341,0.15409309791332262,0.12359550561797752,0.10272873194221509,0.19903691813804175
soon,0.08263695450324977,0.18941504178272983,0.04735376044568246,0.11420612813370476,0.15970287836583105,0.11699164345403902,0.08635097493036213,0.20334261838440115
discovered,0.14285714285714288,0.18226600985221675,0.07142857142857144,0.145320197044335,0.12561576354679801,0.09852216748768473,0.07635467980295567,0.15763546798029557
shining,0.03968253968253968,0.31216931216931215,0.021164021164021163,0.042328042328042326,0.31216931216931215,0.06349206349206349,0.08465608465608465,0.12433862433862435
precious,0.048951048951048945,0.2587412587412587,0.04195804195804195,0.06993006993006992,0.23076923076923075,0.05594405594405594,0.19580419580419578,0.09790209790209789
months,0.05829596412556053,0.21973094170403584,0.04035874439461883,0.0717488789237668,0.18385650224215244,0.11210762331838564,0.08071748878923767,0.23318385650224213
later,0.09202453987730062,0.17546012269938652,0.06257668711656442,0.13128834355828223,0.1533742331288344,0.11165644171779142,0.08220858895705523,0.19141104294478528
world,0.09309021113243764,0.15355086372360846,0.057581573896353176,0.14971209213051825,0.16410748560460653,0.1161228406909789,0.07293666026871402,0.19289827255278313
pouring,0.04545454545454546,0.24242424242424246,0.060606060606060615,0.10606060606060608,0.18181818181818185,0.07575757575757577,0.09090909090909093,0.19696969696969702
spirits,0.06923076923076925,0.23076923076923078,0.06153846153846154,0.10000000000000002,0.19230769230769235,0.10000000000000002,0.16153846153846155,0.08461538461538462
wilderness,0.055299539170506916,0.22350230414746547,0.05299539170506913,0.21198156682027652,0.0783410138248848,0.20506912442396313,0.07142857142857144,0.10138248847926268
remarkable,0.06467661691542288,0.12437810945273632,0.03482587064676617,0.11940298507462685,0.18407960199004975,0.08955223880597016,0.15920398009950248,0.22388059701492538
men,0.12117039586919105,0.16695352839931155,0.06712564543889846,0.15800344234079172,0.12323580034423409,0.09913941480206541,0.09087779690189329,0.17349397590361446
followed,0.12179487179487179,0.1423076923076923,0.06538461538461539,0.1551282051282051,0.11666666666666667,0.1294871794871795,0.11025641025641027,0.158974358974359
much,0.07659873506676036,0.18552354181307099,0.06113843991567112,0.10541110330288124,0.15600843288826424,0.101194659170766,0.101194659170766,0.2129304286718201
united,0.03160919540229885,0.22988505747126436,0.028735632183908046,0.09195402298850575,0.06609195402298851,0.07183908045977011,0.04597701149425287,0.4339080459770115
states,0.028037383177570093,0.20794392523364486,0.03504672897196262,0.09813084112149534,0.07009345794392524,0.09579439252336448,0.03504672897196262,0.42990654205607476
built,0.08571428571428572,0.17714285714285716,0.08571428571428572,0.14285714285714288,0.17714285714285716,0.10857142857142858,0.051428571428571435,0.17142857142857143
great,0.10373443983402489,0.15503583553376085,0.06374952847981893,0.15013202565069783,0.14711429649188984,0.11505092417955488,0.09543568464730291,0.16974726518294983
state,0.054455445544554455,0.09900990099009901,0.03465346534653465,0.1188118811881188,0.07920792079207921,0.12376237623762376,0.0297029702970297,0.4603960396039604
one,0.0967364261671301,0.15820283916288597,0.06453973364554368,0.12878677008634565,0.14386067613054293,0.12088394555831991,0.09146787648177959,0.19552173276745205
step,0.12626262626262627,0.1616161616161616,0.05555555555555556,0.18181818181818185,0.10101010101010102,0.09595959595959597,0.10606060606060606,0.1717171717171717
advanced,0.09090909090909091,0.15584415584415584,0.06493506493506494,0.11038961038961038,0.15584415584415584,0.11038961038961038,0.08441558441558442,0.22727272727272727
half,0.10261780104712041,0.1675392670157068,0.07015706806282722,0.14554973821989528,0.12146596858638743,0.11832460732984292,0.09528795811518323,0.1790575916230366
threw,0.12295081967213113,0.14754098360655737,0.05327868852459016,0.16393442622950818,0.13114754098360654,0.07786885245901638,0.12704918032786885,0.1762295081967213
wide,0.07851239669421488,0.20454545454545456,0.05371900826446282,0.1115702479338843,0.1590909090909091,0.07644628099173555,0.10950413223140495,0.20661157024793392
open,0.1168091168091168,0.16096866096866097,0.07122507122507124,0.13960113960113962,0.11965811965811966,0.11965811965811966,0.07977207977207978,0.19230769230769232
west,0.10084033613445377,0.1596638655462185,0.025210084033613443,0.14285714285714285,0.10084033613445377,0.11764705882352941,0.09243697478991597,0.2605042016806723
pockets,0.12765957446808512,0.08510638297872342,0.07446808510638299,0.1170212765957447,0.13829787234042556,0.13829787234042556,0.08510638297872342,0.2340425531914894
people,0.10071942446043165,0.1510791366906475,0.06474820143884892,0.13489208633093525,0.1474820143884892,0.10431654676258993,0.09352517985611511,0.20323741007194243
needed,0.05309734513274336,0.23008849557522126,0.04424778761061947,0.11504424778761063,0.1415929203539823,0.09734513274336283,0.04424778761061947,0.27433628318584075
indeed,0.08735332464146023,0.18383311603650584,0.05867014341590612,0.10691003911342893,0.17340286831812254,0.11342894393741851,0.075619295958279,0.20078226857887874
length,0.07017543859649122,0.17105263157894737,0.07894736842105264,0.12719298245614036,0.11403508771929825,0.10964912280701755,0.10087719298245615,0.2280701754385965
considered,0.1111111111111111,0.12698412698412698,0.07936507936507936,0.12698412698412698,0.14285714285714288,0.06349206349206349,0.06349206349206349,0.28571428571428575
becomes,0.13513513513513511,0.05405405405405404,0.14864864864864863,0.20270270270270266,0.05405405405405404,0.12162162162162161,0.05405405405405404,0.2297297297297297
important,0.09210526315789473,0.08947368421052632,0.039473684210526314,0.11578947368421053,0.09473684210526316,0.1,0.05,0.41842105263157897
nation,0.03571428571428571,0.14285714285714285,0.0,0.07142857142857142,0.25,0.03571428571428571,0.07142857142857142,0.39285714285714285
place,0.1033724340175953,0.1781524926686217,0.05791788856304986,0.1510263929618768,0.13343108504398826,0.11070381231671554,0.07331378299120235,0.19208211143695014
yet,0.10166919575113809,0.16995447647951442,0.06980273141122914,0.13732928679817907,0.1411229135053111,0.10242792109256449,0.0819423368740516,0.19575113808801214
given,0.10818713450292397,0.17543859649122806,0.07602339181286549,0.14327485380116958,0.14473684210526314,0.09941520467836255,0.07456140350877193,0.17836257309941517
present,0.05384615384615384,0.2019230769230769,0.030769230769230764,0.08269230769230769,0.18846153846153846,0.06346153846153846,0.1692307692307692,0.2096153846153846
attempt,0.07627118644067797,0.364406779661017,0.03389830508474576,0.1271186440677966,0.09322033898305085,0.0847457627118644,0.0847457627118644,0.13559322033898305
tell,0.09187279151943464,0.18109540636042404,0.0627208480565371,0.1236749116607774,0.13780918727915195,0.10159010600706714,0.08127208480565372,0.21996466431095407
interesting,0.04733727810650887,0.19526627218934908,0.05325443786982248,0.10059171597633133,0.2071005917159763,0.08875739644970412,0.11242603550295857,0.19526627218934908
interest,0.08293838862559241,0.16587677725118483,0.06161137440758294,0.10426540284360189,0.16587677725118483,0.10189573459715641,0.11137440758293839,0.2061611374407583
dramatic,0.04477611940298507,0.19402985074626866,0.0746268656716418,0.04477611940298507,0.1791044776119403,0.0746268656716418,0.13432835820895525,0.2537313432835821
possibly,0.1111111111111111,0.15555555555555556,0.1111111111111111,0.08888888888888888,0.2,0.04444444444444444,0.08888888888888888,0.2
picturesque,0.02941176470588235,0.16176470588235292,0.02941176470588235,0.08823529411764705,0.2941176470588235,0.07352941176470587,0.1176470588235294,0.20588235294117646
period,0.0,0.2631578947368421,0.05263157894736842,0.0,0.15789473684210525,0.05263157894736842,0.21052631578947367,0.2631578947368421
pick,0.049999999999999996,0.15,0.039999999999999994,0.06999999999999999,0.23999999999999996,0.049999999999999996,0.10999999999999999,0.29000000000000004
shovel,0.034482758620689655,0.21839080459770116,0.05747126436781609,0.06896551724137931,0.22988505747126436,0.06896551724137931,0.11494252873563218,0.20689655172413796
lived,0.07098765432098764,0.19753086419753083,0.043209876543209874,0.12037037037037035,0.16666666666666666,0.12962962962962962,0.07098765432098764,0.2006172839506173
worked,0.1,0.17142857142857143,0.07142857142857142,0.14285714285714285,0.1285714285714286,0.11428571428571428,0.11428571428571428,0.15714285714285714
found,0.0743435621638722,0.09585574185384373,0.043024359379943054,0.08699778551091426,0.2556153116102499,0.07845618475166087,0.06295476115153432,0.30275229357798167
hand,0.11480865224625625,0.15307820299500835,0.0759844703272324,0.13699389905712703,0.1375485302273988,0.1064891846921797,0.0904048807542984,0.18469217970049917
nature,0.1098901098901099,0.15604395604395604,0.08571428571428572,0.14945054945054945,0.14505494505494507,0.08351648351648353,0.07692307692307693,0.1934065934065934
something,0.11614730878186967,0.1543909348441926,0.07011331444759206,0.1395184135977337,0.12960339943342775,0.11048158640226628,0.10410764872521246,0.17563739376770537
idea,0.10256410256410255,0.1794871794871795,0.034188034188034185,0.10256410256410255,0.17094017094017094,0.08547008547008547,0.13675213675213674,0.18803418803418803
hardships,0.02777777777777778,0.19444444444444448,0.02777777777777778,0.02777777777777778,0.25000000000000006,0.05555555555555556,0.16666666666666669,0.25000000000000006
perils,0.08602150537634408,0.0967741935483871,0.053763440860215055,0.0967741935483871,0.18279569892473116,0.0967741935483871,0.18279569892473116,0.2043010752688172
obliged,0.047619047619047616,0.19047619047619047,0.047619047619047616,0.047619047619047616,0.16666666666666666,0.11904761904761905,0.14285714285714285,0.2380952380952381
endure,0.10638297872340424,0.17021276595744678,0.09574468085106383,0.15957446808510636,0.1382978723404255,0.09574468085106383,0.08510638297872339,0.14893617021276592
unusual,0.05960264900662253,0.20529801324503313,0.039735099337748346,0.09271523178807949,0.18543046357615897,0.07284768211920531,0.13245033112582782,0.2119205298013245
startling,0.07352941176470588,0.17647058823529413,0.07352941176470588,0.058823529411764705,0.10294117647058824,0.11764705882352941,0.23529411764705882,0.16176470588235295
happenings,0.05405405405405404,0.24324324324324323,0.02702702702702702,0.16216216216216214,0.10810810810810809,0.08108108108108107,0.16216216216216214,0.16216216216216214
far,0.09725490196078432,0.163921568627451,0.06980392156862744,0.1411764705882353,0.13411764705882354,0.12392156862745099,0.09490196078431372,0.17490196078431372
possible,0.10361067503924647,0.163265306122449,0.08006279434850863,0.15070643642072212,0.10518053375196232,0.10989010989010989,0.0847723704866562,0.20251177394034536
quiet,0.06785714285714287,0.1285714285714286,0.04642857142857143,0.08571428571428572,0.10714285714285714,0.28928571428571426,0.09285714285714286,0.18214285714285713
life,0.10111169931180519,0.15616728427739549,0.0783483324510323,0.14081524616199048,0.13499205929063,0.12493382742191637,0.09052408681842244,0.17310746426680784
boy,0.07078651685393259,0.1460674157303371,0.2584269662921348,0.08988764044943821,0.13370786516853933,0.08764044943820225,0.06966292134831462,0.1438202247191011
girl,0.06375390102541238,0.18368256798930002,0.041462327240303166,0.10878288007133302,0.18903254569772623,0.10566205974141774,0.09273294694605438,0.21489077128845296
to-day,0.06306306306306306,0.18018018018018017,0.09009009009009009,0.08108108108108109,0.14414414414414414,0.07207207207207207,0.12612612612612611,0.24324324324324323
remember,0.13170731707317074,0.19999999999999998,0.06341463414634146,0.16097560975609757,0.11219512195121951,0.0878048780487805,0.07317073170731707,0.17073170731707318
time,0.06802356722013926,0.38002142474558115,0.051419389394750936,0.10873058382431708,0.10257096946973755,0.08596679164434921,0.06534547402249598,0.1379217996786288
think,0.09809264305177112,0.16621253405994552,0.07356948228882834,0.1180744777475023,0.15349682107175297,0.1080835603996367,0.09173478655767485,0.1907356948228883
ever,0.10076857386848848,0.15883859948761744,0.06404782237403928,0.14944491887275832,0.14859094790777114,0.10589239965841163,0.0802732707087959,0.19214346712211788
happened,0.08295964125560538,0.1748878923766816,0.06278026905829596,0.13228699551569506,0.13677130044843047,0.11659192825112108,0.10986547085201794,0.18385650224215244
could,0.11134802179578299,0.1646529258469557,0.06467661691542288,0.14854299928926795,0.12935323383084577,0.11466477138118929,0.08860459606728263,0.1781568348732528
happen,0.06060606060606061,0.3383838383838384,0.05555555555555556,0.10606060606060606,0.11616161616161616,0.0707070707070707,0.10101010101010102,0.15151515151515152
even,0.11174319382364893,0.15847216578626575,0.07151564404713531,0.14425030475416498,0.12312068264932954,0.1178382771231207,0.0881755383990248,0.18488419341731005
might,0.09585253456221199,0.1585253456221198,0.06129032258064516,0.12488479262672811,0.15668202764976957,0.1064516129032258,0.10276497695852535,0.1935483870967742
believe,0.12087912087912088,0.14285714285714288,0.06593406593406594,0.1098901098901099,0.14945054945054945,0.09890109890109891,0.0967032967032967,0.2153846153846154
boys,0.09877704609595485,0.180620884289746,0.06020696142991533,0.13734713076199437,0.14111006585136404,0.09407337723424271,0.11194731890874882,0.17591721542803387
girls,0.07326732673267326,0.1702970297029703,0.04950495049504951,0.08910891089108912,0.19801980198019803,0.10693069306930694,0.09504950495049505,0.21782178217821782
know,0.09063444108761329,0.15609264853977844,0.06696878147029205,0.1268882175226586,0.13695871097683784,0.10070493454179255,0.09818731117824774,0.22356495468277945
foundation,0.11394891944990176,0.15520628683693516,0.027504911591355596,0.015717092337917484,0.07465618860510805,0.13752455795677798,0.005893909626719056,0.46954813359528486
stones,0.13599999999999998,0.13599999999999998,0.04,0.14400000000000002,0.112,0.13599999999999998,0.104,0.19199999999999998
laid,0.09967845659163989,0.17041800643086819,0.07395498392282959,0.1189710610932476,0.12218649517684889,0.13183279742765275,0.08681672025723473,0.19614147909967847
hope,0.03374012921751615,0.2189519023689878,0.0208183776022972,0.0416367552045944,0.2189519023689878,0.04235463029432879,0.18521177315147164,0.23833452979181624
written,0.1355421686746988,0.17168674698795178,0.048192771084337345,0.08433734939759036,0.1536144578313253,0.09337349397590361,0.09939759036144578,0.21385542168674695
chapter,0.10891089108910891,0.1617161716171617,0.0737073707370737,0.16831683168316833,0.10891089108910891,0.1408140814081408,0.09900990099009901,0.1386138613861386
el,0.1414790996784566,0.09967845659163987,0.067524115755627,0.24758842443729903,0.08681672025723472,0.11897106109324758,0.10289389067524114,0.135048231511254
feroz,0.1583011583011583,0.09266409266409266,0.07335907335907337,0.277992277992278,0.0694980694980695,0.1196911196911197,0.09652509652509653,0.11196911196911198
death,0.14544279250161604,0.1577246283128636,0.12605042016806722,0.17194570135746606,0.05106658047834519,0.15061409179056237,0.13316095669036845,0.06399482870071105
miner,0.1056338028169014,0.1368209255533199,0.07545271629778671,0.1368209255533199,0.14587525150905434,0.10261569416498993,0.1146881287726358,0.18209255533199195
skin,0.09552845528455285,0.1544715447154472,0.06910569105691057,0.1524390243902439,0.1402439024390244,0.0975609756097561,0.12195121951219513,0.16869918699186995
map,0.11473429951690822,0.16666666666666669,0.08574879227053141,0.12681159420289856,0.14130434782608697,0.08091787439613526,0.11594202898550725,0.16787439613526572
conroyal,0.08305647840531562,0.1760797342192691,0.059800664451827246,0.1345514950166113,0.13953488372093023,0.08637873754152824,0.13122923588039867,0.1893687707641196
rancho,0.10526315789473685,0.1368421052631579,0.06315789473684211,0.18947368421052632,0.10526315789473685,0.11578947368421053,0.12631578947368421,0.15789473684210525
sign,0.11788617886178865,0.1788617886178862,0.05284552845528456,0.13821138211382114,0.1544715447154472,0.0894308943089431,0.0975609756097561,0.17073170731707318
red,0.10570824524312897,0.1649048625792812,0.052854122621564484,0.153276955602537,0.13953488372093023,0.11627906976744186,0.09408033826638477,0.1733615221987315
caught,0.1144578313253012,0.16265060240963855,0.06626506024096385,0.15060240963855423,0.12771084337349398,0.12048192771084339,0.10843373493975904,0.1493975903614458
flood,0.040540540540540536,0.16216216216216214,0.027027027027027025,0.3378378378378379,0.12162162162162163,0.1081081081081081,0.06756756756756757,0.13513513513513514
murder,0.17670682730923695,0.04518072289156627,0.14859437751004018,0.18273092369477914,0.04919678714859438,0.16164658634538154,0.1355421686746988,0.10040160642570282
testimony,0.10204081632653061,0.11428571428571428,0.061224489795918366,0.1510204081632653,0.04897959183673469,0.10612244897959185,0.05306122448979592,0.36326530612244895
bill,0.11475409836065574,0.12568306010928962,0.06557377049180328,0.16939890710382516,0.14207650273224046,0.10382513661202186,0.09289617486338797,0.18579234972677594
ugger,0.13128491620111732,0.09497206703910614,0.09217877094972068,0.17597765363128492,0.10614525139664806,0.10614525139664806,0.08379888268156425,0.20949720670391062
missing,0.08771929824561404,0.08771929824561404,0.05263157894736842,0.2456140350877193,0.07017543859649122,0.2631578947368421,0.07017543859649122,0.12280701754385966
button,0.06285714285714286,0.10857142857142858,0.04,0.17714285714285716,0.13714285714285712,0.14857142857142858,0.10285714285714287,0.22285714285714284
unexpected,0.05357142857142857,0.20535714285714285,0.017857142857142856,0.20982142857142858,0.20089285714285715,0.03125,0.1875,0.09375
witness,0.11254019292604502,0.10610932475884244,0.0707395498392283,0.1414790996784566,0.0707395498392283,0.09646302250803858,0.06109324758842444,0.3408360128617363
hammer,0.04395604395604395,0.14835164835164835,0.021978021978021976,0.14285714285714285,0.17032967032967034,0.06593406593406594,0.13186813186813187,0.27472527472527475
jones,0.041237113402061855,0.15463917525773194,0.020618556701030927,0.13917525773195877,0.17525773195876287,0.05670103092783505,0.13402061855670103,0.27835051546391754
luck,0.04615384615384615,0.2487179487179487,0.03846153846153846,0.04871794871794871,0.23846153846153845,0.056410256410256404,0.2179487179487179,0.1051282051282051
dickson,0.0912751677852349,0.17718120805369128,0.053691275167785234,0.09395973154362416,0.174496644295302,0.09261744966442953,0.14899328859060404,0.16778523489932887
around,0.11122448979591837,0.17244897959183672,0.06938775510204082,0.14489795918367346,0.1326530612244898,0.11020408163265306,0.09591836734693877,0.163265306122449
supper,0.07317073170731707,0.23170731707317072,0.048780487804878044,0.08536585365853658,0.19512195121951217,0.06097560975609756,0.13414634146341461,0.17073170731707316
table,0.07642276422764227,0.17560975609756097,0.03739837398373983,0.0959349593495935,0.1902439024390244,0.08617886178861787,0.10406504065040649,0.23414634146341465
pockface,0.19354838709677416,0.14516129032258066,0.06451612903225806,0.20967741935483872,0.08064516129032258,0.09677419354838708,0.17741935483870966,0.03225806451612903
robbed,0.1111111111111111,0.12222222222222222,0.06666666666666667,0.14444444444444443,0.12222222222222222,0.1111111111111111,0.1111111111111111,0.2111111111111111
pedro,0.15290519877675843,0.17737003058103976,0.039755351681957186,0.1712538226299694,0.10091743119266056,0.09785932721712537,0.13761467889908258,0.12232415902140673
mystery,0.05475504322766571,0.25360230547550433,0.03746397694524496,0.12680115273775217,0.09510086455331412,0.10951008645533142,0.21037463976945248,0.11239193083573487
tent,0.11538461538461538,0.11538461538461538,0.06837606837606837,0.1581196581196581,0.1282051282051282,0.13675213675213674,0.13247863247863248,0.14529914529914528
shore,0.08333333333333334,0.1730769230769231,0.04487179487179487,0.08333333333333334,0.1794871794871795,0.06410256410256411,0.16025641025641027,0.21153846153846156
goose,0.2222222222222222,0.12962962962962962,0.1111111111111111,0.18518518518518517,0.037037037037037035,0.12962962962962962,0.09259259259259259,0.09259259259259259
neck,0.13761467889908255,0.14678899082568805,0.08256880733944955,0.1238532110091743,0.1238532110091743,0.14220183486238533,0.11009174311926603,0.13302752293577982
lake,0.12711864406779663,0.17796610169491528,0.09322033898305086,0.2033898305084746,0.06779661016949154,0.1440677966101695,0.06779661016949154,0.11864406779661019
lot,0.13865546218487396,0.20588235294117646,0.08403361344537816,0.07142857142857142,0.15546218487394958,0.07983193277310925,0.08823529411764706,0.17647058823529413
canyon,0.1602787456445993,0.1759581881533101,0.11149825783972125,0.07491289198606273,0.1254355400696864,0.11149825783972125,0.0975609756097561,0.14285714285714285
home,0.0764388489208633,0.18525179856115107,0.052158273381294966,0.12230215827338128,0.1474820143884892,0.11960431654676258,0.09442446043165467,0.2023381294964029
man,0.1091543156059285,0.14472537053182213,0.07741935483870968,0.14210985178727115,0.13565823888404532,0.1084568439407149,0.09659982563208369,0.18587619877942457
turn,0.10986547085201794,0.15246636771300448,0.05829596412556054,0.16143497757847536,0.12556053811659193,0.10986547085201794,0.10762331838565022,0.1748878923766816
horses,0.12685337726523888,0.18780889621087313,0.06589785831960461,0.17627677100494232,0.11532125205930806,0.0971993410214168,0.0971993410214168,0.13344316309719934
ride,0.18000000000000002,0.1,0.06,0.22,0.12,0.12,0.1,0.1
back,0.11794871794871793,0.1612179487179487,0.058974358974358966,0.1490384615384615,0.12403846153846151,0.11634615384615382,0.09455128205128205,0.17788461538461536
way,0.09680365296803652,0.16529680365296803,0.06301369863013698,0.14292237442922373,0.13789954337899543,0.11643835616438356,0.09086757990867579,0.1867579908675799
came,0.09821428571428571,0.15811011904761904,0.05803571428571428,0.1532738095238095,0.1253720238095238,0.12760416666666666,0.11160714285714285,0.1677827380952381
look,0.1017101710171017,0.162016201620162,0.07920792079207921,0.1548154815481548,0.1278127812781278,0.1206120612061206,0.10441044104410442,0.1494149414941494
bud,0.11083281152160299,0.1628052598622417,0.07451471509079523,0.15904821540388225,0.11646837820914213,0.10644959298685033,0.11271133375078271,0.15716969317470253
bent,0.15151515151515152,0.13257575757575757,0.07196969696969698,0.20075757575757575,0.07954545454545454,0.1212121212121212,0.11363636363636363,0.12878787878787878
stretched,0.11340206185567012,0.16494845360824742,0.051546391752577324,0.12371134020618557,0.16494845360824742,0.13402061855670105,0.07216494845360825,0.1752577319587629
free,0.0944206008583691,0.15879828326180256,0.06223175965665237,0.14806866952789702,0.1351931330472103,0.07296137339055794,0.08798283261802575,0.24034334763948498
enough,0.07829181494661921,0.19395017793594305,0.05604982206405693,0.11298932384341635,0.15480427046263345,0.10498220640569395,0.08985765124555159,0.20907473309608537
make,0.09517335146159075,0.1794697484704283,0.061182868796736914,0.14072059823249491,0.12848402447314752,0.10740992522093815,0.08021753908905507,0.20734194425560842
us,0.09085841694537347,0.17279821627647715,0.059643255295429215,0.12207357859531773,0.14492753623188406,0.10312151616499442,0.09921962095875139,0.2073578595317726
rich,0.10277777777777777,0.18333333333333332,0.06388888888888888,0.1111111111111111,0.175,0.09444444444444443,0.10277777777777777,0.16666666666666666
beyond,0.12849162011173185,0.1564245810055866,0.0782122905027933,0.19180633147113593,0.10242085661080075,0.1303538175046555,0.06517690875232775,0.14711359404096835
quick,0.13496932515337423,0.12883435582822086,0.07668711656441718,0.1441717791411043,0.1196319018404908,0.09815950920245399,0.12576687116564417,0.17177914110429449
thure,0.11161731207289294,0.15535307517084285,0.06287015945330297,0.1580865603644647,0.12984054669703873,0.09020501138952164,0.11936218678815491,0.17266514806378133
randolph,0.10655737704918032,0.14344262295081966,0.08606557377049179,0.15573770491803277,0.11475409836065573,0.10655737704918032,0.11065573770491802,0.1762295081967213
pulled,0.12173913043478261,0.13043478260869565,0.04347826086956522,0.14782608695652175,0.10434782608695653,0.1391304347826087,0.08695652173913045,0.22608695652173916
scream,0.20567375886524822,0.042553191489361694,0.18439716312056736,0.2482269503546099,0.014184397163120565,0.09929078014184396,0.18439716312056736,0.021276595744680847
dreadful,0.1802884615384615,0.14423076923076922,0.14423076923076922,0.20192307692307693,0.04807692307692308,0.14903846153846154,0.03846153846153846,0.09374999999999999
agony,0.2260869565217391,0.07826086956521738,0.08695652173913043,0.26956521739130435,0.043478260869565216,0.19130434782608693,0.0608695652173913,0.043478260869565216
fear,0.274703557312253,0.0632411067193676,0.06126482213438736,0.3023715415019763,0.049407114624505935,0.09288537549407117,0.07312252964426878,0.08300395256916997
caused,0.16129032258064516,0.10752688172043012,0.08602150537634409,0.19354838709677422,0.08064516129032258,0.13978494623655915,0.13440860215053765,0.09677419354838711
rein,0.17857142857142858,0.07142857142857142,0.125,0.21428571428571427,0.03571428571428571,0.14285714285714285,0.10714285714285714,0.125
suddenly,0.10028985507246377,0.11130434782608695,0.05275362318840579,0.13217391304347825,0.09333333333333332,0.11072463768115941,0.27594202898550724,0.1234782608695652
moment,0.10990654205607478,0.154392523364486,0.07289719626168226,0.15028037383177573,0.13233644859813085,0.12261682242990654,0.1057943925233645,0.15177570093457945
valley,0.09737827715355807,0.15917602996254682,0.0599250936329588,0.17977528089887643,0.12359550561797754,0.1310861423220974,0.08614232209737828,0.16292134831460675
little,0.09057495405618272,0.1748490417432397,0.06537148857967971,0.12365450249409296,0.14990811236545026,0.11394066684169074,0.09346285114203202,0.18823838277763194
hill,0.1366906474820144,0.15827338129496402,0.07913669064748201,0.2014388489208633,0.07194244604316546,0.1366906474820144,0.10071942446043165,0.11510791366906474
slowly,0.11587301587301588,0.16666666666666666,0.07142857142857142,0.16031746031746033,0.11904761904761904,0.10317460317460318,0.07936507936507937,0.18412698412698414
riding,0.16666666666666666,0.16666666666666666,0.10416666666666667,0.16666666666666666,0.10416666666666667,0.125,0.10416666666666667,0.0625
marrow,0.26829268292682923,0.024390243902439022,0.09756097560975609,0.3170731707317073,0.048780487804878044,0.12195121951219512,0.07317073170731707,0.048780487804878044
bones,0.25581395348837205,0.02325581395348837,0.09302325581395347,0.3023255813953488,0.0697674418604651,0.11627906976744186,0.0697674418604651,0.0697674418604651
terrible,0.19594594594594597,0.07601351351351351,0.15202702702702703,0.23141891891891894,0.033783783783783786,0.19087837837837837,0.05574324324324324,0.0641891891891892
still,0.12147777082028803,0.14589855979962427,0.06637445209768314,0.14527238572323106,0.13274890419536628,0.12147777082028803,0.09392611145898558,0.1728240450845335
turned,0.10766423357664234,0.1496350364963504,0.06812652068126522,0.1405109489051095,0.1259124087591241,0.11557177615571777,0.10705596107055962,0.18552311435523117
startled,0.2,0.08750000000000001,0.06250000000000001,0.2,0.05,0.08750000000000001,0.18750000000000003,0.12500000000000003
face,0.09059474412171507,0.15179806362378975,0.0698478561549101,0.14038727524204703,0.156984785615491,0.11514522821576763,0.10580912863070539,0.16943291839557398
sound,0.13898305084745763,0.15593220338983052,0.06101694915254238,0.16949152542372883,0.11186440677966103,0.10338983050847458,0.12033898305084746,0.13898305084745763
human,0.12997347480106103,0.09283819628647215,0.09549071618037136,0.1883289124668435,0.11671087533156499,0.14323607427055704,0.0636604774535809,0.16976127320954906
never,0.10930350788002034,0.15658362989323843,0.06710726995424504,0.15149974580579562,0.14184036603965428,0.11642094560244026,0.07066598881545501,0.186578546009151
heard,0.11853832442067737,0.18538324420677363,0.05614973262032086,0.1443850267379679,0.12121212121212122,0.11051693404634583,0.10873440285204991,0.15508021390374332
animal,0.15577889447236182,0.11557788944723617,0.07035175879396985,0.1658291457286432,0.09045226130653267,0.13065326633165827,0.11557788944723617,0.15577889447236182
like,0.11402157164869028,0.150693374422188,0.06933744221879816,0.1448382126348228,0.13805855161787367,0.12326656394453006,0.09152542372881357,0.1682588597842835
n't,0.10337078651685391,0.16404494382022472,0.06786516853932584,0.1339325842696629,0.14022471910112358,0.11730337078651684,0.09213483146067414,0.18112359550561796
answered,0.137987012987013,0.14772727272727273,0.0762987012987013,0.13961038961038963,0.125,0.1185064935064935,0.08603896103896104,0.16883116883116883
going,0.09323116219667944,0.19029374201787994,0.0561941251596424,0.1251596424010217,0.14048531289910599,0.11749680715197956,0.0842911877394636,0.19284802043422733
find,0.08699397071490096,0.1869078380706288,0.06546080964685617,0.11024978466838933,0.14987080103359177,0.09905254091300604,0.11197243755383293,0.18949181739879417
come,0.10757409440175632,0.16355653128430295,0.06421514818880351,0.14489571899012074,0.12019758507135016,0.12129527991218442,0.08397365532381998,0.1942919868276619
swinging,0.1717171717171717,0.11111111111111112,0.0707070707070707,0.18181818181818185,0.10101010101010102,0.15151515151515152,0.09090909090909093,0.12121212121212122
rifle,0.2603448275862069,0.07758620689655173,0.05,0.3103448275862069,0.036206896551724134,0.0896551724137931,0.06379310344827585,0.11206896551724138
would,0.10116731517509726,0.17085249380969225,0.062433675274142196,0.14361513972408912,0.13530244074991157,0.11496285815351963,0.08701804032543332,0.1846480367881146
ready,0.07902298850574713,0.346264367816092,0.03879310344827587,0.13218390804597702,0.10775862068965518,0.07327586206896552,0.07327586206896552,0.14942528735632185
instant,0.1791907514450867,0.14161849710982657,0.06936416184971098,0.20809248554913296,0.07514450867052024,0.11849710982658958,0.09826589595375722,0.10982658959537572
started,0.11869918699186992,0.14634146341463414,0.07967479674796747,0.15934959349593494,0.12032520325203251,0.08780487804878048,0.1073170731707317,0.18048780487804877
