,anger,anticipation,disgust,fear,joy,sadness,surprise,trust
gutenberg,0.09219858156028368,0.23049645390070922,0.04822695035460992,0.07163120567375886,0.08085106382978723,0.12340425531914892,0.019148936170212762,0.33404255319148934
's,0.10306818724054015,0.1512621081261631,0.07625137185665887,0.13742424965405353,0.12730829794340792,0.11313642219783367,0.06809180703344944,0.22345755594789332
decline,0.10068649885583525,0.16704805491990846,0.07551487414187642,0.14874141876430205,0.11212814645308924,0.12356979405034324,0.07093821510297484,0.2013729977116705
science,0.07217321571772255,0.19807538091419408,0.041700080192461915,0.0934242181234964,0.15356856455493187,0.0809943865276664,0.08019246190858059,0.2798716920609463
england,0.11751958659776629,0.14835805967661278,0.08101350225037507,0.1433572262043674,0.11885314219036507,0.10951825304217369,0.06401066844474079,0.21736956159359894
ebook,0.09747292418772562,0.18531889290012032,0.045728038507821894,0.10228640192539108,0.08182912154031287,0.13838748495788206,0.03489771359807461,0.31407942238267145
use,0.11751870324189524,0.16240648379052366,0.06951371571072319,0.13154613466334164,0.13466334164588528,0.09694513715710723,0.05766832917705736,0.2297381546134663
cost,0.1273031825795645,0.16080402010050251,0.05192629815745394,0.11725293132328309,0.11390284757118929,0.10720268006700168,0.06867671691792294,0.2529313232830821
almost,0.10666951688755877,0.1393758016246259,0.07310816588285592,0.15284309533988882,0.11671654553227874,0.13018383924754168,0.07246686618212911,0.20863616930312096
may,0.09775641025641026,0.16147047397047398,0.06565656565656566,0.13898601398601398,0.11120823620823621,0.11621017871017872,0.06876456876456877,0.23994755244755245
copy,0.17693059628543498,0.11339198435972629,0.08211143695014662,0.1075268817204301,0.04496578690127077,0.07038123167155425,0.03128054740957967,0.37341153470185723
give,0.08560545308740979,0.17702485966319167,0.055332798716920616,0.11166800320769849,0.1483560545308741,0.10324779470729752,0.07257417802726544,0.24619085805934246
away,0.09731980223783503,0.16367421285454073,0.07390059849076243,0.14337756960707781,0.11969815248503773,0.12047879260994014,0.06843611761644548,0.21311475409836064
terms,0.11324257425742575,0.14294554455445546,0.04764851485148515,0.0952970297029703,0.11757425742574258,0.07301980198019803,0.04331683168316832,0.36695544554455445
project,0.12325285895806862,0.16863314576148122,0.05082592121982211,0.06099110546378654,0.10600834997277182,0.08077691051007442,0.02323470684334725,0.38627700127064807
license,0.11543810848400556,0.2058414464534075,0.07093184979137691,0.10848400556328233,0.11265646731571628,0.10848400556328233,0.031988873435326845,0.24617524339360225
title,0.0773913043478261,0.1408695652173913,0.06434782608695652,0.10086956521739131,0.10869565217391305,0.0782608695652174,0.06260869565217392,0.3669565217391304
author,0.0891583452211127,0.13908701854493583,0.054208273894436526,0.10271041369472184,0.09272467902995721,0.09272467902995721,0.054208273894436526,0.3751783166904422
date,0.10146561443066517,0.17361894024802704,0.04960541149943631,0.13641488162344984,0.09131905298759864,0.1375422773393461,0.06877113866967305,0.24126268320180383
march,0.1310615989515072,0.16251638269986896,0.07863695937090434,0.15858453473132372,0.09960681520314549,0.11533420707732636,0.0707732634338139,0.1834862385321101
2,0.022165387894288152,0.1381074168797954,0.04347826086956522,0.13384484228474,0.10741687979539644,0.14919011082693948,0.03239556692242115,0.37340153452685426
language,0.09327217125382262,0.14831804281345565,0.05045871559633027,0.12232415902140673,0.11697247706422018,0.10856269113149847,0.07110091743119266,0.2889908256880734
english,0.11353032659409021,0.15396578538102643,0.06189735614307931,0.13934681181959566,0.11664074650077759,0.10451010886469674,0.06936236391912909,0.24074650077760498
produced,0.11361161524500907,0.15353901996370234,0.0631578947368421,0.1676950998185118,0.10780399274047185,0.11179673321234118,0.07949183303085298,0.20290381125226858
reflections,0.08737864077669903,0.16504854368932037,0.05339805825242719,0.1407766990291262,0.12135922330097086,0.1407766990291262,0.08737864077669903,0.2038834951456311
causes,0.09886792452830188,0.1649056603773585,0.05660377358490566,0.15056603773584906,0.11094339622641508,0.10415094339622641,0.0739622641509434,0.24000000000000002
intended,0.08653846153846155,0.2748397435897436,0.058493589743589744,0.1137820512820513,0.10096153846153846,0.08493589743589745,0.0608974358974359,0.21955128205128205
volume,0.096045197740113,0.1807909604519774,0.04519774011299435,0.1111111111111111,0.11864406779661017,0.10546139359698682,0.09227871939736347,0.2504708097928437
nobleman,0.0660377358490566,0.1509433962264151,0.056603773584905655,0.11320754716981131,0.1320754716981132,0.09433962264150943,0.04716981132075471,0.33962264150943394
whose,0.09456264775413711,0.16115051221434198,0.07427107959022852,0.12962962962962962,0.1392828999211978,0.10815602836879433,0.06914893617021277,0.22379826635145786
every,0.10297987944647252,0.1552763392478139,0.07080397317259529,0.14390016130401562,0.130401562102046,0.10552678495627812,0.06987010781899991,0.22124119195177858
object,0.10791729702471003,0.15330307614725164,0.07110438729198185,0.1356530509329299,0.13968734241048916,0.09430156328794756,0.06555723651033787,0.232476046394352
lustre,0.021739130434782605,0.2391304347826087,0.021739130434782605,0.06521739130434781,0.19565217391304346,0.04347826086956521,0.08695652173913042,0.32608695652173914
upon,0.10167738970588235,0.15831801470588236,0.0749655330882353,0.13752297794117646,0.1262637867647059,0.10903033088235294,0.07042738970588236,0.22179457720588236
rank,0.09341825902335456,0.15711252653927815,0.07147912243453644,0.12738853503184713,0.1464968152866242,0.11960368011323426,0.07360226468506723,0.21089879688605806
nature,0.09020920502092049,0.15514644351464435,0.05774058577405858,0.13389121338912133,0.13690376569037657,0.1014225941422594,0.07497907949790796,0.24970711297071127
might,0.09663419809046195,0.17291927861896036,0.06664094898254412,0.14032211399363487,0.12363776641913397,0.11196836724852927,0.07204166264827852,0.21583566399845694
name,0.09298569450853715,0.14559298569450854,0.07221965851407476,0.13013382556529765,0.12874942316566682,0.10475311490539917,0.06806645131518228,0.25749884633133363
connected,0.09331259720062209,0.16174183514774496,0.06376360808709175,0.1469673405909798,0.11119751166407466,0.1088646967340591,0.07309486780715396,0.2410575427682737
perhaps,0.10105017502917155,0.15495915985997666,0.0679113185530922,0.14072345390898483,0.11271878646441073,0.11878646441073513,0.07001166861143525,0.2338389731621937
shall,0.08523908523908524,0.17588357588357587,0.05114345114345114,0.1214137214137214,0.12827442827442828,0.1029106029106029,0.06673596673596673,0.26839916839916844
therefore,0.09237038714059316,0.17160968983472946,0.06339144215530902,0.1347068145800317,0.1116142177948834,0.112293411817976,0.0631650441476115,0.2508489925288657
one,0.09822213725865035,0.16000764672146817,0.06782641942267252,0.13419996176639265,0.12896195756069584,0.11129803096922194,0.07015866947046454,0.22932517683043394
feel,0.10354815351194786,0.15351194786386677,0.07748008689355539,0.14916727009413466,0.13106444605358433,0.12599565532223025,0.0608254887762491,0.19840695148443155
commanded,0.12529002320185614,0.15081206496519722,0.06264501160092807,0.14385150812064967,0.11368909512761022,0.08120649651972159,0.05568445475638051,0.26682134570765664
respect,0.06193490054249548,0.2093128390596745,0.045207956600361664,0.08860759493670886,0.1925858951175407,0.06735985533453889,0.04475587703435805,0.29023508137432186
c.,0.09969481180061039,0.1434384537131231,0.06103763987792473,0.14954221770091555,0.11190233977619532,0.12919633774160733,0.08138351983723296,0.22380467955239064
induced,0.09747292418772563,0.18772563176895307,0.0667870036101083,0.13898916967509026,0.10469314079422383,0.11191335740072203,0.0667870036101083,0.22563176895306858
little,0.09045108377270063,0.16918570591681312,0.07475102519039249,0.11540714704159344,0.15102519039250145,0.10369068541300526,0.07182190978324546,0.2236672524897481
say,0.0930530164533821,0.16398537477148084,0.07093235831809873,0.11133455210237662,0.14204753199268738,0.1003656307129799,0.0736745886654479,0.24460694698354662
opinion,0.10503597122302157,0.16618705035971224,0.06942446043165466,0.13129496402877697,0.1093525179856115,0.10755395683453237,0.06546762589928057,0.24568345323741003
service,0.09685863874345549,0.15837696335078535,0.06544502617801047,0.1649214659685864,0.10471204188481677,0.10340314136125656,0.07722513089005235,0.22905759162303663
without,0.10972495088408643,0.14774066797642435,0.07141453831041256,0.13870333988212177,0.1149312377210216,0.12013752455795676,0.07023575638506875,0.22711198428290763
would,0.09913264611053085,0.16443394941192496,0.06371191135734072,0.13037555061078063,0.12619772035784024,0.11302847282139775,0.07342990781526725,0.2296898415149176
task,0.11075949367088607,0.180379746835443,0.07594936708860758,0.13291139240506328,0.12341772151898732,0.11075949367088607,0.04113924050632911,0.22468354430379747
true,0.06352022711142655,0.10823278921220723,0.03938963804116395,0.0865862313697658,0.24308019872249825,0.06706884315117105,0.04577714691270405,0.3463449254790632
make,0.09493874919406835,0.17005157962604775,0.06157317859445519,0.122501611863314,0.13910380399742103,0.1041263700838169,0.06995486782720826,0.23774983881366862
several,0.100258276590749,0.16154026766846677,0.060812397276355956,0.14205212491195118,0.11270251232683728,0.11105893402207091,0.07043907020427331,0.2411364169992956
friends,0.09660697455230915,0.1687087653157399,0.05984919886899152,0.12064090480678605,0.14514608859566447,0.10885956644674837,0.08294062205466542,0.2172478793590952
although,0.09773781902552205,0.14733178654292345,0.06612529002320186,0.1525522041763341,0.10179814385150812,0.12238979118329467,0.0669953596287703,0.24506960556844548
hope,0.04896188410288194,0.20669352339634336,0.030678648899907037,0.06476603656647041,0.2011155872327239,0.0635264951967772,0.1391385187480632,0.24511930585683298
written,0.09790209790209792,0.16783216783216784,0.045454545454545456,0.11713286713286715,0.14160839160839161,0.09702797202797205,0.07604895104895106,0.256993006993007
reason,0.10083740404745291,0.15212840195394275,0.06629448709002093,0.14026517794836008,0.12212142358688066,0.1099092812281926,0.0823447313328681,0.2260990928122819
feelings,0.09414556962025317,0.15901898734177217,0.06329113924050633,0.11708860759493671,0.1661392405063291,0.10680379746835444,0.0759493670886076,0.21756329113924056
point,0.09606848446417247,0.16455294863665185,0.05992390615091946,0.14299302473050096,0.11509194673430564,0.11636017755231452,0.06975269499048826,0.23525681674064677
speak,0.0825593395252838,0.17234262125902994,0.05263157894736842,0.10319917440660474,0.14654282765737875,0.11042311661506708,0.07533539731682146,0.25696594427244585
degree,0.08451369216241737,0.15864022662889518,0.06043437204910292,0.1364494806421152,0.13550519357884797,0.10009442870632673,0.0769593956562795,0.2474032105760151
engaged,0.09520123839009288,0.21130030959752322,0.05030959752321982,0.11764705882352942,0.1710526315789474,0.07430340557275542,0.0456656346749226,0.2345201238390093
led,0.11249999999999999,0.15,0.060156249999999994,0.1484375,0.12578124999999998,0.1078125,0.0703125,0.22499999999999998
long,0.08076375711574953,0.2918643263757116,0.05455407969639469,0.11764705882352941,0.11195445920303605,0.09487666034155597,0.06072106261859582,0.18761859582542692
result,0.07582471688823239,0.2836041358936484,0.0536681437715411,0.13884785819793202,0.09010339734121121,0.09404234367306745,0.06499261447562776,0.1989167897587395
whether,0.1035548686244204,0.15275631117980423,0.06826378155589902,0.14683153013910358,0.10741885625965998,0.11437403400309121,0.07161257083977332,0.23518804739824833
ever,0.09653323118176595,0.16146332120283471,0.07182532081976632,0.1256464278873779,0.14575751771691248,0.10898295345719211,0.07163378663091362,0.21815744110323693
subject,0.0946654332408264,0.16219549799568297,0.06382978723404255,0.13197656490903484,0.10638297872340426,0.10545790934320073,0.07400555041628122,0.26148627813752695
whatever,0.09366754617414248,0.1800791556728232,0.05474934036939313,0.12664907651715038,0.13324538258575197,0.1075197889182058,0.0758575197889182,0.22823218997361475
endeavour,0.11504424778761063,0.16283185840707964,0.07256637168141593,0.14513274336283186,0.1274336283185841,0.10265486725663718,0.058407079646017705,0.21592920353982303
account,0.10021999511121976,0.12417501833292593,0.06477633830359325,0.1295526766071865,0.09630897091175752,0.09826448301148863,0.06013199706673185,0.32657052065509656
opinions,0.09532062391681108,0.16377816291161176,0.0632582322357019,0.13431542461005197,0.12045060658578856,0.10658578856152512,0.062391681109185436,0.2538994800693241
stated,0.1177587844254511,0.15194681861348527,0.06552706552706553,0.13010446343779677,0.0845204178537512,0.11016144349477683,0.0731244064577398,0.2668566001899335
pages,0.04395604395604395,0.18681318681318682,0.07692307692307693,0.0879120879120879,0.0879120879120879,0.16483516483516486,0.021978021978021976,0.3296703296703297
circumstance,0.08023159636062861,0.1670802315963606,0.06947890818858561,0.1315136476426799,0.11910669975186103,0.09098428453267161,0.08519437551695616,0.2564102564102564
peculiar,0.09264705882352942,0.14852941176470588,0.07205882352941177,0.14264705882352943,0.12794117647058822,0.10955882352941178,0.061029411764705874,0.24558823529411766
think,0.09125999448580094,0.16570168183071407,0.0692031982354563,0.11359250068927489,0.14419630548662807,0.1036669423766198,0.06506754893851668,0.24731182795698925
declining,0.1111111111111111,0.2222222222222222,0.037037037037037035,0.07407407407407407,0.1111111111111111,0.14814814814814814,0.037037037037037035,0.25925925925925924
many,0.09367909238249596,0.14991896272285252,0.07058346839546191,0.1380064829821718,0.1253646677471637,0.11661264181523501,0.07747163695299839,0.22836304700162074
expressed,0.10649087221095334,0.14503042596348883,0.08215010141987829,0.13995943204868155,0.1308316430020284,0.11359026369168357,0.06896551724137931,0.21298174442190668
higher,0.07838983050847458,0.1716101694915254,0.059322033898305086,0.11652542372881354,0.13135593220338984,0.10451977401129942,0.07344632768361581,0.26483050847457623
authority,0.10520231213872831,0.12947976878612716,0.07283236994219652,0.12196531791907514,0.08265895953757225,0.08497109826589594,0.04797687861271676,0.3549132947976879
offer,0.1036144578313253,0.1325301204819277,0.06987951807228915,0.1397590361445783,0.10843373493975902,0.11084337349397588,0.06265060240963854,0.272289156626506
position,0.1148442272449603,0.14844227244960292,0.06047648136835675,0.1734880879657911,0.09835064141722664,0.10018326206475259,0.06291997556505803,0.24129505192425166
reader,0.0819672131147541,0.17564402810304452,0.06323185011709603,0.11007025761124123,0.1288056206088993,0.10148321623731461,0.09289617486338798,0.24590163934426232
attention,0.08867313915857604,0.17022653721682846,0.05242718446601941,0.12233009708737863,0.12750809061488672,0.08996763754045306,0.07766990291262135,0.27119741100323624
facts,0.07697642163661582,0.13869625520110956,0.03744798890429958,0.10818307905686546,0.09986130374479889,0.09639389736477115,0.06588072122052704,0.3765603328710125
admitted,0.09494640122511486,0.16232771822358347,0.07503828483920368,0.16539050535987748,0.10413476263399693,0.09647779479326186,0.05053598774885145,0.25114854517611024
deserve,0.17194570135746606,0.18099547511312217,0.06787330316742081,0.0995475113122172,0.08597285067873303,0.06787330316742081,0.04524886877828054,0.28054298642533937
considerable,0.10985915492957747,0.15372233400402416,0.06478873239436621,0.1545271629778672,0.10301810865191147,0.10663983903420524,0.07002012072434607,0.23742454728370224
following,0.09047619047619047,0.18253968253968256,0.05595238095238095,0.11984126984126985,0.11785714285714285,0.09960317460317461,0.06785714285714285,0.26587301587301587
extract,0.0,0.3888888888888889,0.0,0.0,0.0925925925925926,0.0,0.037037037037037035,0.48148148148148145
chemistry,0.06923076923076923,0.16923076923076924,0.03461538461538462,0.09999999999999999,0.1576923076923077,0.08076923076923077,0.05384615384615385,0.3346153846153846
gentleman,0.06686046511627906,0.15649224806201548,0.05571705426356589,0.10077519379844961,0.12451550387596899,0.09496124031007752,0.07364341085271317,0.3270348837209302
equally,0.09166666666666666,0.1575,0.06,0.14083333333333334,0.12666666666666665,0.09583333333333333,0.0775,0.25
qualified,0.05524861878453039,0.15469613259668508,0.027624309392265196,0.08839779005524862,0.143646408839779,0.03867403314917127,0.08839779005524862,0.4033149171270718
extensive,0.09154113557358054,0.15874855156431053,0.0648899188876014,0.12398609501738124,0.11123986095017381,0.10544611819235226,0.07531865585168018,0.2688296639629201
reading,0.06571428571428571,0.20571428571428574,0.08285714285714287,0.11142857142857143,0.13714285714285715,0.06285714285714286,0.07428571428571429,0.26
acquaintance,0.09049773755656108,0.1855203619909502,0.027149321266968323,0.12669683257918551,0.14027149321266968,0.0995475113122172,0.08144796380090497,0.24886877828054296
foreign,0.11965811965811965,0.14219114219114218,0.06371406371406371,0.1554001554001554,0.11266511266511266,0.11655011655011656,0.06216006216006216,0.22766122766122768
nations,0.10399449035812672,0.14600550964187328,0.05922865013774104,0.14600550964187328,0.14393939393939392,0.08539944903581267,0.053030303030303025,0.26239669421487605
form,0.09367315001117818,0.14710485133020346,0.05835010060362173,0.14173932483791638,0.11714732841493404,0.10708696624189581,0.0668455175497429,0.2680527610105075
widely,0.06470588235294118,0.18823529411764706,0.023529411764705882,0.058823529411764705,0.13529411764705881,0.1411764705882353,0.07647058823529411,0.31176470588235294
cause,0.11553945249597423,0.14432367149758454,0.07467793880837359,0.15237520128824478,0.10265700483091787,0.11956521739130435,0.06723027375201289,0.22363123993558776
permitted,0.10081300813008132,0.14715447154471545,0.07886178861788619,0.13170731707317074,0.11463414634146342,0.11056910569105692,0.07154471544715449,0.24471544715447155
high,0.0901023890784983,0.1726962457337884,0.06279863481228669,0.1273037542662116,0.13037542662116042,0.09726962457337884,0.06723549488054607,0.2522184300341297
fact,0.07475392391593508,0.13540835328544826,0.05267358339984038,0.1111997871774408,0.1074753923915935,0.09364192604416069,0.05240755520085129,0.3724394785847299
concluding,0.09221902017291066,0.17579250720461095,0.034582132564841495,0.12103746397694524,0.11527377521613832,0.13832853025936598,0.0893371757925072,0.2334293948126801
history,0.08250599109893872,0.17288599794590895,0.046901745977405,0.12393016090380007,0.13659705580280726,0.09893871961656968,0.08353303663129065,0.25470729202327974
allowed,0.09554140127388534,0.1762208067940552,0.06050955414012738,0.12738853503184713,0.1326963906581741,0.11146496815286623,0.06475583864118896,0.2314225053078556
express,0.12612612612612614,0.11561561561561562,0.06456456456456457,0.13813813813813813,0.13363363363363365,0.14714714714714716,0.06906906906906907,0.2057057057057057
regret,0.10392609699769052,0.12702078521939952,0.06697459584295612,0.11778290993071594,0.11547344110854502,0.22863741339491916,0.04849884526558892,0.19168591224018472
frequently,0.11062431544359257,0.15498357064622126,0.0733844468784228,0.14512595837897044,0.11883899233296825,0.12376779846659366,0.06845564074479739,0.20481927710843378
minds,0.09800796812749003,0.15776892430278883,0.06374501992031872,0.14661354581673305,0.14262948207171314,0.11155378486055775,0.07649402390438245,0.20318725099601592
within,0.1239795918367347,0.1576530612244898,0.06224489795918368,0.12959183673469388,0.125765306122449,0.10969387755102042,0.08290816326530613,0.20816326530612247
last,0.10178117048346055,0.15537531806615776,0.07140585241730278,0.1404262086513995,0.11450381679389311,0.1256361323155216,0.06790712468193383,0.22296437659033075
six,0.09891435464414958,0.16948130277442702,0.054282267792521106,0.12907117008443908,0.13208685162846803,0.11278648974668275,0.06996381182147166,0.23341375150784077
years,0.0969173859432799,0.15684340320591864,0.058076448828606665,0.13933415536374846,0.12614056720098646,0.11442663378545007,0.06843403205918619,0.2398273736128237
discoveries,0.07022471910112359,0.20505617977528087,0.033707865168539325,0.08146067415730338,0.12359550561797754,0.06741573033707865,0.08146067415730338,0.33707865168539325
professor,0.05787037037037037,0.12037037037037036,0.037037037037037035,0.0625,0.0925925925925926,0.05555555555555555,0.05555555555555555,0.5185185185185185
still,0.09708018378538609,0.1548836519934786,0.06980880391285016,0.14450867052023122,0.12553727582629318,0.11634800652141694,0.0708463020601749,0.22098710538016897
fear,0.19323423885187083,0.11225012813941568,0.06868272680676576,0.23936442849820605,0.0963608405945669,0.09584828293182984,0.05586878523833931,0.13839056893900564
neglect,0.12162162162162161,0.1027027027027027,0.11891891891891893,0.17567567567567566,0.09189189189189188,0.17567567567567566,0.04594594594594594,0.16756756756756758
consequence,0.12205801860974275,0.14723590585659552,0.07881773399014778,0.15873015873015872,0.10946907498631636,0.13191023535851124,0.06568144499178982,0.18609742747673783
least,0.10119798234552334,0.15794451450189156,0.06084489281210593,0.1343001261034048,0.1355611601513241,0.10970996216897858,0.07219419924337958,0.2282471626733922
remark,0.09467455621301774,0.14497041420118342,0.056213017751479286,0.14497041420118342,0.10650887573964496,0.11538461538461538,0.05917159763313609,0.2781065088757396
period,0.10384793694946685,0.16249420491423272,0.06235512285581827,0.1446453407510431,0.10825220213259155,0.1133518776077886,0.07348168752897544,0.23157162726008346
good,0.05477811868592381,0.198982264461573,0.04415176232881838,0.06929581680760308,0.19284591783282196,0.058819127441442784,0.1438299782982863,0.23729701414353063
chemical,0.08058608058608058,0.16605616605616605,0.05616605616605616,0.13675213675213677,0.12698412698412698,0.08913308913308914,0.06837606837606838,0.27594627594627597
rare,0.1029082774049217,0.10961968680089486,0.06487695749440717,0.12975391498881433,0.11856823266219241,0.13870246085011187,0.08053691275167786,0.2550335570469799
yet,0.09659652591441886,0.16353622369721788,0.07047027256037282,0.13952831520971612,0.12554723909052393,0.11594407569552323,0.07527185425787318,0.21310549357435388
must,0.09873473268485336,0.1631682878665984,0.06604256564031302,0.14195860454911138,0.11731148979741096,0.11723835295838514,0.06648138667446793,0.2290645798288598
ample,0.10652920962199312,0.1683848797250859,0.07216494845360824,0.11340206185567009,0.12027491408934707,0.08934707903780068,0.08591065292096219,0.24398625429553264
field,0.11382113821138212,0.16038433111603845,0.07095343680709534,0.14412416851441245,0.11973392461197341,0.11382113821138212,0.07760532150776053,0.19955654101995568
discovery,0.087,0.172,0.062,0.13699999999999998,0.126,0.103,0.094,0.21899999999999997
knowledge,0.08820477343479766,0.17087512971290214,0.060532687651331726,0.11414735385679696,0.14666205465236945,0.09131788308543758,0.07056381874783814,0.25769629885852646
understand,0.08549222797927461,0.15803108808290156,0.05699481865284975,0.12435233160621761,0.13471502590673576,0.09455958549222798,0.07383419689119171,0.27202072538860106
amongst,0.09261385380788367,0.15767317259854574,0.055109070034443174,0.11672407194795255,0.1515499425947187,0.1052430156907769,0.06659012629161883,0.2544967470340605
much,0.09143368819022983,0.15879017013232513,0.0671574967664909,0.12784797532583822,0.13461347129638843,0.11580937220177097,0.07471893343945876,0.22962889264749775
done,0.08582834331337325,0.16367265469061876,0.06946107784431137,0.12694610778443113,0.13333333333333333,0.10738522954091816,0.07584830339321356,0.23752495009980037
wollaston,0.08547008547008547,0.21367521367521367,0.017094017094017092,0.09401709401709403,0.14529914529914528,0.042735042735042736,0.09401709401709403,0.3076923076923077
others,0.10545998504113688,0.15071054599850414,0.07273747195213165,0.1486537023186238,0.11611817501869859,0.11480927449513839,0.07329842931937174,0.21821241585639492
regard,0.08581043185642176,0.15703869882220975,0.0628154795288839,0.11890072910824454,0.13965227145260797,0.09141895681435783,0.08076275939427931,0.26360067302299495
remains,0.044497103738809905,0.08451816745655608,0.16956292785676672,0.21748288572933122,0.07951553449183782,0.08820431806213797,0.04028436018957346,0.2759347024749868
laws,0.09489575844716032,0.1419841840402588,0.060747663551401876,0.14629762760603884,0.10567936736161035,0.101725377426312,0.054996405463695185,0.29367361610352266
present,0.05447594775406181,0.1977275140702984,0.0395030264415419,0.08208558989062334,0.16788786237655304,0.06817457789104811,0.14335775724753108,0.2467877243283424
considerably,0.10452961672473866,0.14982578397212543,0.05923344947735191,0.13937282229965156,0.10801393728222995,0.13240418118466898,0.07665505226480836,0.22996515679442506
advanced,0.155154091392136,0.13708820403825717,0.057385759829968117,0.2008501594048884,0.09351753453772584,0.09670563230605737,0.05419766206163656,0.2051009564293305
public,0.08414182395484213,0.2810019403774916,0.05415417181160699,0.10760275180807902,0.10001763979537837,0.08414182395484213,0.05556535544187687,0.23337449285588285
informed,0.10866372980910424,0.15859030837004404,0.07195301027900147,0.13803230543318648,0.10572687224669602,0.11747430249632893,0.05873715124816446,0.2408223201174743
late,0.07941437444543034,0.13930789707187222,0.06255545696539484,0.13087843833185447,0.10603371783496007,0.21916592724046138,0.06477373558118898,0.19787045252883761
sir,0.07732125525719832,0.12358460045292785,0.07473309608540925,0.11258492397282432,0.09026205111614365,0.07505661598188289,0.06146878032999029,0.3849886768036234
davy,0.0711297071129707,0.1422594142259414,0.050209205020920494,0.10460251046025104,0.11715481171548117,0.08368200836820083,0.10460251046025104,0.3263598326359832
work,0.12475728155339808,0.17330097087378643,0.045954692556634306,0.08349514563106797,0.12346278317152104,0.0901294498381877,0.05938511326860842,0.29951456310679614
sentiments,0.11282051282051284,0.12307692307692308,0.07692307692307694,0.15384615384615388,0.09743589743589745,0.14871794871794874,0.09743589743589745,0.18974358974358974
feeling,0.11188554658840791,0.1382978723404255,0.10271460014673513,0.1250917094644167,0.13646368305209097,0.1184886280264123,0.09721203228173146,0.16984592809977989
eloquence,0.10144927536231885,0.13043478260869565,0.06521739130434782,0.10144927536231885,0.16666666666666666,0.06521739130434782,0.10144927536231885,0.2681159420289855
philosopher,0.08965517241379312,0.1517241379310345,0.048275862068965524,0.1117241379310345,0.12137931034482762,0.07862068965517242,0.05793103448275863,0.34068965517241384
enable,0.06231884057971014,0.1536231884057971,0.03478260869565217,0.10289855072463767,0.11594202898550725,0.07826086956521738,0.057971014492753624,0.3942028985507246
deeds,0.09821428571428573,0.16964285714285715,0.07142857142857144,0.09226190476190478,0.14583333333333337,0.08333333333333334,0.08333333333333334,0.255952380952381
president,0.044987146529562975,0.2262210796915167,0.023136246786632387,0.06555269922879177,0.07712082262210797,0.06041131105398457,0.03598971722365038,0.46658097686375316
royal,0.08317120622568093,0.17996108949416342,0.05885214007782101,0.11964980544747081,0.09533073929961089,0.09970817120622567,0.05690661478599222,0.306420233463035
society,0.06871421134825612,0.19833420093701198,0.04711087975013014,0.10463300364393543,0.11920874544508067,0.08745445080687142,0.06194690265486725,0.31259760541384696
highly,0.0892018779342723,0.15023474178403756,0.04381846635367762,0.13302034428794993,0.14241001564945227,0.1001564945226917,0.07355242566510173,0.2676056338028169
interesting,0.08709677419354839,0.15806451612903227,0.054838709677419356,0.11612903225806452,0.11935483870967742,0.11612903225806452,0.08548387096774195,0.26290322580645165
persons,0.10986053339858085,0.15365793980915093,0.07805236114509419,0.13897724492292635,0.10570100318081722,0.11499877660875947,0.06948862246146317,0.22926351847320772
pursue,0.08783783783783784,0.17905405405405408,0.060810810810810814,0.11486486486486487,0.13851351351351351,0.09121621621621623,0.08108108108108109,0.24662162162162163
dignity,0.08408408408408409,0.13363363363363365,0.06756756756756757,0.10960960960960961,0.0975975975975976,0.08408408408408409,0.05705705705705706,0.3663663663663664
objects,0.0853932584269663,0.16067415730337078,0.058426966292134834,0.10337078651685393,0.16741573033707868,0.10786516853932585,0.06853932584269663,0.24831460674157305
profit,0.08757062146892657,0.15254237288135594,0.05084745762711865,0.10734463276836159,0.13276836158192093,0.096045197740113,0.07909604519774012,0.2937853107344633
valuable,0.10210696920583469,0.14424635332252836,0.07617504051863858,0.1280388978930308,0.13290113452188004,0.09076175040518639,0.05672609400324149,0.26904376012965964
acquirements,0.060810810810810814,0.18243243243243246,0.05405405405405406,0.11486486486486487,0.16891891891891894,0.0945945945945946,0.08783783783783784,0.2364864864864865
greater,0.0961734693877551,0.163265306122449,0.06301020408163265,0.13698979591836735,0.12244897959183675,0.11377551020408164,0.07372448979591838,0.23061224489795917
light,0.09440175631174536,0.16136114160263448,0.048298572996706916,0.13867544822539338,0.15111598975484816,0.11745334796926456,0.07500914745700696,0.2136845956824003
de,0.10938053097345132,0.1447787610619469,0.07610619469026549,0.13876106194690266,0.11716814159292034,0.11150442477876105,0.06548672566371681,0.23681415929203536
take,0.10334049619066225,0.1689783160773589,0.06739597577651886,0.14045712053135379,0.12463371752295371,0.10724750927915609,0.07325649540925963,0.2146903692127369
opportunity,0.08428720083246619,0.2705515088449532,0.061394380853277836,0.11134235171696151,0.12174817898022894,0.09781477627471384,0.08428720083246619,0.16857440166493237
distinctly,0.09090909090909091,0.20202020202020202,0.0303030303030303,0.1212121212121212,0.18181818181818182,0.10101010101010101,0.1212121212121212,0.15151515151515152
scientific,0.05918618988902589,0.1726263871763255,0.036991368680641186,0.07768187422934648,0.11837237977805178,0.07151664611590629,0.04932182490752158,0.41430332922318125
matter,0.10045772103107685,0.1467116357504216,0.07443989400144543,0.14960250542038062,0.10792580101180438,0.1175620332450012,0.07178993013731631,0.2315104794025536
amusement,0.09716599190283401,0.1417004048582996,0.08097165991902835,0.09716599190283401,0.22672064777327938,0.08502024291497977,0.0931174089068826,0.17813765182186236
countrymen,0.09876543209876544,0.16296296296296295,0.07160493827160494,0.12345679012345678,0.13827160493827162,0.11851851851851851,0.08641975308641975,0.2
taken,0.1158821910266997,0.15028901734104044,0.08037434627030002,0.15441783649876134,0.10707404349022845,0.11670795485824388,0.0622075419763281,0.213047068538398
pains,0.06878306878306878,0.16666666666666666,0.07142857142857142,0.11375661375661375,0.16402116402116404,0.10317460317460317,0.10582010582010583,0.20634920634920634
sterling,0.15384615384615383,0.20879120879120877,0.05494505494505494,0.05494505494505494,0.18131868131868129,0.08791208791208789,0.03846153846153846,0.21978021978021975
merit,0.06564551422319476,0.15536105032822758,0.04595185995623633,0.08533916849015317,0.12472647702407003,0.07658643326039388,0.052516411378555804,0.39387308533916854
indeed,0.10048529831572939,0.15957750499571796,0.06965458178703968,0.12503568369968598,0.13331430202683414,0.10476734227804739,0.07193833856694262,0.23522694833000285
among,0.11177602051720453,0.14597136140200898,0.0722376576191494,0.14426159435776875,0.123103227185296,0.1147681128446249,0.07330626202179953,0.2145757640521479
original,0.10088832487309646,0.15609137055837563,0.05964467005076142,0.1446700507614213,0.09454314720812183,0.10913705583756345,0.06408629441624365,0.2709390862944162
first,0.10264089300299484,0.16970686995190126,0.059533532988474455,0.1436609492694437,0.12142662673563845,0.10472819675106636,0.07269262183501225,0.22561030946546876
academical,0.05555555555555555,0.2777777777777778,0.027777777777777776,0.027777777777777776,0.1388888888888889,0.1388888888888889,0.05555555555555555,0.2777777777777778
thing,0.10382513661202186,0.15971187282662694,0.07550919026328863,0.12344759066070542,0.13462493790362642,0.11053154495777447,0.07426726279185296,0.21808246398410333
could,0.10873440285204992,0.1571868416788203,0.0690325717063685,0.1349862258953168,0.13296062226543512,0.11432506887052342,0.07089612704585968,0.21187813968562633
diminish,0.08092485549132948,0.15606936416184972,0.06358381502890174,0.15028901734104047,0.09248554913294797,0.2485549132947977,0.04046242774566474,0.1676300578034682
noble,0.09433962264150944,0.1320754716981132,0.06454816285998013,0.1221449851042701,0.13108242303872888,0.08242303872889771,0.055610724925521354,0.31777557100297915
memoirs,0.08974358974358973,0.16666666666666663,0.0641025641025641,0.10256410256410255,0.0641025641025641,0.08974358974358973,0.03846153846153846,0.3846153846153846
future,0.09784871616932685,0.17487855655794587,0.060374739764052734,0.14018043025676613,0.11380985426786953,0.10340041637751562,0.07425399028452463,0.2352532963219986
volumes,0.06666666666666667,0.1625,0.07083333333333333,0.14166666666666666,0.13333333333333333,0.08333333333333334,0.07916666666666668,0.2625
institute,0.0303030303030303,0.2121212121212121,0.01515151515151515,0.0303030303030303,0.07575757575757576,0.10606060606060605,0.04545454545454545,0.4848484848484848
time,0.08617859487852922,0.28644123440577807,0.05641278179032611,0.11950098489822718,0.10527467717224775,0.09460494637776319,0.06412781790326111,0.18745896257386738
appear,0.1023073574227253,0.16282107096212453,0.06878537222464084,0.14758380496299522,0.1131911188506748,0.11623857205050067,0.0674793208532869,0.22159338267305184
either,0.11708666256914568,0.14843269821757837,0.06945298094652735,0.15273509526736326,0.11247695144437615,0.11923786109403813,0.06668715427166565,0.21389059618930548
hands,0.11391843971631206,0.15292553191489364,0.07579787234042554,0.14317375886524822,0.12677304964539007,0.11391843971631206,0.06427304964539007,0.20921985815602837
rendered,0.10132158590308371,0.15947136563876652,0.06607929515418502,0.15066079295154183,0.1198237885462555,0.1066079295154185,0.07577092511013216,0.22026431718061673
appointed,0.10453648915187377,0.1854043392504931,0.06311637080867849,0.1291913214990138,0.10355029585798815,0.10552268244575937,0.06311637080867849,0.2455621301775148
examine,0.0425531914893617,0.17872340425531913,0.06382978723404255,0.12340425531914892,0.1404255319148936,0.09361702127659574,0.07234042553191489,0.28510638297872337
latter,0.11800532927293489,0.13551579748762846,0.08564902931100113,0.13932242101256184,0.1149600304529882,0.12714122573277503,0.059002664636467445,0.2204035020936429
kind,0.07943123314537875,0.1081147340034322,0.050992890414317225,0.10885020838440794,0.225545476832557,0.08237313066928167,0.0529541554302525,0.2917381711203726
contributed,0.10989010989010987,0.23076923076923075,0.06043956043956043,0.12087912087912087,0.10439560439560439,0.08241758241758242,0.03296703296703296,0.2582417582417582
french,0.13308095515433896,0.14269073966220153,0.0693069306930693,0.16161910308677926,0.10163075131042516,0.10832847990681423,0.0687245195107746,0.21461852067559697
write,0.07608695652173914,0.19021739130434784,0.04619565217391305,0.11413043478260872,0.15489130434782608,0.08423913043478262,0.07065217391304349,0.2635869565217392
best,0.10028078620136383,0.16606498194945848,0.06618531889290012,0.12033694344163659,0.1283594063377457,0.09827517047733654,0.07099879663056559,0.2494985960689932
immediately,0.08911671924290221,0.27326498422712936,0.059148264984227136,0.1391955835962145,0.08793375394321767,0.10055205047318612,0.06072555205047318,0.19006309148264985
committee,0.03428571428571429,0.21333333333333332,0.02857142857142857,0.03619047619047619,0.10095238095238096,0.05904761904761905,0.05142857142857143,0.47619047619047616
enter,0.10975609756097561,0.15447154471544713,0.059620596205962065,0.15447154471544713,0.10162601626016261,0.11924119241192413,0.08130081300813008,0.21951219512195122
however,0.1055376591501764,0.1595336708084062,0.06366007056296978,0.13652400674950144,0.1237919926369075,0.11059978524313545,0.06642123025003835,0.23393158459886487
profound,0.08900523560209424,0.15706806282722513,0.06282722513089005,0.13350785340314136,0.14659685863874347,0.08638743455497382,0.07068062827225131,0.25392670157068065
content,0.0702179176755448,0.1404358353510896,0.06537530266343826,0.08716707021791768,0.22276029055690072,0.04600484261501211,0.05569007263922518,0.3123486682808717
merely,0.10734463276836158,0.14124293785310735,0.07755521314843349,0.14124293785310735,0.11093990755007703,0.11915767847971237,0.06831022085259374,0.23420647149460708
understanding,0.08192090395480225,0.12146892655367231,0.08757062146892655,0.1497175141242938,0.11016949152542371,0.09887005649717513,0.06497175141242936,0.2853107344632768
thought,0.09704027171276079,0.2724405628335759,0.06647258612324114,0.11838913148956817,0.10892770499757398,0.0977680737506065,0.06404657933042213,0.17491508976225134
leads,0.10121457489878542,0.14979757085020243,0.06882591093117409,0.15384615384615385,0.13765182186234817,0.10931174089068826,0.09716599190283401,0.18218623481781376
place,0.10141388174807198,0.16580976863753213,0.0667095115681234,0.13856041131105398,0.12776349614395888,0.11053984575835475,0.06632390745501286,0.222879177377892
principles,0.08395245170876671,0.1664190193164933,0.04680534918276374,0.13150074294205052,0.1188707280832095,0.09361069836552748,0.060921248142644865,0.29791976225854383
new,0.10033726812816189,0.1676503653738055,0.05986509274873525,0.14839797639123103,0.11200112422709388,0.10961214165261383,0.07307476110174256,0.22906127037661608
unexpected,0.053398058252427195,0.16990291262135923,0.053398058252427195,0.1893203883495146,0.16990291262135923,0.053398058252427195,0.15533980582524273,0.15533980582524273
bring,0.102883865939205,0.1675759937646142,0.07404520654715512,0.13094310210444274,0.12860483242400625,0.1161340607950117,0.062353858144972726,0.21745908028059238
whole,0.10583333333333332,0.15785714285714286,0.06857142857142857,0.14273809523809525,0.11428571428571428,0.1113095238095238,0.06714285714285714,0.23226190476190475
subjects,0.109072375127421,0.14678899082568808,0.08970438328236494,0.1365953109072375,0.09683995922528033,0.09582059123343527,0.06625891946992865,0.25891946992864423
ought,0.09392789373814041,0.17077798861480073,0.06767868437697659,0.11258697027197975,0.1445287792536369,0.09993674889310562,0.07748260594560404,0.2330803289057558
less,0.11194496560350219,0.15530539920783823,0.06983531373775276,0.1398790910986033,0.11903272878882634,0.11486345632687096,0.06837606837606837,0.22076297686053784
national,0.1077490774907749,0.15055350553505537,0.06642066420664207,0.13357933579335793,0.14243542435424356,0.0937269372693727,0.06346863468634686,0.24206642066420664
progress,0.07786885245901638,0.23956780923994037,0.04955290611028316,0.10655737704918034,0.20789865871833085,0.080849478390462,0.05067064083457526,0.1870342771982116
physical,0.121131741821397,0.16091954022988506,0.04862953138815208,0.13262599469496023,0.10698496905393458,0.09106984969053936,0.0618921308576481,0.27674624226348365
throughout,0.08841010401188708,0.15676077265973254,0.062407132243685,0.1448736998514116,0.12258543833580982,0.10921248142644874,0.06760772659732542,0.24814264487369989
europe,0.0885608856088561,0.15498154981549814,0.05482340537691091,0.14285714285714285,0.13178703215603585,0.10701107011070111,0.06694781233526621,0.25303110173958887
