,anger,anticipation,disgust,fear,joy,sadness,surprise,trust
project,0.12294182217343581,0.16666666666666669,0.05890962312477132,0.04939626783754117,0.10775704354189536,0.07775338455909259,0.018477863154043178,0.398097328942554
gutenberg,0.09134906231094979,0.20629159104658193,0.0792498487598306,0.05505142165759225,0.0925589836660617,0.11494252873563217,0.017543859649122806,0.34301270417422863
thomas,0.06759317751105497,0.1433986102337334,0.05874921036007581,0.09475679090334808,0.13834491471888818,0.08780795957043588,0.06380290587492103,0.34554643082754266
davis,0.07514450867052024,0.1676300578034682,0.05202312138728324,0.08670520231213874,0.13872832369942195,0.06936416184971098,0.05202312138728324,0.35838150289017345
poetry,0.07737743650324867,0.15829887773183698,0.06556408741878322,0.09805079740106319,0.19551092734790312,0.10277613703484938,0.0702894270525694,0.232132309509746
use,0.11824707215715906,0.17264828107291275,0.07215715904797884,0.1095579901775595,0.15073668303740084,0.0819795995466566,0.06082357385719683,0.23384964110313564
anyone,0.14545454545454545,0.1272727272727273,0.03636363636363636,0.10909090909090909,0.05454545454545454,0.1272727272727273,0.01818181818181818,0.3818181818181819
cost,0.10580204778156997,0.16040955631399317,0.06484641638225255,0.1092150170648464,0.11262798634812286,0.11433447098976109,0.06825938566552901,0.2645051194539249
almost,0.09856196477621584,0.15672968169332685,0.07125545322346097,0.1362094037809016,0.14784294716432378,0.1255453223460979,0.08175795766682824,0.1820972693488447
whatsoever,0.07692307692307691,0.16568047337278105,0.04733727810650887,0.10650887573964496,0.14792899408284022,0.08284023668639053,0.05917159763313609,0.3136094674556213
may,0.09744018523282737,0.1542320555698482,0.07808078209416001,0.11184718291741703,0.14741445845124773,0.10580138924620529,0.06856187290969899,0.2366220735785953
copy,0.16251005631536602,0.1319388576025744,0.07723250201126307,0.07079646017699115,0.06918744971842317,0.07240547063555913,0.04263877715205149,0.37329042638777155
give,0.0871463499825358,0.16433810688089417,0.06915822563744324,0.11037373384561651,0.15071603213412504,0.10635696821515894,0.07334963325183375,0.2385609500523926
away,0.0986100950987564,0.1584491587417703,0.07681053401609364,0.1340160936356986,0.13928310168251645,0.13416239941477687,0.07520117044623263,0.1834674469641551
terms,0.11222949169602417,0.13236034222445897,0.058882737795671866,0.10266733769501762,0.1318570709612481,0.08152994464016104,0.053346753900352296,0.32712632108706596
license,0.1094224924012158,0.22796352583586627,0.06838905775075987,0.0851063829787234,0.12462006079027355,0.08206686930091185,0.028875379939209727,0.2735562310030395
title,0.07005253940455342,0.13660245183887915,0.07705779334500876,0.09807355516637477,0.09807355516637477,0.07005253940455342,0.059544658493870396,0.39054290718038526
author,0.07351460221550855,0.1339375629405841,0.06545820745216516,0.08056394763343405,0.11782477341389729,0.06747230614300101,0.03826787512588117,0.4229607250755287
date,0.04047619047619048,0.24047619047619048,0.04761904761904762,0.07380952380952381,0.14047619047619048,0.06190476190476191,0.05476190476190476,0.3404761904761905
april,0.06985294117647059,0.1691176470588235,0.0625,0.09191176470588235,0.13602941176470587,0.0661764705882353,0.0661764705882353,0.338235294117647
language,0.09181636726546906,0.1596806387225549,0.06254158349966733,0.11044577511643379,0.1490352628077179,0.09580838323353294,0.06387225548902195,0.26679973386560213
english,0.10998694516971279,0.1429503916449086,0.0714751958224543,0.13283289817232374,0.13446475195822455,0.09138381201044386,0.06494778067885117,0.2519582245430809
produced,0.07263922518159806,0.17433414043583534,0.06133979015334947,0.10734463276836158,0.1598062953995157,0.09685230024213075,0.07667473769168683,0.25100887812752215
distributed,0.06323185011709602,0.22716627634660425,0.07494145199063232,0.09601873536299765,0.14285714285714285,0.049180327868852465,0.02810304449648712,0.3185011709601874
http,0.05074626865671641,0.18805970149253728,0.08955223880597014,0.03880597014925372,0.16417910447761191,0.0626865671641791,0.0417910447761194,0.36417910447761187
new,0.07547169811320756,0.200249199003204,0.055357778568885734,0.11124955500177999,0.14720541117835528,0.0941616233535066,0.07475970096119616,0.24154503381986472
library,0.03631284916201117,0.18156424581005587,0.06145251396648045,0.06145251396648045,0.17877094972067037,0.06424581005586591,0.08100558659217877,0.335195530726257
irish,0.09714632665452339,0.13570127504553733,0.07012750455373407,0.13509411050394657,0.14541590771098967,0.08712811171827566,0.06344869459623557,0.2659380692167577
literature,0.07407407407407407,0.16975308641975306,0.06790123456790124,0.0925925925925926,0.1882716049382716,0.11419753086419752,0.09567901234567902,0.19753086419753085
general,0.0816326530612245,0.12473969179508539,0.06497292794668888,0.1028738025822574,0.1197417742607247,0.10016659725114535,0.058100791336942945,0.34777176176593083
graves,0.08333333333333333,0.09166666666666667,0.125,0.16666666666666666,0.11666666666666667,0.18333333333333335,0.09166666666666667,0.14166666666666666
william,0.08814270724029381,0.13693599160545647,0.07712486883525708,0.12539349422875132,0.12381951731374606,0.09024134312696747,0.0540398740818468,0.304302203567681
dublin,0.08516483516483517,0.15934065934065936,0.05631868131868132,0.10576923076923077,0.14835164835164835,0.08928571428571429,0.06593406593406594,0.2898351648351648
1,0.12134502923976608,0.1301169590643275,0.11111111111111112,0.10526315789473684,0.1564327485380117,0.11403508771929824,0.06432748538011697,0.19736842105263158
2,0.09541984732824427,0.17557251908396945,0.0801526717557252,0.08778625954198473,0.18129770992366412,0.09923664122137404,0.047709923664122134,0.23282442748091603
wild,0.10790634543603665,0.12792670512385476,0.07431286053613843,0.14387512724804888,0.12215812690872073,0.12147947064811673,0.17678995588734303,0.12555140821174077
earl,0.11604584527220631,0.1489971346704871,0.09169054441260745,0.1489971346704871,0.1017191977077364,0.0988538681948424,0.050143266475644696,0.24355300859598855
3,0.10921985815602836,0.15460992907801416,0.09645390070921984,0.07375886524822695,0.1829787234042553,0.10212765957446807,0.06666666666666667,0.21418439716312054
life,0.10096591944596317,0.15290687078549298,0.08018953891015125,0.12420266083470019,0.14461454346637506,0.1314926189174412,0.0741753234918899,0.19145252414798614
charles,0.07396449704142011,0.16272189349112423,0.0695266272189349,0.09467455621301774,0.14497041420118342,0.07396449704142011,0.07248520710059171,0.30769230769230765
oratory,0.10714285714285715,0.14285714285714288,0.053571428571428575,0.16071428571428573,0.12500000000000003,0.14285714285714288,0.07142857142857144,0.19642857142857148
national,0.08710217755443884,0.15996649916247904,0.0711892797319933,0.11139028475711892,0.15242881072026798,0.0946398659966499,0.0812395309882747,0.2420435510887772
university,0.039408866995073885,0.354679802955665,0.039408866995073885,0.06403940886699507,0.08374384236453201,0.06896551724137931,0.054187192118226604,0.29556650246305416
ireland,0.09792106056040975,0.1310635733654715,0.060560409761976484,0.13226875564929194,0.1355830069297981,0.11178065682434467,0.06477854775534798,0.2660439891533594
book,0.07235686687741481,0.1777309448542325,0.05725324903407095,0.10713031260976465,0.1520899192132069,0.08008429926238145,0.06708816297857392,0.2862662451703547
crown,0.10968921389396712,0.12248628884826326,0.08957952468007314,0.14076782449725778,0.12248628884826326,0.11517367458866545,0.05118829981718465,0.24862888482632542
present,0.05165180912427897,0.19638175144205558,0.04208180388044047,0.07288935500786575,0.1831410592553749,0.07013633980073412,0.13673308862087047,0.24698479286837963
edition,0.06410256410256411,0.36324786324786323,0.038461538461538464,0.06410256410256411,0.12820512820512822,0.05982905982905983,0.05128205128205128,0.23076923076923078
designed,0.09090909090909093,0.16233766233766236,0.04545454545454546,0.15584415584415587,0.1298701298701299,0.09090909090909093,0.07142857142857145,0.2532467532467533
offer,0.09341317365269461,0.17485029940119762,0.06227544910179641,0.11497005988023952,0.14011976047904193,0.08862275449101796,0.07664670658682635,0.24910179640718563
selection,0.0,0.20588235294117646,0.08823529411764705,0.0,0.20588235294117646,0.0588235294117647,0.14705882352941177,0.29411764705882354
writings,0.07729468599033816,0.15458937198067632,0.02898550724637681,0.10628019323671499,0.13043478260869565,0.11594202898550723,0.06763285024154589,0.3188405797101449
representative,0.07692307692307691,0.15384615384615383,0.11538461538461538,0.07692307692307691,0.11538461538461538,0.01923076923076923,0.11538461538461538,0.3269230769230769
hitherto,0.0977859778597786,0.1808118081180812,0.05350553505535056,0.15313653136531363,0.13653136531365312,0.12361623616236163,0.06088560885608856,0.19372693726937268
appeared,0.09467149508535955,0.17744438696326956,0.07346094154164512,0.12778065183652354,0.13088463528194516,0.12053802379720642,0.07708225556130369,0.19813760993274704
one,0.09832179175244869,0.15369018653690186,0.07470834113169879,0.12586561856634848,0.146141368769106,0.11329465344063884,0.07349179611953334,0.21448624368332397
volume,0.06050420168067227,0.15798319327731092,0.04873949579831933,0.09579831932773109,0.1781512605042017,0.08067226890756302,0.0907563025210084,0.28739495798319326
best,0.0849369608493696,0.16224286662242865,0.059057730590577305,0.1121433311214333,0.15792966157929658,0.1035169210351692,0.07996018579960186,0.2402123424021234
historical,0.053164556962025315,0.1569620253164557,0.04810126582278481,0.10886075949367087,0.14177215189873416,0.12151898734177213,0.09367088607594935,0.27594936708860757
studies,0.07339449541284404,0.1743119266055046,0.08256880733944955,0.12844036697247707,0.1559633027522936,0.09174311926605505,0.055045871559633024,0.23853211009174313
parliament,0.07529558182949596,0.1225886745488488,0.044803982576229,0.1269446172993155,0.11885500933416304,0.06596141879278158,0.03858120721841942,0.4069695084007468
james,0.08099281515349446,0.1587197909862835,0.06858262573481386,0.11887655127367734,0.1371652514696277,0.0914435009797518,0.07903331156107121,0.2651861528412803
next,0.09904697072838665,0.16235534377127298,0.06807351940095302,0.12729748127978216,0.13444520081688222,0.10653505786249148,0.07726344452008169,0.22498298162014974
literary,0.1068702290076336,0.15158124318429664,0.04471101417666303,0.04143947655398037,0.09378407851690294,0.15594329334787352,0.03162486368593239,0.3740458015267176
political,0.10598705501618122,0.1343042071197411,0.06067961165048544,0.14158576051779934,0.12702265372168284,0.10679611650485436,0.06067961165048544,0.26294498381877024
articles,0.11401425178147268,0.1543942992874109,0.1021377672209026,0.1330166270783848,0.1021377672209026,0.0997624703087886,0.05463182897862232,0.2399049881235154
nation,0.08328230251071647,0.1316595223515003,0.05388854868340478,0.12859767299448865,0.12308634415186771,0.08328230251071647,0.062461726883037354,0.3337415799142682
finally,0.07385229540918165,0.1763140385894877,0.11510312707917499,0.10046573519627412,0.1483699268130406,0.07850964737192281,0.10844976713240186,0.19893546240851628
containing,0.10294117647058823,0.13970588235294118,0.0588235294117647,0.12499999999999999,0.13602941176470584,0.11397058823529412,0.08088235294117647,0.24264705882352938
hoped,0.09983633387888707,0.1702127659574468,0.06710310965630115,0.07692307692307693,0.16202945990180034,0.12111292962356791,0.0916530278232406,0.21112929623567922
everything,0.10437452033768227,0.1273983115886416,0.07828089025326171,0.13737528779739064,0.148119723714505,0.13891020721412126,0.07751343054489639,0.18802762854950114
high,0.08776072412436048,0.15033451397087758,0.07831562377016921,0.11609602518693427,0.158008658008658,0.106650924832743,0.07438016528925619,0.22845336481700115
permanent,0.09798270893371759,0.1412103746397695,0.07204610951008646,0.10086455331412104,0.14985590778097985,0.09798270893371759,0.07492795389048992,0.2651296829971182
value,0.08139534883720931,0.16020671834625325,0.06201550387596899,0.12403100775193798,0.14728682170542634,0.07881136950904392,0.06459948320413436,0.2816537467700258
wrote,0.08255159474671671,0.1801125703564728,0.07317073170731707,0.11444652908067542,0.1378986866791745,0.10037523452157598,0.06472795497185742,0.24671669793621012
medium,0.1829268292682927,0.0975609756097561,0.14634146341463414,0.09146341463414635,0.09146341463414635,0.14024390243902438,0.04878048780487805,0.20121951219512196
society,0.08455409920328964,0.16576715497301464,0.06733487535337959,0.10665638653302492,0.14674890773580054,0.10331534309946028,0.06168080185042405,0.26394243125160627
essay,0.10810810810810811,0.16216216216216217,0.06306306306306307,0.08108108108108109,0.14414414414414414,0.10810810810810811,0.04504504504504505,0.2882882882882883
published,0.08516886930983848,0.17914831130690165,0.0616740088105727,0.11306901615271661,0.1145374449339207,0.08516886930983848,0.048458149779735685,0.3127753303964758
former,0.08722741433021808,0.16666666666666669,0.06386292834890966,0.11604361370716512,0.1518691588785047,0.10436137071651092,0.07554517133956387,0.23442367601246106
seemed,0.1039743075070253,0.15355279004415898,0.07988759534323565,0.14050582095543956,0.13849859494179045,0.12525090325170612,0.08430349257326375,0.17402649538338016
possible,0.1,0.15746268656716417,0.06940298507462687,0.13358208955223883,0.1328358208955224,0.12686567164179105,0.06492537313432836,0.21492537313432836
fill,0.07971014492753624,0.15217391304347827,0.036231884057971016,0.13043478260869565,0.12318840579710144,0.10144927536231883,0.05797101449275362,0.31884057971014496
valuable,0.07169811320754718,0.17358490566037735,0.06037735849056604,0.10943396226415095,0.15849056603773587,0.06792452830188679,0.04905660377358491,0.30943396226415093
work,0.126355421686747,0.173644578313253,0.05737951807228916,0.08313253012048193,0.12379518072289156,0.09231927710843374,0.05813253012048192,0.2852409638554217
space,0.07407407407407408,0.15488215488215487,0.05555555555555555,0.12962962962962962,0.12289562289562289,0.12457912457912457,0.07744107744107744,0.2609427609427609
would,0.10164251207729469,0.15594202898550724,0.07273429951690821,0.12958454106280193,0.13742995169082126,0.11636714975845411,0.07246376811594203,0.21383574879227055
taken,0.1121244635193133,0.1467274678111588,0.08342274678111589,0.14082618025751073,0.11883047210300429,0.11748927038626608,0.06652360515021459,0.2140557939914163
latter,0.11001788908765651,0.14847942754919496,0.06708407871198568,0.1511627906976744,0.11627906976744186,0.12254025044722718,0.0706618962432916,0.21377459749552774
cause,0.10029031406703616,0.15676959619952494,0.07363420427553444,0.11401425178147269,0.13750329902348904,0.10319345473739773,0.06307732911058327,0.25151755080496174
written,0.1082558775287042,0.16183706943685072,0.06560962274466922,0.10716238381629306,0.13613996719518862,0.09240021869874249,0.07873154729360306,0.2498633132859486
support,0.088,0.15911111111111112,0.05422222222222222,0.12177777777777778,0.14133333333333334,0.09866666666666667,0.04977777777777778,0.2871111111111111
day,0.08986153703187437,0.168292909580894,0.07276275439085587,0.11783291515658398,0.14840628194405728,0.11727534615742033,0.07768794721680142,0.20788030852151287
universal,0.07413010590015129,0.1573373676248109,0.057488653555219364,0.11346444780635402,0.1664145234493192,0.10892586989409984,0.06505295007564296,0.25718608169440244
type,0.1951219512195122,0.04878048780487805,0.0975609756097561,0.21951219512195122,0.0975609756097561,0.0975609756097561,0.0,0.24390243902439027
real,0.0832,0.12240000000000001,0.049600000000000005,0.112,0.1384,0.09920000000000001,0.0584,0.3368
us,0.08721148785805578,0.16013833546349898,0.06495752199082776,0.12089316592737387,0.15713104277873843,0.11269829336140139,0.07713705736410796,0.21983309525599581
win,0.11157024793388429,0.1446280991735537,0.04545454545454545,0.11570247933884296,0.1611570247933884,0.11157024793388429,0.07024793388429751,0.23966942148760328
make,0.08272401433691756,0.16587813620071684,0.07168458781362007,0.10767025089605735,0.1511111111111111,0.10222222222222223,0.07383512544802867,0.24487455197132615
institution,0.11612903225806452,0.16129032258064516,0.06451612903225808,0.13548387096774195,0.10967741935483871,0.07096774193548389,0.04516129032258065,0.2967741935483871
matter,0.1040033016921172,0.14775072224515065,0.08378043747420554,0.13536937680561287,0.12216260833677259,0.1172100701609575,0.070160957490714,0.21956252579446967
friend,0.06399482870071106,0.11247575953458307,0.04718810601163542,0.08295625942684767,0.24692954104718812,0.0795087265675501,0.05753070458952812,0.3094160741219565
sir,0.06598114824335904,0.11105398457583548,0.06323907455012855,0.08294772922022281,0.11276778063410456,0.08860325621251072,0.05552699228791774,0.41988003427592124
duffy,0.049180327868852465,0.1475409836065574,0.03278688524590164,0.01639344262295082,0.2295081967213115,0.049180327868852465,0.049180327868852465,0.42622950819672134
excellent,0.05388760585065436,0.1262509622786759,0.03541185527328715,0.07852193995381064,0.2424942263279446,0.07390300230946882,0.06312548113933796,0.3264049268668207
appears,0.0908004778972521,0.14336917562724014,0.08243727598566308,0.1135005973715651,0.15412186379928317,0.0967741935483871,0.04778972520908005,0.27120669056152924
easily,0.1012396694214876,0.14049586776859505,0.06818181818181818,0.11776859504132231,0.1487603305785124,0.10950413223140497,0.0743801652892562,0.2396694214876033
form,0.09253170502583373,0.15875998121183657,0.06528886801315172,0.1103804603100047,0.14044152184124004,0.10051667449506811,0.06810709253170502,0.26397369657116015
irishmen,0.09589041095890412,0.1506849315068493,0.05022831050228311,0.11872146118721462,0.1506849315068493,0.09589041095890412,0.0776255707762557,0.2602739726027397
made,0.095460399227302,0.15526400515132005,0.08572118480360592,0.12709272376046363,0.13771732131358663,0.10688989053444946,0.07718931101094656,0.21466516419832582
therefore,0.0892728581713463,0.17062634989200864,0.06743460523158147,0.12766978641708665,0.13198944084473244,0.10751139908807296,0.0724742020638349,0.2330213582913367
necessary,0.1066447908121411,0.1427399507793273,0.07301066447908121,0.13699753896636588,0.12387202625102542,0.11074651353568497,0.05250205086136176,0.2534864643150123
deal,0.04386750223813787,0.20411817367949864,0.03133393017009848,0.05102954341987466,0.20501342882721574,0.041181736794986566,0.17815577439570277,0.2452999104744852
much,0.09099509761761418,0.15739227659757463,0.07215962845101918,0.1158510363808377,0.15515610217596973,0.10940053324159285,0.07818009804764771,0.22086522748774404
detail,0.09950248756218906,0.12437810945273632,0.05472636815920399,0.12935323383084577,0.11940298507462686,0.11940298507462686,0.05970149253731343,0.2935323383084577
born,0.07901234567901234,0.15720164609053497,0.09218106995884774,0.1111111111111111,0.17695473251028807,0.11851851851851852,0.06255144032921811,0.2024691358024691
october,0.10032362459546927,0.16828478964401297,0.08414239482200649,0.15533980582524273,0.10679611650485438,0.07119741100323626,0.06148867313915859,0.2524271844660194
father,0.07458028411536806,0.14313387860525184,0.0750107619457598,0.09147653895824366,0.1503443822643134,0.10126990959965564,0.06080499354283255,0.30337925096857515
came,0.08798424162836507,0.17022324359816152,0.06927117531188443,0.12360472751149049,0.1382140512147078,0.11178594878529219,0.07567301378857517,0.2232435981615233
family,0.06712433257055683,0.16895499618611748,0.05720823798627003,0.11174675819984746,0.17162471395881007,0.10297482837528604,0.08009153318077804,0.2402745995423341
originally,0.12633832976445397,0.12205567451820129,0.11991434689507495,0.14775160599571735,0.1113490364025696,0.13490364025695933,0.07280513918629551,0.16488222698072805
welsh,0.05405405405405406,0.1891891891891892,0.08108108108108109,0.16216216216216217,0.10810810810810811,0.10810810810810811,0.08108108108108109,0.21621621621621623
long,0.08536335721596724,0.27226202661207777,0.06479017400204708,0.1179119754350051,0.11832139201637666,0.11299897645854656,0.06028659160696007,0.16806550665301945
settled,0.07758620689655173,0.1724137931034483,0.06896551724137931,0.11206896551724137,0.16163793103448276,0.09913793103448275,0.07327586206896551,0.23491379310344826
royal,0.08173076923076923,0.17562217194570134,0.0661764705882353,0.12273755656108597,0.14875565610859728,0.09021493212669682,0.08201357466063347,0.23274886877828052
mother,0.0636959370904325,0.17693315858453473,0.06277850589777195,0.07732634338138925,0.191218872870249,0.16264744429882044,0.04980340760157274,0.21559633027522934
mary,0.062405636638147965,0.15903371917463516,0.0840463009562154,0.0840463009562154,0.2043281328636135,0.0961248112732763,0.07096124811273276,0.23905385002516358
county,0.06505102040816327,0.14668367346938777,0.04081632653061224,0.07525510204081633,0.1377551020408163,0.05739795918367347,0.0586734693877551,0.4183673469387755
cork,0.07531380753138076,0.13389121338912136,0.08368200836820085,0.13389121338912136,0.14225941422594143,0.08786610878661089,0.06276150627615064,0.2803347280334728
seem,0.09521531100478468,0.14019138755980862,0.07703349282296651,0.13110047846889952,0.1444976076555024,0.1320574162679426,0.08660287081339713,0.19330143540669856
altogether,0.117061973986228,0.12547819433817903,0.10711553175210405,0.13771996939556236,0.12547819433817903,0.13465952563121653,0.07345065034429991,0.17903596021423104
kind,0.06586690810321412,0.12154821186057038,0.04459031235853327,0.07446808510638298,0.25147125396106834,0.08239022181982797,0.05817111815301041,0.30149388863739246
fact,0.08972174900624645,0.12265758091993184,0.06643952299829642,0.11470755252697329,0.10732538330494036,0.10562180579216354,0.04770017035775127,0.34582623509369675
way,0.09190469143110848,0.1619061713778304,0.07680923486754476,0.1234275566079621,0.1371910611217996,0.11587982832618025,0.07177741601302352,0.22110404025455083
side,0.11369892017785307,0.13550709294939658,0.08511539275883973,0.14249417742959983,0.12873173830192677,0.13148422612746138,0.0717764132966335,0.19119203895828923
o'sullivan,0.15384615384615383,0.1346153846153846,0.05769230769230769,0.19230769230769232,0.15384615384615383,0.09615384615384616,0.01923076923076923,0.19230769230769232
influence,0.10935799782372142,0.15179542981501631,0.07018498367791078,0.13928182807399345,0.1398258977149075,0.10282916213275299,0.05875952121871599,0.2279651795429815
physical,0.14117647058823532,0.1294117647058824,0.07647058823529412,0.10000000000000002,0.13529411764705884,0.13529411764705884,0.07058823529411766,0.21176470588235297
least,0.10518463259977619,0.14807907497202535,0.07459903021260722,0.13763521074226034,0.1301753077209996,0.11712047743379334,0.07310704960835508,0.21409921671018275
imagination,0.09693372898120672,0.15529179030662707,0.09149357072205737,0.12957467853610286,0.1582591493570722,0.14045499505440157,0.07863501483679525,0.14935707220573688
child,0.06641123882503193,0.23414218816517668,0.04725415070242657,0.09195402298850575,0.24095359727543633,0.10429970200085142,0.06300553426990207,0.15197956577266922
health,0.08653295128939828,0.15931232091690542,0.05787965616045844,0.13868194842406875,0.16045845272206302,0.12378223495702004,0.08022922636103151,0.1931232091690544
passed,0.09126009126009127,0.15724815724815724,0.06844506844506845,0.12249912249912251,0.14320814320814323,0.11793611793611795,0.07546507546507547,0.22393822393822393
entered,0.09773662551440329,0.15329218106995887,0.06841563786008231,0.14300411522633746,0.12294238683127573,0.13477366255144033,0.0668724279835391,0.21296296296296297
trinity,0.07913669064748202,0.15827338129496404,0.050359712230215826,0.12949640287769784,0.1366906474820144,0.07194244604316546,0.043165467625899276,0.33093525179856115
college,0.05990220048899756,0.16259168704156482,0.05378973105134475,0.097799511002445,0.14058679706601468,0.0941320293398533,0.0684596577017115,0.32273838630806845
passion,0.07963709677419355,0.2001008064516129,0.05745967741935483,0.09425403225806452,0.20816532258064513,0.08366935483870966,0.0594758064516129,0.2172379032258064
study,0.08018154311649017,0.1747352496217852,0.08396369137670197,0.08547655068078669,0.1588502269288956,0.10892586989409984,0.06732223903177005,0.24054462934947052
possessed,0.17088122605363984,0.09578544061302682,0.15632183908045977,0.19233716475095786,0.10881226053639848,0.06973180076628352,0.05210727969348659,0.1540229885057471
manifestly,0.14502164502164502,0.10173160173160173,0.13636363636363635,0.16017316017316016,0.0974025974025974,0.12987012987012986,0.06493506493506493,0.1645021645021645
first,0.08606824603347098,0.180612910236905,0.06433384046946315,0.11964790262986306,0.15040208650293413,0.10269506628993696,0.07683112366876765,0.219408824168659
instance,0.11614730878186968,0.13456090651558072,0.0878186968838527,0.15722379603399433,0.11048158640226628,0.1331444759206799,0.04815864022662889,0.2124645892351275
patriotism,0.08045977011494251,0.1264367816091954,0.057471264367816084,0.14942528735632182,0.1954022988505747,0.07471264367816091,0.0632183908045977,0.2528735632183908
break,0.1006423982869379,0.11456102783725909,0.06531049250535331,0.13276231263383298,0.11349036402569593,0.1209850107066381,0.20021413276231262,0.15203426124197003
loose,0.13706563706563707,0.12162162162162161,0.11583011583011583,0.1640926640926641,0.1138996138996139,0.13513513513513514,0.07528957528957528,0.13706563706563707
politics,0.1932367149758454,0.14009661835748793,0.053140096618357495,0.0966183574879227,0.1497584541062802,0.07729468599033816,0.06280193236714976,0.22705314009661837
means,0.09751243781094526,0.15887230514096184,0.062354892205638474,0.11840796019900497,0.13996683250414593,0.09087893864013266,0.06434494195688226,0.2676616915422886
knowing,0.08203125000000001,0.17382812500000003,0.044921875,0.119140625,0.17382812500000003,0.10546875,0.091796875,0.20898437500000003
unless,0.11721611721611722,0.15995115995115994,0.06715506715506715,0.14652014652014653,0.1111111111111111,0.10622710622710622,0.05372405372405373,0.2380952380952381
light,0.0924385998839683,0.15026107135950492,0.0659446915490234,0.1272481144846258,0.15316186424289305,0.13304970025140206,0.07967511119706053,0.19822084703152196
thrown,0.11325028312570781,0.12570781426953567,0.062287655719139294,0.16874292185730466,0.10079275198187995,0.15288788221970553,0.0928652321630804,0.18346545866364666
saying,0.09882352941176471,0.17490196078431375,0.05803921568627451,0.11921568627450982,0.14901960784313725,0.0996078431372549,0.08313725490196079,0.21725490196078434
speech,0.09903201787043932,0.13924050632911392,0.07669396872673119,0.1362620997766195,0.13030528667163066,0.11094564408041699,0.08562918838421445,0.22189128816083398
conciliation,0.08695652173913043,0.13043478260869565,0.043478260869565216,0.05434782608695653,0.28260869565217395,0.043478260869565216,0.08695652173913043,0.2717391304347826
hall,0.07156076495990131,0.1634793337446021,0.07958050586057991,0.10363972856261569,0.16533004318322025,0.09685379395434918,0.06292412091301666,0.25663170882171504
brought,0.10483321987746766,0.1558883594281824,0.07805763557975946,0.13501248014522352,0.12797821647379168,0.12207851145904243,0.06784660766961652,0.20830496936691625
mixed,0.09359605911330049,0.16502463054187191,0.0665024630541872,0.10591133004926108,0.1798029556650246,0.07881773399014777,0.07635467980295567,0.23399014778325122
learned,0.09880952380952379,0.1845238095238095,0.0619047619047619,0.11785714285714284,0.12857142857142856,0.10476190476190476,0.06666666666666667,0.23690476190476187
know,0.0846233230134159,0.16821465428276575,0.06363949088407293,0.1219470244238046,0.15101479188166494,0.10388716890264878,0.08204334365325078,0.22463020295837635
love,0.07610993657505286,0.13840732910500353,0.0730091613812544,0.08710359408033827,0.2806201550387597,0.08992248062015502,0.06286116983791402,0.1919661733615222
countrymen,0.0923913043478261,0.15489130434782608,0.06521739130434782,0.11956521739130437,0.14945652173913043,0.11684782608695653,0.07065217391304349,0.23097826086956524
sought,0.10603588907014681,0.15497553017944535,0.0734094616639478,0.13539967373572592,0.16476345840130505,0.11745513866231647,0.057096247960848286,0.19086460032626426
read,0.09377431906614787,0.1622568093385214,0.0715953307392996,0.11828793774319067,0.13618677042801555,0.1085603112840467,0.06459143968871595,0.24474708171206225
history,0.0867983367983368,0.15748440748440748,0.06652806652806653,0.12214137214137215,0.14760914760914762,0.09875259875259876,0.07224532224532225,0.24844074844074845
philosophy,0.0735930735930736,0.15151515151515152,0.043290043290043295,0.1038961038961039,0.19047619047619052,0.06926406926406926,0.08225108225108226,0.28571428571428575
subjects,0.11715867158671588,0.12915129151291516,0.07564575645756458,0.14022140221402216,0.12084870848708489,0.10516605166051661,0.06273062730627307,0.2490774907749078
flung,0.11875000000000001,0.1479166666666667,0.08541666666666667,0.12708333333333335,0.1375,0.12291666666666667,0.09583333333333334,0.16458333333333336
days,0.10838537020517394,0.1614629794826048,0.07448706512042819,0.11485280999107937,0.1413916146297948,0.12644959857270294,0.07203389830508473,0.20093666369313112
turn,0.1044109436069235,0.16471245114461194,0.07761027359017308,0.1178112786152987,0.15522054718034617,0.09826912339475154,0.07649357900614182,0.2054718034617532
uses,0.09278350515463916,0.10309278350515463,0.09278350515463916,0.1134020618556701,0.1958762886597938,0.14432989690721648,0.06185567010309278,0.1958762886597938
country,0.09196327911096794,0.15042679980673215,0.07118698663230794,0.12916733773554517,0.14897729102915122,0.10967949750362377,0.06361732968271863,0.23498147849895312
time,0.08054304151954218,0.28375745768902955,0.06191403871910385,0.108730062096676,0.11542676244977473,0.09996347254352855,0.06574942164860587,0.1839157433337392
left,0.09182643794147327,0.15701311806256307,0.07366296670030273,0.12512613521695257,0.14530776992936428,0.1218970736629667,0.07225025227043391,0.21291624621594352
called,0.08933107535986451,0.15749364944961897,0.07197290431837426,0.12256562235393732,0.14204064352243861,0.10097375105842506,0.07641828958509737,0.23920406435224384
bar,0.1331360946745562,0.1331360946745562,0.08875739644970414,0.1331360946745562,0.10946745562130177,0.10650887573964496,0.0710059171597633,0.22485207100591714
disciplined,0.1588785046728972,0.08411214953271028,0.10280373831775702,0.22429906542056072,0.06542056074766354,0.09345794392523364,0.04672897196261682,0.22429906542056072
thought,0.08504753673292999,0.2822817631806396,0.05808124459809853,0.10821089023336214,0.1194468452895419,0.10700086430423507,0.07052722558340535,0.16940363007778736
different,0.10033259423503325,0.15631929046563192,0.061529933481152994,0.12250554323725056,0.15853658536585366,0.09866962305986696,0.06929046563192905,0.23281596452328157
youth,0.12009685230024213,0.17627118644067796,0.0387409200968523,0.1414043583535109,0.19951573849878934,0.06440677966101695,0.12639225181598063,0.13317191283292978
described,0.10413476263399693,0.14548238897396631,0.06431852986217458,0.113323124042879,0.11026033690658499,0.13629402756508424,0.05819295558958652,0.26799387442572736
candid,0.1264367816091954,0.17241379310344826,0.045977011494252866,0.0689655172413793,0.18390804597701146,0.045977011494252866,0.1264367816091954,0.22988505747126434
friends,0.0856651939126166,0.16912125675012274,0.06161021109474717,0.1141384388807069,0.15193912616593028,0.11683848797250858,0.07461953853706431,0.22606774668630336
indeed,0.0973292704785804,0.16526259186234094,0.06882953934396846,0.12457429646890127,0.15217780964330527,0.12098942462806957,0.07689550098583976,0.19394156658899447
always,0.09431910845338408,0.15792334873606959,0.07203044305517803,0.12584941560206578,0.15167164990486545,0.10655069312313128,0.0690405001359065,0.2226148409893993
bishop,0.05323925593329056,0.16741500962155226,0.05965362411802438,0.10840282232200128,0.16869788325849902,0.10006414368184732,0.05067350865939705,0.2918537524053881
spoke,0.10990150336962158,0.1378952825298082,0.0658372213582167,0.1316744427164334,0.1347848626231208,0.12597200622083982,0.08190772420943496,0.21202695697252463
practice,0.11,0.15714285714285714,0.06285714285714286,0.12571428571428572,0.1285714285714286,0.10142857142857144,0.05428571428571429,0.26
fatal,0.1871345029239766,0.08382066276803118,0.06042884990253412,0.20272904483430798,0.08382066276803118,0.20272904483430798,0.04288499025341131,0.1364522417153996
moral,0.17597944765574824,0.11175337186897882,0.055234425176621714,0.10468850353243418,0.12845215157353887,0.07578676942838794,0.05330764290301863,0.29479768786127175
strength,0.09585652442795299,0.12987012987012986,0.06617192331478046,0.12306740878169448,0.12368583797155223,0.11131725417439702,0.05689548546691403,0.2931354359925788
action,0.09762202753441802,0.14893617021276595,0.061326658322903634,0.10387984981226533,0.13391739674593242,0.11514392991239049,0.07008760951188987,0.2690863579474343
act,0.11729957805907172,0.12742616033755272,0.0852320675105485,0.14092827004219408,0.1130801687763713,0.10970464135021096,0.06244725738396623,0.24388185654008437
thing,0.09635811836115325,0.16502276176024278,0.07852807283763277,0.12139605462822457,0.14264036418816387,0.11342943854324733,0.07359635811836115,0.2090288315629742
done,0.10019723865877712,0.15976331360946747,0.06232741617357004,0.13333333333333336,0.13648915187376728,0.1084812623274162,0.06942800788954637,0.2299802761341223
mind,0.09221400608960417,0.16115702479338842,0.06763810352327099,0.12831665941713788,0.15311004784688995,0.10700304480208786,0.07590256633318834,0.21465854719443236
added,0.08194701170671598,0.16635859519408505,0.07147258163894024,0.11768330252618608,0.14725816389402344,0.11275415896487986,0.08071472581638942,0.22181146025878007
principle,0.1054172767203514,0.15080527086383602,0.0629575402635432,0.12298682284040997,0.14055636896046853,0.12152269399707173,0.07759882869692533,0.21815519765739388
clear,0.10170870626525631,0.14564686737184704,0.0821806346623271,0.12611879576891782,0.14157851912123678,0.12693246541903988,0.08299430431244915,0.19283970707892598
powers,0.10316649642492338,0.14096016343207357,0.07048008171603679,0.1511746680286006,0.14198161389172625,0.1195097037793667,0.06741573033707865,0.20531154239019409
application,0.1111111111111111,0.1111111111111111,0.0823045267489712,0.16872427983539093,0.09876543209876543,0.09876543209876543,0.0617283950617284,0.2674897119341564
enormous,0.11214953271028036,0.1261682242990654,0.09345794392523364,0.16355140186915887,0.12149532710280374,0.13317757009345793,0.06542056074766354,0.18457943925233647
marked,0.11864406779661017,0.12617702448210924,0.07909604519774012,0.12617702448210924,0.1374764595103578,0.1318267419962335,0.07344632768361581,0.2071563088512241
leader,0.08616187989556136,0.13315926892950392,0.04960835509138381,0.14099216710182766,0.13838120104438642,0.0783289817232376,0.0731070496083551,0.3002610966057441
men,0.09583439815997954,0.15550728341426018,0.07308970099667775,0.1307181190902121,0.14911832353692817,0.11052900587784309,0.0723230258113979,0.21288014311270126
interesting,0.058536585365853655,0.18658536585365854,0.0524390243902439,0.0975609756097561,0.1731707317073171,0.0975609756097561,0.07195121951219512,0.2621951219512195
go,0.08625605930995155,0.16096378671228972,0.08568577131451383,0.11206159110350727,0.1512688907898489,0.11776447105788423,0.07456515540347877,0.21143427430852582
pages,0.07929515418502203,0.19162995594713655,0.04625550660792952,0.10352422907488987,0.14757709251101322,0.10352422907488987,0.06607929515418502,0.2621145374449339
's,0.09376968170146795,0.1496293784215881,0.07991376386802965,0.11746039436073835,0.14851509132309482,0.11804176154256094,0.07131437430357056,0.22135555447894967
note,0.07903225806451614,0.1774193548387097,0.07096774193548389,0.10483870967741936,0.13548387096774195,0.1064516129032258,0.0903225806451613,0.23548387096774193
many,0.09888412017167383,0.14901287553648068,0.07433476394849786,0.1290128755364807,0.148068669527897,0.11939914163090129,0.07081545064377684,0.21047210300429187
practical,0.07671957671957672,0.17989417989417988,0.05026455026455027,0.09259259259259259,0.16137566137566137,0.08465608465608465,0.07407407407407407,0.28042328042328046
success,0.07912844036697249,0.22419724770642202,0.051605504587155966,0.10378440366972477,0.22305045871559634,0.09059633027522937,0.05561926605504588,0.17201834862385323
especially,0.09184549356223175,0.1630901287553648,0.06952789699570815,0.1278969957081545,0.15450643776824033,0.09356223175965664,0.07467811158798282,0.22489270386266091
music,0.06345565749235474,0.11773700305810399,0.03669724770642202,0.08180428134556576,0.27217125382263,0.20336391437308873,0.06574923547400613,0.15902140672782877
gaelic,0.12068965517241378,0.22413793103448273,0.051724137931034475,0.08620689655172414,0.1724137931034483,0.08620689655172414,0.06896551724137931,0.18965517241379312
protection,0.1090289608177172,0.15502555366269163,0.06984667802385007,0.14310051107325383,0.12265758091993184,0.11754684838160136,0.04599659284497444,0.23679727427597955
remains,0.04261645193260654,0.1110009910802775,0.15163528245787908,0.18731417244796827,0.10604558969276512,0.08523290386521308,0.040634291377601585,0.2755203171456888
mark,0.12096774193548387,0.1310483870967742,0.09778225806451613,0.13608870967741934,0.14012096774193547,0.12298387096774192,0.07762096774193548,0.17338709677419353
interest,0.08880090497737556,0.16346153846153846,0.06504524886877829,0.12782805429864252,0.1419683257918552,0.1001131221719457,0.07070135746606335,0.2420814479638009
yet,0.10370075606844409,0.14222045364106645,0.0831675288499801,0.13060087544767213,0.15081575805809788,0.12510943095901314,0.07425387982491047,0.19013131715081577
remain,0.09477124183006536,0.16775599128540306,0.04793028322440088,0.12745098039215685,0.1328976034858388,0.11546840958605666,0.04575163398692811,0.2679738562091503
hand,0.10033783783783783,0.15152027027027026,0.0733108108108108,0.13597972972972971,0.13952702702702702,0.1179054054054054,0.07972972972972972,0.20168918918918916
connection,0.10355029585798815,0.18639053254437868,0.04437869822485207,0.1390532544378698,0.12130177514792899,0.1272189349112426,0.05917159763313609,0.21893491124260353
little,0.07899203551377464,0.15519867693780737,0.10214562388475432,0.09078643861252557,0.185750968359664,0.10880445663054358,0.07294250772511643,0.2053792923358141
beginning,0.08064516129032259,0.15725806451612906,0.06182795698924731,0.114247311827957,0.17204301075268819,0.09677419354838711,0.060483870967741944,0.2567204301075269
various,0.08098765432098765,0.14074074074074075,0.07209876543209877,0.11209876543209876,0.1619753086419753,0.09975308641975308,0.07259259259259258,0.2597530864197531
john,0.07211910286156224,0.10015467904098993,0.2600541376643465,0.08932714617169372,0.12915699922660479,0.0850734725444702,0.06109822119102861,0.20301624129930393
dillon,0.09929078014184396,0.17021276595744678,0.07801418439716312,0.10638297872340426,0.11347517730496452,0.1276595744680851,0.05673758865248226,0.2482269503546099
walk,0.08600583090379008,0.15889212827988336,0.09110787172011661,0.11005830903790087,0.1508746355685131,0.11370262390670552,0.08381924198250729,0.20553935860058306
spring,0.09802073515551366,0.14985862393967955,0.0706880301602262,0.13195098963242222,0.16776625824693683,0.11781338360037699,0.08388312912346842,0.18001885014137603
establish,0.08354430379746836,0.12405063291139241,0.04556962025316456,0.13417721518987344,0.11898734177215191,0.11139240506329115,0.04810126582278482,0.3341772151898734
entitled,0.07537688442211056,0.1306532663316583,0.07537688442211056,0.09045226130653267,0.15577889447236182,0.09547738693467336,0.05276381909547739,0.3241206030150754
