,anger,anticipation,disgust,fear,joy,sadness,surprise,trust
project,0.1280235199786182,0.16744621141253507,0.04997995456367767,0.0511826807430175,0.102365361486035,0.07349993318187892,0.01590271281571562,0.411599625818522
gutenberg,0.0990745781164943,0.23189983669025585,0.0462710941752858,0.05770277626565052,0.06859009254218836,0.1126837234621666,0.00925421883505716,0.3745236799129015
lady,0.07535641547861507,0.17270875763747454,0.060285132382892063,0.09775967413441955,0.18085539714867618,0.11120162932790224,0.09613034623217923,0.20570264765784116
's,0.09675686374303728,0.1573783470466819,0.06732264540390759,0.13224192043430316,0.13843413351429298,0.11855684677806994,0.06930189159385867,0.22000735148584835
visit,0.08047292143401982,0.17925247902364605,0.05949656750572082,0.15636918382913806,0.12700228832951946,0.12395118230358504,0.08657513348588862,0.18688024408848206
gold,0.0779883381924198,0.1661807580174927,0.060495626822157436,0.10276967930029154,0.17128279883381922,0.10495626822157433,0.07725947521865888,0.23906705539358597
diggings,0.11984282907662083,0.1787819253438114,0.07072691552062868,0.11787819253438113,0.13555992141453832,0.10412573673870333,0.08840864440078586,0.18467583497053044
australia,0.06521739130434781,0.18478260869565213,0.05797101449275362,0.10869565217391303,0.17391304347826086,0.09057971014492752,0.09420289855072463,0.22463768115942026
use,0.1120280585929441,0.16938312358159688,0.0769548174128327,0.12089952547967817,0.1386424592531463,0.0833505260986177,0.050959356302867756,0.24778213327831652
cost,0.11320754716981132,0.14597815292949354,0.0714995034756703,0.11022840119165839,0.12413108242303872,0.09930486593843098,0.05660377358490566,0.27904667328699106
almost,0.10754583921015515,0.14680300893276915,0.07745651151857076,0.155618241654913,0.1188293370944993,0.13258110014104374,0.07028678890456042,0.1908791725434885
may,0.09724092815638588,0.15642436602916843,0.0698041328356486,0.13056528264132067,0.13849232308461926,0.1040520260130065,0.06272366952707123,0.24069727171277946
copy,0.19407198306280873,0.10585744530698658,0.08256880733944955,0.07692307692307693,0.04022582921665491,0.06774876499647142,0.029640084685956247,0.4029640084685956
give,0.09540968196772677,0.17201942660191133,0.05749647501174996,0.12360958796804011,0.14131286229045903,0.1026163246122513,0.06360645464515118,0.24392918690271034
away,0.10685454278585058,0.16072214883311314,0.06971965360340525,0.1476588874211067,0.12725671510347863,0.1293116101570527,0.07074710113019228,0.18772934096580068
terms,0.11255715793176224,0.1347168483995779,0.04713330988392544,0.10341188884980655,0.13366162504396764,0.06331340133661625,0.050298979950756245,0.35490678860358776
license,0.1209439528023599,0.20845624385447395,0.061946902654867256,0.10422812192723697,0.11996066863323501,0.08849557522123895,0.03048180924287119,0.26548672566371684
first,0.10033139069820592,0.16392412295737632,0.06924922865958176,0.14678322477431152,0.1297565992458005,0.11078733858987547,0.07136327276882642,0.2078048223060222
october,0.10945273631840798,0.1492537313432836,0.059701492537313446,0.15422885572139305,0.11442786069651742,0.09950248756218907,0.059701492537313446,0.2537313432835821
english,0.09066937119675457,0.1509127789046653,0.06288032454361055,0.13914807302231236,0.13711967545638945,0.09939148073022312,0.06430020283975658,0.255578093306288
start,0.04473684210526315,0.41052631578947363,0.023684210526315787,0.09210526315789473,0.0894736842105263,0.08421052631578947,0.06842105263157894,0.1868421052631579
produced,0.10504885993485344,0.15390879478827363,0.06433224755700326,0.14413680781758959,0.12866449511400652,0.09283387622149838,0.05374592833876222,0.25732899022801303
remarks,0.11609498680738786,0.16622691292875988,0.06596306068601583,0.1029023746701847,0.1187335092348285,0.1029023746701847,0.0554089709762533,0.2717678100263852
voyage,0.09084222140492829,0.20963589554983453,0.06767193821257816,0.18977565281353442,0.09157778595071718,0.14196395733725636,0.09525560867966165,0.11327694005148954
melbourne,0.07107843137254902,0.20833333333333331,0.06372549019607843,0.11764705882352941,0.1299019607843137,0.11029411764705882,0.08333333333333333,0.2156862745098039
camping,0.0,0.11764705882352941,0.0,0.11764705882352941,0.17647058823529413,0.23529411764705882,0.08823529411764706,0.2647058823529412
black,0.08304647160068847,0.1316695352839931,0.07960413080895008,0.12478485370051634,0.1144578313253012,0.2534423407917384,0.05249569707401033,0.16049913941480207
forest,0.1126126126126126,0.14594594594594595,0.06306306306306307,0.17747747747747747,0.1108108108108108,0.13333333333333333,0.09549549549549549,0.16126126126126128
eagle,0.09112709832134293,0.13189448441247004,0.055155875299760196,0.17266187050359713,0.10551558752997603,0.10071942446043167,0.07673860911270984,0.26618705035971224
hawk,0.04477611940298508,0.11194029850746269,0.029850746268656723,0.21641791044776124,0.08208955223880597,0.09701492537313434,0.09701492537313434,0.32089552238805974
gully,0.06639004149377593,0.14107883817427386,0.07468879668049792,0.13278008298755187,0.12448132780082985,0.08713692946058091,0.0995850622406639,0.2738589211618257
harriette,0.09523809523809525,0.10714285714285714,0.05952380952380953,0.16666666666666666,0.09523809523809525,0.1904761904761905,0.10714285714285714,0.17857142857142855
creek,0.08614232209737827,0.1647940074906367,0.04868913857677902,0.1797752808988764,0.08614232209737827,0.14232209737827714,0.0898876404494382,0.20224719101123595
return,0.09679203539823009,0.16279498525073743,0.07466814159292035,0.1609513274336283,0.11651917404129791,0.13384955752212388,0.08075221238938052,0.1736725663716814
ballarat,0.06818181818181819,0.09090909090909093,0.02272727272727273,0.09090909090909093,0.18181818181818185,0.15909090909090912,0.04545454545454546,0.34090909090909094
new,0.08973799126637555,0.17762008733624454,0.0638646288209607,0.12740174672489082,0.13351528384279476,0.09858078602620088,0.06506550218340611,0.2442139737991266
south,0.10275229357798166,0.14862385321100918,0.06972477064220184,0.15045871559633028,0.12385321100917433,0.10550458715596332,0.062385321100917435,0.23669724770642203
wales,0.07407407407407408,0.19753086419753088,0.04938271604938272,0.1111111111111111,0.16049382716049382,0.07407407407407408,0.04938271604938272,0.2839506172839506
one,0.10088404697057643,0.15671741751127383,0.06904942626244587,0.13678171183640667,0.13091038978434613,0.11367593874179577,0.07056748671697102,0.22141358217618431
age,0.08069828722002635,0.17061923583662714,0.06422924901185771,0.11791831357048749,0.16073781291172595,0.10770750988142291,0.07147562582345192,0.22661396574440051
sex,0.058919803600654665,0.20458265139116202,0.04746317512274959,0.08019639934533551,0.22585924713584288,0.06710310965630115,0.058919803600654665,0.2569558101472995
venture,0.11033274956217162,0.15936952714535904,0.06654991243432574,0.14886164623467601,0.10683012259194397,0.1033274956217163,0.05954465849387041,0.24518388791593698
public,0.08059560387615221,0.26104939730560156,0.056251477192153156,0.11321200661782085,0.11321200661782085,0.08437721578822974,0.057551406286929806,0.23375088631529192
account,0.10002160293799955,0.12400086411751997,0.07085763663858284,0.1373946856772521,0.10239792611795204,0.10542233743789155,0.050118816158997624,0.30978613091380425
personal,0.078,0.13366666666666666,0.05433333333333333,0.10466666666666666,0.122,0.077,0.051333333333333335,0.379
adventures,0.0905511811023622,0.18503937007874013,0.04330708661417322,0.1496062992125984,0.11417322834645668,0.07874015748031496,0.0748031496062992,0.2637795275590551
land,0.08952722920406943,0.14997007779772592,0.07336923997606225,0.13141831238779175,0.13991621783363256,0.12172351885098744,0.058886894075403956,0.2351885098743268
often,0.10653465346534656,0.14455445544554457,0.08039603960396041,0.1438943894389439,0.13042904290429044,0.1281848184818482,0.0712871287128713,0.19471947194719474
upon,0.10877896055103321,0.1502316844082655,0.07398872886662493,0.14730118973074516,0.12385723231058235,0.11742016280525988,0.07063243581715718,0.2077896055103319
pens,0.1388888888888889,0.19444444444444445,0.08333333333333334,0.1527777777777778,0.11111111111111112,0.06944444444444445,0.01388888888888889,0.23611111111111113
many,0.10197782816830436,0.15400604686318972,0.06846812799193752,0.13762912572436384,0.13271604938271606,0.11986646510456037,0.06853111615016377,0.21680524061476447
wives,0.11384615384615385,0.14,0.10615384615384615,0.14615384615384616,0.11538461538461538,0.15692307692307692,0.055384615384615386,0.16615384615384618
england,0.09956580326396168,0.14642910615361582,0.06767480161700853,0.13085791286120677,0.13340320407246595,0.0998652492888157,0.0536008384488696,0.26860308429405605
whose,0.09443916851324258,0.14688192465970243,0.07133058984910837,0.13400865252717103,0.144349477682811,0.10889522000633112,0.06784847525588267,0.23224649150575077
hearts,0.09550789154188587,0.14852286523674624,0.06677458518818291,0.13961958721165518,0.1558073654390935,0.12302711452853093,0.07324969647915823,0.19749089437474707
ever,0.09571101167739825,0.1534431954600022,0.06831823638546328,0.13521772345301758,0.1466768525592055,0.11808359707519371,0.0660264105642257,0.21652297282549385
information,0.05761940864291129,0.18726307808946172,0.03639120545868082,0.09704321455648218,0.12433661865049278,0.07657316148597422,0.03184230477634572,0.3889310083396512
respecting,0.05943536404160476,0.1797919762258544,0.05052005943536404,0.10846953937592868,0.13521545319465084,0.07726597325408618,0.054977711738484404,0.3343239227340267
relatives,0.09367088607594937,0.18481012658227847,0.06582278481012657,0.13924050632911392,0.1240506329113924,0.13670886075949368,0.06835443037974684,0.18734177215189873
antipodes,0.05714285714285714,0.2857142857142857,0.05714285714285714,0.02857142857142857,0.14285714285714285,0.05714285714285714,0.05714285714285714,0.3142857142857143
exposed,0.1411917098445596,0.13795336787564766,0.07901554404145078,0.17875647668393782,0.09909326424870467,0.13147668393782383,0.06476683937823834,0.1677461139896373
hope,0.05968517708788806,0.19108001749016176,0.04153913423699169,0.0914954088325317,0.18310013117621335,0.0804547442063839,0.12844337560122432,0.22420201136860515
undertaking,0.06666666666666667,0.2717948717948718,0.03076923076923077,0.10256410256410257,0.1076923076923077,0.08717948717948718,0.03076923076923077,0.30256410256410254
consideration,0.08936170212765956,0.15914893617021278,0.06382978723404255,0.12851063829787232,0.12085106382978723,0.1097872340425532,0.05446808510638298,0.27404255319148935
pleasure,0.08781431334622822,0.16441005802707928,0.06344294003868471,0.12456479690522243,0.15705996131528044,0.10638297872340424,0.0851063829787234,0.21121856866537717
description,0.11277173913043478,0.13451086956521738,0.08559782608695651,0.1358695652173913,0.12635869565217392,0.10869565217391304,0.06793478260869565,0.22826086956521738
australian,0.05405405405405406,0.29729729729729726,0.05405405405405406,0.02702702702702703,0.08108108108108109,0.08108108108108109,0.10810810810810811,0.29729729729729726
fields,0.09764918625678119,0.1518987341772152,0.0705244122965642,0.12296564195298372,0.15732368896925858,0.12115732368896927,0.05424954792043399,0.22423146473779385
perhaps,0.10401974612129761,0.152327221438646,0.07210860366713681,0.143688293370945,0.1288787023977433,0.1227080394922426,0.06805359661495064,0.20821579689703806
afford,0.07482993197278912,0.17551020408163265,0.061224489795918366,0.10340136054421768,0.15918367346938775,0.108843537414966,0.05850340136054421,0.2585034013605442
although,0.10751067570962067,0.14318010550113033,0.07334840492338607,0.15247425270032652,0.12283345892991708,0.11152976639035417,0.06405425772418989,0.22506907812107504
time,0.0845792549567961,0.2916711483991251,0.05675665985443333,0.116991144096662,0.1111469649707791,0.09673371338424581,0.06371230863002401,0.17840880570793446
residence,0.0781954887218045,0.18345864661654135,0.06766917293233082,0.13533834586466165,0.12030075187969924,0.10375939849624058,0.05263157894736842,0.25864661654135335
colonies,0.09057005860415557,0.15876398508257858,0.08044752264251465,0.13638785295684602,0.11720831113478956,0.11401172083111347,0.07565263718700053,0.22695791156100156
short,0.10041493775933609,0.18893499308437067,0.06666666666666667,0.15020746887966804,0.122268326417704,0.11894882434301522,0.07192254495159059,0.18063623789764868
advantage,0.1144278606965174,0.15111940298507465,0.07773631840796019,0.13992537313432835,0.11629353233830846,0.12251243781094527,0.05534825870646766,0.22263681592039802
whilst,0.10676995621421353,0.15493432132030988,0.08016167059616032,0.128999663186258,0.1340518693162681,0.11923206466823846,0.07241495453014483,0.20343550016840686
bush,0.08530805687203792,0.2037914691943128,0.06635071090047394,0.13744075829383887,0.12322274881516589,0.08056872037914692,0.1042654028436019,0.1990521327014218
constant,0.07873376623376623,0.15178571428571427,0.05844155844155844,0.12987012987012986,0.11201298701298701,0.08603896103896103,0.047889610389610385,0.3352272727272727
intercourse,0.0820754716981132,0.17169811320754716,0.05566037735849056,0.10754716981132076,0.14433962264150943,0.08396226415094338,0.07169811320754715,0.2830188679245283
experienced,0.08227848101265824,0.1360759493670886,0.06540084388185655,0.13713080168776373,0.12130801687763715,0.10864978902953587,0.06223628691983123,0.2869198312236287
diggers,0.0909090909090909,0.18506493506493507,0.06168831168831168,0.12012987012987013,0.1461038961038961,0.11363636363636365,0.08441558441558442,0.19805194805194806
old,0.08625063419583967,0.17229832572298326,0.06321664129883307,0.12105530187721969,0.1465246067985794,0.1128361237950279,0.07549467275494673,0.22232369355657028
colonists,0.05555555555555555,0.2222222222222222,0.043209876543209874,0.08024691358024691,0.15432098765432098,0.07407407407407408,0.08024691358024691,0.29012345679012347
thus,0.10304560517595077,0.15030771658513492,0.07219504497396245,0.13705223291778443,0.128530850560202,0.11582767871232444,0.06146441533848824,0.23157645573615276
every,0.09870862401662461,0.15115531146405423,0.06872495175894315,0.13670773341249814,0.13868685369353323,0.10702092919697195,0.0684280837167879,0.23056751274058682
facility,0.09693877551020408,0.15051020408163265,0.07142857142857142,0.13010204081632654,0.11989795918367348,0.08418367346938775,0.07653061224489795,0.2704081632653061
victoria,0.06976744186046513,0.21511627906976746,0.05232558139534884,0.0872093023255814,0.16860465116279072,0.0930232558139535,0.09883720930232559,0.21511627906976746
excitement,0.10303687635574836,0.18763557483731017,0.0623644251626898,0.13394793926247286,0.16811279826464207,0.0932754880694143,0.14262472885032534,0.10900216919739694
occasioned,0.12090680100755669,0.13350125944584382,0.06045340050377834,0.1889168765743073,0.1057934508816121,0.12090680100755669,0.08816120906801009,0.18136020151133503
accounts,0.08116883116883117,0.14935064935064934,0.04545454545454545,0.1266233766233766,0.10064935064935064,0.09415584415584416,0.05194805194805195,0.35064935064935066
brother,0.08135520069054812,0.13336210617177385,0.056970220112214066,0.11156668105308588,0.12019853258523953,0.10552438498057833,0.06452309020284851,0.32649978420371173
aside,0.1008814887365328,0.17238001958863858,0.06072477962781586,0.14691478942213515,0.14985308521057786,0.0979431929480901,0.07639569049951027,0.1949069539666993
various,0.09027522935779815,0.1644036697247706,0.058715596330275226,0.13394495412844035,0.13357798165137613,0.10532110091743117,0.06385321100917431,0.24990825688073393
daily,0.09248554913294797,0.24014713610089333,0.07409353652128219,0.11245401996847082,0.11665790856542302,0.10667367314766159,0.05832895428271151,0.19915922228060956
must,0.10643875266233413,0.14537709573480423,0.0716509202118945,0.14870842662880238,0.11965485227458907,0.12631751406258535,0.06356834689530882,0.21828409152968162
three,0.09697690217391304,0.17238451086956524,0.06402853260869565,0.1423233695652174,0.12839673913043478,0.11175271739130435,0.06861413043478261,0.21552309782608697
weeks,0.10479041916167664,0.18263473053892215,0.07085828343313373,0.15269461077844312,0.12874251497005987,0.1217564870259481,0.08083832335329341,0.15768463073852293
rapid,0.0947940947940948,0.13986013986013987,0.05827505827505827,0.13286713286713286,0.10644910644910645,0.10178710178710178,0.19658119658119658,0.1693861693861694
found,0.07691700229013661,0.11300639658848614,0.049040511727078885,0.10163468372423597,0.22632867408986812,0.08734107241569929,0.05014609492221433,0.29558556424228066
auriferous,0.05714285714285714,0.11428571428571428,0.14285714285714285,0.11428571428571428,0.14285714285714285,0.08571428571428572,0.05714285714285714,0.2857142857142857
following,0.08880994671403197,0.1735600101497082,0.05734585130677493,0.1268713524486171,0.12128901294087795,0.1075869068764273,0.06115199188023345,0.2633849276833291
lack,0.08771929824561403,0.19883040935672516,0.06432748538011696,0.11695906432748539,0.17543859649122806,0.04093567251461988,0.058479532163742694,0.2573099415204678
principal,0.08419838523644753,0.13264129181084203,0.061130334486735875,0.11880046136101502,0.09227220299884661,0.08189158016147638,0.04959630911188005,0.3794694348327567
even,0.10992964932065946,0.13909027442135222,0.07835239783040653,0.15090489232586865,0.12587938349175662,0.12797379302937545,0.06234896085065249,0.20552064872992853
would,0.10268841911764706,0.15402113970588235,0.06649816176470588,0.1474954044117647,0.12768841911764706,0.1202435661764706,0.06459099264705882,0.21677389705882355
turn,0.09975062344139651,0.1571072319201995,0.07281795511221945,0.14912718204488778,0.11920199501246882,0.12917705735660848,0.06733167082294265,0.20548628428927682
truth,0.08771929824561404,0.1269130272489735,0.051511758118701005,0.1177678238148563,0.12000746547219111,0.08977230309817097,0.052631578947368425,0.3536767450541247
safely,0.07758620689655173,0.15517241379310345,0.07543103448275862,0.1163793103448276,0.15517241379310345,0.10344827586206896,0.0711206896551724,0.2456896551724138
say,0.09272183449651047,0.1581920903954802,0.06801816771906503,0.13382075994239503,0.14600642516893764,0.10058712750636978,0.06923673424171929,0.23141686052952254
true,0.07097725358045492,0.11773378264532434,0.049705139005897216,0.10667649536647009,0.22598989048020218,0.07129317607413649,0.04580876158382477,0.31181550126369
everything,0.09090909090909091,0.16608391608391607,0.05856643356643357,0.13199300699300698,0.14335664335664336,0.11188811188811189,0.06993006993006994,0.22727272727272727
ready,0.09066507605129735,0.2788547569340889,0.054279749478079335,0.13390993140471222,0.11184014315538325,0.09066507605129735,0.06501640322099612,0.17476886370414557
taken,0.11228204636903623,0.14389729833301398,0.07683464265184901,0.15845947499520982,0.11726384364820848,0.12013795746311555,0.060164782525388004,0.21095995401417897
much,0.09762110193516578,0.15438185628004436,0.06951805743867867,0.13472205102921236,0.14168618266978922,0.1182053494391717,0.07155183039566128,0.2123135708122766
excited,0.09130434782608696,0.17228260869565215,0.06358695652173912,0.10489130434782608,0.15706521739130433,0.0934782608695652,0.1331521739130435,0.1842391304347826
full,0.11294510385756677,0.17080860534124628,0.06324183976261127,0.11832344213649852,0.13612759643916914,0.10830860534124628,0.07028931750741839,0.2199554896142433
future,0.0784452296819788,0.17220259128386337,0.05064782096584217,0.12697290930506477,0.15500588928150766,0.0928150765606596,0.07255594817432273,0.2513545347467609
experience,0.09625360230547551,0.16023054755043228,0.06916426512968299,0.12334293948126801,0.12046109510086456,0.12680115273775217,0.0697406340057637,0.2340057636887608
heart,0.09375355558083968,0.15166685629764476,0.06599158038457162,0.13562407554898168,0.16213448628968027,0.12754579588121515,0.07475253157355785,0.18853111844350892
feelings,0.11910669975186104,0.14356611130804678,0.07798652959943282,0.1456930166607586,0.12655086848635236,0.12158808933002481,0.07054236086494152,0.19496632399858205
usually,0.09723320158102768,0.16442687747035573,0.06956521739130435,0.13280632411067195,0.14071146245059288,0.11699604743083004,0.07351778656126483,0.20474308300395258
however,0.11184583412053657,0.15133194785565843,0.07094275458152277,0.14528622709238617,0.11911959191384848,0.12100887965237106,0.06669185716984696,0.21377290761382958
loved,0.07287157287157288,0.16305916305916304,0.06421356421356421,0.11183261183261184,0.19696969696969696,0.12626262626262627,0.07359307359307359,0.1911976911976912
native,0.08835164835164835,0.15384615384615385,0.06417582417582417,0.1287912087912088,0.1476923076923077,0.11736263736263737,0.07384615384615385,0.22593406593406595
month,0.09244992295839753,0.16949152542372883,0.07241910631741141,0.14021571648690292,0.13867488443759632,0.12172573189522343,0.06317411402157165,0.20184899845916796
sun,0.0571103526734926,0.2075085324232082,0.04618885096700796,0.0800910125142207,0.191353811149033,0.06621160409556313,0.14812286689419796,0.20341296928327646
shone,0.07339449541284404,0.16513761467889906,0.06422018348623852,0.11009174311926606,0.19724770642201833,0.08715596330275228,0.12844036697247704,0.17431192660550457
bark,0.22549019607843135,0.14705882352941174,0.07352941176470587,0.061274509803921566,0.13480392156862744,0.07352941176470587,0.08333333333333333,0.20098039215686272
lay,0.10130111524163568,0.15272614622056999,0.0765179677819083,0.15086741016109045,0.1090458488228005,0.1449814126394052,0.07496902106567534,0.1895910780669145
sight,0.10613397901533494,0.15738498789346247,0.06981436642453592,0.1569814366424536,0.11945117029862794,0.13034705407586764,0.07344632768361582,0.1864406779661017
quarters,0.09968354430379747,0.1708860759493671,0.04746835443037974,0.17246835443037975,0.10443037974683544,0.11708860759493672,0.06329113924050633,0.22468354430379747
sea,0.11398305084745763,0.17288135593220338,0.0711864406779661,0.15889830508474576,0.11228813559322033,0.1233050847457627,0.06313559322033899,0.18432203389830507
rough,0.11471861471861473,0.15584415584415587,0.06277056277056278,0.15151515151515155,0.1277056277056277,0.11904761904761907,0.07142857142857144,0.196969696969697
anxious,0.06545879602571596,0.25949736995908823,0.0385739333722969,0.22793687901811807,0.09760374050263004,0.09468147282291058,0.05669199298655757,0.15955581531268265
get,0.10700969425801642,0.17859806114839674,0.06487695749440717,0.12975391498881433,0.13049962714392246,0.1133482475764355,0.07867263236390754,0.19724086502609994
board,0.06790945406125165,0.38082556591211714,0.04394141145139813,0.09520639147802928,0.08921438082556592,0.08122503328894806,0.06391478029294274,0.177762982689747
without,0.1151560606934749,0.14394507586684363,0.07286678589972885,0.15306063578145734,0.11936768014769517,0.12317544568164773,0.0643281601569261,0.2081001557722264
farther,0.118895966029724,0.1358811040339703,0.08067940552016986,0.1634819532908705,0.118895966029724,0.14225053078556266,0.059447983014862,0.1804670912951168
delay,0.16966580976863754,0.11053984575835477,0.14395886889460155,0.20051413881748073,0.05912596401028278,0.17994858611825196,0.042416452442159386,0.09383033419023136
lives,0.11797752808988764,0.14255617977528087,0.07303370786516854,0.1720505617977528,0.10533707865168539,0.1348314606741573,0.05056179775280898,0.2036516853932584
boat,0.09463931171409663,0.20185307743216413,0.0641958967571145,0.16015883520847124,0.10258107213765719,0.12905360688285905,0.08537392455327598,0.16214427531436137
dismal,0.07954545454545453,0.12499999999999999,0.13636363636363635,0.19318181818181815,0.06818181818181818,0.22727272727272727,0.056818181818181816,0.11363636363636363
pleasant,0.04296875,0.20442708333333334,0.031684027777777776,0.055989583333333336,0.2209201388888889,0.062065972222222224,0.16102430555555558,0.2209201388888889
moment,0.12066731454486557,0.14188532555879496,0.07418205377389052,0.16634272756721738,0.11289277615808228,0.13896987366375121,0.08163265306122448,0.16342727567217363
salt-water,0.08000000000000002,0.14,0.14,0.14,0.06000000000000001,0.18000000000000002,0.14,0.12000000000000002
next,0.08758548132561811,0.16754339821146766,0.06443976854287217,0.13782219884271435,0.13256180957390845,0.1159915833771699,0.08285113098369279,0.21120462914255655
top,0.05097312326227989,0.29657089898053757,0.03151065801668211,0.07599629286376273,0.08804448563484708,0.08155699721964782,0.05931417979610751,0.3160333642261353
ten,0.11234515164459632,0.15335326783425887,0.06834686031610424,0.1469457496796241,0.12516018795386588,0.12430585219991457,0.07133703545493379,0.1982058949167023
times,0.09952885747938753,0.14644680015704753,0.07086768747546134,0.1391833529642717,0.13761287789556342,0.10757754220651748,0.07243816254416961,0.22634471927758149
size,0.08141321044546851,0.16436251920122888,0.0783410138248848,0.1044546850998464,0.15975422427035332,0.09216589861751152,0.08448540706605223,0.23502304147465441
came,0.10348441184176053,0.16675399528425464,0.0658894419701336,0.14055541000785957,0.12837306785433586,0.12156143568247314,0.07938171338747707,0.1940005239717055
sudden,0.11975190839694656,0.11116412213740458,0.06631679389312976,0.17938931297709923,0.08540076335877864,0.13406488549618323,0.19370229007633588,0.11020992366412215
smaller,0.11614173228346455,0.1358267716535433,0.08464566929133857,0.11220472440944881,0.1496062992125984,0.12401574803149604,0.05905511811023621,0.218503937007874
immediately,0.09799482535575679,0.28040103492884866,0.0611254851228978,0.13939197930142302,0.08796895213454076,0.10284605433376455,0.056921086675291076,0.17335058214747737
filled,0.11805187930121759,0.14240338803599792,0.0868184224457385,0.1551085230280572,0.13287453679195343,0.10481736368448916,0.06670195870831128,0.19322392800423507
sank,0.12851405622489961,0.13654618473895583,0.060240963855421686,0.16867469879518074,0.11244979919678715,0.17269076305220882,0.10040160642570281,0.12048192771084337
go,0.08902170493865996,0.1720666876376219,0.06307014784523435,0.13620635419943378,0.13620635419943378,0.11780434098773199,0.07124882038376848,0.21437558980811575
still,0.1040863531225906,0.1499614494988435,0.07424826522744797,0.15366229760986896,0.130763299922899,0.13099460292983808,0.06869699306090979,0.18758673862760217
face,0.10655362053162235,0.13084326306141153,0.08593033913840513,0.14161319890009164,0.13496791934005498,0.1466544454628781,0.08226397800183317,0.171173235563703
us,0.09525939177101968,0.15576284180935346,0.058842320470227444,0.14809608995655507,0.13467927421415793,0.11046511627906977,0.07513416815742398,0.2217607973421927
though,0.09835064141722664,0.15203115455100796,0.06849419670128283,0.145693341478314,0.13714111178985952,0.1153787416004887,0.07330482590103848,0.20960598656078194
delightful,0.0390625,0.240625,0.029687499999999995,0.0703125,0.25,0.04687499999999999,0.065625,0.25781249999999994
trip,0.06034482758620689,0.1896551724137931,0.05172413793103448,0.09482758620689655,0.1293103448275862,0.07758620689655173,0.24137931034482757,0.15517241379310345
number,0.09415190487745694,0.16937636495996117,0.06017956806600339,0.14025721912157244,0.12472700800776511,0.11453530696432904,0.06381946129580199,0.23295316670710992
given,0.09239558707643815,0.16154452324665092,0.06304176516942475,0.13061465721040189,0.14144996059889678,0.10106382978723404,0.07466509062253743,0.23522458628841605
evening,0.08653846153846154,0.18076923076923077,0.052403846153846155,0.11682692307692308,0.16009615384615386,0.1264423076923077,0.08317307692307693,0.19375
second,0.11233007393274505,0.16122108275697591,0.0741712377772478,0.16193656093489148,0.11113761030288576,0.1233007393274505,0.06582399236823276,0.19007870259957071
successful,0.09156626506024097,0.19598393574297188,0.05542168674698795,0.14056224899598393,0.1614457831325301,0.09317269076305221,0.054618473895582324,0.2072289156626506
reached,0.11392898946547014,0.16465079984393288,0.07647288333983612,0.15918845103394458,0.11080764728833398,0.13265704252828717,0.07062036675770582,0.17167381974248927
night,0.10245680345572356,0.15888228941684665,0.06978941684665227,0.17211123110151189,0.11528077753779699,0.15010799136069114,0.08112850971922247,0.15024298056155508
ship,0.09202453987730061,0.3816827344434706,0.051709027169149865,0.11437335670464505,0.07449605609114811,0.09114811568799298,0.05915863277826468,0.13540753724802804
something,0.09869521579123453,0.15757778521244564,0.0625627300100368,0.12378721980595515,0.15155570424891268,0.11609233857477418,0.0823017731682837,0.20742723318835732
strange,0.10094637223974762,0.15277151870211805,0.07661108607480846,0.15457413249211355,0.1270842721946823,0.12122577737719693,0.0811176205497972,0.18566922036953581
morning,0.08762109795479009,0.17696447793326156,0.0620021528525296,0.13821313240043057,0.13885898815931108,0.1302475780409042,0.09623250807319698,0.1698600645855759
find,0.09371799248890407,0.16131785592352338,0.06043018094912939,0.13349265961078866,0.13485831341754864,0.12051894844656878,0.07118470467736429,0.22447934448617277
space,0.10810810810810811,0.19164619164619165,0.06388206388206388,0.15356265356265356,0.10073710073710074,0.11670761670761672,0.085995085995086,0.17936117936117935
six,0.09979101358411703,0.15778474399164055,0.06844305120167189,0.14420062695924765,0.13009404388714735,0.11285266457680251,0.06739811912225706,0.219435736677116
feet,0.10239885427855352,0.15467239527389906,0.0816326530612245,0.15574650912996776,0.11421410669530971,0.13390619405657,0.0744718940207662,0.18295739348370926
eight,0.09389671361502348,0.15845070422535212,0.06455399061032864,0.13497652582159628,0.13380281690140847,0.11502347417840376,0.07863849765258217,0.22065727699530518
lying,0.2007481296758105,0.1084788029925187,0.19014962593516208,0.10785536159600997,0.08915211970074813,0.10162094763092269,0.06109725685785536,0.14089775561097256
scarce,0.09069767441860464,0.09999999999999998,0.04883720930232558,0.22325581395348837,0.10465116279069767,0.21860465116279068,0.07209302325581395,0.14186046511627906
wide,0.0929451287793953,0.18924972004479282,0.06942889137737962,0.12430011198208286,0.13325867861142215,0.1007838745800672,0.05711086226203807,0.23292273236282193
enough,0.10351758793969848,0.1680904522613065,0.07286432160804018,0.13115577889447236,0.13190954773869346,0.10628140703517587,0.07989949748743717,0.20628140703517586
round,0.1026974325641859,0.1550211244718882,0.06889827754306142,0.14982125446863828,0.13714657133571662,0.1270718232044199,0.09034774130646733,0.16899577510562236
manner,0.10957095709570956,0.15489548954895488,0.06820682068206821,0.13883388338833882,0.12937293729372937,0.10627062706270626,0.07348734873487349,0.21936193619361935
life,0.10215242235153894,0.15473603028815816,0.07333660520227162,0.14239641029236486,0.13559559699922877,0.12599032461613965,0.07396760849751105,0.1918250017527869
sound,0.12233211868818324,0.14575741801145237,0.07756376887038001,0.1743883394065591,0.11452368558042686,0.13118167621030713,0.09318063508589276,0.14107235814679855
sailors,0.10242587601078165,0.22371967654986524,0.05660377358490566,0.1509433962264151,0.12668463611859837,0.09433962264150944,0.0646900269541779,0.18059299191374664
till,0.11372798642053894,0.16168045830681094,0.07617228941226395,0.15425419053681305,0.1158497772119669,0.13452153617653298,0.0734139613834076,0.1703798005516656
eyes,0.10275055327220993,0.14084729687006006,0.08267467594056277,0.14163768574138477,0.1315207081884287,0.14622194119506798,0.08014543155232375,0.1742017072399621
rest,0.09846236849204207,0.16158618829241975,0.06905853790126787,0.1405449150256272,0.13164283787429187,0.12570811977340166,0.06663069867817642,0.2063663339627731
waters,0.09267734553775744,0.16819221967963388,0.06521739130434784,0.13958810068649888,0.15102974828375287,0.11556064073226545,0.08924485125858124,0.17848970251716248
cry,0.10121457489878542,0.1082995951417004,0.06882591093117409,0.145748987854251,0.10526315789473684,0.2601214574898785,0.06983805668016194,0.14068825910931174
sheep,0.10052910052910052,0.164021164021164,0.09523809523809523,0.14814814814814814,0.1164021164021164,0.15343915343915346,0.0582010582010582,0.164021164021164
sent,0.09735245449531164,0.16050744622173194,0.06012134583563156,0.15388858246001103,0.11445118587975732,0.1003861003861004,0.06563706563706563,0.24765581908439055
last,0.1056659812657071,0.1620973269362577,0.07139593328763993,0.1511309115832762,0.12028786840301575,0.12599954306602693,0.07413753712588529,0.18928489833219098
farewell,0.068359375,0.1640625,0.0234375,0.107421875,0.17578125,0.146484375,0.06445312499999999,0.25
also,0.09549568292936648,0.153334026838656,0.06397586601477166,0.1386663892645376,0.13721002808696559,0.10142515343805264,0.0616872984500156,0.24820555497763447
took,0.1110651499482937,0.15780765253360912,0.06473629782833507,0.14912099276111687,0.13195449844881077,0.10941054808686661,0.0703205791106515,0.20558428128231646
departure,0.0830945558739255,0.1346704871060172,0.07163323782234957,0.12750716332378223,0.0830945558739255,0.2507163323782235,0.0673352435530086,0.18194842406876793
became,0.1167916382640309,0.14224039990911155,0.08225403317427857,0.14973869575096568,0.11497386957509656,0.12269938650306748,0.061122472165416955,0.21017950465803228
speak,0.0924721189591078,0.16868029739776952,0.05947955390334572,0.1129182156133829,0.15520446096654275,0.09061338289962825,0.07109665427509294,0.2495353159851301
shall,0.08540388290916406,0.16034604164570967,0.05975253998591691,0.12413238104818428,0.14817422794487475,0.10129765617141133,0.06769942661704054,0.2531938436776984
subject,0.10317460317460317,0.1603641456582633,0.06372549019607843,0.13935574229691874,0.12511671335200747,0.11858076563958918,0.06092436974789916,0.22875816993464052
friday,0.10743801652892561,0.1322314049586777,0.08264462809917356,0.10743801652892561,0.14876033057851237,0.10743801652892561,0.10743801652892561,0.20661157024793386
point,0.11590451538682772,0.14897900488927238,0.0635605406960023,0.15875754961173424,0.11532930687374174,0.10698878343399483,0.0635605406960023,0.2269197584124245
faded,0.06382978723404255,0.14893617021276595,0.07801418439716312,0.09929078014184396,0.21276595744680848,0.19148936170212766,0.07801418439716312,0.1276595744680851
distance,0.10159744408945685,0.15431309904153354,0.07156549520766772,0.15910543130990415,0.11182108626198083,0.12939297124600638,0.07955271565495207,0.19265175718849842
intense,0.15149359886201988,0.07965860597439543,0.1209103840682788,0.16358463726884778,0.1344238975817923,0.08961593172119486,0.11522048364153627,0.14509246088193456
feeling,0.11515069604000538,0.13758616029193133,0.09812136775239896,0.12961210974456008,0.13623462630085145,0.12285443978916069,0.10028382213812677,0.16015677794296526
misery,0.15257270693512304,0.08948545861297538,0.14272930648769575,0.19463087248322145,0.07516778523489932,0.18926174496644296,0.04205816554809843,0.11409395973154363
perchance,0.14457831325301204,0.07228915662650602,0.10843373493975902,0.1686746987951807,0.12048192771084337,0.15662650602409636,0.12048192771084337,0.10843373493975902
left,0.10003180661577608,0.15569338422391857,0.06743002544529261,0.15839694656488548,0.1181615776081425,0.1315203562340967,0.06679389312977099,0.20197201017811706
dear,0.06782055810667609,0.17414341222182972,0.04839279406570116,0.10914871070293183,0.18050158954433063,0.11833274461321087,0.07594489579653833,0.22571529494878134
forget,0.09217577706323686,0.1532690246516613,0.07181136120042872,0.12540192926045016,0.16291532690246516,0.11897106109324758,0.067524115755627,0.20793140407288316
readers,0.07934336525307799,0.1491108071135431,0.06566347469220248,0.09849521203830369,0.16415868673050615,0.07934336525307799,0.07113543091655267,0.29274965800273595
besides,0.09926289926289926,0.1597051597051597,0.06437346437346436,0.13710073710073709,0.142014742014742,0.1022113022113022,0.07125307125307125,0.22407862407862408
could,0.10877891833920636,0.15037536387314232,0.06940401409529647,0.14788570553087177,0.1272406925080435,0.12057606863796537,0.06859966293856289,0.20713957407691128
exception,0.09456264775413711,0.14657210401891252,0.06382978723404256,0.14657210401891252,0.1182033096926714,0.12293144208037825,0.0591016548463357,0.2482269503546099
degrees,0.08741258741258741,0.15734265734265734,0.06993006993006994,0.14335664335664336,0.12587412587412586,0.13286713286713286,0.06993006993006994,0.2132867132867133
minutes,0.12263300270513974,0.1821460775473399,0.07033363390441838,0.16501352569882774,0.10099188458070332,0.12984670874661855,0.07303877366997294,0.15599639314697925
long,0.08850174216027876,0.2902826171118854,0.05783972125435541,0.12744870305845918,0.10553619821912505,0.11025938830816881,0.05629113433991483,0.16384049554781266
bay,0.1040339702760085,0.148619957537155,0.08067940552016986,0.19108280254777074,0.10828025477707007,0.1337579617834395,0.08704883227176222,0.14649681528662423
light,0.09263512478946563,0.15280967692543257,0.06124636349716736,0.1422446792221712,0.15097228602051752,0.11636809064461798,0.07594549073648753,0.20777828816414026
water,0.09880176581879337,0.15724195921799455,0.08051292831616565,0.15324784528063906,0.11982341812066429,0.13958377128442298,0.08429682573050243,0.16649148623081775
beautiful,0.0654639175257732,0.14407216494845362,0.05670103092783505,0.08402061855670104,0.31314432989690727,0.08762886597938144,0.07061855670103093,0.17835051546391753
describe,0.06690140845070422,0.20422535211267606,0.06338028169014084,0.10915492957746478,0.15845070422535212,0.13380281690140844,0.06690140845070422,0.19718309859154928
beneath,0.09047160731472569,0.15399422521655437,0.06256015399422521,0.12512030798845042,0.1616939364773821,0.13185755534167468,0.07507218479307025,0.1992300288739172
ones,0.0884303610906411,0.14885777450257923,0.07000736919675755,0.11938098747236552,0.13264554163596168,0.1414885777450258,0.07442888725128961,0.22476050110537948
around,0.10711864406779661,0.14305084745762714,0.07231638418079098,0.14689265536723164,0.1398870056497175,0.12768361581920903,0.08045197740112994,0.1825988700564972
leave,0.06802259887005649,0.11615819209039548,0.04949152542372881,0.10802259887005648,0.09197740112994349,0.22937853107344633,0.18372881355932202,0.15322033898305082
sunday,0.09539473684210525,0.19736842105263155,0.05592105263157894,0.09210526315789472,0.18092105263157893,0.08881578947368421,0.05921052631578946,0.23026315789473684
great,0.09818196775255018,0.15667160250082263,0.06363112866074366,0.13886146758802237,0.13750411319512995,0.1049276077657124,0.07074695623560383,0.22947515630141493
early,0.0843549328663164,0.1739638061879743,0.062171628721541146,0.12113251605370694,0.16199649737302976,0.10391126678342089,0.08231173380035027,0.21015761821366025
sail,0.09090909090909091,0.23095823095823095,0.06388206388206388,0.14987714987714987,0.09828009828009827,0.11793611793611794,0.07862407862407862,0.16953316953316952
captain,0.11504424778761062,0.1911504424778761,0.052507374631268436,0.168141592920354,0.08023598820058997,0.10678466076696165,0.06017699115044248,0.22595870206489674
promised,0.0862559241706161,0.17725118483412322,0.061611374407582936,0.13838862559241705,0.13175355450236964,0.10616113744075828,0.06919431279620852,0.22938388625592418
letters,0.08368915456874466,0.18616567036720752,0.06063193851409052,0.12040990606319385,0.1409052092228864,0.0964987190435525,0.07173356105892399,0.23996584116140052
scene,0.12054263565891474,0.14767441860465116,0.0748062015503876,0.1569767441860465,0.12558139534883722,0.13372093023255816,0.08449612403100776,0.1562015503875969
commenced,0.10721062618595824,0.1859582542694497,0.0730550284629981,0.15939278937381404,0.10815939278937382,0.10626185958254268,0.07020872865275142,0.18975332068311196
nothing,0.09659899133583344,0.1509116772274667,0.07474460106039053,0.13151428940902626,0.13668692616061037,0.10991853097116255,0.0774602353549722,0.22216474848053797
met,0.11260253542132735,0.15100671140939595,0.06562266964951528,0.1379567486950037,0.13907531692766592,0.10365398956002982,0.07718120805369127,0.2129008202833706
