,anger,anticipation,disgust,fear,joy,sadness,surprise,trust
gutenberg,0.07557154953429296,0.2233276883996613,0.03746824724809483,0.06879762912785775,0.09081287044877222,0.10795935647756137,0.03386960203217612,0.36219305673158336
's,0.08779179888323124,0.1687821316999975,0.07150763781270754,0.1111111111111111,0.14740609549110764,0.1013824318008511,0.07682089882665485,0.23519789437433888
miss,0.07229761347683669,0.17267197005147406,0.0542817033224146,0.09475900795507722,0.17828731867103417,0.09920449227889566,0.08656995788488536,0.24192793635938234
heck,0.05882352941176471,0.1323529411764706,0.04411764705882353,0.08823529411764706,0.3088235294117647,0.029411764705882356,0.029411764705882356,0.3088235294117647
thanksgiving,0.04950495049504951,0.18316831683168316,0.04455445544554455,0.06930693069306931,0.3118811881188119,0.07425742574257425,0.06435643564356436,0.20297029702970296
party,0.08597491448118585,0.1949828962371722,0.04492588369441277,0.1080957810718358,0.14800456100342074,0.10695553021664767,0.07480045610034207,0.23625997719498287
ebook,0.05588020452885317,0.19138056975894813,0.03214024835646457,0.09057706355003652,0.1183345507669832,0.0829072315558802,0.056610664718772824,0.3721694667640613
use,0.1188118811881188,0.17377506981467378,0.07793856308707793,0.10522975374460522,0.14305661335364306,0.07755775577557757,0.05318608783955319,0.25044427519675044
may,0.10257224515719275,0.17122896157510323,0.07049857097491267,0.1087329310892347,0.13388377262623055,0.10181009844395048,0.0677675452524611,0.2435058748809146
copy,0.14992350841407445,0.1152473227944926,0.06731259561448241,0.07496175420703723,0.07190209077001529,0.06833248342682306,0.040285568587455384,0.4120346761856196
away,0.09991386735572781,0.17169107091587713,0.06507799789453536,0.13905636903052923,0.12661498708010335,0.1224997607426548,0.08527131782945736,0.18987462915111492
terms,0.11623967817065424,0.13127249629472793,0.04763921236502223,0.08448020326063942,0.1232267626508575,0.0658479779800974,0.056320135507092944,0.3749735337709083
project,0.11797974483756413,0.1709851374457451,0.04642904116796001,0.053728791266605284,0.10679994738918847,0.07681178482178087,0.023082993555175586,0.40418255951598053
license,0.09685534591194968,0.2071278825995807,0.05073375262054507,0.08888888888888889,0.12830188679245283,0.08721174004192872,0.04067085953878406,0.30020964360587
date,0.05140961857379767,0.22802653399668324,0.029021558872305137,0.09038142620232173,0.13847429519071308,0.0912106135986733,0.05638474295190713,0.3150912106135986
distributed,0.04780564263322883,0.25235109717868337,0.04075235109717868,0.09561128526645767,0.13009404388714732,0.06974921630094043,0.0438871473354232,0.3197492163009404
woman,0.07713536635849316,0.1727611425417414,0.0662343038498689,0.11121843521457156,0.18862977783910584,0.09700565751345384,0.09079619152752863,0.19621912515523665
one,0.09358952041082774,0.1719688397597702,0.06286447906693358,0.12242144660109669,0.1410697188615197,0.10514405083122987,0.08231786926625467,0.2206240752023675
myra,0.10951526032315978,0.1615798922800718,0.09874326750448834,0.1615798922800718,0.1364452423698384,0.13824057450628366,0.05565529622980251,0.13824057450628366
right,0.12218499906942118,0.15475525777033314,0.060859854829704074,0.11855574167131955,0.12218499906942118,0.11855574167131955,0.07770333147217569,0.22520007444630558
upon,0.0990401604507903,0.1634592426340671,0.06632921063941549,0.1306050331884819,0.13070053961128886,0.10916384126832528,0.07248937491046271,0.2282125972971682
young,0.052162676822633286,0.2332698585418933,0.03944504896626767,0.06970892274211098,0.2253808487486398,0.05937159956474428,0.18212731229597387,0.13853373231773666
possessed,0.18756936736958932,0.1032186459489456,0.1664816870144284,0.20199778024417311,0.09544950055493893,0.06104328523862375,0.04994450610432852,0.13429522752497222
work,0.1172566371681416,0.186896621078037,0.046359613837489946,0.08417135961383748,0.1296761866452132,0.08603177795655671,0.06275140788415125,0.2868563958165728
yet,0.09017869511012605,0.17149189638454082,0.06469040033245602,0.12633328715888625,0.1520986286189223,0.10804820612273168,0.08671561158055133,0.20044327469178558
rexville,0.15384615384615383,0.12820512820512822,0.12820512820512822,0.15384615384615383,0.15384615384615383,0.02564102564102564,0.07692307692307691,0.1794871794871795
general,0.08179347826086956,0.1345108695652174,0.04877717391304348,0.09986413043478261,0.10896739130434784,0.06942934782608697,0.05190217391304348,0.4047554347826087
forth,0.1513693560325685,0.1295336787564767,0.04959289415247965,0.08401184307920061,0.13952627683197633,0.10510732790525537,0.05218356772760918,0.2886750555144338
banker,0.1,0.0891304347826087,0.07173913043478261,0.1173913043478261,0.0891304347826087,0.060869565217391314,0.06304347826086956,0.40869565217391307
access,0.2037037037037037,0.14102564102564102,0.09306742640075973,0.07075023741690407,0.11633428300094967,0.04653371320037986,0.028015194681861345,0.30056980056980054
days,0.10151480895319918,0.1905946190368528,0.049287813701107845,0.10513226316979425,0.14910694099027808,0.10332353606149672,0.09314944607732308,0.20789057200994798
set,0.11603650586701436,0.16085397653194264,0.05638852672750978,0.10691003911342895,0.13950456323337682,0.10234680573663626,0.0622555410691004,0.25570404172099087
must,0.10114876092767862,0.174987356404884,0.07196011848854851,0.12658044938949495,0.1257857091250632,0.10382197818076726,0.07080413264937503,0.22491149483418824
part,0.09379368185630417,0.1730500419345821,0.06457925636007829,0.11853508526698353,0.13978194017332962,0.10064299692479733,0.0712887894883981,0.238328207995527
moment,0.09653191959354983,0.16986967086370666,0.06538546498785068,0.14557101833443784,0.12900375524629998,0.12326043737574553,0.09697371327590015,0.1734040203225094
within,0.13321314102564102,0.17728365384615383,0.05068108974358974,0.10917467948717949,0.13341346153846154,0.1001602564102564,0.09334935897435898,0.20272435897435895
full,0.1137091607943626,0.1889814221652787,0.056534272901985906,0.10377962844330559,0.14077514413837283,0.100416399743754,0.07943625880845612,0.21636771300448432
associated,0.087890625,0.181640625,0.03125,0.07958984375,0.1552734375,0.06884765625,0.04589843749999999,0.349609375
works,0.10804428044280444,0.17726937269372695,0.06642066420664207,0.06273062730627306,0.13490774907749079,0.037195571955719556,0.033062730627306275,0.3803690036900369
public,0.04923777816716314,0.3502715962852637,0.037497809707376914,0.08550902400560716,0.10495882249868584,0.056421937970912925,0.04748554406868758,0.2686174872963028
united,0.03339065634852393,0.1590713671539123,0.03324734881054743,0.07165376898824878,0.10289481226712524,0.04413872169676125,0.03654342218400688,0.5190599025508742
states,0.030737171138317268,0.15629070070330814,0.03868194842406877,0.07801510810106799,0.10041677520187549,0.05561344100026048,0.03607710341234697,0.5041677520187549
copyright,0.08217168011738812,0.18561995597945707,0.0814380044020543,0.055025678650036686,0.06676449009537785,0.09097578870139399,0.019075568598679385,0.41892883345561266
foundation,0.11135371179039301,0.16035904900533723,0.03153808830664726,0.03129548762736536,0.0856380397865114,0.133672974284328,0.013828238719068412,0.43231441048034935
without,0.09710820895522389,0.16875,0.06371268656716418,0.1303171641791045,0.1330223880597015,0.11082089552238808,0.06865671641791046,0.22761194029850748
distributing,0.1613559322033898,0.16813559322033897,0.06508474576271187,0.03457627118644068,0.10508474576271187,0.09898305084745762,0.004745762711864407,0.36203389830508476
gutenberg-tm,0.14081885856079404,0.15043424317617868,0.051178660049627796,0.046836228287841196,0.11166253101736974,0.06265508684863523,0.01861042183622829,0.41780397022332505
electronic,0.1810257449827691,0.13298195824042164,0.06669369551996757,0.03811068315426718,0.10480437867423474,0.07622136630853436,0.03811068315426718,0.3620514899655382
trademark,0.18921892189218922,0.10891089108910891,0.052805280528052806,0.026402640264026403,0.08195819581958196,0.1628162816281628,0.0027502750275027505,0.37513751375137516
copies,0.2059186189889026,0.12515413070283601,0.11837237977805179,0.09247842170160296,0.09247842170160296,0.0036991368680641184,0.003082614056720099,0.3588162762022195
distribution,0.06728778467908902,0.18685300207039338,0.021221532091097308,0.05227743271221532,0.10869565217391304,0.023291925465838508,0.020703933747412008,0.5196687370600414
agree,0.1676510676965016,0.15174920490686053,0.053157655611085874,0.06905951840072695,0.07905497501135848,0.09041344843253067,0.04361653793730123,0.34529759200363475
agreement,0.12198391420911528,0.07453083109919571,0.04021447721179625,0.03351206434316354,0.059517426273458456,0.08096514745308311,0.01742627345844504,0.5718498659517426
paid,0.18473895582329317,0.1918443002780352,0.020389249304911955,0.04417670682730923,0.15291936978683965,0.06549274019153536,0.10688909484090206,0.23354958294717326
fee,0.3252631578947368,0.12421052631578947,0.05789473684210527,0.017368421052631578,0.12315789473684209,0.00736842105263158,0.007894736842105263,0.3368421052631579
refund,0.23181944831429369,0.12371134020618557,0.05015324602953469,0.03455001393145723,0.1209250487601003,0.12538311507383673,0.09083310114237948,0.22262468654221232
paragraph,0.29151291512915134,0.06642066420664207,0.06483921982076964,0.04638903531892462,0.06062203479177649,0.161834475487612,0.030574591460200317,0.27780706378492354
literary,0.12415584415584416,0.1496103896103896,0.03896103896103896,0.027012987012987013,0.0664935064935065,0.17246753246753246,0.021298701298701296,0.4
archive,0.128,0.14133333333333334,0.03266666666666666,0.005333333333333333,0.048,0.18933333333333333,0.012,0.44333333333333336
fees,0.12614678899082568,0.1437308868501529,0.04892966360856269,0.025993883792048932,0.0581039755351682,0.13914373088685017,0.009938837920489297,0.44801223241590216
including,0.12661596958174903,0.16577946768060836,0.03612167300380227,0.058174904942965774,0.09011406844106463,0.13307984790874522,0.020532319391634978,0.36958174904942964
provide,0.1382583574081717,0.09120924473792819,0.04333470903838217,0.046223689640940986,0.09698720594304581,0.03796945934791581,0.059017746595130004,0.48699958728848536
owner,0.17794376098418277,0.12565905096660807,0.059314586994727594,0.06282952548330403,0.06766256590509666,0.15246045694200352,0.024165202108963092,0.3299648506151142
information,0.046933085501858735,0.18308550185873607,0.03438661710037175,0.08410780669144982,0.13429368029739777,0.06273234200743495,0.042286245353159856,0.41217472118959103
donations,0.0014035087719298247,0.23368421052631583,0.0,0.0,0.10035087719298247,0.09894736842105264,0.0014035087719298247,0.5642105263157895
replacement,0.24240687679083098,0.08194842406876791,0.053868194842406875,0.0005730659025787966,0.10773638968481375,0.16217765042979942,0.08080229226361031,0.27048710601719195
limited,0.2625656414103526,0.07314328582145536,0.061890472618154536,0.024381095273818456,0.09902475618904727,0.2558139534883721,0.04801200300075019,0.1751687921980495
damages,0.17987971569163477,0.037178786221979225,0.10716238381629306,0.06396938217605248,0.0032804811372334607,0.3444505194095134,0.0038272279934390384,0.26025150355385457
coffee,0.05818257902530097,0.1732923453292989,0.058198673791283066,0.0699961372561643,0.16585656344556748,0.06661623639992274,0.06359042039528745,0.34426704435717503
william,0.06991586887148246,0.14215259646069048,0.11894400928343486,0.08210037713954163,0.1351900203075138,0.06933565419205107,0.053959965187119235,0.3284015085581665
h.,0.05857142857142857,0.13571428571428573,0.16714285714285712,0.07571428571428572,0.13238095238095238,0.06714285714285714,0.05523809523809523,0.3080952380952381
ukers,0.023809523809523808,0.21428571428571425,0.07142857142857142,0.023809523809523808,0.16666666666666666,0.0,0.07142857142857142,0.4285714285714285
anywhere,0.08372093023255812,0.213953488372093,0.0697674418604651,0.12093023255813952,0.14883720930232555,0.13488372093023251,0.06511627906976744,0.16279069767441856
cost,0.08109719737626715,0.1800834824090638,0.05068574836016696,0.10494931425163984,0.1210494931425164,0.09719737626714371,0.05605247465712582,0.30888491353607633
almost,0.10423786739576213,0.1599453178400547,0.07228298017771703,0.1442241968557758,0.12457279562542721,0.13790157211209844,0.08116883116883117,0.17566643882433355
restrictions,0.2222222222222222,0.07407407407407407,0.14814814814814814,0.2222222222222222,0.037037037037037035,0.1111111111111111,0.0,0.18518518518518517
give,0.09265524391574813,0.1805085670631889,0.0570773764051075,0.10771581359816654,0.140128778784241,0.10291389282985922,0.0807595765578959,0.23824075084579285
included,0.07074569789674952,0.21223709369024857,0.040152963671128104,0.09942638623326959,0.12619502868068833,0.06500956022944551,0.049713193116634795,0.3365200764818355
title,0.06083650190114069,0.1650190114068441,0.03726235741444867,0.0752851711026616,0.12015209125475287,0.06692015209125476,0.062357414448669206,0.4121673003802282
author,0.04285714285714286,0.18,0.03142857142857143,0.07142857142857142,0.13657142857142857,0.06228571428571429,0.07257142857142858,0.40285714285714286
april,0.08846761453396525,0.19589257503949448,0.05529225908372827,0.12954186413902052,0.12164296998420221,0.07740916271721959,0.06951026856240126,0.2622432859399684
4,0.06809001731102135,0.1817657241777265,0.05770340450086556,0.1102135025966532,0.13848817080207734,0.09347951529140221,0.049047893825735725,0.30121177149451817
language,0.07982832618025751,0.16652360515021458,0.05150214592274678,0.09356223175965665,0.16223175965665235,0.08755364806866953,0.07811158798283262,0.28068669527896994
english,0.11044950379451257,0.13917104495037946,0.07227086981903096,0.12142440163455927,0.12889667250437828,0.10449503794512552,0.06970227670753065,0.25359019264448335
start,0.06141584622597281,0.39943741209563993,0.033286451007969994,0.08485700890764183,0.09329582747304267,0.07313642756680733,0.060478199718706056,0.1940928270042194
produced,0.050385299347954944,0.18020154119739182,0.042086544161232954,0.10610551274451689,0.16656787196206282,0.07350326022525192,0.07646710136336692,0.30468286899822167
thornton,0.02857142857142857,0.15714285714285714,0.12857142857142856,0.07142857142857142,0.1,0.05714285714285714,0.0857142857142857,0.3714285714285714
note,0.08242612752721618,0.1656298600311042,0.059875583203732506,0.09253499222395023,0.14074650077760498,0.10419906687402801,0.08164852255054433,0.2729393468118196
original,0.07137654770575382,0.15076474872541878,0.05243991260014566,0.09249817916970138,0.14275309541150763,0.08667152221412963,0.07574654042243263,0.3277494537509104
text,0.11538461538461538,0.08333333333333333,0.10897435897435898,0.1346153846153846,0.1346153846153846,0.14743589743589744,0.04487179487179487,0.23076923076923075
preserved,0.08163265306122448,0.18877551020408162,0.04081632653061224,0.12755102040816324,0.1683673469387755,0.09183673469387754,0.06632653061224489,0.2346938775510204
errors,0.08771929824561404,0.13157894736842105,0.07894736842105264,0.10526315789473685,0.16666666666666669,0.10526315789473685,0.061403508771929835,0.2631578947368421
illustration,0.06137992831541219,0.17293906810035842,0.056899641577060935,0.08086917562724014,0.17293906810035842,0.07459677419354839,0.07034050179211469,0.3100358422939068
branches,0.07142857142857142,0.16815476190476186,0.06249999999999999,0.09226190476190475,0.1488095238095238,0.08333333333333333,0.09523809523809523,0.27827380952380953
flowers,0.05733333333333333,0.18866666666666668,0.042666666666666665,0.07400000000000001,0.24000000000000002,0.07866666666666666,0.08,0.23866666666666667
fruit,0.07251908396946566,0.1875681570338059,0.062159214830970554,0.061613958560523444,0.20992366412213742,0.06652126499454744,0.0861504907306434,0.2535441657579062
showing,0.07090464547677262,0.15810920945395274,0.07008964955175224,0.10187449062754686,0.16136919315403422,0.10024449877750612,0.06764466177669111,0.2697636511817441
berry,0.05932531989143079,0.1973633191159364,0.02869329197363319,0.06010081426909655,0.2590151221403645,0.07212097712291586,0.08336564559906941,0.24001550988755335
various,0.07142857142857142,0.15887445887445886,0.04978354978354978,0.0974025974025974,0.16060606060606059,0.08268398268398268,0.07532467532467532,0.3038961038961039
stages,0.09937888198757763,0.17391304347826086,0.08074534161490683,0.10248447204968944,0.15838509316770186,0.11490683229813664,0.06832298136645962,0.20186335403726707
flower,0.08912280701754387,0.19228070175438597,0.07508771929824562,0.09333333333333334,0.18456140350877193,0.0807017543859649,0.07228070175438597,0.2126315789473684
cherry,0.06918238993710693,0.2075471698113208,0.044025157232704414,0.05660377358490566,0.2075471698113208,0.07547169811320754,0.11320754716981132,0.22641509433962265
1,0.09296482412060302,0.15598827470686766,0.06762981574539363,0.10636515912897822,0.11620603015075376,0.09484924623115577,0.05339195979899496,0.3126046901172529
green,0.045595854922279785,0.12198371576609916,0.04470762398223537,0.06039970392301998,0.23863804589193188,0.06498889711324943,0.045743893412287184,0.37794226498889705
bean,0.05730050933786079,0.1532258064516129,0.047113752122241094,0.05857385398981324,0.2173174872665535,0.07767402376910018,0.06494057724957555,0.3238539898132428
2,0.09277343750000001,0.14062500000000003,0.08325195312500001,0.10937500000000003,0.12426757812500001,0.09497070312500001,0.05297851562500001,0.30175781250000006
silver,0.07554945054945056,0.17376373626373626,0.06868131868131867,0.09271978021978022,0.16758241758241757,0.10782967032967034,0.08035714285714285,0.2335164835164835
skin,0.11859443631039532,0.116398243045388,0.09956076134699854,0.15592972181551976,0.12371888726207905,0.12298682284040995,0.06734992679355783,0.19546120058565153
3,0.07269580268282129,0.14366075292081348,0.0640415404586759,0.09779316313284292,0.10731285157940286,0.10558199913457378,0.03851146689744699,0.3704024231934228
parchment,0.07169811320754717,0.17358490566037735,0.10566037735849056,0.0792452830188679,0.19245283018867923,0.0830188679245283,0.06037735849056603,0.23396226415094337
pulp,0.0728476821192053,0.17880794701986755,0.10596026490066225,0.06622516556291391,0.152317880794702,0.09933774834437085,0.039735099337748346,0.2847682119205298
painted,0.08910891089108912,0.1707920792079208,0.06806930693069309,0.11138613861386142,0.17574257425742576,0.09282178217821783,0.07425742574257427,0.21782178217821788
life,0.08997722095671983,0.16936888650676674,0.06961007637679219,0.1208629237572022,0.15315556746616643,0.11108133458394746,0.07724775559426504,0.20869623475814017
blendon,0.0,0.1971830985915493,0.04225352112676056,0.028169014084507043,0.2112676056338028,0.056338028169014086,0.11267605633802817,0.35211267605633806
campbell,0.06759098786828424,0.2097053726169844,0.06239168110918544,0.12305025996533796,0.12998266897746968,0.12305025996533796,0.05025996533795494,0.23396880415944543
editor,0.009433962264150943,0.2169811320754717,0.03773584905660377,0.056603773584905655,0.10377358490566037,0.08490566037735849,0.07547169811320754,0.4150943396226415
tea,0.058330295297119944,0.17608457892818083,0.04593510754648195,0.06598614655486694,0.17827196500182282,0.06124681006197594,0.05687203791469195,0.35727305869485965
trade,0.036952998379254455,0.13776337115072934,0.040032414910858995,0.07260940032414911,0.11312803889789304,0.057860615883306314,0.04424635332252836,0.4974068071312804
journal,0.041168658698539175,0.1341301460823373,0.08632138114209828,0.0796812749003984,0.08100929614873838,0.062416998671978745,0.05046480743691899,0.4648074369189907
new,0.07149418248622168,0.18376199224331496,0.05776689120228619,0.10002041232904677,0.15003061849357013,0.08113900796080833,0.0703204735660339,0.2854664217187181
york,0.05958814079158756,0.1641594859062363,0.058273696509420186,0.0863151745289908,0.14283627866218782,0.07214838615452024,0.06411567109683072,0.3525631663502264
company,0.06835016835016834,0.203030303030303,0.0441077441077441,0.09360269360269359,0.16363636363636364,0.0845117845117845,0.07508417508417507,0.2676767676767677
1922,0.03764320785597382,0.1407528641571195,0.034369885433715226,0.07528641571194764,0.11783960720130933,0.03764320785597382,0.060556464811783964,0.4959083469721768
international,0.0727699530516432,0.15258215962441316,0.051643192488262914,0.10093896713615023,0.11032863849765258,0.05868544600938967,0.06572769953051644,0.3873239436619718
secured,0.06818181818181819,0.12500000000000003,0.05681818181818183,0.07954545454545456,0.10227272727272728,0.07954545454545456,0.09090909090909093,0.39772727272727276
foreign,0.09846328969834946,0.14456459874786567,0.06488332384746727,0.10927717700626066,0.13431986340352872,0.09049516220830962,0.06829823562891292,0.2896983494593056
countries,0.045676004872107184,0.15956151035322777,0.04811205846528623,0.07551766138855054,0.1199756394640682,0.05602923264311815,0.042630937880633366,0.45249695493300846
printed,0.061097256857855366,0.20324189526184538,0.05112219451371571,0.07855361596009976,0.1433915211970075,0.07605985037406485,0.06359102244389028,0.3229426433915212
wife,0.08615863141524105,0.16765163297045096,0.07029548989113528,0.11632970451010885,0.159253499222395,0.11384136858475892,0.07247278382581647,0.21399688958009327
helen,0.0736196319018405,0.19631901840490798,0.05828220858895706,0.08282208588957056,0.15184049079754602,0.09049079754601227,0.10889570552147239,0.23773006134969327
de,0.09309259566009608,0.1567003478548948,0.08232565843962232,0.10882888852078847,0.12920324664568494,0.10071227430843134,0.07056485009110484,0.25857213847937716
years,0.07576115175831956,0.18539060656124615,0.059358036346471556,0.11729997639839507,0.1508142553693651,0.09582251593108329,0.0732829832428605,0.24227047439225866
ago,0.08996539792387545,0.19593425605536335,0.058391003460207626,0.11548442906574395,0.14705882352941177,0.09948096885813149,0.07352941176470588,0.22015570934256057
made,0.09103297901335514,0.17568819841918779,0.06017988552739166,0.12254020168983375,0.14505314799672936,0.10248023984736987,0.07980376124284547,0.22322158626328703
first,0.08826121948415284,0.17882190625838346,0.06423178630283985,0.11152416356877323,0.14352508335568928,0.09366496761583566,0.07415782010500901,0.24581305330931666
trip,0.049473684210526316,0.15578947368421053,0.05052631578947368,0.06526315789473684,0.12842105263157894,0.06315789473684211,0.3094736842105263,0.17789473684210524
abroad,0.09405940594059406,0.16831683168316833,0.07178217821782178,0.10891089108910891,0.15346534653465346,0.08415841584158416,0.08168316831683169,0.2376237623762376
gather,0.09956709956709957,0.1341991341991342,0.06926406926406926,0.12121212121212122,0.1341991341991342,0.0909090909090909,0.0909090909090909,0.2597402597402597
material,0.10040160642570281,0.16198125836680052,0.06291834002677377,0.12182061579651941,0.1352074966532798,0.09906291834002677,0.08165997322623829,0.23694779116465864
book,0.09502398081534773,0.16546762589928057,0.07404076738609114,0.1133093525179856,0.14088729016786572,0.10071942446043165,0.06714628297362112,0.24340527577937648
subsequently,0.09090909090909091,0.09090909090909091,0.060606060606060615,0.12121212121212123,0.045454545454545456,0.10606060606060608,0.045454545454545456,0.4393939393939394
spent,0.10479041916167664,0.22005988023952097,0.05239520958083832,0.10853293413173652,0.14221556886227546,0.09805389221556887,0.09056886227544911,0.18338323353293415
year,0.08603377453217709,0.1889548151528982,0.05842081241442264,0.11090826106800548,0.13509812870835236,0.10041077133728891,0.06846188954815152,0.25171154723870376
travel,0.09257003654080388,0.17539585870889157,0.07186358099878196,0.12302070645554201,0.1473812423873325,0.10109622411693056,0.07551766138855054,0.21315468940316684
among,0.09782608695652174,0.15988779803646563,0.06732117812061711,0.12605189340813466,0.1493688639551192,0.10992286115007012,0.07854137447405331,0.2110799438990182
coffee-producing,0.1232876712328767,0.10958904109589042,0.10958904109589042,0.10958904109589042,0.10958904109589042,0.09589041095890412,0.06849315068493152,0.27397260273972607
initial,0.13468634686346864,0.11992619926199262,0.07933579335793357,0.15682656826568264,0.09963099630996311,0.13653136531365315,0.06826568265682657,0.20479704797047973
appointed,0.08040201005025124,0.20603015075376882,0.07035175879396985,0.08040201005025124,0.09547738693467336,0.04020100502512562,0.030150753768844216,0.3969849246231156
make,0.08590234960839861,0.18588568571904682,0.05699050158306949,0.10306615564072655,0.14564239293451092,0.09681719713381103,0.08673554407598734,0.23896017330444927
researches,0.0,0.1142857142857143,0.028571428571428574,0.028571428571428574,0.17142857142857143,0.05714285714285715,0.08571428571428572,0.5142857142857143
principal,0.051310043668122265,0.14737991266375547,0.055131004366812224,0.05786026200873363,0.13427947598253276,0.07096069868995633,0.055676855895196505,0.42740174672489084
european,0.05314685314685314,0.1706293706293706,0.04755244755244755,0.11188811188811189,0.15804195804195803,0.07132867132867132,0.07412587412587412,0.3132867132867133
libraries,0.009615384615384616,0.18269230769230768,0.028846153846153844,0.028846153846153844,0.21153846153846154,0.06730769230769232,0.09615384615384616,0.375
continued,0.07692307692307693,0.1864801864801865,0.052836052836052846,0.1258741258741259,0.14918414918414918,0.09867909867909869,0.09013209013209013,0.2198912198912199
conducted,0.07017543859649122,0.14473684210526314,0.07017543859649122,0.11403508771929824,0.10964912280701754,0.08333333333333333,0.05263157894736841,0.35526315789473684
american,0.07838029836609045,0.17002131186360406,0.05304286052569263,0.09495619228036939,0.1541558134027942,0.07459152261425527,0.07411792564527586,0.30073407530191804
historical,0.040616246498599434,0.18627450980392157,0.03221288515406162,0.06302521008403361,0.17226890756302518,0.08403361344537814,0.08123249299719887,0.3403361344537815
time,0.0699872374185092,0.35645545169190446,0.05229209064882205,0.09585733503501087,0.11155186092235524,0.08471594632817081,0.06488220482218619,0.1642578731330413
return,0.09538850284270374,0.18351231838281745,0.0679090334807328,0.1396083385975995,0.13297536323436515,0.11181301326595074,0.07643714466203412,0.1923562855337966
final,0.0819672131147541,0.18735362997658084,0.04449648711943795,0.12646370023419207,0.14168618266978925,0.11124121779859486,0.08313817330210774,0.22365339578454335
printer,0.06666666666666667,0.19999999999999998,0.06666666666666667,0.15555555555555556,0.15555555555555556,0.06666666666666667,0.11111111111111112,0.17777777777777778
june,0.07048458149779735,0.19823788546255505,0.048458149779735685,0.11306901615271658,0.13069016152716592,0.08663729809104258,0.06314243759177679,0.28928046989720996
ten,0.10958421423537701,0.15081042988019733,0.07399577167019027,0.1229739252995067,0.13460183227625086,0.11310782241014798,0.08491895701198027,0.21000704721634952
sorting,0.015873015873015872,0.12698412698412698,0.07936507936507937,0.047619047619047616,0.06349206349206349,0.047619047619047616,0.047619047619047616,0.5714285714285714
classification,0.0912863070539419,0.14937759336099585,0.058091286307053944,0.0995850622406639,0.1701244813278008,0.07468879668049792,0.04979253112033195,0.30705394190871366
begun,0.07988165680473373,0.3017751479289941,0.05325443786982249,0.11538461538461539,0.1183431952662722,0.07396449704142012,0.0650887573964497,0.19230769230769232
actual,0.10155316606929508,0.15531660692951013,0.06571087216248506,0.1170848267622461,0.12903225806451613,0.12783751493428913,0.07646356033452807,0.22700119474313019
writing,0.10992275698158052,0.15983363042186574,0.06357694592988712,0.10338680926916222,0.13963161021984552,0.09566250742721333,0.07783719548425432,0.2501485442661914
manuscript,0.12305025996533796,0.12305025996533796,0.08492201039861352,0.14211438474870017,0.11091854419410746,0.1195840554592721,0.060658578856152515,0.23570190641247837
extended,0.15833333333333335,0.1375,0.0875,0.14583333333333334,0.10416666666666667,0.09166666666666667,0.08333333333333334,0.19166666666666668
four,0.10783487784330244,0.16034821679303565,0.06543105869137883,0.13367031732659365,0.12468407750631846,0.11008143779837125,0.07104745857905083,0.2269025554619489
features,0.11340206185567012,0.13402061855670105,0.08453608247422681,0.14020618556701034,0.12164948453608247,0.12989690721649486,0.10927835051546393,0.16701030927835053
thesaurus,0.09205020920502091,0.16736401673640167,0.07322175732217573,0.10460251046025104,0.20083682008368198,0.07112970711297072,0.06694560669456066,0.22384937238493724
chronology,0.050387596899224806,0.16666666666666666,0.07751937984496124,0.10465116279069768,0.14728682170542634,0.09689922480620154,0.08914728682170543,0.26744186046511625
containing,0.16083916083916086,0.1118881118881119,0.06993006993006994,0.12937062937062938,0.10139860139860139,0.12937062937062938,0.04195804195804196,0.25524475524475526
492,0.047560975609756105,0.16463414634146345,0.14390243902439026,0.051219512195121955,0.15975609756097564,0.05853658536585366,0.06463414634146343,0.30975609756097566
dates,0.03964757709251101,0.16740088105726872,0.03524229074889868,0.061674008810572695,0.16299559471365638,0.05286343612334801,0.07929515418502202,0.4008810572687225
importance,0.06021650879566983,0.32205683355886333,0.03788903924221922,0.10690121786197565,0.12449255751014886,0.07780784844384303,0.06562922868741543,0.2050067658998647
complete,0.07386363636363637,0.1771694214876033,0.049586776859504134,0.11466942148760331,0.1559917355371901,0.10278925619834711,0.06973140495867769,0.256198347107438
reference,0.0764163372859025,0.19235836627140976,0.06851119894598155,0.07114624505928854,0.14492753623188406,0.07905138339920949,0.06719367588932806,0.30039525691699603
table,0.06794127688630933,0.16387845681119836,0.05940594059405941,0.09662000682826904,0.16660976442471834,0.0891089108910891,0.07442813246841927,0.2820075110959372
kinds,0.04716981132075472,0.13962264150943396,0.045283018867924525,0.08679245283018869,0.13773584905660377,0.07169811320754717,0.0509433962264151,0.4207547169811321
grown,0.044009779951100246,0.18011409942950285,0.06030969845150774,0.06601466992665038,0.15729421352893236,0.07008964955175224,0.07823960880195599,0.3439282803585982
world,0.07763401109057302,0.16697473813924832,0.05738931432092246,0.11838746589208697,0.16433412551712,0.09189331925006602,0.07279288795000441,0.2505941378399789
bibliography,0.009523809523809523,0.1714285714285714,0.02857142857142857,0.03809523809523809,0.19047619047619047,0.05714285714285714,0.09523809523809523,0.4095238095238095
references,0.04779411764705882,0.20220588235294118,0.05147058823529412,0.0551470588235294,0.16544117647058823,0.06617647058823528,0.07720588235294117,0.33455882352941174
subject,0.09244992295839753,0.17796610169491525,0.061633281972265024,0.11787365177195686,0.1463790446841294,0.09167950693374421,0.06933744221879815,0.24268104776579352
robinson,0.08496732026143791,0.1372549019607843,0.10130718954248366,0.09803921568627451,0.11437908496732026,0.08169934640522876,0.058823529411764705,0.3235294117647059
early,0.06895397489539748,0.1733891213389121,0.06125523012552301,0.0913807531380753,0.15682008368200834,0.0813389121338912,0.06811715481171547,0.29874476987447696
history,0.05995475113122172,0.17279411764705885,0.04892533936651584,0.09502262443438914,0.1710972850678733,0.06787330316742081,0.06589366515837104,0.3184389140271493
houses,0.08482370975983648,0.1665815022994379,0.07077158916709249,0.08993357179356157,0.17526826775677057,0.0825242718446602,0.06131834440470107,0.26877874297393967
england,0.07809477756286266,0.17480657640232108,0.0672147001934236,0.10662475822050291,0.15352998065764023,0.0882495164410058,0.06818181818181818,0.26329787234042556
published,0.05630026809651475,0.19839142091152817,0.0482573726541555,0.08579088471849868,0.17426273458445043,0.06970509383378017,0.050938337801608585,0.31635388739946385
london,0.07737656595431097,0.17858020142471137,0.0749201670351265,0.09260623925325473,0.14762957504298696,0.08130680422500614,0.0739376074674527,0.2736428395971506
1893,0.07111111111111111,0.16444444444444445,0.07555555555555556,0.11555555555555556,0.11555555555555556,0.10666666666666666,0.05333333333333333,0.2977777777777778
jardin,0.045112781954887216,0.14285714285714285,0.07518796992481203,0.11278195488721804,0.15789473684210525,0.06015037593984962,0.06015037593984962,0.3458646616541353
le,0.11117936117936117,0.13267813267813267,0.10565110565110564,0.10380835380835379,0.14434889434889434,0.10196560196560195,0.06756756756756757,0.2328009828009828
café,0.07752422632072523,0.1719287277274148,0.08440137542982182,0.09034073147858705,0.15848702719599875,0.08346358236949046,0.0700218818380744,0.26383244763988745
paris,0.08333333333333333,0.17512690355329946,0.07868020304568528,0.09983079526226733,0.14763113367174283,0.07910321489001693,0.07360406091370558,0.2626903553299492
1895,0.02702702702702703,0.16216216216216217,0.02702702702702703,0.02702702702702703,0.16216216216216217,0.02702702702702703,0.05405405405405406,0.5135135135135135
inspiration,0.05167173252279635,0.2765957446808511,0.0243161094224924,0.05167173252279635,0.303951367781155,0.06382978723404255,0.0729483282674772,0.15501519756838905
arabian,0.03612903225806452,0.17935483870967742,0.04774193548387097,0.0567741935483871,0.21935483870967742,0.04903225806451613,0.06838709677419355,0.34322580645161294
french,0.08478605388272584,0.16145007923930269,0.06101426307448494,0.1182646592709984,0.14441362916006337,0.08795562599049128,0.08379556259904913,0.2583201267828843
german,0.11630123927550047,0.12869399428026693,0.06291706387035272,0.14966634890371783,0.1315538608198284,0.09628217349857006,0.07149666348903717,0.24308865586272638
italian,0.054307116104868915,0.17602996254681647,0.052434456928838954,0.056179775280898875,0.19850187265917604,0.09925093632958802,0.10112359550561799,0.26217228464419473
dealing,0.08256880733944953,0.17431192660550457,0.06422018348623854,0.09174311926605505,0.1238532110091743,0.08256880733944953,0.09174311926605505,0.2889908256880734
particular,0.10845771144278607,0.16119402985074627,0.06965174129353233,0.1253731343283582,0.11840796019900496,0.10746268656716418,0.07064676616915422,0.2388059701492537
laid,0.09255079006772009,0.16478555304740408,0.06772009029345373,0.13318284424379231,0.1433408577878104,0.1162528216704289,0.05304740406320542,0.2291196388261851
contribution,0.043478260869565216,0.13043478260869565,0.028985507246376815,0.05797101449275363,0.15942028985507248,0.07246376811594205,0.08695652173913043,0.42028985507246375
done,0.09210003969829297,0.1716951171099643,0.06331877729257643,0.12107979356887655,0.13834855101230648,0.1053989678443827,0.08634378721714966,0.22171496625645098
credit,0.07127882599580714,0.1509433962264151,0.03878406708595388,0.10062893081761007,0.12264150943396226,0.059748427672955975,0.04402515723270441,0.41194968553459127
given,0.07949460384311662,0.17372992892866546,0.05817320347459858,0.11450381679389314,0.14951302974466965,0.0842326928138984,0.07870492234798633,0.2616478020531719
cases,0.0851851851851852,0.18333333333333335,0.057407407407407414,0.16296296296296298,0.12592592592592594,0.11481481481481483,0.07777777777777778,0.19259259259259262
possible,0.09008482012284294,0.1763673588768646,0.05293945598128108,0.1272301842644048,0.1374670956420006,0.10032173150043873,0.07458321146534075,0.24100614214682659
however,0.08230344464896135,0.17696555351038654,0.05153825926899816,0.11753878516960294,0.13883775966342363,0.09992111490928214,0.06810412831974756,0.26479095450959766
statements,0.07633587786259542,0.17557251908396945,0.045801526717557245,0.09923664122137404,0.1297709923664122,0.1068702290076336,0.022900763358778622,0.3435114503816794
facts,0.0696969696969697,0.13181818181818183,0.05,0.1,0.09621212121212122,0.0840909090909091,0.05984848484848485,0.4083333333333333
independent,0.09855453350854139,0.15637319316688567,0.052562417871222074,0.14586070959264127,0.13272010512483573,0.08147174770039421,0.0735873850197109,0.2588699080157687
research,0.04960835509138381,0.19060052219321147,0.06266318537859007,0.09138381201044386,0.10704960835509138,0.06005221932114883,0.031331592689295036,0.4073107049608355
items,0.0816326530612245,0.0816326530612245,0.04081632653061225,0.11224489795918367,0.19387755102040816,0.09183673469387756,0.030612244897959183,0.3673469387755102
required,0.07886435331230283,0.213459516298633,0.05888538380651946,0.10410094637223975,0.12723449001051523,0.08307045215562567,0.07360672975814932,0.2607781282860147
months,0.08651597817614966,0.1940763834762276,0.062353858144972726,0.12938425565081837,0.12003117692907249,0.10833982852689009,0.08807482462977397,0.2112236944660951
serious,0.09956709956709957,0.14862914862914864,0.07936507936507937,0.15873015873015875,0.12554112554112554,0.12265512265512266,0.07936507936507937,0.18614718614718617
since,0.07845210403890884,0.1888348488052442,0.060266441108056665,0.1190526538380207,0.13427786001268766,0.11440050750687247,0.0780291816451681,0.22668640304504123
cultivation,0.038815117466802856,0.18998978549540346,0.0612870275791624,0.07252298263534218,0.1501532175689479,0.05311542390194075,0.06741573033707865,0.3667007150153217
uses,0.09051724137931035,0.1839080459770115,0.07614942528735633,0.1235632183908046,0.11781609195402298,0.09913793103448275,0.05316091954022988,0.2557471264367816
1872,0.037037037037037035,0.2222222222222222,0.037037037037037035,0.1111111111111111,0.07407407407407407,0.037037037037037035,0.037037037037037035,0.4444444444444444
thurber,0.11956521739130434,0.11956521739130434,0.10869565217391304,0.09782608695652173,0.09782608695652173,0.09782608695652173,0.08695652173913043,0.2717391304347826
plantation,0.056016597510373446,0.18360995850622405,0.060165975103734434,0.058091286307053944,0.18568464730290457,0.05705394190871369,0.06846473029045642,0.3309128630705394
cup,0.05804311774461028,0.18490878938640135,0.04228855721393035,0.06965174129353234,0.21185737976782756,0.0713101160862355,0.0812603648424544,0.2806799336650083
1881,0.04926108374384236,0.1231527093596059,0.12807881773399013,0.07881773399014777,0.10344827586206895,0.07389162561576354,0.0541871921182266,0.38916256157635465
print,0.07857142857142858,0.22142857142857145,0.028571428571428574,0.07857142857142858,0.18571428571428572,0.0642857142857143,0.07857142857142858,0.2642857142857143
also,0.08912549348008135,0.16509151812417752,0.06759181720301471,0.1149659050125613,0.1422418949635124,0.09343222873549467,0.07321449934202656,0.25433664313913146
walsh,0.03669724770642201,0.19266055045871558,0.10091743119266054,0.07339449541284403,0.19266055045871558,0.06422018348623854,0.018348623853211007,0.3211009174311926
description,0.0934959349593496,0.17073170731707316,0.11585365853658536,0.08739837398373984,0.12195121951219512,0.07926829268292683,0.06300813008130081,0.2682926829268293
chapters,0.06707317073170731,0.16463414634146342,0.0548780487804878,0.0548780487804878,0.22560975609756095,0.06707317073170731,0.048780487804878044,0.3170731707317073
chemistry,0.041666666666666664,0.15277777777777776,0.07407407407407407,0.06481481481481481,0.1597222222222222,0.06481481481481481,0.03935185185185185,0.40277777777777773
pharmacology,0.023529411764705882,0.12941176470588234,0.058823529411764705,0.041176470588235294,0.12941176470588234,0.035294117647058816,0.017647058823529408,0.5647058823529411
prepared,0.04269662921348314,0.2681647940074906,0.04044943820224719,0.07715355805243446,0.09737827715355804,0.060674157303370786,0.05767790262172284,0.35580524344569286
direction,0.10073260073260074,0.18864468864468864,0.05586080586080586,0.1391941391941392,0.11904761904761905,0.09706959706959707,0.09065934065934066,0.20879120879120877
charles,0.07023848415550474,0.1509310682783404,0.12022214962430579,0.08885984972231298,0.12675596210388762,0.07513884351519111,0.05488402482848742,0.31296961777196997
