,anger,anticipation,disgust,fear,joy,sadness,surprise,trust
project,0.12121212121212122,0.16947250280583614,0.04713804713804714,0.04377104377104377,0.09764309764309764,0.0830527497194164,0.022446689113355782,0.4152637485970819
gutenberg,0.07563025210084034,0.23109243697478993,0.03781512605042017,0.03781512605042017,0.05042016806722689,0.14705882352941177,0.03361344537815126,0.3865546218487395
ebook,0.02479338842975207,0.22314049586776863,0.02479338842975207,0.02479338842975207,0.041322314049586785,0.1322314049586777,0.09917355371900828,0.4297520661157025
whispering,0.07079646017699115,0.1592920353982301,0.08849557522123895,0.1592920353982301,0.07079646017699115,0.1415929203539823,0.07964601769911504,0.23008849557522124
walls,0.058333333333333334,0.15,0.08333333333333334,0.16666666666666669,0.075,0.14166666666666666,0.075,0.25
use,0.12883435582822086,0.19631901840490798,0.09202453987730062,0.09202453987730062,0.15950920245398773,0.06134969325153375,0.04294478527607363,0.22699386503067487
anyone,0.07692307692307693,0.19230769230769232,0.038461538461538464,0.15384615384615385,0.07692307692307693,0.125,0.019230769230769232,0.31730769230769235
almost,0.2037037037037037,0.037037037037037035,0.12962962962962965,0.16666666666666666,0.0925925925925926,0.16666666666666666,0.07407407407407407,0.12962962962962965
may,0.1271393643031785,0.16136919315403425,0.09046454767726163,0.117359413202934,0.06601466992665038,0.14425427872860638,0.05378973105134475,0.23960880195599024
copy,0.18229166666666666,0.10416666666666667,0.09375,0.057291666666666664,0.041666666666666664,0.078125,0.052083333333333336,0.390625
give,0.06779661016949153,0.23728813559322037,0.03389830508474576,0.05932203389830509,0.11016949152542374,0.11016949152542374,0.1016949152542373,0.2796610169491526
away,0.11020408163265305,0.14693877551020407,0.08163265306122448,0.15918367346938775,0.08163265306122448,0.15918367346938775,0.09387755102040816,0.16734693877551018
terms,0.1206896551724138,0.13218390804597702,0.034482758620689655,0.05172413793103448,0.10344827586206896,0.05172413793103448,0.05747126436781609,0.4482758620689655
license,0.09677419354838711,0.2338709677419355,0.048387096774193554,0.08064516129032259,0.09677419354838711,0.09677419354838711,0.06451612903225806,0.28225806451612906
15,0.13333333333333333,0.11111111111111112,0.08888888888888888,0.24444444444444444,0.04444444444444444,0.17777777777777776,0.06666666666666667,0.13333333333333333
start,0.03614457831325301,0.4939759036144578,0.024096385542168672,0.060240963855421686,0.03614457831325301,0.07228915662650602,0.060240963855421686,0.21686746987951808
distributed,0.032967032967032975,0.28571428571428575,0.032967032967032975,0.06593406593406595,0.09890109890109891,0.08791208791208792,0.04395604395604396,0.3516483516483517
http,0.0,0.2545454545454545,0.0,0.0,0.10909090909090907,0.12727272727272726,0.07272727272727271,0.4363636363636363
mystery,0.0,0.375,0.049999999999999996,0.0,0.024999999999999998,0.024999999999999998,0.3,0.22499999999999998
girls,0.07142857142857142,0.1875,0.08035714285714285,0.05357142857142857,0.125,0.16964285714285712,0.10714285714285714,0.20535714285714285
new,0.0,0.33333333333333337,0.0,0.16666666666666669,0.06666666666666667,0.06666666666666667,0.06666666666666667,0.3
penny,0.0815347721822542,0.15887290167865706,0.05755395683453238,0.14148681055155876,0.10551558752997602,0.14268585131894485,0.09172661870503597,0.22062350119904078
parker,0.04669260700389105,0.19844357976653695,0.04280155642023346,0.12062256809338522,0.14396887159533073,0.10894941634241245,0.10116731517509726,0.2373540856031128
large,0.1,0.23333333333333334,0.1,0.06666666666666667,0.06666666666666667,0.03333333333333333,0.16666666666666669,0.23333333333333334
12,0.11904761904761904,0.11904761904761904,0.07142857142857142,0.23809523809523808,0.04761904761904761,0.16666666666666666,0.07142857142857142,0.16666666666666666
doll,0.12048192771084339,0.054216867469879526,0.09036144578313254,0.18674698795180725,0.26506024096385544,0.1807228915662651,0.0,0.10240963855421688
danger,0.04444444444444444,0.04444444444444444,0.06666666666666667,0.3111111111111111,0.04444444444444444,0.3333333333333333,0.0,0.15555555555555556
behind,0.08163265306122448,0.12244897959183673,0.06802721088435375,0.2108843537414966,0.08163265306122448,0.1836734693877551,0.06802721088435375,0.1836734693877551
green,0.02127659574468085,0.14893617021276598,0.0851063829787234,0.0851063829787234,0.23404255319148937,0.10638297872340427,0.0,0.3191489361702128
door,0.06965174129353234,0.09950248756218906,0.13432835820895522,0.16417910447761194,0.06965174129353234,0.18407960199004977,0.06965174129353234,0.208955223880597
well,0.06698564593301436,0.16267942583732056,0.06698564593301436,0.1339712918660287,0.14832535885167464,0.15311004784688995,0.062200956937799035,0.20574162679425836
river,0.07954545454545456,0.09090909090909091,0.13636363636363638,0.18181818181818182,0.125,0.14772727272727273,0.045454545454545456,0.1931818181818182
ghost,0.07692307692307693,0.07692307692307693,0.0923076923076923,0.3692307692307692,0.0923076923076923,0.1846153846153846,0.015384615384615384,0.0923076923076923
voice,0.06593406593406594,0.13186813186813187,0.09890109890109891,0.18681318681318684,0.09890109890109891,0.1758241758241758,0.06593406593406594,0.1758241758241758
cave,0.1234567901234568,0.08641975308641976,0.08641975308641976,0.2345679012345679,0.13580246913580246,0.17283950617283952,0.04938271604938271,0.1111111111111111
dark,0.04247104247104247,0.10424710424710425,0.07722007722007723,0.1196911196911197,0.08108108108108109,0.33976833976833976,0.05791505791505792,0.1776061776061776
cry,0.07407407407407407,0.0617283950617284,0.09876543209876543,0.17283950617283952,0.07407407407407407,0.308641975308642,0.04938271604938271,0.16049382716049382
copyright,0.07692307692307693,0.15384615384615385,0.11538461538461539,0.10576923076923077,0.06730769230769232,0.14423076923076925,0.0,0.33653846153846156
chapter,0.11518324607329843,0.08900523560209425,0.06282722513089005,0.2513089005235602,0.08376963350785341,0.21465968586387435,0.05759162303664921,0.1256544502617801
page,0.09803921568627451,0.17647058823529413,0.0784313725490196,0.19607843137254902,0.11764705882352941,0.1568627450980392,0.0196078431372549,0.1568627450980392
1,0.13483146067415733,0.06741573033707866,0.10112359550561799,0.30337078651685395,0.06741573033707866,0.24719101123595508,0.0,0.07865168539325844
plumed,0.10526315789473685,0.052631578947368425,0.1973684210526316,0.3421052631578948,0.052631578947368425,0.1973684210526316,0.0,0.052631578947368425
serpent,0.08264462809917357,0.0743801652892562,0.22314049586776863,0.3140495867768595,0.08264462809917357,0.1322314049586777,0.008264462809917356,0.08264462809917357
2,0.11764705882352942,0.08823529411764706,0.11764705882352942,0.2647058823529412,0.05882352941176471,0.2647058823529412,0.0,0.08823529411764706
unexplained,0.1081081081081081,0.1081081081081081,0.1081081081081081,0.2702702702702703,0.05405405405405405,0.2702702702702703,0.0,0.08108108108108107
disappearance,0.08955223880597016,0.10447761194029852,0.10447761194029852,0.2835820895522388,0.05970149253731343,0.17910447761194032,0.029850746268656716,0.1492537313432836
11,0.13333333333333333,0.06666666666666667,0.1,0.3,0.08333333333333334,0.23333333333333334,0.0,0.08333333333333334
3,0.13157894736842105,0.07894736842105263,0.10526315789473682,0.2631578947368421,0.07894736842105263,0.23684210526315788,0.0,0.10526315789473682
thatched,0.11392405063291139,0.08860759493670886,0.08860759493670886,0.30379746835443033,0.07594936708860758,0.2151898734177215,0.050632911392405056,0.06329113924050632
roof,0.0819672131147541,0.09836065573770493,0.11475409836065575,0.29508196721311475,0.06557377049180328,0.21311475409836064,0.049180327868852465,0.0819672131147541
cottage,0.09774436090225565,0.10526315789473686,0.08270676691729324,0.25563909774436094,0.08270676691729324,0.18796992481203012,0.06766917293233084,0.12030075187969926
19,0.13333333333333333,0.08333333333333334,0.1,0.3,0.08333333333333334,0.23333333333333334,0.0,0.06666666666666667
4,0.1176470588235294,0.0588235294117647,0.08823529411764705,0.29411764705882354,0.08823529411764705,0.20588235294117646,0.0,0.14705882352941177
bushes,0.12903225806451613,0.09677419354838711,0.08064516129032259,0.25806451612903225,0.06451612903225806,0.22580645161290328,0.08064516129032259,0.06451612903225806
5,0.15384615384615385,0.07692307692307693,0.10256410256410256,0.25641025641025644,0.07692307692307693,0.25641025641025644,0.0,0.07692307692307693
evil,0.17692307692307693,0.06923076923076922,0.16153846153846152,0.25384615384615383,0.04615384615384615,0.23846153846153847,0.015384615384615384,0.038461538461538464
charm,0.12903225806451613,0.11827956989247311,0.11827956989247311,0.24731182795698925,0.06451612903225806,0.2043010752688172,0.03225806451612903,0.08602150537634408
matches,0.14705882352941177,0.0588235294117647,0.1764705882352941,0.29411764705882354,0.0588235294117647,0.20588235294117646,0.0,0.0588235294117647
string,0.12727272727272726,0.054545454545454536,0.14545454545454542,0.2363636363636363,0.10909090909090907,0.2363636363636363,0.0,0.0909090909090909
8,0.11428571428571428,0.05714285714285714,0.08571428571428572,0.34285714285714286,0.08571428571428572,0.22857142857142856,0.02857142857142857,0.05714285714285714
corners,0.11428571428571428,0.05714285714285714,0.08571428571428572,0.34285714285714286,0.08571428571428572,0.22857142857142856,0.02857142857142857,0.05714285714285714
9,0.12499999999999999,0.06249999999999999,0.09374999999999999,0.3125,0.06249999999999999,0.24999999999999997,0.031249999999999997,0.06249999999999999
jerry,0.09497206703910616,0.19553072625698323,0.0446927374301676,0.1899441340782123,0.08379888268156425,0.11731843575418995,0.0558659217877095,0.21787709497206706
enters,0.12499999999999999,0.06249999999999999,0.09374999999999999,0.3125,0.06249999999999999,0.24999999999999997,0.031249999999999997,0.06249999999999999
case,0.07831325301204818,0.03614457831325301,0.05421686746987952,0.35542168674698793,0.03614457831325301,0.31927710843373497,0.018072289156626505,0.10240963855421686
10,0.13333333333333333,0.06666666666666667,0.1,0.3,0.06666666666666667,0.23333333333333334,0.0,0.1
cheap,0.10810810810810811,0.05405405405405406,0.13513513513513514,0.24324324324324326,0.05405405405405406,0.24324324324324326,0.0,0.16216216216216217
lodging,0.10526315789473682,0.05263157894736841,0.10526315789473682,0.23684210526315788,0.10526315789473682,0.21052631578947364,0.0,0.18421052631578946
wooden,0.14666666666666667,0.12,0.10666666666666666,0.18666666666666668,0.14666666666666667,0.1733333333333333,0.0,0.12
90,0.19148936170212766,0.10638297872340426,0.06382978723404255,0.19148936170212766,0.10638297872340426,0.17021276595744678,0.06382978723404255,0.10638297872340426
superstition,0.13513513513513514,0.05405405405405405,0.08108108108108107,0.4054054054054054,0.05405405405405405,0.2162162162162162,0.0,0.05405405405405405
13,0.1111111111111111,0.08333333333333333,0.08333333333333333,0.2777777777777778,0.1111111111111111,0.25,0.0,0.08333333333333333
missing,0.07758620689655171,0.06034482758620689,0.051724137931034475,0.29310344827586204,0.08620689655172413,0.2586206896551724,0.008620689655172412,0.16379310344827583
chest,0.11627906976744186,0.09302325581395347,0.11627906976744186,0.23255813953488372,0.09302325581395347,0.23255813953488372,0.02325581395348837,0.09302325581395347
storm,0.33962264150943394,0.08176100628930817,0.06289308176100629,0.220125786163522,0.031446540880503145,0.15723270440251574,0.031446540880503145,0.07547169811320754
warnings,0.1875,0.0625,0.09375,0.28125,0.0625,0.25,0.0,0.0625
mrs.,0.10344827586206896,0.11285266457680251,0.07523510971786834,0.21003134796238243,0.1065830721003135,0.17241379310344826,0.05329153605015675,0.16614420062695925
rhett,0.09761388286334055,0.10845986984815617,0.08026030368763556,0.19088937093275485,0.09544468546637742,0.19088937093275485,0.04338394793926247,0.193058568329718
's,0.0819672131147541,0.12758374910905204,0.06200997861724876,0.1518175338560228,0.11119030648610122,0.15609408410548825,0.07769066286528868,0.2316464718460442
illness,0.13333333333333333,0.08,0.06666666666666667,0.33333333333333337,0.04,0.29333333333333333,0.013333333333333332,0.04
16,0.18181818181818182,0.0606060606060606,0.1212121212121212,0.2727272727272727,0.0606060606060606,0.2424242424242424,0.0,0.0606060606060606
open,0.125,0.0625,0.075,0.2125,0.08750000000000001,0.19999999999999998,0.08750000000000001,0.15
window,0.1111111111111111,0.11805555555555557,0.07638888888888888,0.20833333333333334,0.09027777777777778,0.1875,0.04861111111111111,0.15972222222222224
17,0.16129032258064516,0.06451612903225806,0.0967741935483871,0.29032258064516125,0.06451612903225806,0.25806451612903225,0.0,0.06451612903225806
stolen,0.31818181818181823,0.05681818181818182,0.06818181818181819,0.20454545454545456,0.045454545454545456,0.18181818181818182,0.034090909090909095,0.09090909090909091
rising,0.0784313725490196,0.19607843137254902,0.0784313725490196,0.19607843137254902,0.23529411764705882,0.17647058823529413,0.0,0.0392156862745098
wind,0.13513513513513514,0.14414414414414414,0.07207207207207207,0.22522522522522523,0.11711711711711711,0.14414414414414414,0.0990990990990991,0.06306306306306307
20,0.13432835820895522,0.13432835820895522,0.07462686567164178,0.22388059701492535,0.1044776119402985,0.13432835820895522,0.029850746268656712,0.16417910447761191
steps,0.15254237288135591,0.15254237288135591,0.0847457627118644,0.22033898305084743,0.11864406779661017,0.1694915254237288,0.016949152542372878,0.0847457627118644
ceremonial,0.12903225806451613,0.06451612903225806,0.0967741935483871,0.3225806451612903,0.0967741935483871,0.22580645161290322,0.0,0.06451612903225806
22,0.16129032258064516,0.06451612903225806,0.0967741935483871,0.3225806451612903,0.06451612903225806,0.22580645161290322,0.0,0.06451612903225806
stranger,0.08045977011494253,0.08045977011494253,0.04597701149425287,0.4482758620689655,0.04597701149425287,0.11494252873563218,0.05747126436781609,0.1264367816091954
pressroom,0.1388888888888889,0.08333333333333333,0.08333333333333333,0.25,0.05555555555555555,0.2777777777777778,0.0,0.1111111111111111
grinning,0.1388888888888889,0.08333333333333333,0.08333333333333333,0.25,0.05555555555555555,0.2222222222222222,0.05555555555555555,0.1111111111111111
gargoyle,0.16279069767441862,0.06976744186046512,0.11627906976744186,0.23255813953488372,0.09302325581395347,0.20930232558139533,0.0,0.11627906976744186
balcony,0.13333333333333333,0.06666666666666667,0.1,0.3,0.06666666666666667,0.23333333333333334,0.0,0.1
smoothly,0.12499999999999999,0.06249999999999999,0.09374999999999999,0.28124999999999994,0.09374999999999999,0.21875,0.031249999999999997,0.09374999999999999
accurate,0.1212121212121212,0.1212121212121212,0.09090909090909091,0.2727272727272727,0.0606060606060606,0.21212121212121213,0.0,0.1212121212121212
aim,0.12499999999999999,0.09374999999999999,0.09374999999999999,0.28124999999999994,0.09374999999999999,0.21875,0.0,0.09374999999999999
girl,0.0857142857142857,0.1357142857142857,0.07142857142857142,0.2071428571428571,0.11428571428571427,0.1571428571428571,0.06428571428571428,0.16428571428571428
blue,0.125,0.09375,0.09375,0.28125,0.0625,0.28125,0.0,0.0625
swinging,0.16129032258064516,0.06451612903225806,0.0967741935483871,0.29032258064516125,0.06451612903225806,0.22580645161290322,0.0,0.0967741935483871
sent,0.1111111111111111,0.17283950617283952,0.09876543209876543,0.19753086419753085,0.07407407407407407,0.16049382716049382,0.04938271604938271,0.13580246913580246
heavy,0.11904761904761905,0.09523809523809523,0.09523809523809523,0.2619047619047619,0.09523809523809523,0.19047619047619047,0.0,0.14285714285714285
crashing,0.12195121951219513,0.12195121951219513,0.12195121951219513,0.21951219512195122,0.12195121951219513,0.1951219512195122,0.024390243902439025,0.07317073170731708
polished,0.12903225806451613,0.06451612903225806,0.0967741935483871,0.3225806451612903,0.06451612903225806,0.22580645161290322,0.0,0.0967741935483871
floor,0.09615384615384616,0.038461538461538464,0.07692307692307693,0.25,0.07692307692307693,0.2692307692307693,0.038461538461538464,0.15384615384615385
bowling,0.15625,0.06249999999999999,0.09374999999999999,0.3125,0.06249999999999999,0.24999999999999997,0.0,0.06249999999999999
another,0.0625,0.17500000000000002,0.0625,0.11249999999999999,0.09375,0.125,0.10625,0.2625
companion,0.0,0.07317073170731708,0.0,0.07317073170731708,0.29268292682926833,0.07317073170731708,0.0975609756097561,0.3902439024390244
louise,0.07999999999999999,0.13999999999999999,0.039999999999999994,0.07999999999999999,0.10999999999999999,0.13999999999999999,0.12,0.29
're,0.09895833333333333,0.15104166666666666,0.046875,0.171875,0.13020833333333334,0.14583333333333334,0.06770833333333333,0.1875
like,0.09090909090909091,0.125,0.06818181818181819,0.17045454545454547,0.125,0.15909090909090912,0.11363636363636365,0.14772727272727273
house,0.13414634146341464,0.10975609756097561,0.0975609756097561,0.10975609756097561,0.15853658536585366,0.23170731707317074,0.06097560975609757,0.0975609756097561
one,0.10362694300518135,0.13212435233160622,0.05440414507772021,0.1683937823834197,0.09585492227979275,0.14766839378238342,0.09326424870466322,0.20466321243523317
suddenly,0.017699115044247787,0.035398230088495575,0.0,0.13274336283185842,0.044247787610619475,0.09734513274336283,0.5663716814159292,0.10619469026548674
wall,0.05454545454545455,0.14545454545454545,0.07272727272727272,0.09090909090909093,0.2,0.1090909090909091,0.09090909090909093,0.23636363636363636
unless,0.11016949152542374,0.1610169491525424,0.06779661016949153,0.16949152542372883,0.06779661016949153,0.17796610169491528,0.08474576271186442,0.1610169491525424
call,0.013157894736842103,0.11842105263157894,0.013157894736842103,0.21052631578947364,0.11842105263157894,0.07894736842105263,0.09210526315789473,0.35526315789473684
day,0.03333333333333333,0.22222222222222224,0.04444444444444444,0.07777777777777778,0.14444444444444443,0.13333333333333333,0.06666666666666667,0.2777777777777778
'll,0.0962962962962963,0.17037037037037037,0.04938271604938272,0.1259259259259259,0.1037037037037037,0.10864197530864197,0.10864197530864197,0.23703703703703705
late,0.03092783505154639,0.11340206185567009,0.04123711340206185,0.03092783505154639,0.09278350515463916,0.49484536082474223,0.07216494845360824,0.12371134020618556
work,0.14243759177679882,0.18208516886930984,0.03524229074889868,0.0631424375917768,0.10425844346549193,0.08663729809104259,0.0513950073421439,0.33480176211453744
time,0.06082725060827251,0.46715328467153283,0.043795620437956206,0.072992700729927,0.0681265206812652,0.0681265206812652,0.06082725060827251,0.15815085158150852
old,0.039999999999999994,0.12,0.07999999999999999,0.12,0.15999999999999998,0.19999999999999998,0.0,0.27999999999999997
newspaper,0.04395604395604395,0.1978021978021978,0.021978021978021976,0.13186813186813187,0.13186813186813187,0.0879120879120879,0.10989010989010989,0.27472527472527475
riverview,0.09589041095890412,0.1780821917808219,0.06849315068493152,0.20547945205479454,0.1095890410958904,0.12328767123287672,0.0273972602739726,0.19178082191780824
star,0.02493074792243767,0.28808864265927975,0.016620498614958446,0.03601108033240997,0.2548476454293629,0.038781163434903045,0.008310249307479223,0.33240997229916897
shot,0.24390243902439024,0.0,0.024390243902439022,0.24390243902439024,0.0,0.24390243902439024,0.24390243902439024,0.0
back,0.1,0.18750000000000003,0.05,0.14375000000000002,0.1375,0.13125,0.06875,0.18125
reporter,0.05128205128205129,0.1435897435897436,0.041025641025641026,0.09230769230769231,0.09743589743589744,0.041025641025641026,0.0358974358974359,0.49743589743589745
little,0.08670520231213873,0.19075144508670522,0.06936416184971099,0.15606936416184972,0.09248554913294797,0.12138728323699423,0.05780346820809249,0.2254335260115607
story,0.04587155963302753,0.21559633027522937,0.05963302752293578,0.0871559633027523,0.14678899082568808,0.06880733944954129,0.07798165137614681,0.29816513761467894
along,0.049999999999999996,0.19999999999999998,0.049999999999999996,0.09999999999999999,0.13999999999999999,0.09,0.15,0.21999999999999997
n't,0.08760107816711592,0.16172506738544476,0.0660377358490566,0.16576819407008087,0.09433962264150944,0.11859838274932614,0.07277628032345014,0.23315363881401618
truth,0.09374999999999999,0.031249999999999997,0.06249999999999999,0.09374999999999999,0.031249999999999997,0.06249999999999999,0.06249999999999999,0.5624999999999999
several,0.06741573033707866,0.1797752808988764,0.0449438202247191,0.13483146067415733,0.10112359550561799,0.12359550561797754,0.0449438202247191,0.30337078651685395
many,0.07692307692307693,0.10576923076923077,0.057692307692307696,0.15384615384615385,0.11538461538461539,0.1634615384615385,0.057692307692307696,0.2692307692307693
father,0.04044117647058822,0.1102941176470588,0.036764705882352935,0.10294117647058822,0.09926470588235292,0.1102941176470588,0.03308823529411764,0.4669117647058823
name,0.027397260273972598,0.1917808219178082,0.027397260273972598,0.013698630136986299,0.1506849315068493,0.0958904109589041,0.0821917808219178,0.410958904109589
started,0.12745098039215685,0.16666666666666669,0.049019607843137254,0.14705882352941177,0.09803921568627451,0.12745098039215685,0.0784313725490196,0.20588235294117646
full,0.1931034482758621,0.2,0.048275862068965524,0.0896551724137931,0.08275862068965519,0.1103448275862069,0.07586206896551724,0.2
editor,0.07000000000000002,0.23000000000000004,0.06000000000000001,0.08,0.14000000000000004,0.07000000000000002,0.06000000000000001,0.29000000000000004
dewitt,0.05031446540880503,0.15723270440251574,0.09433962264150944,0.13836477987421383,0.13836477987421383,0.11320754716981132,0.08176100628930817,0.22641509433962265
would,0.10386965376782076,0.175152749490835,0.06313645621181263,0.15682281059063136,0.0896130346232179,0.15071283095723012,0.07535641547861506,0.18533604887983704
two,0.06962025316455696,0.18354430379746833,0.06329113924050632,0.13924050632911392,0.10759493670886075,0.13924050632911392,0.08227848101265821,0.2151898734177215
let,0.06122448979591837,0.1836734693877551,0.06122448979591837,0.1836734693877551,0.09183673469387756,0.19387755102040816,0.051020408163265314,0.17346938775510207
go,0.08943089430894309,0.22764227642276424,0.03252032520325203,0.11382113821138212,0.1056910569105691,0.1056910569105691,0.11382113821138212,0.2113821138211382
desk,0.02127659574468085,0.10638297872340427,0.06382978723404256,0.14893617021276598,0.12765957446808512,0.12765957446808512,0.0851063829787234,0.3191489361702128
paid,0.2695652173913043,0.18260869565217386,0.0,0.01739130434782608,0.12173913043478259,0.05217391304347825,0.12173913043478259,0.23478260869565212
police,0.03073770491803279,0.07377049180327869,0.022540983606557378,0.3545081967213115,0.03278688524590164,0.05942622950819672,0.034836065573770496,0.39139344262295084
first,0.09883720930232559,0.1511627906976744,0.040697674418604654,0.1744186046511628,0.09302325581395349,0.09302325581395349,0.09302325581395349,0.2558139534883721
bank,0.06896551724137931,0.11494252873563218,0.028735632183908046,0.09195402298850575,0.05747126436781609,0.09195402298850575,0.017241379310344827,0.5287356321839081
front,0.13043478260869565,0.14492753623188406,0.08695652173913043,0.15942028985507245,0.05797101449275362,0.11594202898550723,0.10144927536231885,0.2028985507246377
see,0.08461538461538462,0.2,0.053846153846153856,0.13076923076923078,0.13076923076923078,0.10769230769230771,0.06923076923076923,0.2230769230769231
words,0.4655172413793103,0.051724137931034475,0.08620689655172413,0.10344827586206895,0.03448275862068965,0.15517241379310343,0.017241379310344824,0.08620689655172413
around,0.05128205128205128,0.24358974358974358,0.07692307692307693,0.07692307692307693,0.15384615384615385,0.11538461538461539,0.07692307692307693,0.20512820512820512
maybe,0.15625,0.09374999999999999,0.09374999999999999,0.24999999999999997,0.0,0.15625,0.06249999999999999,0.18749999999999997
hope,0.03846153846153847,0.2,0.015384615384615385,0.053846153846153856,0.21538461538461542,0.046153846153846156,0.18461538461538463,0.24615384615384617
keep,0.08823529411764705,0.14705882352941177,0.014705882352941175,0.1323529411764706,0.1323529411764706,0.10294117647058823,0.10294117647058823,0.2794117647058823
money,0.18027210884353742,0.18707482993197277,0.003401360544217687,0.017006802721088437,0.19727891156462585,0.034013605442176874,0.15986394557823128,0.22108843537414968
change,0.0,0.17073170731707316,0.048780487804878044,0.31707317073170727,0.09756097560975609,0.14634146341463414,0.024390243902439022,0.19512195121951217
came,0.06944444444444445,0.1388888888888889,0.05555555555555555,0.15972222222222224,0.10416666666666667,0.15277777777777776,0.1388888888888889,0.18055555555555555
office,0.030303030303030304,0.17676767676767677,0.030303030303030304,0.10606060606060606,0.1616161616161616,0.08585858585858586,0.08585858585858586,0.3232323232323232
might,0.08235294117647059,0.19607843137254904,0.043137254901960784,0.17647058823529413,0.0784313725490196,0.1215686274509804,0.0784313725490196,0.2235294117647059
reached,0.07692307692307693,0.16483516483516483,0.05494505494505495,0.12087912087912088,0.0879120879120879,0.09890109890109891,0.0879120879120879,0.3076923076923077
hard,0.10958904109589039,0.136986301369863,0.0821917808219178,0.1506849315068493,0.1232876712328767,0.0821917808219178,0.1232876712328767,0.1917808219178082
car,0.10526315789473682,0.1381578947368421,0.03289473684210526,0.20394736842105263,0.06578947368421052,0.1118421052631579,0.07894736842105263,0.2631578947368421
sergeant,0.0,0.018518518518518517,0.2592592592592593,0.14814814814814814,0.018518518518518517,0.3148148148148148,0.018518518518518517,0.2222222222222222
could,0.12607449856733524,0.11747851002865328,0.07449856733524354,0.18624641833810887,0.08022922636103151,0.14326647564469913,0.06876790830945557,0.20343839541547276
building,0.06578947368421052,0.17105263157894735,0.06578947368421052,0.11842105263157894,0.15789473684210525,0.12499999999999999,0.05921052631578947,0.23684210526315788
man,0.07712082262210797,0.15424164524421594,0.06426735218508998,0.15424164524421594,0.10025706940874037,0.14910025706940874,0.10282776349614398,0.19794344473007713
anything,0.031746031746031744,0.23809523809523808,0.047619047619047616,0.11111111111111112,0.12698412698412698,0.15873015873015875,0.07936507936507937,0.20634920634920634
way,0.08148148148148147,0.16296296296296295,0.06666666666666667,0.13333333333333333,0.08148148148148147,0.15555555555555556,0.06666666666666667,0.2518518518518519
know,0.09027777777777778,0.15972222222222224,0.07638888888888888,0.13194444444444445,0.13194444444444445,0.16666666666666666,0.041666666666666664,0.20138888888888887
'm,0.04186046511627907,0.15813953488372093,0.06976744186046512,0.19069767441860463,0.18139534883720929,0.13023255813953488,0.06976744186046512,0.15813953488372093
talk,0.02272727272727273,0.18181818181818185,0.04545454545454546,0.18181818181818185,0.09090909090909093,0.13636363636363638,0.02272727272727273,0.31818181818181823
want,0.09183673469387754,0.173469387755102,0.040816326530612235,0.1020408163265306,0.13265306122448978,0.07142857142857142,0.0510204081632653,0.33673469387755095
get,0.09913793103448276,0.1853448275862069,0.03879310344827586,0.1163793103448276,0.13793103448275862,0.09051724137931035,0.1077586206896552,0.22413793103448276
information,0.008264462809917356,0.18181818181818182,0.02479338842975207,0.04958677685950414,0.14049586776859507,0.08264462809917357,0.03305785123966942,0.4793388429752066
said,0.08466819221967964,0.14645308924485126,0.08237986270022883,0.16704805491990846,0.08695652173913043,0.1624713958810069,0.06864988558352403,0.2013729977116705
without,0.07729468599033816,0.18357487922705312,0.0676328502415459,0.0821256038647343,0.12077294685990339,0.13043478260869565,0.043478260869565216,0.2946859903381642
went,0.12977099236641224,0.1068702290076336,0.03816793893129771,0.13740458015267176,0.0916030534351145,0.11450381679389314,0.13740458015267176,0.24427480916030533
place,0.13999999999999999,0.07999999999999999,0.12,0.18,0.12,0.09999999999999999,0.019999999999999997,0.24
deserted,0.17857142857142858,0.07142857142857142,0.17857142857142858,0.1875,0.05357142857142857,0.22321428571428573,0.026785714285714284,0.08035714285714285
public,0.0,0.46067415730337075,0.0,0.0449438202247191,0.07865168539325842,0.0,0.0,0.4157303370786517
heard,0.10000000000000002,0.16,0.07000000000000002,0.17000000000000004,0.09000000000000001,0.11000000000000001,0.09000000000000001,0.21000000000000002
saw,0.10389610389610389,0.16233766233766234,0.06493506493506493,0.11038961038961038,0.16233766233766234,0.10389610389610389,0.12337662337662336,0.1688311688311688
thought,0.036585365853658534,0.532520325203252,0.024390243902439025,0.08130081300813008,0.05691056910569106,0.06504065040650406,0.04065040650406504,0.16260162601626016
taking,0.1,0.22500000000000003,0.12500000000000003,0.2,0.05,0.12500000000000003,0.1,0.07500000000000001
nervous,0.11363636363636365,0.25,0.06818181818181819,0.31818181818181823,0.06818181818181819,0.09090909090909091,0.022727272727272728,0.06818181818181819
stood,0.04109589041095891,0.13698630136986303,0.06849315068493152,0.06849315068493152,0.1095890410958904,0.16438356164383564,0.1095890410958904,0.3013698630136986
gray,0.0,0.022727272727272728,0.36363636363636365,0.06818181818181819,0.0,0.4090909090909091,0.0,0.13636363636363638
albert,0.09302325581395349,0.046511627906976744,0.06976744186046512,0.18604651162790697,0.046511627906976744,0.20930232558139536,0.046511627906976744,0.3023255813953488
potts,0.11538461538461539,0.09230769230769231,0.06923076923076923,0.16923076923076924,0.053846153846153856,0.16153846153846155,0.06153846153846154,0.27692307692307694
secretary,0.07142857142857144,0.2142857142857143,0.02380952380952381,0.09523809523809525,0.07142857142857144,0.07142857142857144,0.0,0.45238095238095244
mr.,0.07425742574257425,0.14026402640264027,0.06930693069306931,0.1419141914191419,0.11056105610561055,0.12376237623762376,0.0858085808580858,0.25412541254125415
called,0.05405405405405405,0.1081081081081081,0.1081081081081081,0.13513513513513514,0.16216216216216214,0.13513513513513514,0.0,0.29729729729729726
gave,0.072,0.13599999999999998,0.055999999999999994,0.08799999999999998,0.15199999999999997,0.12799999999999997,0.13599999999999998,0.23199999999999996
must,0.12927756653992398,0.13307984790874525,0.09125475285171103,0.1596958174904943,0.07604562737642587,0.13307984790874525,0.034220532319391636,0.24334600760456276
days,0.1744186046511628,0.20930232558139536,0.03488372093023256,0.03488372093023256,0.12790697674418605,0.10465116279069768,0.11627906976744187,0.19767441860465118
ago,0.1470588235294118,0.11764705882352942,0.08823529411764706,0.1470588235294118,0.05882352941176471,0.17647058823529413,0.0,0.2647058823529412
put,0.07865168539325842,0.12359550561797752,0.0449438202247191,0.11235955056179775,0.14606741573033707,0.1348314606741573,0.07865168539325842,0.2808988764044944
seen,0.024390243902439025,0.15853658536585366,0.06097560975609757,0.14634146341463417,0.15853658536585366,0.13414634146341464,0.08536585365853659,0.23170731707317074
since,0.14035087719298245,0.15789473684210525,0.10526315789473684,0.08771929824561404,0.12280701754385966,0.19298245614035087,0.017543859649122806,0.1754385964912281
news,0.16666666666666669,0.11904761904761905,0.14285714285714285,0.2380952380952381,0.023809523809523808,0.16666666666666669,0.11904761904761905,0.023809523809523808
banker,0.05555555555555555,0.05555555555555555,0.0,0.19444444444444445,0.05555555555555555,0.1388888888888889,0.027777777777777776,0.47222222222222227
nothing,0.0425531914893617,0.1702127659574468,0.0,0.14893617021276598,0.14893617021276598,0.12765957446808512,0.12765957446808512,0.23404255319148937
never,0.07407407407407407,0.21296296296296297,0.0925925925925926,0.12962962962962965,0.10185185185185185,0.16666666666666666,0.018518518518518517,0.2037037037037037
much,0.08163265306122448,0.1836734693877551,0.08163265306122448,0.11564625850340136,0.1292517006802721,0.08163265306122448,0.08843537414965985,0.23809523809523808
idea,0.14893617021276598,0.10638297872340427,0.04255319148936171,0.2340425531914894,0.08510638297872342,0.2765957446808511,0.0,0.10638297872340427
become,0.12962962962962965,0.0925925925925926,0.1111111111111111,0.2222222222222222,0.07407407407407407,0.2037037037037037,0.0,0.16666666666666666
husband,0.08888888888888888,0.11111111111111112,0.06666666666666667,0.2,0.11111111111111112,0.15555555555555556,0.06666666666666667,0.2
say,0.09210526315789473,0.14473684210526314,0.039473684210526314,0.09210526315789473,0.06578947368421052,0.07894736842105263,0.05263157894736841,0.43421052631578944
yes,0.08510638297872339,0.23404255319148934,0.021276595744680847,0.1276595744680851,0.14893617021276595,0.17021276595744678,0.06382978723404255,0.14893617021276595
told,0.08759124087591241,0.10948905109489052,0.0948905109489051,0.14598540145985403,0.10218978102189782,0.18248175182481755,0.03649635036496351,0.24087591240875914
matter,0.08888888888888888,0.15555555555555556,0.06666666666666667,0.24444444444444444,0.08888888888888888,0.15555555555555556,0.06666666666666667,0.13333333333333333
bonds,0.18181818181818182,0.07792207792207792,0.06493506493506493,0.22077922077922077,0.09090909090909091,0.14285714285714285,0.0,0.22077922077922077
"250,000",0.13953488372093023,0.11627906976744186,0.06976744186046512,0.20930232558139533,0.06976744186046512,0.16279069767441862,0.02325581395348837,0.20930232558139533
think,0.09345794392523364,0.1495327102803738,0.05607476635514018,0.1495327102803738,0.09345794392523364,0.14018691588785046,0.03738317757009345,0.2803738317757009
returned,0.05263157894736842,0.10526315789473684,0.05263157894736842,0.10526315789473684,0.15789473684210528,0.15789473684210528,0.07894736842105264,0.2894736842105263
turned,0.08888888888888888,0.12222222222222222,0.04444444444444444,0.14444444444444443,0.16666666666666666,0.08888888888888888,0.08888888888888888,0.2555555555555556
decided,0.027777777777777776,0.2222222222222222,0.027777777777777776,0.18055555555555555,0.09722222222222222,0.08333333333333333,0.09722222222222222,0.2638888888888889
understand,0.15277777777777776,0.06944444444444445,0.09722222222222222,0.2777777777777778,0.041666666666666664,0.18055555555555555,0.05555555555555555,0.125
upon,0.11009174311926608,0.13761467889908258,0.06880733944954129,0.14220183486238536,0.08256880733944955,0.12385321100917433,0.0871559633027523,0.24770642201834867
broke,0.04255319148936171,0.021276595744680854,0.06382978723404256,0.4042553191489362,0.021276595744680854,0.34042553191489366,0.06382978723404256,0.04255319148936171
however,0.06837606837606837,0.15384615384615385,0.07692307692307693,0.1623931623931624,0.1111111111111111,0.07692307692307693,0.06837606837606837,0.28205128205128205
eyes,0.08860759493670886,0.13924050632911392,0.11392405063291139,0.18987341772151897,0.08860759493670886,0.15189873417721517,0.07594936708860758,0.15189873417721517
mind,0.10714285714285715,0.0892857142857143,0.0892857142857143,0.2142857142857143,0.0892857142857143,0.1785714285714286,0.0,0.23214285714285715
facts,0.0,0.1,0.0,0.1,0.1,0.1,0.03333333333333333,0.5666666666666667
return,0.11538461538461539,0.21153846153846154,0.09615384615384616,0.23076923076923078,0.038461538461538464,0.09615384615384616,0.13461538461538464,0.07692307692307693
believe,0.17647058823529413,0.0784313725490196,0.0784313725490196,0.27450980392156865,0.09803921568627451,0.17647058823529413,0.0,0.11764705882352941
perhaps,0.06557377049180327,0.16393442622950818,0.06557377049180327,0.13114754098360654,0.0983606557377049,0.14754098360655735,0.0983606557377049,0.22950819672131145
even,0.14193548387096774,0.10967741935483873,0.09677419354838711,0.16774193548387095,0.07741935483870968,0.2,0.05161290322580645,0.15483870967741936
true,0.0,0.1282051282051282,0.0,0.05128205128205127,0.30769230769230765,0.05128205128205127,0.05128205128205127,0.4102564102564102
set,0.16666666666666666,0.10526315789473684,0.03508771929824561,0.08771929824561404,0.10526315789473684,0.10526315789473684,0.06140350877192983,0.3333333333333333
leave,0.05113636363636364,0.10227272727272728,0.011363636363636364,0.07954545454545456,0.045454545454545456,0.32954545454545453,0.2897727272727273,0.09090909090909091
look,0.12048192771084339,0.10843373493975905,0.10843373493975905,0.13253012048192772,0.0963855421686747,0.1807228915662651,0.10843373493975905,0.14457831325301207
room,0.09313725490196079,0.1568627450980392,0.058823529411764705,0.14215686274509803,0.10294117647058823,0.1568627450980392,0.07352941176470588,0.2156862745098039
picture,0.08333333333333333,0.12962962962962965,0.1111111111111111,0.16666666666666666,0.10185185185185185,0.12962962962962965,0.0462962962962963,0.2314814814814815
woman,0.10666666666666666,0.12,0.09333333333333334,0.18666666666666668,0.08,0.2,0.06666666666666667,0.14666666666666667
street,0.09523809523809523,0.1746031746031746,0.06349206349206349,0.15873015873015875,0.07936507936507937,0.12698412698412698,0.07936507936507937,0.22222222222222224
made,0.10695187165775402,0.10160427807486631,0.0855614973262032,0.16042780748663102,0.10160427807486631,0.20320855614973263,0.0855614973262032,0.15508021390374332
last,0.09433962264150943,0.18867924528301885,0.07547169811320754,0.09433962264150943,0.1320754716981132,0.16981132075471697,0.018867924528301886,0.22641509433962262
oh,0.05882352941176471,0.11764705882352942,0.0,0.11764705882352942,0.17647058823529413,0.23529411764705885,0.11764705882352942,0.17647058823529413
seemed,0.16363636363636364,0.16363636363636364,0.07272727272727272,0.16363636363636364,0.05454545454545455,0.23636363636363636,0.01818181818181818,0.1272727272727273
wife,0.11403508771929824,0.07017543859649122,0.10526315789473684,0.14035087719298245,0.06140350877192983,0.15789473684210525,0.017543859649122806,0.3333333333333333
explain,0.05128205128205128,0.05128205128205128,0.10256410256410256,0.15384615384615385,0.02564102564102564,0.1794871794871795,0.0,0.4358974358974359
reason,0.09523809523809523,0.11111111111111112,0.015873015873015872,0.20634920634920634,0.15873015873015875,0.14285714285714285,0.11111111111111112,0.15873015873015875
loss,0.2564102564102564,0.07692307692307691,0.025641025641025637,0.23076923076923073,0.025641025641025637,0.2564102564102564,0.025641025641025637,0.10256410256410255
estate,0.09756097560975609,0.24390243902439024,0.024390243902439022,0.12195121951219512,0.17073170731707316,0.12195121951219512,0.07317073170731707,0.14634146341463414
soon,0.058823529411764705,0.19607843137254902,0.0392156862745098,0.17647058823529413,0.13725490196078433,0.13725490196078433,0.058823529411764705,0.19607843137254902
've,0.08974358974358974,0.16025641025641027,0.07051282051282051,0.12179487179487179,0.12179487179487179,0.14102564102564102,0.08333333333333333,0.21153846153846154
interest,0.08333333333333333,0.08333333333333333,0.08333333333333333,0.20833333333333334,0.125,0.20833333333333334,0.041666666666666664,0.16666666666666666
paper,0.07638888888888888,0.18055555555555555,0.09027777777777778,0.11805555555555557,0.1388888888888889,0.1111111111111111,0.0625,0.2222222222222222
really,0.07894736842105263,0.18421052631578946,0.026315789473684206,0.18421052631578946,0.15789473684210525,0.15789473684210525,0.07894736842105263,0.13157894736842105
across,0.05769230769230768,0.1346153846153846,0.11538461538461536,0.1346153846153846,0.1346153846153846,0.1346153846153846,0.07692307692307691,0.2115384615384615
black,0.06000000000000001,0.04,0.10000000000000002,0.08,0.10000000000000002,0.5000000000000001,0.0,0.12000000000000002
red,0.14285714285714285,0.023809523809523805,0.14285714285714285,0.16666666666666666,0.09523809523809522,0.26190476190476186,0.04761904761904761,0.11904761904761904
