,anger,anticipation,disgust,fear,joy,sadness,surprise,trust
gutenberg,0.08358061325420377,0.2403560830860534,0.04945598417408507,0.05637982195845698,0.0712166172106825,0.10880316518298716,0.013847675568743818,0.37636003956478736
's,0.08193092231584179,0.16973502902708443,0.062413878786509745,0.11339763717273939,0.16941878063656282,0.11089023921931826,0.0782488874833405,0.2139646253586031
compromise,0.1423611111111111,0.12152777777777776,0.11111111111111109,0.17708333333333331,0.07291666666666666,0.13888888888888887,0.048611111111111105,0.18749999999999997
slavery,0.17249154453213078,0.08117249154453211,0.14656144306651633,0.19391206313416007,0.06200676437429538,0.1600901916572717,0.03494926719278466,0.1488162344983089
ebook,0.04428571428571428,0.2042857142857143,0.06714285714285714,0.08714285714285713,0.10428571428571429,0.05285714285714286,0.027142857142857142,0.41285714285714287
use,0.12078380982974622,0.18663668486990043,0.07741728236427883,0.11371667202055895,0.1509797622871828,0.07645358175393512,0.04754256344362352,0.2264696434307742
whatsoever,0.10975609756097561,0.13414634146341464,0.0975609756097561,0.10975609756097561,0.13414634146341464,0.10975609756097561,0.07317073170731708,0.23170731707317077
may,0.09573704607435049,0.1636285345198794,0.06552318070905698,0.11525764317496769,0.14489737333141953,0.10434907420697574,0.06710205253337159,0.24350509544997845
copy,0.18071476736345243,0.10384356035064057,0.08024275118004046,0.07282535401213755,0.05124747134187457,0.0748482805124747,0.02832097100472016,0.40795684423465944
give,0.08936312104034677,0.17755918639546514,0.0596865621873958,0.10903634544848283,0.15321773924641546,0.10286762254084694,0.07785928642880961,0.2304101367122374
away,0.10153929246556845,0.1648663246016743,0.06791790440183634,0.13759114231704023,0.1332703213610586,0.13246016743181205,0.07763975155279504,0.18471509586821494
terms,0.12146788990825688,0.14275229357798164,0.04990825688073395,0.09908256880733946,0.12844036697247707,0.06788990825688074,0.05137614678899083,0.33908256880733945
project,0.12362086258776328,0.1716399197592778,0.050275827482447334,0.05253259779338013,0.1021815446339017,0.07748244734202607,0.01893179538615847,0.4033350050150451
license,0.10606060606060605,0.22525252525252523,0.05858585858585858,0.0909090909090909,0.11919191919191917,0.08484848484848484,0.03131313131313131,0.2838383838383838
included,0.05782312925170068,0.19727891156462588,0.03741496598639456,0.10884353741496598,0.1292517006802721,0.08163265306122448,0.04081632653061224,0.3469387755102041
online,0.030456852791878174,0.20304568527918782,0.06598984771573604,0.04060913705583757,0.1319796954314721,0.050761421319796954,0.05583756345177665,0.4213197969543147
new,0.08130180399804972,0.18295953193564113,0.05570453437347635,0.12420770355923938,0.1433447098976109,0.09507557289127254,0.07155046318868843,0.24585568015602144
language,0.09658617818484597,0.14487926727726894,0.06328059950041633,0.10407993338884264,0.1357202331390508,0.09408825978351373,0.05745212323064113,0.3039134054954205
produced,0.10983102918586789,0.17741935483870966,0.06451612903225806,0.1528417818740399,0.11367127496159754,0.09293394777265744,0.0629800307219662,0.2258064516129032
distributed,0.07890499194847021,0.23188405797101447,0.06763285024154589,0.12238325281803543,0.11272141706924316,0.07246376811594203,0.024154589371980676,0.2898550724637681
http,0.03214285714285714,0.2464285714285714,0.04642857142857142,0.02142857142857143,0.13214285714285715,0.03571428571428571,0.02142857142857143,0.4642857142857143
book,0.06804123711340206,0.18831615120274914,0.05292096219931271,0.0865979381443299,0.1718213058419244,0.09347079037800687,0.09278350515463916,0.24604810996563573
public,0.07389473684210526,0.28378947368421054,0.05136842105263158,0.11052631578947368,0.10505263157894737,0.08147368421052632,0.04231578947368421,0.25157894736842107
domain,0.08755760368663594,0.2672811059907834,0.046082949308755755,0.11520737327188939,0.06451612903225805,0.07834101382488479,0.025345622119815663,0.3156682027649769
material,0.11908177905308463,0.13773314203730272,0.06599713055954089,0.16355810616929697,0.09182209469153514,0.10473457675753227,0.044476327116212334,0.27259684361549497
print,0.061349693251533735,0.18404907975460122,0.061349693251533735,0.09202453987730061,0.1165644171779141,0.08588957055214723,0.07975460122699386,0.31901840490797545
see,0.07850467289719627,0.17423230974632845,0.06688918558077438,0.10894526034712951,0.16875834445927906,0.1116154873164219,0.08704939919893191,0.20400534045393862
end,0.10041724617524339,0.1705146036161335,0.060917941585535464,0.14408901251738526,0.13184979137691238,0.10959666203059805,0.06870653685674548,0.21390820584144643
american,0.08083140877598152,0.17782909930715932,0.06581986143187067,0.14434180138568128,0.1374133949191686,0.08660508083140876,0.07043879907621246,0.23672055427251731
anti-slavery,0.15000000000000002,0.09000000000000001,0.09000000000000001,0.2,0.09000000000000001,0.12000000000000001,0.02,0.24000000000000002
cause,0.11164610291904904,0.1600962985254288,0.05537165212157689,0.1354198013842913,0.11405356605476978,0.09268733072524826,0.06770990069214565,0.26301534757749023
circumstances,0.11203090507726268,0.1401766004415011,0.06291390728476821,0.15121412803532008,0.11589403973509933,0.1009933774834437,0.07395143487858719,0.24282560706401768
name,0.09357652656621729,0.1457176843774782,0.06562252180808882,0.12767644726407612,0.147898493259318,0.10329103885804918,0.07652656621728787,0.23969072164948454
shield,0.1547987616099071,0.1393188854489164,0.08668730650154798,0.21671826625386995,0.07739938080495355,0.12693498452012383,0.03715170278637771,0.16099071207430338
least,0.0992537313432836,0.15696517412935324,0.06218905472636816,0.1390547263681592,0.13208955223880597,0.10497512437810945,0.07512437810945274,0.23034825870646766
within,0.11895070104025328,0.17164179104477612,0.05110809588421529,0.12324739936680237,0.14133876074174584,0.11533242876526459,0.08887381275440977,0.18950701040253282
shall,0.08792532369768143,0.16124661246612465,0.06338452273411624,0.12149954832881663,0.15251430292080698,0.10689551339957845,0.07422463113520024,0.2323095453176754
make,0.0944481309444813,0.17772616677726166,0.06514045565140454,0.1176730811767308,0.1490820614908206,0.10606060606060605,0.07708471577084715,0.2127847821278478
heart,0.09127789046653144,0.14855029232788453,0.07027800978403531,0.12540269657558764,0.17575468321202722,0.1332776518315237,0.07600524997017062,0.17945352583223959
necessity,0.09155645981688709,0.1271617497456765,0.05188199389623602,0.12919633774160733,0.1017293997965412,0.21057985757884032,0.06002034587995931,0.2278738555442523
well,0.09174683544303798,0.16283544303797468,0.05670886075949367,0.1241518987341772,0.1510886075949367,0.1030886075949367,0.0780759493670886,0.23230379746835442
appellation,0.08421052631578947,0.2,0.0631578947368421,0.08421052631578947,0.15789473684210525,0.10526315789473684,0.08421052631578947,0.22105263157894736
man,0.09687575684185033,0.15802857834826836,0.07193024945507387,0.12708888350690242,0.15239767498183582,0.10880358440300315,0.08016468878663115,0.204710583676435
applied,0.10432569974554708,0.14758269720101783,0.04834605597964377,0.14758269720101783,0.1094147582697201,0.1297709923664122,0.06870229007633588,0.24427480916030533
present,0.05290519877675841,0.20504587155963303,0.031804281345565746,0.07660550458715597,0.18654434250764526,0.06590214067278287,0.14571865443425078,0.23547400611620795
state,0.09987297554779295,0.14004445855827247,0.06351222610352493,0.1481422673864719,0.10257224515719277,0.11479834868212131,0.06144807875516037,0.2696093998094633
sentiment,0.06493506493506493,0.1461038961038961,0.04545454545454545,0.1266233766233766,0.19155844155844154,0.10389610389610388,0.0487012987012987,0.2727272727272727
yet,0.09722222222222221,0.15189594356261024,0.06128747795414462,0.13690476190476192,0.13999118165784832,0.1275352733686067,0.07286155202821869,0.2123015873015873
regarded,0.10530749789385005,0.15248525695029486,0.07160909856781804,0.14995787700084245,0.11962931760741366,0.10951979780960405,0.06486941870261162,0.2266217354675653
good,0.04814348646947766,0.1997482693517936,0.03725613593455004,0.06438011327879169,0.2023285084959094,0.05733165512901196,0.15185651353052235,0.23895531780994336
though,0.1068691037735849,0.15227004716981132,0.07075471698113207,0.1363502358490566,0.13546580188679244,0.1214622641509434,0.07871462264150944,0.1981132075471698
never,0.09668425769192474,0.15881708652792992,0.0702977198048392,0.1286468186796774,0.14846161505526237,0.12346908294334363,0.0724883003086727,0.2011351189883501
assumed,0.11510791366906473,0.15467625899280574,0.07014388489208633,0.1528776978417266,0.0935251798561151,0.10971223021582732,0.05935251798561151,0.24460431654676257
leader,0.11231884057971014,0.14130434782608695,0.06400966183574879,0.15579710144927536,0.08091787439613526,0.09178743961352658,0.06159420289855072,0.2922705314009662
sought,0.12003610108303248,0.14350180505415164,0.07310469314079422,0.14981949458483754,0.13357400722021662,0.11281588447653429,0.05956678700361011,0.2075812274368231
conspicuity,0.15,0.125,0.075,0.175,0.125,0.075,0.075,0.2
position,0.10266666666666666,0.15533333333333332,0.05866666666666666,0.15,0.12266666666666666,0.10066666666666667,0.07100000000000001,0.23900000000000002
notoriety,0.14728682170542637,0.12403100775193798,0.12403100775193798,0.11627906976744187,0.13178294573643412,0.09302325581395349,0.06201550387596899,0.20155038759689922
desired,0.09462915601023018,0.17774936061381075,0.04731457800511509,0.11892583120204604,0.16624040920716113,0.09718670076726343,0.07416879795396421,0.22378516624040923
follow,0.0912863070539419,0.1643153526970954,0.048962655601659744,0.13858921161825724,0.14688796680497923,0.10622406639004148,0.0846473029045643,0.21908713692946058
others,0.09720638540478906,0.1622006841505131,0.0701254275940707,0.137115165336374,0.13340935005701254,0.11345496009122007,0.07297605473204105,0.21351197263397947
better,0.09281314168377823,0.1657084188911704,0.06755646817248459,0.12299794661190966,0.14866529774127307,0.10841889117043121,0.07412731006160164,0.2197125256673511
qualified,0.12578616352201258,0.11949685534591196,0.06289308176100629,0.1509433962264151,0.09433962264150944,0.06918238993710692,0.04402515723270441,0.33333333333333337
would,0.10171163991043303,0.1599681202322669,0.06391134388401837,0.13917036699684995,0.13715890546130782,0.12049793161030779,0.07810543094614597,0.19947626095867013
go,0.08462544367644313,0.17952549971978332,0.05903231832617225,0.11339435830375491,0.16215206426303008,0.1048010461423501,0.08350457687278164,0.2129646926956847
lost,0.09190631485324637,0.14467832789801363,0.051289653127779423,0.11651348947524459,0.11384524162466647,0.24873999407056033,0.0658167803142603,0.16721019863622888
sight,0.09956331877729259,0.14454148471615721,0.08340611353711791,0.1497816593886463,0.13755458515283844,0.14104803493449783,0.08733624454148473,0.15676855895196506
throng,0.15,0.125,0.075,0.175,0.125,0.075,0.075,0.2
liberty,0.07587908698334361,0.175817396668723,0.04256631708821715,0.10240592227020358,0.15607649599012954,0.08081431215299198,0.11906230721776681,0.24737816162862428
adherents,0.17081850533807827,0.11387900355871884,0.08185053380782918,0.16370106761565836,0.08185053380782918,0.11387900355871884,0.07117437722419928,0.20284697508896796
drop,0.07624633431085044,0.1495601173020528,0.08797653958944282,0.10850439882697947,0.16129032258064518,0.12316715542521994,0.11143695014662756,0.18181818181818182
merged,0.15,0.125,0.075,0.175,0.125,0.075,0.075,0.2
ocean,0.10714285714285712,0.15372670807453415,0.05745341614906832,0.15527950310559005,0.13198757763975155,0.12267080745341614,0.07763975155279502,0.19409937888198756
alluded,0.12707182320441987,0.15469613259668508,0.07734806629834254,0.12154696132596683,0.12707182320441987,0.12154696132596683,0.07734806629834254,0.19337016574585633
reference,0.1099099099099099,0.14774774774774774,0.07207207207207206,0.13333333333333333,0.11891891891891893,0.11891891891891893,0.07207207207207206,0.227027027027027
invidiously,0.15,0.125,0.075,0.175,0.125,0.075,0.075,0.2
excite,0.17391304347826086,0.11594202898550723,0.06280193236714975,0.20289855072463767,0.1111111111111111,0.10144927536231883,0.10628019323671496,0.1256038647342995
prejudice,0.15,0.125,0.075,0.175,0.125,0.075,0.075,0.2
noblest,0.08542713567839197,0.14572864321608042,0.07035175879396985,0.13065326633165827,0.14572864321608042,0.05025125628140703,0.05025125628140703,0.32160804020100503
movement,0.13273001508295623,0.12217194570135746,0.07239819004524886,0.17797888386123678,0.08898944193061839,0.13122171945701358,0.07692307692307691,0.1975867269984917
age,0.07923299565846598,0.16244573082489144,0.06005788712011577,0.11830680173661359,0.16534008683068016,0.11107091172214181,0.0785094066570188,0.22503617945007234
order,0.11653244907626718,0.15111321648507817,0.06276646139270489,0.1541923259118901,0.11108479393652299,0.10232117479867363,0.059687351965892955,0.24230222643297017
frightful,0.1680672268907563,0.10924369747899158,0.07563025210084033,0.22408963585434172,0.06722689075630252,0.18487394957983194,0.06442577030812324,0.10644257703081232
system,0.08906182447038478,0.14007782101167315,0.05231301340250757,0.1422395157803718,0.0946822308690013,0.08646779074794639,0.04885430177258971,0.3463035019455253
oppression,0.1582278481012658,0.08860759493670885,0.13291139240506328,0.20253164556962022,0.07594936708860758,0.13291139240506328,0.050632911392405056,0.1582278481012658
ever,0.09040256303106282,0.162975344755537,0.06658308956679201,0.11645075915865719,0.16645772391698008,0.11505780749407994,0.07939824488090262,0.20267446719598828
devised,0.15,0.125,0.075,0.175,0.125,0.075,0.075,0.2
human,0.10183028286189685,0.14908485856905157,0.08286189683860233,0.14509151414309485,0.13910149750415973,0.12246256239600667,0.0632279534109817,0.19633943427620631
ingenuity,0.15,0.125,0.075,0.175,0.125,0.075,0.075,0.2
wickedness,0.16568047337278105,0.08875739644970414,0.1834319526627219,0.17751479289940827,0.09467455621301774,0.11834319526627218,0.05917159763313609,0.11242603550295857
left,0.11094866796621183,0.14847303443794674,0.0705003248862898,0.14213775178687457,0.1288174139051332,0.11939571150097465,0.07439896036387264,0.20532813515269657
grow,0.06268656716417911,0.22786069651741292,0.045771144278606964,0.08159203980099503,0.21990049751243781,0.08656716417910448,0.046766169154228855,0.22885572139303484
expand,0.15,0.125,0.075,0.175,0.125,0.075,0.075,0.2
latest,0.1461187214611872,0.1415525114155251,0.07762557077625572,0.15525114155251143,0.11415525114155252,0.1004566210045662,0.0547945205479452,0.21004566210045664
generation,0.10619469026548672,0.168141592920354,0.048672566371681415,0.14601769911504425,0.09292035398230089,0.12831858407079647,0.048672566371681415,0.2610619469026549
accept,0.12137203166226912,0.13720316622691292,0.06332453825857519,0.13984168865435356,0.12664907651715038,0.10290237467018469,0.07124010554089709,0.23746701846965698
synonym,0.15,0.125,0.075,0.175,0.125,0.075,0.075,0.2
absolute,0.10922787193973635,0.1111111111111111,0.07532956685499058,0.16760828625235405,0.09981167608286252,0.10546139359698681,0.052730696798493404,0.2787193973634652
trust,0.06839945280437756,0.12722298221614228,0.05608755129958961,0.10807113543091657,0.15321477428180574,0.10396716826265391,0.06703146374829003,0.31600547195622436
god,0.05024542614904061,0.19134315037929497,0.037929495760821066,0.16412315930388222,0.20803212851405625,0.05854529228023205,0.03855421686746988,0.25122713074520303
utter,0.1218354430379747,0.12816455696202533,0.07436708860759494,0.17405063291139244,0.12341772151898735,0.129746835443038,0.06329113924050633,0.18512658227848103
disregard,0.15,0.125,0.075,0.175,0.125,0.075,0.075,0.2
fear,0.19624084103217582,0.12679197196559414,0.055750238929595415,0.2316024211532335,0.10258043963045554,0.09843899330997133,0.05893596686842943,0.12965912711054475
bringeth,0.15,0.125,0.075,0.175,0.125,0.075,0.075,0.2
snare,0.15,0.125,0.075,0.175,0.125,0.075,0.075,0.2
deem,0.125,0.16666666666666666,0.06944444444444445,0.1388888888888889,0.09722222222222222,0.05555555555555555,0.08333333333333333,0.2638888888888889
alike,0.10869565217391305,0.14229249011857706,0.06126482213438735,0.1442687747035573,0.14624505928853757,0.10474308300395258,0.06126482213438735,0.23122529644268774
honourable,0.11271676300578035,0.15028901734104044,0.07225433526011561,0.14450867052023122,0.11271676300578035,0.07803468208092486,0.05491329479768786,0.2745664739884393
praiseworthy,0.15,0.125,0.075,0.175,0.125,0.075,0.075,0.2
abolitionism,0.1095890410958904,0.136986301369863,0.0821917808219178,0.20547945205479454,0.1095890410958904,0.0958904109589041,0.0273972602739726,0.23287671232876714
means,0.11250284673195174,0.14529719881575953,0.06376679571851515,0.1423365975859713,0.11887952630380323,0.09405602368480984,0.06035071737645184,0.26281029378273746
forces,0.15146579804560262,0.15146579804560262,0.0749185667752443,0.18729641693811075,0.0749185667752443,0.12866449511400652,0.055374592833876225,0.1758957654723127
defend,0.10330578512396696,0.13636363636363638,0.07851239669421489,0.2603305785123967,0.09090909090909091,0.0950413223140496,0.07024793388429754,0.1652892561983471
highest,0.05185758513931888,0.19891640866873064,0.030185758513931887,0.16950464396284828,0.18885448916408665,0.06191950464396284,0.14318885448916407,0.15557275541795665
religion,0.07952622673434857,0.11562323745064863,0.045685279187817264,0.10885504794134238,0.14608009024252683,0.059221658206429786,0.03778905809362663,0.4072194021432601
spirit,0.0900180551973175,0.1604333247356203,0.057002837245292745,0.12122775341759091,0.17874645344338405,0.09311323188031982,0.06757802424555068,0.23188031983492388
infidel,0.180327868852459,0.0901639344262295,0.13934426229508196,0.21311475409836061,0.08196721311475408,0.10655737704918031,0.024590163934426226,0.16393442622950816
deaf,0.11488250652741515,0.1671018276762402,0.06788511749347259,0.15926892950391647,0.13315926892950394,0.1122715404699739,0.06266318537859009,0.18276762402088775
reason,0.10941774130519735,0.13989839781164518,0.06760453302071122,0.15084017194216492,0.12778429073856976,0.1109808518952716,0.054708870652598676,0.23876514263384135
call,0.0858768753233316,0.16709777547853077,0.07087428867046043,0.10812209001551991,0.16968442834971548,0.10812209001551991,0.07397827211588205,0.21624418003103982
evil,0.14794921875,0.11328125000000001,0.1279296875,0.1767578125,0.09814453125000001,0.1513671875,0.05859375000000001,0.1259765625
put,0.11470477623166601,0.15513350883790897,0.08066942459571266,0.13858593456186535,0.1111320045129748,0.12034599473486271,0.07897705904475366,0.2004512974802557
darkness,0.17729729729729732,0.0918918918918919,0.05405405405405406,0.21405405405405403,0.09837837837837837,0.2064864864864865,0.06054054054054054,0.0972972972972973
light,0.0875185420639966,0.16507734689552872,0.053401144310235224,0.11697393515575333,0.1756728120364484,0.10807374443738081,0.0847637211273575,0.20851875397329941
insist,0.15702479338842978,0.10743801652892562,0.09090909090909091,0.1735537190082645,0.10743801652892562,0.15702479338842978,0.04132231404958678,0.1652892561983471
jesus,0.05128205128205128,0.17094017094017094,0.037037037037037035,0.09686609686609687,0.23076923076923078,0.06267806267806267,0.05128205128205128,0.29914529914529914
cover,0.10843373493975905,0.13654618473895583,0.08032128514056225,0.14056224899598393,0.10441767068273093,0.13253012048192772,0.040160642570281124,0.25702811244979923
prophets,0.19999999999999998,0.08571428571428572,0.11428571428571428,0.19999999999999998,0.08571428571428572,0.14285714285714285,0.05714285714285714,0.11428571428571428
like,0.09947744073413203,0.1574687738975274,0.07449655875605404,0.1359291358654091,0.1488019372928881,0.12662503186336987,0.07819270966097373,0.17900841192964567
sun,0.0527255029201817,0.21057754704737186,0.030499675535366647,0.06943543153796236,0.20230369889682026,0.06375730045425049,0.15525632706035042,0.2154445165476963
without,0.11170431211498974,0.15145790554414784,0.06989733059548255,0.14291581108829568,0.12747433264887065,0.11474332648870636,0.06562628336755646,0.2161806981519507
strength,0.09523809523809523,0.12126984126984126,0.06349206349206349,0.1180952380952381,0.14539682539682539,0.09142857142857141,0.06222222222222222,0.3028571428571429
let,0.11240171551107934,0.14974982130092923,0.06826304503216583,0.1456397426733381,0.14242315939957112,0.12687634024303074,0.07380271622587561,0.18084345961401
time,0.08620689655172413,0.29394449116904964,0.05419470142977292,0.11737804878048781,0.11085996635828427,0.09671993271656855,0.062079478553406224,0.17861648444070646
one,0.10127191474733586,0.15575799243726365,0.06933654176693023,0.13221038157442422,0.13795118597456169,0.11653489171536612,0.07789618425575799,0.20904090752836027
show,0.07157806613645877,0.15487651737128505,0.05106739221431561,0.0996232733361239,0.13771452490581834,0.09543742151527836,0.06153202176642947,0.3281707827542905
portion,0.11574406901509705,0.14593817397555714,0.06613946800862688,0.1466570812365205,0.11574406901509705,0.1207764198418404,0.0805176132278936,0.20848310567936734
declaration,0.10820895522388062,0.14179104477611942,0.04477611940298507,0.21641791044776124,0.10074626865671642,0.06716417910447761,0.07089552238805971,0.25
independence,0.06652806652806652,0.18295218295218293,0.0291060291060291,0.0977130977130977,0.1611226611226611,0.06756756756756756,0.13929313929313927,0.2557172557172557
set,0.11335274542429286,0.16326955074875207,0.05948419301164726,0.11813643926788686,0.13331946755407653,0.10898502495840266,0.06135607321131447,0.2420965058236273
forth,0.12018633540372671,0.14596273291925466,0.059627329192546576,0.12391304347826086,0.1406832298136646,0.11180124223602485,0.06459627329192545,0.23322981366459625
among,0.09547738693467338,0.15170446828738288,0.06736384625831862,0.1348635067228032,0.1421974738557653,0.11136764905609127,0.08162433790574494,0.21540133097922043
men,0.11128412747845946,0.1505242395930655,0.07027924841690024,0.14003944773175542,0.13121561299698953,0.10910412124987023,0.06830686182912904,0.21924634070383062
created,0.03940886699507389,0.22660098522167488,0.009852216748768473,0.12807881773399016,0.16256157635467983,0.06896551724137931,0.06403940886699508,0.3004926108374384
rights,0.10543130990415338,0.1477635782747604,0.05750798722044729,0.152555910543131,0.11261980830670927,0.11501597444089458,0.04313099041533547,0.26597444089456873
life,0.08702897879825942,0.16905842051661882,0.06416072585871678,0.12063697805758725,0.16285529117674288,0.1099898157578002,0.07601148041847977,0.21025830941579482
regard,0.10184287099903007,0.15421920465567412,0.06595538312318139,0.1367604267701261,0.1338506304558681,0.12027158098933075,0.0504364694471387,0.2366634335596508
every,0.09449891067538127,0.16140159767610748,0.06390704429920116,0.13671023965141613,0.14633260711692084,0.10793391430646333,0.07017066085693537,0.21904502541757442
form,0.08895705521472393,0.1547685443390965,0.05158951477969883,0.11851645287228109,0.13441160066926938,0.10290016731734523,0.06190741773563859,0.28694924707194647
indignation,0.23167848699763594,0.09219858156028368,0.1796690307328605,0.14893617021276595,0.07801418439716312,0.0945626477541371,0.06619385342789597,0.10874704491725767
principle,0.10629251700680271,0.15136054421768708,0.04591836734693877,0.13945578231292519,0.11224489795918367,0.08758503401360544,0.055272108843537414,0.30187074829931976
subject,0.10714285714285715,0.15319548872180452,0.07330827067669174,0.12640977443609025,0.11325187969924812,0.11513157894736843,0.07236842105263158,0.2391917293233083
open,0.11153358681875791,0.14290240811153357,0.06749049429657795,0.15050697084917616,0.12864385297845374,0.12198986058301649,0.0779467680608365,0.19898605830164767
mouth,0.08510638297872342,0.13556231003039515,0.08814589665653497,0.10395136778115503,0.10395136778115503,0.09908814589665656,0.23586626139817632,0.14832826747720365
defence,0.1411290322580645,0.12499999999999997,0.09475806451612902,0.19959677419354835,0.07661290322580644,0.12298387096774191,0.04435483870967741,0.19556451612903222
manhood,0.12307692307692308,0.12820512820512822,0.10256410256410257,0.12820512820512822,0.15384615384615388,0.10769230769230771,0.041025641025641026,0.21538461538461542
soul,0.0892182505085731,0.15228131357163618,0.07788433594885208,0.13339145597210114,0.1740773031095612,0.12438244696309214,0.06916594013368207,0.1795989537925022
party,0.1392714349178143,0.13727232341181694,0.06574855619724566,0.15815193247445578,0.10217681030653042,0.12772101288316304,0.06552643269657929,0.20413149711239448
interest,0.07965554359526374,0.1603875134553283,0.05651237890204521,0.1108719052744887,0.15339074273412273,0.09634015069967708,0.09041980624327234,0.25242195909580195
another,0.11471787899388171,0.15873555404486744,0.06866077498300477,0.1402107409925221,0.13443235893949695,0.11930659415363698,0.07919782460910946,0.18473827328348064
slave,0.18741976893453147,0.0975609756097561,0.07252888318356868,0.2098844672657253,0.06996148908857511,0.17458279845956357,0.03530166880616175,0.15275994865211812
longer,0.09711620016963528,0.1594571670907549,0.061916878710771846,0.1539440203562341,0.11111111111111112,0.12383375742154369,0.06149279050042409,0.23112807463952506
whatever,0.09327354260089685,0.15336322869955155,0.06278026905829596,0.12017937219730941,0.1452914798206278,0.09686098654708519,0.06816143497757847,0.2600896860986547
complexion,0.07643312101910828,0.1592356687898089,0.057324840764331204,0.11464968152866241,0.17197452229299362,0.10828025477707007,0.07643312101910828,0.2356687898089172
freedom,0.09374999999999999,0.11737804878048778,0.06021341463414634,0.12652439024390244,0.18902439024390244,0.09527439024390244,0.053353658536585365,0.26448170731707316
together,0.09090909090909091,0.17045454545454544,0.05791788856304986,0.12683284457478006,0.15799120234604105,0.09934017595307917,0.08321114369501466,0.21334310850439883
mammon,0.11290322580645162,0.14516129032258066,0.08064516129032259,0.20967741935483875,0.11290322580645162,0.11290322580645162,0.01612903225806452,0.20967741935483875
upon,0.10110294117647058,0.1543096405228758,0.06888276143790849,0.1375612745098039,0.13715277777777776,0.12157883986928104,0.07358047385620915,0.2058312908496732
stand,0.09686411149825783,0.14912891986062715,0.06550522648083623,0.14912891986062715,0.13658536585365852,0.12961672473867594,0.059233449477351915,0.21393728222996514
nation,0.09897172236503855,0.12146529562982004,0.06619537275064268,0.13174807197943444,0.10604113110539845,0.10604113110539845,0.049485861182519277,0.320051413881748
guilty,0.2150900900900901,0.10022522522522523,0.08445945945945947,0.15202702702702703,0.06756756756756757,0.20608108108108109,0.04054054054054054,0.13400900900900903
justice,0.10876897133220911,0.10539629005059023,0.06492411467116357,0.14502529510961215,0.07925801011804384,0.11129848229342329,0.03962900505902192,0.34569983136593596
right,0.12296110414052698,0.14978042659974908,0.061323713927227096,0.11700125470514429,0.11700125470514429,0.12060853199498117,0.0672835633626098,0.2440401505646173
crime,0.22905982905982905,0.08888888888888888,0.11794871794871793,0.17094017094017094,0.05128205128205128,0.1264957264957265,0.05299145299145299,0.1623931623931624
say,0.08750437521876095,0.1648582429121456,0.06247812390619531,0.11725586279313965,0.15138256912845643,0.10938046902345118,0.07980399019950998,0.22733636681834093
devil,0.15824915824915825,0.1212121212121212,0.11447811447811448,0.17845117845117844,0.10437710437710437,0.1447811447811448,0.03367003367003367,0.1447811447811448
people,0.10037974683544303,0.15873417721518987,0.07088607594936708,0.13,0.1262025316455696,0.10379746835443038,0.0660759493670886,0.24392405063291137
children,0.08110964332892999,0.16961690885072656,0.06472919418758256,0.10885072655217966,0.1735799207397622,0.11122853368560105,0.071334214002642,0.21955085865257595
saith,0.14864864864864866,0.05405405405405406,0.17567567567567569,0.1891891891891892,0.013513513513513514,0.14864864864864866,0.05405405405405406,0.21621621621621623
lord,0.06235201262825573,0.13022888713496447,0.16258879242304658,0.09865824782951856,0.11720599842146805,0.0718232044198895,0.04814522494080505,0.3089976322020521
sin,0.15592680986475735,0.08432776451869531,0.147175815433572,0.19331742243436753,0.09864757358790771,0.18217979315831342,0.035003977724741446,0.10342084327764518
therefore,0.09515996718621823,0.1583264971287941,0.04922067268252667,0.1390484003281378,0.13453650533223957,0.09433962264150944,0.0849056603773585,0.24446267432321575
shame,0.09454545454545454,0.09454545454545454,0.15515151515151512,0.19272727272727272,0.09818181818181818,0.19636363636363635,0.03878787878787878,0.12969696969696967
come,0.09403520208604953,0.17307692307692307,0.06241851368970012,0.12581486310299866,0.14097131681877442,0.11913298565840937,0.07513037809647977,0.2094198174706649
hear,0.09260244811069718,0.1809473124002129,0.05747738158594997,0.12134113890367217,0.15912719531665778,0.12453432676955827,0.08568387440127727,0.17828632251197443
law,0.09620941696413395,0.11218765935747067,0.05320414754377019,0.13326534081251062,0.08261091279959204,0.08958014618391977,0.04589495155532891,0.3870474247832738
unto,0.08277404921700224,0.1767337807606264,0.0738255033557047,0.11409395973154361,0.1879194630872483,0.10067114093959731,0.05592841163310962,0.2080536912751678
us,0.07885824866956943,0.17077890662796322,0.059700048379293665,0.1200774068698597,0.15684567005321723,0.10662796323173682,0.07982583454281568,0.22728592162554426
speak,0.08793208004851424,0.1613098847786537,0.06428138265615524,0.1249241964827168,0.14251061249241964,0.12249848392965433,0.06488781079442085,0.23165554881746514
holy,0.08091123330714847,0.16260801256873528,0.057344854673998434,0.1178318931657502,0.20188531029065201,0.10761979575805186,0.05498821681068343,0.21681068342498036
wherefore,0.1134020618556701,0.13402061855670103,0.10309278350515463,0.18556701030927833,0.09278350515463916,0.10309278350515463,0.07216494845360824,0.1958762886597938
thus,0.10588809368900455,0.1558230318802863,0.06408588158750814,0.14297332465842552,0.1257319453480807,0.12003903708523096,0.07774886141834743,0.20770982433311647
ye,0.11491628614916286,0.11415525114155249,0.091324200913242,0.16894977168949768,0.11339421613394214,0.1400304414003044,0.059360730593607296,0.197869101978691
despise,0.2,0.05,0.125,0.175,0.025,0.125,0.025,0.275
word,0.06953730944102703,0.13934207007221183,0.05161807970045467,0.09601497726664884,0.12623696175447982,0.09387536774538648,0.06338593206739772,0.35998930195239376
ready,0.09112333071484684,0.3095051060487039,0.055380989787902596,0.1154752553024352,0.11115475255302436,0.08837391987431266,0.054595443833464256,0.1743912018853103
whose,0.0897997081841093,0.15479506565857543,0.06327099084759254,0.12150152540124687,0.16779413715346866,0.10982888977317949,0.07361719060883408,0.2193924923729938
revolutionary,0.10978043912175649,0.13572854291417166,0.0658682634730539,0.1776447105788423,0.08982035928143713,0.12175648702594809,0.0658682634730539,0.23353293413173648
plymouth,0.13513513513513514,0.08108108108108109,0.10810810810810811,0.13513513513513514,0.10810810810810811,0.08108108108108109,0.08108108108108109,0.2702702702702703
rock,0.08722358722358722,0.12653562653562653,0.07248157248157248,0.15356265356265356,0.1253071253071253,0.16461916461916462,0.06756756756756757,0.2027027027027027
personal,0.10757254069355981,0.12809624911535739,0.05803255484784148,0.13234253361641898,0.11677282377919321,0.08634111818825195,0.0502476999292286,0.32059447983014866
hold,0.11264230077890952,0.15338526063511082,0.06950269622528461,0.13780707010185742,0.11923307369682444,0.1018573996405033,0.07429598562013182,0.23127621330137807
slaves,0.12359550561797752,0.11717495987158909,0.07463884430176566,0.17174959871589085,0.11235955056179776,0.12199036918138043,0.051364365971107544,0.22712680577849118
country,0.09132231404958677,0.15475206611570247,0.06487603305785124,0.1336776859504132,0.13925619834710742,0.10723140495867768,0.07954545454545454,0.22933884297520662
struggle,0.18733783082511674,0.11053450960041514,0.050337311883757126,0.22003113648157754,0.07576543850544887,0.1728074727555786,0.048261546445251685,0.13492475350285416
chains,0.0875912408759124,0.12408759124087591,0.0948905109489051,0.1678832116788321,0.12408759124087591,0.1751824817518248,0.0437956204379562,0.18248175182481752
slaveholding,0.12142857142857143,0.09999999999999999,0.07857142857142857,0.17857142857142858,0.08571428571428572,0.11428571428571428,0.04285714285714286,0.2785714285714286
thousand,0.10245231607629428,0.14114441416893733,0.07574931880108991,0.15258855585831063,0.13678474114441416,0.11280653950953679,0.07792915531335151,0.2005449591280654
made,0.09574208255312221,0.16933973784905967,0.06390946837091915,0.13245949686558658,0.13530896360823905,0.10917528291134088,0.07547016201253766,0.21859480582919483
press,0.11782477341389727,0.13595166163141995,0.08157099697885196,0.13595166163141995,0.14803625377643503,0.14501510574018125,0.060422960725075525,0.17522658610271905
service,0.07391826923076922,0.16406249999999997,0.043870192307692304,0.12860576923076922,0.13822115384615385,0.09975961538461538,0.06370192307692307,0.2878605769230769
openly,0.14285714285714285,0.13888888888888887,0.07539682539682539,0.18650793650793648,0.0873015873015873,0.0992063492063492,0.055555555555555546,0.21428571428571427
hand,0.0992322676750315,0.1552652687063137,0.06886673541881516,0.13624384095336312,0.13796264466597913,0.1179099346854589,0.08078377449295289,0.20373553340208542
religious,0.08970358814352575,0.1684867394695788,0.05850234009360374,0.11310452418096724,0.15600624024961,0.0873634945397816,0.0530421216848674,0.27379095163806555
fellowship,0.19999999999999998,0.05714285714285714,0.05714285714285714,0.17142857142857143,0.08571428571428572,0.11428571428571428,0.0,0.3142857142857143
land,0.10304449648711944,0.15720140515222483,0.062060889929742395,0.1490046838407494,0.13085480093676818,0.1162177985948478,0.06850117096018736,0.21311475409836067
extension,0.14522821576763487,0.07468879668049792,0.06639004149377593,0.1950207468879668,0.07053941908713693,0.1286307053941909,0.04564315352697095,0.27385892116182575
power,0.10704755925286454,0.14393344843823574,0.06247056976926698,0.15382200596452675,0.1257259456914142,0.1089310940197771,0.06262753099984303,0.23544184586407155
everywhere,0.11791044776119403,0.12089552238805969,0.08955223880597014,0.17462686567164176,0.10597014925373134,0.12388059701492536,0.04477611940298507,0.2223880597014925
political,0.12010376134889754,0.1356679636835279,0.06666666666666668,0.16861219195849544,0.1006485084306096,0.10220492866407264,0.05758754863813229,0.24850843060959793
nothing,0.10476190476190476,0.14202172096908938,0.07034252297410193,0.13784461152882208,0.1341687552213868,0.11746031746031747,0.07635756056808689,0.21704260651629076
two,0.1079671058449023,0.16146432045273676,0.06428508267751348,0.13847378194358476,0.12352993191263595,0.11371474047219028,0.07931735785657441,0.21124767883986206
great,0.09822382478632477,0.16205929487179485,0.060830662393162385,0.1301415598290598,0.15077457264957264,0.10737179487179487,0.08386752136752136,0.20673076923076922
whole,0.11262902246508803,0.14936247723132967,0.06906496660595021,0.1443533697632058,0.11930783242258652,0.1153612629022465,0.071645415907711,0.2182756527018822
hands,0.10537761961249506,0.14511664689600634,0.07532621589561092,0.14116251482799527,0.13483590351917757,0.13147489126136813,0.07295373665480427,0.19375247133254253
already,0.12396694214876032,0.14600550964187328,0.06932966023875115,0.1519742883379247,0.11088154269972451,0.12350780532598715,0.06336088154269971,0.21097337006427916
purposes,0.10743801652892562,0.10743801652892562,0.09090909090909091,0.1652892561983471,0.16115702479338845,0.10743801652892562,0.06611570247933884,0.19421487603305787
government,0.11583372255955161,0.11816907986922,0.0572162540868753,0.26973376926669784,0.07659971975712285,0.09831854273703879,0.04530593180756656,0.21882297991592714
wielded,0.1794871794871795,0.05128205128205128,0.20512820512820512,0.2564102564102564,0.02564102564102564,0.1282051282051282,0.0,0.15384615384615383
little,0.085643595762228,0.16583137727589925,0.06864175601091163,0.11159043329315486,0.16443570386347778,0.12034511197107149,0.07809427139503902,0.205417750428218
boundless,0.1794871794871795,0.05128205128205128,0.20512820512820512,0.2564102564102564,0.02564102564102564,0.1282051282051282,0.0,0.15384615384615383
domains,0.1558441558441558,0.11363636363636363,0.08766233766233765,0.16558441558441556,0.07142857142857142,0.10389610389610388,0.022727272727272724,0.2792207792207792
hostile,0.1842610364683301,0.11324376199616122,0.12667946257197696,0.22072936660268713,0.06717850287907869,0.09021113243761995,0.034548944337811895,0.16314779270633398
including,0.14564459930313586,0.14982578397212543,0.03832752613240418,0.0759581881533101,0.0773519163763066,0.14285714285714285,0.020905923344947733,0.34912891986062716
fugitive,0.15325670498084287,0.09578544061302681,0.1111111111111111,0.19157088122605362,0.0689655172413793,0.1417624521072797,0.049808429118773936,0.18773946360153254
hope,0.054495023658019254,0.19970631424375918,0.036873878283569916,0.07717409038994942,0.1984010442160222,0.07097405775819872,0.1395007342143906,0.22287485723609074
ship,0.08553971486761712,0.31262729124236255,0.05600814663951121,0.12932790224032586,0.09572301425661915,0.11914460285132383,0.05906313645621183,0.14256619144602853
otherwise,0.11605937921727395,0.14574898785425103,0.08097165991902835,0.14709851551956818,0.0931174089068826,0.10661268556005399,0.06342780026990553,0.24696356275303644
heaven,0.08232359230220955,0.15894511760513186,0.06593014967925874,0.11332858161083394,0.19743406985032075,0.11297220242337848,0.06949394155381326,0.19957234497505347
full,0.10302580285873399,0.1720809355856692,0.059773528865788,0.11769073695934656,0.1616855392611843,0.10191201039539631,0.07462409504362354,0.209207351030258
many,0.08845427269696633,0.16557395266140681,0.06222913657073008,0.11645738415379486,0.15279475497277475,0.1147905322813646,0.07389709967774197,0.22580286698522056
genius,0.08635097493036212,0.13231197771587744,0.06824512534818943,0.1350974930362117,0.1671309192200557,0.11281337047353761,0.08495821727019498,0.21309192200557106
even,0.11389931207004378,0.1378205128205128,0.07379612257661038,0.15118824265165728,0.11452470293933709,0.12468730456535335,0.06378986866791744,0.22029393370856784
self-respect,0.14634146341463414,0.09756097560975609,0.1097560975609756,0.17073170731707316,0.08536585365853658,0.13414634146341461,0.048780487804878044,0.2073170731707317
matter,0.09565807327001356,0.17401628222523743,0.052238805970149245,0.14620081411126187,0.12313432835820895,0.09667571234735413,0.07191316146540026,0.24016282225237448
purchased,0.0851063829787234,0.1595744680851064,0.07446808510638298,0.09042553191489362,0.1595744680851064,0.09574468085106383,0.0851063829787234,0.25
emancipation,0.08450704225352111,0.2112676056338028,0.05633802816901408,0.11267605633802816,0.19718309859154928,0.05633802816901408,0.05633802816901408,0.22535211267605632
could,0.1021208847444135,0.15170296241542047,0.06692443281969637,0.14266219366577587,0.13379200545857736,0.12224938875305624,0.07175754818900325,0.208790583954057
free,0.08961785593506932,0.14744673655732163,0.06188704768346297,0.13696313831586066,0.13391951301995264,0.09841055123435916,0.06831247886371322,0.26344267839026037
south,0.1204644412191582,0.14949201741654572,0.06240928882438316,0.15529753265602322,0.10740203193033382,0.12191582002902758,0.08055152394775035,0.20246734397677796
northern,0.11039657020364416,0.14469453376205788,0.05787781350482315,0.1682743837084673,0.11146838156484458,0.12540192926045016,0.07181136120042872,0.21007502679528403
