,anger,anticipation,disgust,fear,joy,sadness,surprise,trust
project,0.12229220015225968,0.1742681154405149,0.047546543013357326,0.04713128936258564,0.10575126306318776,0.07585300020762682,0.021731607723717905,0.4054259810367499
gutenberg,0.08465346534653466,0.23935643564356437,0.041831683168316834,0.04777227722772277,0.08490099009900991,0.11138613861386139,0.028217821782178215,0.36188118811881187
ebook,0.07331378299120234,0.20772238514173996,0.03763440860215054,0.05767350928641251,0.10801564027370478,0.0913978494623656,0.05327468230694037,0.3709677419354839
romance,0.03394433129667346,0.17854718262050237,0.02919212491513917,0.13577732518669383,0.17040054310930072,0.12287847929395791,0.12830957230142565,0.20095044127630685
two,0.09865304609300984,0.16686575771306172,0.060715903942002714,0.13972072331836718,0.1402150183301067,0.10775631255921242,0.07220826296494624,0.21386497507929317
worlds,0.040540540540540536,0.17297297297297295,0.04324324324324324,0.12432432432432432,0.19459459459459458,0.09999999999999999,0.1135135135135135,0.2108108108108108
marie,0.07575757575757576,0.14772727272727273,0.026515151515151516,0.1818181818181818,0.125,0.15530303030303028,0.06818181818181818,0.21969696969696967
corelli,0.06730769230769232,0.13461538461538464,0.0,0.16346153846153846,0.11538461538461538,0.16346153846153846,0.07692307692307693,0.2788461538461538
use,0.13197172034564025,0.17014925373134332,0.07871170463472114,0.1121759622937942,0.14422623723487826,0.08531029065200314,0.0509033778476041,0.22655145326001574
anyone,0.08235294117647059,0.18627450980392157,0.055882352941176466,0.10098039215686276,0.1343137254901961,0.09313725490196079,0.0519607843137255,0.2950980392156863
almost,0.10410866447312916,0.1620686745971484,0.07272420484265586,0.13650552602716612,0.1373491942968025,0.12815321015776596,0.07955791782671054,0.17953260777862146
may,0.10139034119515124,0.1644785252314008,0.07118237093838349,0.11943766701522018,0.13915030401611092,0.10971689709926029,0.06738701057278959,0.22725688393168353
copy,0.16088082901554407,0.12357512953367876,0.07409326424870467,0.08756476683937825,0.07849740932642488,0.07746113989637307,0.03730569948186529,0.3606217616580311
give,0.0914654046997389,0.18064621409921672,0.055890992167101826,0.11578002610966057,0.14629569190600522,0.10248041775456919,0.07482049608355092,0.23262075718015668
away,0.10691192165233224,0.16429154372528096,0.07144202398141755,0.13974511896540903,0.12907276037416032,0.12787996735513843,0.081486596773181,0.17917006717308054
terms,0.11630558722919043,0.14070695553021667,0.04971493728620297,0.09030786773090081,0.12474344355758268,0.057924743443557594,0.05085518814139111,0.36944127708095786
license,0.11212582445459157,0.22120750887874177,0.057838660578386596,0.0882800608828006,0.12379502790461694,0.09030948756976154,0.038559107052257735,0.2678843226788432
online,0.05846774193548387,0.22782258064516128,0.006048387096774193,0.06048387096774193,0.12701612903225806,0.05443548387096775,0.07459677419354839,0.3911290322580645
author,0.0686372745490982,0.16482965931863727,0.04308617234468937,0.09969939879759518,0.11172344689378758,0.07965931863727455,0.05260521042084168,0.37975951903807614
date,0.06300185299567636,0.2007411982705374,0.0426189005558987,0.10191476219888822,0.1278567016676961,0.09635577516985795,0.07041383570105003,0.2970969734403953
first,0.10372541834615855,0.16777818492732383,0.0665200928300965,0.13369976792475874,0.1330157566874313,0.10685232685965555,0.06314889458898253,0.22525955783559298
language,0.09205983889528194,0.16570771001150747,0.06386651323360185,0.11104718066743384,0.1329113924050633,0.09436133486766399,0.06962025316455696,0.2704257767548907
english,0.11064304299343326,0.15437987857762359,0.06058728782059224,0.15425597819353237,0.12402428447528185,0.10742163300706231,0.06616280510469581,0.22252508982777847
start,0.06329787234042553,0.36170212765957444,0.047872340425531915,0.09893617021276596,0.0925531914893617,0.08563829787234042,0.06968085106382979,0.1803191489361702
produced,0.08073817762399077,0.17647058823529413,0.061130334486735875,0.1303344867358708,0.14244521337946944,0.09284890426758939,0.07785467128027682,0.23817762399077277
charles,0.10975254730713245,0.1420669577874818,0.07190684133915576,0.13711790393013099,0.12372634643377001,0.11033478893740901,0.060262008733624445,0.2448326055312955
distributed,0.0667903525046382,0.2569573283858998,0.04267161410018552,0.10018552875695733,0.12801484230055657,0.06771799628942485,0.0398886827458256,0.29777365491651203
etc,0.07569721115537849,0.18725099601593626,0.04780876494023904,0.10358565737051795,0.1752988047808765,0.08764940239043825,0.043824701195219126,0.27888446215139445
artist,0.08811241929358146,0.16748955563995443,0.0672236992024307,0.09912647170527915,0.1625522218002279,0.11203949867071783,0.08849221420432966,0.21496391948347893
's,0.10545857016240338,0.15803352132674253,0.07098919221627915,0.13548313130288692,0.13239204342515468,0.1134574765963639,0.06048566678866395,0.2237003981815055
studio,0.09746588693957116,0.14230019493177387,0.07407407407407407,0.11500974658869395,0.152046783625731,0.17348927875243667,0.08576998050682262,0.15984405458089668
mysterious,0.07325581395348837,0.20290697674418606,0.05232558139534884,0.20755813953488372,0.08662790697674419,0.09825581395348837,0.15348837209302327,0.12558139534883722
three,0.10070861069357956,0.16255099849688642,0.06184238780330685,0.1430105217951471,0.1335623792140863,0.11262615417650848,0.06957268627872021,0.21612626154176506
dance,0.06555423122765197,0.11442193087008343,0.044100119189511316,0.08224076281287246,0.27532777115613827,0.07270560190703218,0.06793802145411203,0.27771156138259834
promise,0.07188577055637617,0.1240768094534712,0.03889709502708026,0.08419497784342689,0.24667651403249632,0.07434761201378631,0.049236829148202856,0.31068439192516
cellini,0.04519774011299436,0.17231638418079098,0.048022598870056506,0.08192090395480227,0.2090395480225989,0.10451977401129944,0.09604519774011301,0.24293785310734467
hotel,0.05802469135802469,0.2160493827160494,0.04938271604938272,0.09012345679012346,0.1728395061728395,0.1,0.08888888888888889,0.22469135802469137
mars,0.04444444444444444,0.16296296296296295,0.037037037037037035,0.1111111111111111,0.18518518518518517,0.14074074074074072,0.06666666666666667,0.2518518518518518
owner,0.19261880687563193,0.1056622851365015,0.06875631951466127,0.05813953488372092,0.054600606673407485,0.17138523761375127,0.019211324570273,0.32962588473205257
zara,0.07833163784333673,0.15462868769074262,0.052899287894201424,0.1098677517802645,0.1861648016276704,0.1363173957273652,0.09867751780264496,0.18311291963377416
prince,0.09691509691509691,0.15533715533715534,0.058695058695058686,0.13076713076713076,0.13868413868413867,0.10892710892710893,0.07725907725907726,0.23341523341523343
ivan,0.08996539792387544,0.1245674740484429,0.07266435986159168,0.11764705882352941,0.18339100346020762,0.11764705882352941,0.09688581314878893,0.19723183391003457
air,0.08415841584158415,0.16927499201533056,0.05908655381667199,0.11418077291600127,0.18045352922389013,0.11992973490897475,0.09565633982753113,0.17725966145001595
electric,0.08251633986928103,0.12663398692810457,0.0326797385620915,0.1037581699346405,0.24999999999999997,0.05882352941176469,0.1952614379084967,0.1503267973856209
shock,0.15892557358701737,0.12255176273083382,0.057638500279798555,0.1947397873531058,0.08393956351426973,0.12311135982092895,0.13206491326245104,0.12702853945159487
strange,0.08764839605961103,0.16190957312452642,0.07274564283910079,0.13892397069967163,0.14549128567820158,0.1262945188178833,0.08588027279616066,0.18110633998484468
creation,0.07518115942028986,0.17481884057971014,0.05434782608695653,0.13134057971014493,0.151268115942029,0.08333333333333334,0.05344202898550725,0.276268115942029
secrets,0.0892857142857143,0.16071428571428573,0.053571428571428575,0.12500000000000003,0.1875,0.07142857142857144,0.0892857142857143,0.22321428571428573
sun,0.05191995673336938,0.20592212006489993,0.03664142779881016,0.07179556517036234,0.2049756625202812,0.07531097890751758,0.14670091941590047,0.2067333693888588
moon,0.07775919732441472,0.17474916387959863,0.05434782608695652,0.11872909698996655,0.181438127090301,0.10367892976588627,0.10785953177257525,0.181438127090301
converse,0.06299212598425197,0.2125984251968504,0.03937007874015748,0.07874015748031496,0.2047244094488189,0.08661417322834646,0.10236220472440945,0.2125984251968504
creed,0.043841336116910226,0.16492693110647183,0.05219206680584551,0.1127348643006263,0.1920668058455115,0.06054279749478079,0.06054279749478079,0.31315240083507306
death,0.13129219657717067,0.1542471345580154,0.10466321243523316,0.15522059978018526,0.08208509970168001,0.14495211179149003,0.09461453917412467,0.1329251059821008
lightning,0.15326251896813353,0.13505311077389986,0.05538694992412747,0.1858877086494689,0.09863429438543247,0.1069802731411229,0.09939301972685888,0.165402124430956
struggle,0.17126623376623376,0.11607142857142858,0.05735930735930736,0.19237012987012989,0.095508658008658,0.1617965367965368,0.042478354978354976,0.16314935064935066
conclusion,0.08273748723186927,0.17568947906026558,0.057201225740551594,0.12768130745658837,0.1583248212461696,0.07660878447395301,0.06843718079673136,0.2533197139938713
live,0.07976366322008863,0.17872968980797635,0.05809945839487936,0.11964549483013294,0.1639586410635155,0.11201378631216148,0.07508616445100934,0.21270310192023634
age,0.08270902007791428,0.17350913994605932,0.06592747977225052,0.11267605633802814,0.1618219958046149,0.11117770452502246,0.0890020976925382,0.20317650584357205
universal,0.09776264591439689,0.14834630350194553,0.05982490272373541,0.1284046692607004,0.14640077821011674,0.11138132295719845,0.06128404669260701,0.24659533073929965
poet,0.09191000478697942,0.15605552896122546,0.0646242221158449,0.12302537099090473,0.1694590713259933,0.10292005744375299,0.0646242221158449,0.22738152225945427
dreams,0.09635854341736694,0.169187675070028,0.06666666666666665,0.12829131652661063,0.15294117647058822,0.12941176470588234,0.0649859943977591,0.19215686274509802
scientist,0.21052631578947367,0.10526315789473684,0.21052631578947367,0.1842105263157895,0.05263157894736842,0.10526315789473684,0.0,0.13157894736842105
daily,0.06367771280051981,0.3079922027290448,0.03898635477582846,0.10201429499675113,0.14165042235217673,0.08317089018843404,0.06302794022092267,0.19948018193632228
realized,0.09544468546637745,0.15835140997830804,0.08026030368763558,0.13015184381778744,0.14099783080260306,0.11279826464208245,0.09761388286334058,0.18438177874186554
things,0.07944716058668672,0.17036479879654007,0.0654381346370816,0.11931177134260999,0.15917638209853327,0.10530274539300488,0.08198570891312525,0.2189732982324182
considered,0.09986859395532194,0.16294349540078842,0.06537450722733246,0.133377135348226,0.12680683311432325,0.10578186596583443,0.06110381077529566,0.24474375821287778
mere,0.10350318471337577,0.14331210191082802,0.07218683651804671,0.13826963906581738,0.14516985138004243,0.11916135881104033,0.0793524416135881,0.1990445859872611
become,0.09618196588139723,0.16360682372055238,0.06303818034118602,0.132412672623883,0.1421608448415922,0.11226645004061737,0.06563769293257514,0.22469536961819658
facts,0.06458333333333334,0.1409722222222222,0.04722222222222222,0.10416666666666666,0.11736111111111111,0.08958333333333333,0.06666666666666667,0.36944444444444446
yet,0.09106180849215086,0.16700457626136825,0.06574755256907837,0.12668713433354575,0.15402884782482767,0.11336384174245497,0.07472629322829173,0.20737994554828243
spite,0.22747321991178324,0.1348456206679269,0.06364209199747953,0.12885948330182734,0.1187775677378702,0.0945179584120983,0.06427221172022685,0.16761184625078768
learning,0.08275862068965517,0.17586206896551726,0.05172413793103448,0.09999999999999999,0.17586206896551726,0.09655172413793105,0.07241379310344828,0.24482758620689654
science,0.06737588652482268,0.20567375886524822,0.044917257683215125,0.08747044917257682,0.14184397163120566,0.08510638297872339,0.07565011820330969,0.2919621749408983
accomplished,0.0857142857142857,0.13877551020408163,0.06530612244897958,0.12142857142857141,0.23979591836734693,0.1030612244897959,0.05510204081632653,0.19081632653061223
among,0.09431013879952202,0.15258755400312532,0.06774519716885744,0.13107822410147993,0.14835922419340014,0.1087416122805405,0.07583417593528817,0.22134387351778656
us,0.08255260705351448,0.17319860695541278,0.057144258596164225,0.12267621523519891,0.15617795654093294,0.10251630941286113,0.07769657134448422,0.2280374748614313
mankind,0.07352941176470588,0.17973856209150327,0.06535947712418301,0.1388888888888889,0.16013071895424835,0.08333333333333333,0.05228758169934641,0.24673202614379083
one,0.09479020836448153,0.16325282372609518,0.06448017615157733,0.12970790915145503,0.14713277968820082,0.11221507890122735,0.07603332744349149,0.21238769657347123
god,0.04315817911657436,0.2018776171822234,0.035391057679319195,0.17739429960826691,0.20312711063082534,0.05220856409563691,0.03535728758611374,0.2514858841010401
obtain,0.14154870940882597,0.16069941715237301,0.0666111573688593,0.1257285595337219,0.12822647793505412,0.08492922564529559,0.07243963363863447,0.21981681931723565
proof,0.04862953138815209,0.15915119363395228,0.03448275862068966,0.09991158267020336,0.1273209549071618,0.0574712643678161,0.05128205128205129,0.4217506631299735
existence,0.08472998137802608,0.14494103041589076,0.07417752948479206,0.1505276225946617,0.1319056486654252,0.12104283054003724,0.0685909373060211,0.22408441961514589
creator,0.045103092783505154,0.18556701030927836,0.045103092783505154,0.1559278350515464,0.18814432989690721,0.05025773195876289,0.039948453608247426,0.28994845360824745
another,0.10119356512714062,0.16173672375021622,0.06694343539180073,0.13847085279363433,0.13674104826154646,0.11598339387649195,0.07490053623940494,0.20403044455976474
universe,0.08141321044546852,0.1566820276497696,0.04608294930875576,0.15360983102918588,0.17204301075268819,0.0783410138248848,0.07219662058371736,0.23963133640552997
simply,0.10083256244218318,0.14523589269195192,0.06845513413506013,0.1410730804810361,0.13737280296022203,0.10730804810360778,0.0721554116558742,0.22756706753006478
rushing,0.15193370165745856,0.1270718232044199,0.06077348066298342,0.19060773480662982,0.12430939226519337,0.13259668508287292,0.06629834254143646,0.14640883977900554
together,0.08838709677419355,0.16741935483870968,0.05838709677419355,0.11854838709677419,0.16838709677419353,0.10629032258064516,0.07951612903225806,0.21306451612903227
immortality,0.05136986301369863,0.2842465753424657,0.0410958904109589,0.09075342465753425,0.1643835616438356,0.059931506849315065,0.0821917808219178,0.226027397260274
dust,0.10559006211180125,0.14285714285714288,0.0834072759538598,0.14906832298136646,0.13220940550133098,0.15705412599822538,0.0692102928127773,0.160603371783496
shall,0.08683783384978604,0.16260882396340565,0.06411391471152428,0.12203039693079534,0.14954994835472923,0.10705326840785008,0.07444296886527962,0.23336284491662979
return,0.10177357865075418,0.1755345599204376,0.07110890104425659,0.14089176197579978,0.13276976628543014,0.10276810873528924,0.0730979612133267,0.2020553621747058
called,0.09111347769494736,0.1591527629866288,0.06993255236066738,0.12744053958111468,0.14329665128387173,0.10424801798603717,0.06815761448349308,0.23665838362323988
soul,0.09247711290964573,0.14979434788377335,0.07124850736367254,0.13944540268011144,0.16027597187209763,0.12644288178320284,0.06673742868515324,0.1935783468223431
principle,0.1035276073619632,0.1526073619631902,0.057515337423312884,0.13496932515337423,0.13803680981595093,0.08435582822085891,0.060582822085889575,0.2684049079754601
composed,0.15449915110356538,0.12903225806451613,0.06281833616298811,0.19185059422750422,0.10865874363327675,0.0899830220713073,0.06451612903225806,0.19864176570458403
heat,0.13301088270858527,0.14389359129383314,0.10399032648125756,0.1366384522370012,0.13784764207980651,0.11729141475211609,0.08948004836759371,0.13784764207980651
body,0.10848272038440215,0.13971539456662355,0.07946775087784143,0.17482905193125117,0.11162446867492146,0.1271484014045463,0.06690075771576419,0.1918314544446498
element,0.07169811320754717,0.1811320754716981,0.061635220125786164,0.10062893081761007,0.16352201257861634,0.08427672955974844,0.08176100628930817,0.2553459119496855
flame,0.12619502868068833,0.12810707456978968,0.09177820267686423,0.18546845124282982,0.12237093690248566,0.13575525812619502,0.09560229445506692,0.11472275334608029
light,0.08704599238604796,0.15701203827554275,0.0558699454676407,0.1333470521658607,0.16586068525568476,0.12881983743183456,0.0884864698014199,0.18355797921596873
would,0.10402707839138818,0.16296974489158933,0.06757112932983755,0.13931776880713584,0.13202103014413138,0.11953611608195652,0.073980051881754,0.2005770804722072
madness,0.17584745762711865,0.11440677966101696,0.06144067796610169,0.22245762711864409,0.11228813559322035,0.1016949152542373,0.06567796610169492,0.1461864406779661
immortal,0.07407407407407408,0.16460905349794241,0.0617283950617284,0.13168724279835392,0.1934156378600823,0.09670781893004116,0.06995884773662553,0.2078189300411523
human,0.08665191740412981,0.16132005899705015,0.06932153392330384,0.13421828908554573,0.1554203539823009,0.10508849557522125,0.06710914454277286,0.22087020648967554
eternal,0.08638049814520403,0.16746157922628513,0.0598834128245893,0.13407525172231055,0.16163222045574988,0.11393746687864335,0.05617382087970324,0.22045574986751462
question,0.11257096512570965,0.1500405515004055,0.07883211678832117,0.14322789943227898,0.11273317112733171,0.11013787510137873,0.06001622060016221,0.23244120032441198
world,0.08339445503887341,0.17001613613026262,0.05955698987824557,0.1274754290743729,0.16407510635176767,0.10151092856095058,0.07085228106205077,0.22311867390347664
think,0.08871328462800059,0.1713881019830028,0.06746682570448785,0.11778738631280751,0.15588191441777247,0.113016251677352,0.0809601908453854,0.20478604443119125
perish,0.05555555555555556,0.12152777777777778,0.05902777777777778,0.24652777777777776,0.1076388888888889,0.22569444444444445,0.043402777777777776,0.14062500000000003
last,0.10237638022083531,0.16666666666666663,0.06625060009601534,0.13398143702992477,0.13410145623299727,0.12401984317490797,0.07009121459433508,0.20251240198431744
reply,0.10087012568482114,0.17305833064776022,0.056397035127296165,0.13728649693844666,0.13470834676119883,0.11504995165968417,0.05800837898807606,0.2246213341927167
law,0.10239999999999999,0.12453333333333333,0.06359999999999999,0.12960000000000002,0.10213333333333334,0.0924,0.0424,0.3429333333333333
necessity,0.08836075563680684,0.1310176721511274,0.05545399146861671,0.13345521023766,0.10481413772090191,0.24436319317489338,0.052407068860450955,0.19012797074954302
explain,0.059422750424448216,0.16468590831918506,0.039898132427843805,0.10101867572156197,0.10611205432937182,0.09507640067911716,0.06451612903225806,0.3692699490662139
deep,0.09232241090648169,0.1449414015785697,0.06912221956469744,0.1337000717531691,0.15211671848839992,0.15211671848839992,0.07486247309256158,0.18081798612772063
enough,0.09314848762603117,0.16750687442713105,0.062213565536205315,0.12133363886342804,0.14894592117323557,0.11491750687442712,0.07997250229147572,0.211961503208066
find,0.08835920177383592,0.1814855875831486,0.06352549889135256,0.11829268292682928,0.14789356984478938,0.10964523281596454,0.07671840354767184,0.21407982261640798
answer,0.1000645577792124,0.17947062621045834,0.06778566817301485,0.1275016139444803,0.131697869593286,0.11071659134925758,0.0697224015493867,0.2130406714009038
still,0.09291481860570908,0.1627999545092687,0.06601842374616171,0.13129762310929147,0.1480154668486296,0.12214261344251108,0.07756169680427613,0.19924940293415214
tremendous,0.13486005089058525,0.1501272264631043,0.050890585241730284,0.17811704834605596,0.11704834605597965,0.14249363867684478,0.09923664122137404,0.1272264631043257
namely,0.09450171821305842,0.14948453608247422,0.06701030927835051,0.16666666666666666,0.13573883161512026,0.10652920962199312,0.041237113402061855,0.2388316151202749
satisfied,0.06722689075630253,0.13122171945701358,0.0504201680672269,0.0801551389786684,0.3141564318034907,0.09114414996767937,0.06722689075630253,0.1984486102133161
result,0.09815618221258136,0.2795553145336226,0.05341648590021693,0.13069414316702824,0.09815618221258136,0.0995119305856833,0.05531453362255966,0.1851952277657267
part,0.11176931788483317,0.14888056450910356,0.07474518686296715,0.14121439149751722,0.12370415541423467,0.11551528878822197,0.06707901385138078,0.21709208119174145
try,0.09596844872918492,0.16695880806310254,0.06397896581945661,0.12883435582822086,0.1516213847502191,0.0985977212971078,0.08983347940403154,0.2042068361086766
search,0.08550185873605946,0.21189591078066913,0.06319702602230483,0.13630731102850063,0.12267657992565055,0.12143742255266418,0.06939281288723669,0.1895910780669145
beyond,0.09960552268244575,0.15779092702169625,0.06252465483234713,0.15187376725838264,0.1358974358974359,0.11992110453648915,0.07199211045364891,0.20039447731755422
great,0.09857331795030531,0.16371668964740974,0.06207614598868784,0.12961139094464924,0.14857753890311506,0.10338520415341756,0.07842530320511017,0.21563440920730503
vague,0.10944700460829493,0.14055299539170507,0.08410138248847926,0.15092165898617513,0.1152073732718894,0.14631336405529954,0.09331797235023043,0.16013824884792627
vast,0.10868347338935573,0.15014005602240896,0.0649859943977591,0.15014005602240896,0.14677871148459384,0.12549019607843137,0.06946778711484593,0.18431372549019606
lest,0.13356461405030354,0.1569817866435386,0.09193408499566348,0.1847354726799653,0.10234171725932349,0.12836079791847355,0.07458803122289678,0.1274934952298352
worse,0.09159519725557462,0.08713550600343054,0.07478559176672385,0.26998284734133793,0.06106346483704975,0.26037735849056604,0.04631217838765009,0.10874785591766724
therefore,0.09347583346626256,0.16334343595469772,0.06332748444728027,0.14260647631201148,0.12984527037805074,0.10097304195246451,0.06907002711756262,0.23735843037167015
cultivated,0.12212389380530972,0.12743362831858407,0.0743362831858407,0.14513274336283183,0.1398230088495575,0.11327433628318584,0.07610619469026549,0.20176991150442475
gradually,0.10089020771513353,0.15949554896142432,0.06676557863501484,0.13724035608308605,0.15578635014836795,0.12091988130563797,0.07640949554896143,0.1824925816023739
built,0.08064516129032258,0.17448680351906157,0.04838709677419355,0.10263929618768328,0.18475073313782991,0.08357771260997067,0.07184750733137829,0.2536656891495601
intellectual,0.11752136752136753,0.1452991452991453,0.06730769230769232,0.09294871794871795,0.15705128205128205,0.1014957264957265,0.06196581196581197,0.25641025641025644
every,0.0934522490582761,0.16430312430755595,0.0644249944604476,0.12907157101706182,0.1540549523598493,0.1054176822512741,0.07406381564369598,0.21521161090183913
unseen,0.12875536480686695,0.11587982832618027,0.08583690987124463,0.2274678111587983,0.09442060085836909,0.09871244635193133,0.08583690987124463,0.1630901287553648
aware,0.08402100525131284,0.1770442610652663,0.058514628657164294,0.13053263315828958,0.15453863465866466,0.11552888222055514,0.08777194298574643,0.19204801200300076
experienced,0.0868878357030016,0.11690363349131123,0.04581358609794629,0.11216429699842023,0.11690363349131123,0.12954186413902055,0.07424960505529227,0.3175355450236967
read,0.09090909090909091,0.17959727568848094,0.07225347941960321,0.10467870891323662,0.13873260290198403,0.11074918566775246,0.07180929819366302,0.23127035830618894
time,0.08237521355681766,0.31666435794431363,0.05409336473195733,0.110472364593434,0.1092949161933786,0.09449600591032922,0.06471348755598652,0.16789028951378307
christian,0.049495586380832284,0.19829760403530897,0.03751576292559899,0.09867591424968475,0.16330390920554855,0.06242118537200505,0.043505674653215635,0.3467843631778058
religion,0.07012002526847759,0.1490840176879343,0.0480101073910297,0.09981048641819332,0.14245104232469993,0.07517372078332281,0.05590650663297537,0.3594440934933671
public,0.08532359276950455,0.2613093565608317,0.05319846398801161,0.11295307670694016,0.10976866160906623,0.08429334082607474,0.04879647841153882,0.24435702912803223
realize,0.09439528023598821,0.17699115044247787,0.05899705014749263,0.13864306784660768,0.13864306784660768,0.11504424778761063,0.0855457227138643,0.19174041297935104
extent,0.10466867469879518,0.14984939759036145,0.06927710843373494,0.12575301204819278,0.12424698795180723,0.12424698795180723,0.07078313253012049,0.2311746987951807
daring,0.10932475884244372,0.157556270096463,0.0562700964630225,0.14147909967845657,0.14308681672025722,0.11093247588424435,0.07717041800643086,0.20418006430868166
attempt,0.10434100418410044,0.24633891213389125,0.057269874476987455,0.14330543933054396,0.10564853556485357,0.10251046025104604,0.05517782426778243,0.185407949790795
prove,0.10005750431282345,0.15813686026451984,0.07130534790109258,0.1282346175963197,0.12190914318573894,0.12248418631397354,0.06785508913168486,0.23001725129384704
even,0.10476774221794141,0.15367103016505407,0.07307035593888184,0.13445120616435358,0.1357646337726019,0.1258701457904645,0.07136290004815901,0.20104198590254366
plain,0.09597102761430512,0.16115889542779538,0.04843820733363513,0.09144409234947941,0.13807152557718425,0.08601177003168854,0.06654594839293798,0.3123585332729742
history,0.07424098671726756,0.1819259962049336,0.058349146110056926,0.1157495256166983,0.1349620493358634,0.09179316888045541,0.05953510436432637,0.2834440227703985
self,0.0940279542566709,0.144853875476493,0.08259212198221093,0.17026683608640408,0.14358322744599744,0.12452350698856417,0.054637865311308764,0.18551461245235068
actual,0.10892480674631061,0.14898102600140548,0.07659873506676036,0.13211524947294448,0.10541110330288124,0.12649332396345747,0.058327477160927614,0.2431482782853127
around,0.09933774834437084,0.1566567709522722,0.06097282484585521,0.1418131993605846,0.15026261703585292,0.13062343000685087,0.08129709979447361,0.17903630965973963
absolute,0.09920347574221579,0.14409847936278058,0.07313540912382331,0.1404779145546705,0.1498913830557567,0.09703113685734975,0.06372194062273714,0.23244026068066617
certainty,0.08966565349544073,0.18693009118541032,0.06534954407294832,0.1413373860182371,0.135258358662614,0.09574468085106383,0.057750759878419454,0.22796352583586627
future,0.09499669385056203,0.1626625523473661,0.06546175887150099,0.12387039894203217,0.14723385497024463,0.10028653295128938,0.07361692748512232,0.23187128058188228
state,0.10330461130574754,0.1383391724268535,0.07338320234826247,0.13852854843291354,0.10803901145724835,0.11135309156329891,0.058138433860429876,0.26891392860524566
passage,0.11081909767849321,0.16381953569864216,0.0648269820411739,0.14629872974156813,0.11738939991239598,0.10643889618922472,0.06263688129653965,0.22777047744196235
brief,0.08923512747875353,0.16147308781869685,0.04815864022662889,0.11473087818696884,0.15793201133144474,0.11331444759206799,0.08994334277620396,0.22521246458923513
perishes,0.09999999999999999,0.19999999999999998,0.09999999999999999,0.15,0.125,0.09999999999999999,0.075,0.15
known,0.08845386985680623,0.17890157694399128,0.0627152437919159,0.1281493565343484,0.14119992749682797,0.10422330976980243,0.07612833061446439,0.22022838499184338
present,0.05017975981029602,0.20729748336265583,0.03419261072439378,0.0709095081465616,0.18748565746194445,0.05790560697621051,0.14962135699533385,0.24240801652260383
expect,0.04200477326968973,0.2582338902147971,0.03102625298329355,0.05775656324582338,0.08544152744630071,0.04773269689737469,0.2114558472553699,0.2663484486873508
believed,0.0852102102102102,0.134009009009009,0.060810810810810814,0.11936936936936937,0.11599099099099099,0.09984984984984985,0.05780780780780781,0.326951951951952
know,0.08586374842162227,0.1679995189705971,0.06415729661475558,0.11911490589862304,0.15585352654681017,0.10871264506042931,0.08003126691118995,0.21826709157597257
men,0.11466900610447052,0.14990678802500274,0.06652776254706291,0.1588258946521914,0.1299850129765691,0.10728515553606024,0.07098731586065725,0.2018130642979859
women,0.09611724400456795,0.15683288922725544,0.06661591168633423,0.1229539398553483,0.16882375333079558,0.11457936810049485,0.08070041872858774,0.19337647506661593
to-day,0.07921419518377694,0.19518377693282637,0.06273764258555133,0.12864385297845374,0.1444866920152091,0.11026615969581749,0.06590621039290241,0.21356147021546262
must,0.1012860310421286,0.16505543237250553,0.06713968957871397,0.13569844789356986,0.1336141906873614,0.11685144124168514,0.07113082039911307,0.2092239467849224
proofs,0.04,0.185,0.025,0.095,0.19,0.035,0.045,0.385
willing,0.07704402515723272,0.17610062893081765,0.05974842767295598,0.11949685534591196,0.15644654088050317,0.09669811320754718,0.08018867924528303,0.23427672955974846
accept,0.0824964131994261,0.18579626972740315,0.047345767575322814,0.10760401721664276,0.15494978479196558,0.10832137733142037,0.07245337159253946,0.24103299856527977
anything,0.08686155913978494,0.18010752688172044,0.06821236559139784,0.11542338709677419,0.15288978494623653,0.10685483870967742,0.07846102150537634,0.21118951612903225
spiritual,0.06799037304452465,0.17930204572803848,0.05415162454873646,0.12515042117930203,0.16666666666666666,0.08363417569193742,0.06979542719614922,0.253309265944645
something,0.08835431654676258,0.17086330935251795,0.06249999999999999,0.12421312949640287,0.15175359712230216,0.11409622302158273,0.08824190647482014,0.19997751798561147
startling,0.06270627062706272,0.16831683168316833,0.036303630363036306,0.1419141914191419,0.11551155115511551,0.11551155115511551,0.18811881188118812,0.17161716171617164
nature,0.0959119496855346,0.154874213836478,0.06308962264150944,0.1320754716981132,0.154186320754717,0.10632861635220127,0.07340801886792453,0.22012578616352202
according,0.08520900321543408,0.1615755627009646,0.060691318327974274,0.14308681672025722,0.13585209003215432,0.09445337620578778,0.060691318327974274,0.2584405144694533
prophecy,0.05496828752642706,0.32980972515856233,0.03382663847780126,0.09725158562367864,0.09725158562367864,0.06131078224101479,0.04439746300211416,0.281183932346723
receive,0.11428571428571428,0.1943609022556391,0.04962406015037594,0.09661654135338345,0.15601503759398497,0.0988721804511278,0.08684210526315789,0.20338345864661653
admit,0.10390763765541738,0.14476021314387208,0.060390763765541734,0.14031971580817051,0.13410301953818826,0.11012433392539962,0.06571936056838365,0.2406749555950266
influence,0.10434372049102929,0.15801070192005037,0.07003462385898648,0.13912496065470573,0.1336166194523135,0.1046584828454517,0.05823103556814606,0.231979855209317
though,0.09857135270062137,0.16230283073981622,0.06521854586010939,0.12942800998459822,0.14514844123426626,0.11981517871368631,0.07626533538690317,0.20325030537999894
authority,0.07924961715160797,0.1439509954058193,0.055895865237366005,0.11715160796324657,0.10834609494640124,0.06431852986217458,0.03637059724349158,0.39471669218989286
upon,0.11086373063315848,0.15161034524826156,0.07023911187019642,0.14285714285714288,0.1271501768939856,0.12294131999512017,0.07231304135659387,0.20202513114554105
lives,0.09968354430379747,0.1677215189873418,0.06052215189873419,0.14477848101265825,0.14596518987341772,0.12143987341772153,0.061313291139240514,0.1985759493670886
higher,0.08362196932211775,0.17466600692726372,0.05442850074220683,0.11281543790202868,0.16378030677882235,0.0851063829787234,0.07817911924789708,0.24740227610094012
unknown,0.06754032258064517,0.24042338709677416,0.051915322580645164,0.24747983870967744,0.09627016129032258,0.09727822580645161,0.06098790322580645,0.13810483870967744
felt,0.10845205698735394,0.1529534176404674,0.07323515287337923,0.13998719385304945,0.1371058107891788,0.1332639667040179,0.0770769969585401,0.17792540419401312
yes,0.08256608256608255,0.1490941490941491,0.07543807543807543,0.11434511434511434,0.15770715770715768,0.11701811701811701,0.07484407484407483,0.22898722898722898
careless,0.10597014925373135,0.15074626865671645,0.06268656716417911,0.12388059701492538,0.15223880597014927,0.12388059701492538,0.07313432835820896,0.20746268656716418
cynical,0.09523809523809523,0.19047619047619047,0.047619047619047616,0.09523809523809523,0.14285714285714285,0.09523809523809523,0.09523809523809523,0.23809523809523808
uncomfortable,0.09302325581395349,0.18604651162790697,0.06976744186046512,0.10077519379844961,0.17829457364341086,0.08527131782945736,0.10077519379844961,0.18604651162790697
prescience,0.07407407407407407,0.19753086419753085,0.07407407407407407,0.08641975308641976,0.14814814814814814,0.07407407407407407,0.06172839506172839,0.2839506172839506
danger,0.09909399773499432,0.1067383918459796,0.05436013590033974,0.26104190260475646,0.07417893544733861,0.21885617214043032,0.052661381653454124,0.13306908267270665
inner,0.07286432160804018,0.1809045226130653,0.035175879396984924,0.11809045226130652,0.18341708542713567,0.08542713567839195,0.07537688442211055,0.2487437185929648
forebodings,0.1324004305705059,0.13347685683530677,0.08934337997847146,0.14639397201291712,0.10656620021528525,0.11087190527448869,0.05489773950484391,0.22604951560818082
guilt,0.10512129380053908,0.09973045822102426,0.18328840970350405,0.11859838274932614,0.08086253369272237,0.215633423180593,0.05660377358490566,0.14016172506738545
moral,0.1740268236833497,0.12037945698397122,0.05430160287863919,0.11383709519136408,0.117435394177298,0.0902845927379784,0.056591429506051685,0.2731436048413477
mental,0.12680115273775217,0.1344860710854947,0.08069164265129683,0.16618635926993275,0.10662824207492796,0.1431316042267051,0.07204610951008646,0.17002881844380405
torture,0.15632458233890217,0.15035799522673032,0.12649164677804298,0.17422434367541767,0.06921241050119332,0.1658711217183771,0.05131264916467781,0.10620525059665872
endured,0.11290322580645162,0.1532258064516129,0.07258064516129031,0.18548387096774194,0.08870967741935484,0.14516129032258063,0.06451612903225806,0.1774193548387097
fight,0.22726364181491104,0.10813511892864282,0.05836498101139316,0.2490505696582051,0.07495502698380971,0.08894663202078752,0.045772536478113135,0.14751149310413753
protracted,0.1111111111111111,0.18518518518518517,0.05555555555555555,0.1111111111111111,0.12962962962962962,0.12962962962962962,0.09259259259259259,0.18518518518518517
battle,0.20829761700668611,0.1352648722784159,0.06874678553060175,0.15103720212583577,0.09909137665009429,0.10406308931938969,0.048688496485513454,0.18481056060346304
gain,0.0911214953271028,0.22429906542056074,0.0646417445482866,0.10669781931464176,0.21028037383177572,0.09345794392523364,0.05763239875389408,0.15186915887850466
hardly-won,0.09523809523809523,0.19047619047619047,0.047619047619047616,0.09523809523809523,0.14285714285714285,0.09523809523809523,0.09523809523809523,0.23809523809523808
victory,0.09540907925109005,0.20133367530135934,0.05257758399589638,0.11823544498589385,0.16901769684534498,0.0969479353680431,0.04077968709925623,0.22569889715311622
right,0.12088008415147264,0.14989481065918656,0.05785413744740533,0.129382889200561,0.12876928471248247,0.1167601683029453,0.06881136044880785,0.22764726507713884
wrong,0.12196020633750922,0.14885777450257923,0.08290346352247605,0.14185703758290347,0.11974944731024319,0.11864406779661017,0.06411201179071481,0.2019159911569639
thousand,0.1144793152639087,0.14835948644793154,0.0638373751783167,0.15406562054208275,0.12339514978601998,0.10770328102710414,0.06990014265335236,0.21825962910128388
sudden,0.09509287496534517,0.1375103964513446,0.05822012752980316,0.14388688660937068,0.10535070695869143,0.11228167452176323,0.23593013584696423,0.1117271971167175
appeals,0.10262529832935562,0.1694510739856802,0.07637231503579954,0.15035799522673032,0.11455847255369929,0.10262529832935562,0.04773269689737471,0.2362768496420048
made,0.0991811033897752,0.16740073733320285,0.06616423607712636,0.13027307428795146,0.1412351962415582,0.10743532021793743,0.07663697758637565,0.2116733548660729
without,0.10594216104743179,0.15524435278883505,0.0645052995060189,0.14229533355714355,0.13227183348520455,0.11697280705961345,0.0739053282816172,0.20886288427413552
warning,0.12647754137115838,0.13770685579196215,0.07092198581560283,0.2098108747044917,0.09988179669030732,0.10460992907801417,0.06382978723404255,0.1867612293144208
compass,0.07246376811594203,0.17391304347826084,0.02898550724637681,0.11594202898550723,0.14492753623188406,0.08695652173913042,0.08695652173913042,0.2898550724637681
man,0.10125706652672757,0.15528468859575886,0.07029554182668224,0.13100207523316557,0.14705531569782695,0.10543138611263507,0.07771390406220928,0.2119600219449944
life,0.09455926294820717,0.16428037848605578,0.06511454183266933,0.12733441235059761,0.1521725597609562,0.11793451195219125,0.07516807768924302,0.2034362549800797
conscience,0.09227129337539432,0.1277602523659306,0.055993690851735015,0.10567823343848581,0.13406940063091483,0.09542586750788644,0.05362776025236594,0.3351735015772871
brilliant,0.046012269938650305,0.2326906222611744,0.03242769500438212,0.06310254163014899,0.24846625766871164,0.06003505696757231,0.06178790534618755,0.25547765118317267
impulses,0.12396694214876033,0.14049586776859505,0.09090909090909091,0.12396694214876033,0.11570247933884299,0.11570247933884299,0.09090909090909091,0.19834710743801653
generosity,0.08850726552179658,0.17833553500660504,0.055482166446499344,0.11360634081902246,0.1466314398943197,0.11228533685601057,0.09114927344782034,0.21400264200792604
bravery,0.08205128205128205,0.19487179487179485,0.030769230769230764,0.10256410256410256,0.15384615384615383,0.06153846153846153,0.08717948717948718,0.28717948717948716
self-sacrifice,0.09523809523809523,0.19047619047619047,0.047619047619047616,0.09523809523809523,0.14285714285714285,0.09523809523809523,0.09523809523809523,0.23809523809523808
carry,0.10257529463116544,0.1815800960279354,0.055870798777826275,0.13793103448275862,0.12570929725010913,0.10039284155390658,0.06372762985595809,0.23221300742034048
heedless,0.08695652173913043,0.17391304347826086,0.043478260869565216,0.08695652173913043,0.15217391304347827,0.08695652173913043,0.13043478260869565,0.23913043478260868
consequences,0.1248339973439575,0.14209827357237717,0.07702523240371846,0.17397078353253653,0.09296148738379814,0.13944223107569723,0.07304116865869856,0.1766268260292165
performance,0.07594936708860758,0.18354430379746833,0.04219409282700422,0.0970464135021097,0.16666666666666666,0.10337552742616034,0.08438818565400844,0.24683544303797467
noble,0.08207024029574862,0.133456561922366,0.05841035120147875,0.09722735674676526,0.13308687615526804,0.09833641404805916,0.06432532347504621,0.33308687615526805
deeds,0.1259029927760578,0.1537667698658411,0.06811145510835914,0.14138286893704852,0.14241486068111456,0.10113519091847266,0.0784313725490196,0.1888544891640867
whose,0.08619083115915022,0.1586843086097652,0.06559821095788297,0.12513976891539322,0.15430488259411107,0.11759224748415953,0.07882966828177415,0.2136600819977637
fame,0.09296781883194279,0.17759237187127533,0.05959475566150178,0.10965435041716329,0.16209773539928488,0.11561382598331346,0.06793802145411203,0.21454112038140644
makes,0.08581138487680544,0.14953271028037385,0.06966864910790144,0.1274426508071368,0.16270178419711132,0.11214953271028039,0.07434154630416313,0.2183517417162277
whole,0.10570342205323194,0.15961132234896494,0.06768060836501902,0.141191381495564,0.1327418673426278,0.10756231516687792,0.07291930713983948,0.21258977608787497
resounding,0.09523809523809523,0.19047619047619047,0.047619047619047616,0.09523809523809523,0.14285714285714285,0.09523809523809523,0.09523809523809523,0.23809523809523808
echo,0.11320754716981131,0.16981132075471697,0.03773584905660377,0.07547169811320754,0.18867924528301888,0.11320754716981131,0.09433962264150944,0.20754716981132074
