,anger,anticipation,disgust,fear,joy,sadness,surprise,trust
project,0.12432723358449947,0.1688643702906351,0.04985199138858989,0.04695909580193757,0.10542249730893434,0.07608988159311088,0.01742465016146394,0.4110602798708289
gutenberg,0.09064171122994652,0.23368983957219247,0.04866310160427807,0.04652406417112299,0.07700534759358288,0.120855614973262,0.0106951871657754,0.37192513368983954
ebook,0.052961672473867606,0.2236933797909408,0.052264808362369346,0.04599303135888503,0.13797909407665507,0.07108013937282232,0.03554006968641116,0.38048780487804884
pearl,0.07116104868913858,0.18352059925093633,0.0449438202247191,0.10112359550561799,0.19850187265917604,0.1198501872659176,0.056179775280898875,0.2247191011235955
peace,0.06375985977212971,0.21406660823838736,0.04075372480280456,0.08610867659947415,0.2223926380368098,0.07997370727432077,0.04645048203330412,0.2464943032427695
use,0.12308826239174496,0.1827897549290584,0.07665376819605675,0.09968675142804495,0.15754560530679934,0.07554818500092131,0.05749032614704257,0.22719734660033167
almost,0.09946409431939977,0.15852090032154337,0.07020364415862806,0.13762057877813502,0.14640943193997855,0.1378349410503751,0.07738478027867095,0.17256162915326903
may,0.09626415282557733,0.16848720634445608,0.0729712205097511,0.1067883684971819,0.15407252232031524,0.10529203451543717,0.07032769714200209,0.22579679784527906
copy,0.19294377067254684,0.1018008085262771,0.08232267548695334,0.07019478133039324,0.043366409408305766,0.06725468577728776,0.02793090775450202,0.4141859610437339
give,0.0837658850903884,0.17997136209056738,0.058797207803830326,0.09826382674064794,0.15938786468587793,0.10748165383926973,0.07848577053875067,0.23384642921066762
away,0.09335813697120021,0.16962932341187817,0.06951908502135869,0.13207937164117403,0.14103624087088326,0.1326305635937715,0.07978503513848698,0.18196224335124705
terms,0.12053684477082807,0.13750316535831858,0.042795644466953664,0.07191694099772095,0.13421119270701445,0.05697644973410991,0.050898961762471516,0.38516080020258303
license,0.11513963743263109,0.2204801567858893,0.061244487996080364,0.08917197452229302,0.12199902008819209,0.0926016658500735,0.03576678098971093,0.2635962763351299
online,0.009216589861751152,0.2672811059907834,0.03686635944700461,0.018433179723502304,0.1336405529953917,0.0783410138248848,0.03225806451612904,0.42396313364055305
little,0.07805308001175203,0.17575816929455162,0.06336303985897561,0.10648646884079259,0.18072013841282275,0.11461495772532887,0.07994646296477653,0.20105768289099987
produced,0.06662040249826509,0.19500346981263011,0.047883414295628035,0.10270645385149202,0.15961138098542677,0.07702984038861901,0.05968077723802914,0.2914642609299098
distributed,0.045303867403314914,0.26961325966850824,0.04419889502762431,0.07071823204419889,0.14143646408839777,0.06850828729281767,0.025414364640883976,0.3348066298342541
http,0.013483146067415729,0.2741573033707865,0.00898876404494382,0.013483146067415729,0.15280898876404495,0.051685393258426963,0.029213483146067417,0.4561797752808988
made,0.0943405298841179,0.16694715583978456,0.06621147280857816,0.12506611530509207,0.14925229600423134,0.11549742751358368,0.07736692792229648,0.2053180747223157
mrs.,0.06882391590013141,0.17936925098554535,0.0635676741130092,0.10134691195795008,0.1754270696452037,0.1197437582128778,0.08656373193166886,0.2051576872536137
's,0.08801281133230045,0.16054526280156758,0.06537164581353262,0.12057494759592226,0.15640501516788835,0.1130756311273712,0.07483692892574896,0.22117775723566863
blessed,0.04517025712300209,0.15844336344683807,0.03474635163307853,0.08200138985406533,0.3134120917303683,0.08686587908269633,0.06810284920083391,0.21125781792911746
peace-makers,0.03278688524590164,0.21311475409836067,0.03278688524590164,0.13114754098360656,0.29508196721311475,0.03278688524590164,0.01639344262295082,0.2459016393442623
shall,0.07653228449688627,0.17469682071451983,0.058423467715503115,0.11643723369387088,0.16199606686332352,0.10332677810553917,0.07227138643067847,0.2363159619796788
called,0.09149154279856482,0.16529984623270116,0.07150179395181958,0.12237314197847257,0.14646335212711428,0.10020502306509482,0.06932342388518709,0.2333418759610456
children,0.07336455229175536,0.16446714914147864,0.06215410813111962,0.11068539804171988,0.18007662835249041,0.11380729388392223,0.08088548318433376,0.21455938697318006
god,0.043236510831368716,0.2011921177883546,0.03620835372091989,0.17748320804234685,0.21048885725723945,0.05471286864463325,0.04207997864863663,0.2345981050665006
new,0.07673835873877635,0.19649196074337022,0.05825850908331593,0.11348924618918353,0.16360409271246606,0.09939444560451033,0.07673835873877635,0.21528502818960119
boys,0.09556527170518428,0.16801998750780764,0.07620237351655217,0.11180512179887572,0.14990630855715179,0.0961898813241724,0.08494690818238602,0.2173641474078701
love,0.06384844764076478,0.1379874875752792,0.04654154241945858,0.09390165468046541,0.3203531544173537,0.09308308483891715,0.05993100625621236,0.18435362217154885
quarrel,0.2459770114942529,0.1149425287356322,0.08275862068965517,0.12413793103448277,0.08735632183908047,0.12413793103448277,0.04827586206896552,0.1724137931034483
sallie,0.05803571428571428,0.20089285714285712,0.049107142857142856,0.08258928571428571,0.19866071428571427,0.10937499999999999,0.10491071428571427,0.19642857142857142
home,0.0692200279273888,0.1877119489327748,0.058248553760223414,0.10343107919409533,0.17384799521244762,0.11889088370237381,0.07799720726112108,0.2106523040095751
hatty,0.03225806451612903,0.1975806451612903,0.05241935483870968,0.08064516129032259,0.21370967741935484,0.0846774193548387,0.07258064516129031,0.26612903225806456
peaceful,0.06415929203539822,0.1980088495575221,0.037610619469026545,0.08517699115044247,0.1980088495575221,0.08960176991150443,0.1316371681415929,0.19579646017699112
matilda,0.1319290465631929,0.13414634146341464,0.0787139689578714,0.14966740576496676,0.13747228381374724,0.11086474501108648,0.07538802660753881,0.18181818181818182
girl,0.06998568474630189,0.17512327024017812,0.060124065532050255,0.09686655002385874,0.1961189756640687,0.10434229362175917,0.10656911086368696,0.19087004930809606
death,0.14086176682816204,0.1479744356251933,0.12086382847129162,0.16683847026079787,0.06880733944954129,0.1545201525615916,0.10864859292856406,0.09148541387485827
ever,0.08605193075898802,0.1675266311584554,0.06391478029294274,0.11567909454061252,0.1709387483355526,0.11443075898801598,0.07689747003994674,0.204560585885486
see,0.07564019797718959,0.1812997632881429,0.060684312459651384,0.11163115988809985,0.16768883150419628,0.11023240800516462,0.07773832580159243,0.21508500107596298
munson,0.05882352941176471,0.17647058823529413,0.029411764705882356,0.08823529411764706,0.17647058823529413,0.11764705882352942,0.08823529411764706,0.2647058823529412
quick,0.10594059405940595,0.15742574257425743,0.06336633663366337,0.15247524752475247,0.14059405940594058,0.11683168316831682,0.0910891089108911,0.1722772277227723
companion,0.0613349368610944,0.12026458208057725,0.04088995790739627,0.07336139506915212,0.2675886951292844,0.07997594708358388,0.06193625977149728,0.2946482260974143
cynthia,0.21621621621621623,0.13513513513513514,0.05405405405405406,0.10810810810810811,0.10810810810810811,0.13513513513513514,0.08108108108108109,0.16216216216216217
dress,0.06596173212487412,0.1701913393756294,0.058912386706948636,0.08408862034239678,0.19133937562940584,0.12839879154078548,0.07049345417925477,0.23061430010070494
much,0.08294542933544617,0.16806972368030107,0.06100822026344459,0.11136971377636921,0.16445478855105478,0.1093394077448747,0.08329206695057938,0.21952064969793006
make,0.08226363008971704,0.17977915804002761,0.06480331262939959,0.11442374051069702,0.15500345065562457,0.10448585231193927,0.07625948930296757,0.22298136645962732
could,0.09783746597672958,0.15996171447372357,0.06670056530972393,0.128764992671911,0.1484162354559866,0.12353064337630484,0.0790536296473544,0.1957347530882661
time,0.07620830496936691,0.32402995234853643,0.05309734513274336,0.10078284547311095,0.1197072838665759,0.09768550034036759,0.06562287270251872,0.16286589516678013
n't,0.09423391665617524,0.1626589449830039,0.07025053506231901,0.11500692433589323,0.14969155231021025,0.1147551303034118,0.08013345083721515,0.21326954551177138
tell,0.08270844991606044,0.1688864017907107,0.06435366536094013,0.11717963066592055,0.1540011191941802,0.11426972579742586,0.07386681589255736,0.2247341913822048
word,0.06831187410586553,0.1338817358130663,0.052813543156890796,0.09740104911778732,0.12768240343347642,0.08857892226990939,0.06127801621363853,0.37005245588936575
said,0.08326103383616469,0.16461895832750276,0.0661610366348549,0.10844924575298762,0.1615683859953542,0.10797346841678096,0.08300915171699647,0.22495871931935857
one,0.08717532467532467,0.16605339105339106,0.06433982683982685,0.12137445887445888,0.1549062049062049,0.1121933621933622,0.077994227994228,0.21596320346320347
face,0.08644662921348314,0.15379213483146065,0.06516853932584268,0.12528089887640448,0.16762640449438201,0.1324438202247191,0.09283707865168539,0.17640449438202246
would,0.0915426915043267,0.16754763630163264,0.06626454665586769,0.12651860693124173,0.1479815848927917,0.1171405430751524,0.07741165437571934,0.20559273626326782
went,0.08665877578626986,0.18337842407845792,0.06222522827189719,0.11430503889076767,0.15133581332431517,0.1225059181602976,0.07879607710517417,0.20079472438282042
help,0.06898076497899625,0.18638072076055717,0.057705063011275703,0.11739995578156091,0.1735573734247181,0.1103250055273049,0.06765421180632324,0.21799690470926378
good,0.041124921244057505,0.20843118162552265,0.032476086832006416,0.05727704908643107,0.20929033736181912,0.053153101552208024,0.1608053153101552,0.23744200698779996
asked,0.09318249479011609,0.16314379279547483,0.055671330753200354,0.11640369157487347,0.16076213158678176,0.10270913962488835,0.0967549866031557,0.21137243227150934
must,0.0956201214223764,0.1742194275802255,0.06748699045967041,0.11968777103209018,0.14370121422376408,0.1090633130962706,0.0716608846487424,0.21856027753686033
done,0.08996127494787012,0.17158176943699732,0.06583258862079237,0.1173666964551683,0.14849568066726246,0.1118558236520703,0.07983318439082515,0.215072981829014
oh,0.08954289292423294,0.15341264871634316,0.06981840951784597,0.11521603005635568,0.1778334376956794,0.1308703819661866,0.07764558547276143,0.18566061365059486
friend,0.05169272082094562,0.11700393209935743,0.04114318595952815,0.07231226623189796,0.27131485566318214,0.07461398292893451,0.05936510981106743,0.31255394648508683
know,0.08671880406948576,0.1667935497266247,0.06920894179527995,0.1155789327981175,0.1566198352827185,0.11281057512630632,0.07702955221814659,0.21523980898332065
well,0.0812432497299892,0.17370694827793112,0.06036241449657987,0.10884435377415097,0.16434657386295454,0.10872434897395897,0.07854314172566902,0.22422896915876633
going,0.08375463431075159,0.1894169194472531,0.06049882035726322,0.117458712504213,0.14762386248736095,0.12015503875968991,0.08476575665655545,0.1963262554769127
've,0.08552631578947367,0.17850877192982453,0.07105263157894735,0.09736842105263156,0.15614035087719297,0.12017543859649121,0.08157894736842104,0.2096491228070175
always,0.0798183652875883,0.1677093844601413,0.06226034308779011,0.10887991927346115,0.17558022199798184,0.1058526740665994,0.07679112008072654,0.2231079717457114
happy,0.041828040278853604,0.24105344694035633,0.02742060418280403,0.05824941905499613,0.2604182804027885,0.0576297443841983,0.05623547637490318,0.25716498838109997
feeling,0.11291182428830367,0.1346625439812347,0.10459537264100652,0.12464015353449195,0.13636848278068026,0.1264527135089029,0.10459537264100652,0.1557735366243736
think,0.08928443264192924,0.16550635182659873,0.06969066245603964,0.11928515036244888,0.16048230818919115,0.11820856958300438,0.08153305102992896,0.19600947391085913
us,0.08218701027337628,0.17364617795577225,0.056808288351036046,0.12201810900226363,0.16232805154100644,0.10656451332056417,0.08153404144175518,0.214913808114226
never,0.0919346965341433,0.1588653251613603,0.06806964256657808,0.12214568530672018,0.1581602212941368,0.12480338449856268,0.07457829364864131,0.20144275098985734
angry,0.24378698224852074,0.10710059171597634,0.20887573964497042,0.08994082840236688,0.0911242603550296,0.08579881656804735,0.056804733727810655,0.11656804733727812
'm,0.0745361484325016,0.16058861164427382,0.0655790147152911,0.16250799744081892,0.1599488163787588,0.10524632117722328,0.06397952655150352,0.2076135636596289
long,0.07046242774566473,0.3295953757225434,0.05202312138728324,0.10433526011560694,0.11953757225433526,0.10589595375722544,0.05976878612716763,0.15838150289017341
mother,0.04333254938852305,0.20466839134524933,0.03498353715898401,0.061735653809971786,0.20760818438381942,0.17862182502351837,0.0415098777046096,0.2275399811853246
came,0.09362989099615653,0.1750992376031756,0.06029865792955706,0.12513389200428457,0.15021107680675447,0.12072333186314664,0.08272950664734423,0.19217440614958103
sweet,0.04134123350390519,0.20158901158093184,0.03124158362510099,0.054672771343926736,0.2391597091300835,0.06813897118233234,0.1478588742256935,0.21599784540802583
upon,0.09880283991325788,0.16329501232807533,0.06790838606184832,0.13165790333600688,0.14149065739833053,0.12399370228440722,0.07616671122597511,0.19668478745209872
cross,0.1757861635220126,0.10597484276729562,0.04968553459119498,0.21226415094339623,0.10062893081761008,0.18647798742138366,0.04685534591194969,0.12232704402515725
old,0.08389227117944485,0.16081931689196163,0.06686616448250955,0.11484882881023631,0.16474048085852855,0.11221752141161903,0.07883603343308224,0.2177793829326179
uncle,0.09548872180451128,0.16616541353383457,0.051879699248120296,0.1225563909774436,0.13834586466165413,0.12781954887218044,0.07744360902255638,0.22030075187969925
says,0.08487940630797773,0.1553803339517625,0.06655844155844155,0.1185064935064935,0.16651205936920221,0.10667903525046381,0.07235621521335807,0.22912801484230055
daughter,0.07624200688637482,0.13723561239547466,0.05082800459091654,0.10050828004590916,0.2997212657812756,0.09657320872274143,0.06115756681423184,0.1777340547630759
years,0.08524516419253263,0.1663292847503374,0.06657669815564553,0.12550607287449395,0.15305892937471888,0.12753036437246965,0.06927575348627982,0.2064777327935223
eldest,0.09540636042402827,0.14664310954063603,0.0724381625441696,0.11837455830388693,0.18197879858657243,0.107773851590106,0.05653710247349823,0.22084805653710246
father,0.07415844090103771,0.14300177170336623,0.05502404454568463,0.09476082004555808,0.144317894203999,0.10154391293343457,0.05796001012401923,0.32923310554290053
support,0.05825242718446603,0.18338727076591155,0.03613807982740022,0.104638619201726,0.17475728155339806,0.07766990291262137,0.05285868392664509,0.3122977346278317
though,0.09007996827704713,0.16139052276782764,0.06767563280682043,0.11962196814486815,0.15702861674707555,0.11922543123389068,0.07785341352190867,0.20712444650056175
work,0.12495311913989249,0.18146018252281537,0.046130766345793224,0.0738217277159645,0.13282910363795475,0.08913614201775222,0.06113264158019752,0.29053631703962995
school,0.051799824407374885,0.1514486391571554,0.04916593503072871,0.07418788410886742,0.12554872695346794,0.07111501316944688,0.07594381035996488,0.40079016681299384
days,0.10666666666666667,0.18330218068535828,0.0540809968847352,0.1005607476635514,0.15725856697819313,0.11526479750778816,0.08847352024922119,0.19439252336448598
associated,0.08830436824800375,0.185533114138093,0.0361672146547675,0.07703147017379051,0.15782057303898545,0.07139502113668389,0.03945514325974636,0.3442930953499296
two,0.0938537685608671,0.16841050059520077,0.06421903389511935,0.12079443643881962,0.15067978196854834,0.11678466261512437,0.0801328237579099,0.20512499216841049
without,0.0974044911052785,0.16284631087780696,0.06748323126275883,0.13502478856809566,0.13537474482356374,0.11787693205016041,0.07144940215806359,0.21254009915427238
set,0.11353771025501898,0.1553174172544764,0.05982094411285947,0.11380900705371677,0.14690721649484537,0.1056701030927835,0.06646771568095497,0.23846988605534453
go,0.07727614120003339,0.196444963698573,0.05874989568555455,0.11357756822164734,0.15046315613786201,0.11549695401819246,0.08370191104064091,0.20428940999749648
found,0.06165311653116531,0.11277408228627739,0.04582409460458241,0.08345651638334566,0.25874599655087455,0.083210150283321,0.051613697955161374,0.3027223454052722
take,0.08100711548987412,0.1829045794563036,0.05674147053457398,0.11421273490239006,0.15562853493887974,0.10472541507024266,0.08337894544791097,0.22140120415982484
dear,0.06347952061108916,0.17476623205584088,0.054655603845647306,0.0942973791650204,0.20993019886737782,0.10377979718161463,0.07902015013828526,0.22007111813512445
esther,0.04237288135593221,0.21186440677966104,0.05084745762711865,0.11864406779661019,0.19491525423728814,0.1016949152542373,0.06779661016949153,0.21186440677966104
laid,0.08801955990220048,0.17010129235068108,0.06601466992665035,0.1198044009779951,0.15647921760391198,0.12294795668878797,0.07439748515543136,0.2022354173943416
eyes,0.08199541284403669,0.1570281782437746,0.06602228047182176,0.1229521625163827,0.1657929226736566,0.1350753604193971,0.08781127129750983,0.18332241153342071
want,0.09707865168539326,0.16314606741573034,0.07393258426966293,0.12,0.14247191011235955,0.11910112359550562,0.07146067415730338,0.21280898876404497
oliver,0.049107142857142856,0.19642857142857142,0.04241071428571428,0.09598214285714285,0.17410714285714285,0.10044642857142856,0.09598214285714285,0.24553571428571427
favorite,0.06858846918489066,0.13618290258449306,0.04870775347912525,0.0705765407554672,0.25248508946322074,0.06858846918489066,0.06262425447316104,0.2922465208747515
hymn,0.028378378378378376,0.19999999999999998,0.03378378378378378,0.06216216216216216,0.23648648648648649,0.1581081081081081,0.03513513513513514,0.24594594594594593
saviour,0.06849315068493152,0.18003913894324855,0.04305283757338552,0.11350293542074365,0.20547945205479456,0.11545988258317026,0.07045009784735813,0.20352250489236792
express,0.11255411255411256,0.1717171717171717,0.04329004329004329,0.09523809523809525,0.17316017316017315,0.10533910533910534,0.07215007215007216,0.22655122655122656
comfort,0.051443743776966484,0.2144042482575506,0.03750414868901427,0.07168934616661136,0.23199468967806175,0.08861599734483903,0.0448058413541321,0.25954198473282447
soul,0.08178827751196173,0.16552033492822968,0.0687799043062201,0.125,0.18241626794258373,0.11318779904306221,0.06892942583732059,0.194377990430622
earliest,0.0456989247311828,0.23118279569892472,0.029569892473118278,0.0913978494623656,0.20698924731182794,0.08064516129032258,0.06989247311827956,0.2446236559139785
every,0.08589054938041801,0.1682178375791097,0.06488326330904642,0.1206722331542839,0.1625804392916024,0.10625963941924162,0.07360527575386906,0.21789076211242886
promised,0.0779342723004695,0.17934272300469487,0.05633802816901409,0.11455399061032866,0.16713615023474182,0.09389671361502348,0.08826291079812207,0.22253521126760567
money,0.1589825119236884,0.18664546899841017,0.028298887122416534,0.04260731319554849,0.17615262321144676,0.04525702172760996,0.14647588765235825,0.21558028616852148
blessing,0.05042016806722689,0.21743697478991597,0.04411764705882353,0.06827731092436976,0.23634453781512607,0.07983193277310925,0.04936974789915966,0.2542016806722689
come,0.08442944700778182,0.18221885545072652,0.06129054472832449,0.11342194063769712,0.15653191928930513,0.10963432270504786,0.08036636595275808,0.21210660422835892
whole,0.09290030211480363,0.16377139979859012,0.06847935548841894,0.12235649546827795,0.1487915407854985,0.11832829808660625,0.07464753272910372,0.2107250755287009
bless,0.02248126561199001,0.25228975853455454,0.029142381348875937,0.08576186511240633,0.2664446294754372,0.03413821815154038,0.03830141548709409,0.2714404662781016
child,0.05334172888369164,0.2633804083835567,0.04101826032202932,0.07960780786183322,0.2753440676441486,0.08581451830529818,0.051632634703607086,0.1498605738958352
joy,0.06909667194928686,0.14421553090332803,0.05166402535657686,0.10839936608557844,0.29033280507131537,0.1115689381933439,0.06846275752773376,0.15625990491283676
right,0.10662446796900578,0.16075521117537925,0.057841318345520025,0.10520571865109682,0.1395831059696606,0.11884753901560625,0.0731201571537706,0.2380224817199607
even,0.0956414978514426,0.15445058317986493,0.07268262737875997,0.12627378759975444,0.15150399017802332,0.12394106813996317,0.07391037446286064,0.2015960712093309
heavenly,0.05223410950283197,0.21460037759597234,0.03838892385147892,0.08307111390811832,0.24229074889867844,0.06482064191315293,0.05726872246696036,0.24732536186280682
added,0.08437990580847723,0.14835164835164835,0.07260596546310832,0.12362637362637362,0.1389324960753532,0.1271585557299843,0.07927786499215071,0.22566718995290425
afraid,0.08173690932311621,0.11792252022137079,0.05704555129842486,0.3307790549169859,0.09919114516815666,0.11323967645806726,0.06598552575564069,0.13409961685823754
mind,0.09058812598717829,0.16816872619158227,0.06364396543714577,0.12830995075722382,0.1477283285329369,0.11232927622410108,0.07711604571216203,0.21211558115766976
wants,0.05873925501432665,0.17908309455587393,0.06446991404011462,0.12177650429799428,0.17191977077363899,0.11174785100286534,0.08452722063037249,0.20773638968481375
worse,0.09045226130653267,0.09924623115577891,0.06532663316582915,0.26172529313232834,0.07579564489112228,0.2495812395309883,0.042713567839195984,0.11515912897822446
rest,0.0774538170487425,0.17560649899844205,0.062319163142666376,0.11440017805475185,0.1669263298464278,0.12174493656799468,0.07611840640997107,0.20543066993100384
might,0.09260039737491722,0.17044975615630079,0.06544644469865735,0.1328797639833825,0.14275392859293154,0.11704497561563008,0.07809019206454332,0.2007345415136372
example,0.07364341085271317,0.17183462532299743,0.040051679586563305,0.09689922480620154,0.19896640826873385,0.0813953488372093,0.07105943152454781,0.2661498708010336
day,0.08102369885809375,0.18253285132266023,0.06082515636655764,0.11419062374476385,0.16428530441269293,0.11849429046881274,0.08354851666953578,0.19509955815688299
full,0.09865957027399962,0.18095801301005324,0.055982653262369404,0.10279913266311848,0.16587817859254878,0.10220776660753006,0.08387541888428938,0.20963926670609107
agree,0.1807747489239598,0.14681970349115256,0.058823529411764705,0.0664753706360593,0.0746054519368723,0.08273553323768532,0.03730272596843615,0.35246293639406984
within,0.11839140232275959,0.17368694747789912,0.05200208008320333,0.10868434737389496,0.1513260530421217,0.11284451378055123,0.08771017507366961,0.1953544808459005
jesus,0.059012187299550996,0.16933932007697242,0.05965362411802438,0.1276459268762027,0.18537524053880694,0.10070558050032072,0.06414368184733804,0.23412443874278382
thy,0.07580460709034471,0.16288188204541743,0.06616565920601208,0.12187551053749388,0.18885802973370364,0.11599411860807057,0.07008658715896095,0.19833360561999674
works,0.10735879663766407,0.1754903406577201,0.06075800029494175,0.05471169444034803,0.14658604925527208,0.035098068131544015,0.03303347588851202,0.3869635746939979
public,0.06008583690987125,0.3388173581306629,0.04268001907486886,0.08226037195994279,0.10944206008583691,0.06103958035288508,0.039580352885073916,0.26609442060085836
united,0.03155059638322432,0.22008464794151597,0.021161985378991922,0.08734128510965757,0.08503270488649481,0.043478260869565216,0.029242016160061564,0.48210850327048865
states,0.027420446851726475,0.1973595125253893,0.03825321597833446,0.0954637779282329,0.07616790792146243,0.07447528774542993,0.02166553825321598,0.46919431279620855
copyright,0.08873114463176575,0.17036379769299023,0.08873114463176575,0.048802129547471165,0.04614019520851819,0.08961845607808341,0.0,0.4676131322094055
foundation,0.11084103062712689,0.1514341273699563,0.03354399611084103,0.02965483714146816,0.0792416140009723,0.1378220709771512,0.011910549343704425,0.4455517744287798
forth,0.12511382261883083,0.14332544163176109,0.058459297031506104,0.11291203788016756,0.15079220542706245,0.11946822072482244,0.059005645601894016,0.23092332908395558
distributing,0.16491458607095927,0.164257555847569,0.06701708278580816,0.03350854139290408,0.10183968462549278,0.09986859395532195,0.0,0.36859395532194483
gutenberg-tm,0.14068655036578503,0.1492215344213093,0.05158506846745451,0.04689551678859501,0.11254924029262801,0.06096417182517351,0.018758206715438003,0.41933971112361657
electronic,0.18081461743433574,0.1328511610201751,0.06661591168633423,0.03806623524933384,0.10468214693566806,0.07613247049866768,0.03806623524933384,0.36277122192615147
trademark,0.19019396551724135,0.10775862068965517,0.05387931034482758,0.02693965517241379,0.08081896551724137,0.16163793103448273,0.0,0.3787715517241379
copies,0.20244037714919577,0.12035496394897392,0.11924570160843039,0.09428729894620076,0.09428729894620076,0.006655574043261231,0.006100942872989462,0.3566278424847476
distribution,0.0917832167832168,0.22552447552447555,0.0017482517482517485,0.050699300699300696,0.08916083916083917,0.0026223776223776225,0.004370629370629371,0.5340909090909092
agreement,0.12082126875493553,0.07317715188207423,0.04158989207686234,0.029744669649907872,0.059489339299815744,0.08186364832850751,0.01658331139773625,0.5767307186101607
paid,0.20558622929522574,0.18674894446248783,0.022085092562520302,0.03832413121143228,0.14387788242936017,0.07632348164988634,0.10522897044494967,0.2218252679441377
fee,0.3496932515337423,0.11712214166201897,0.05856107083100948,0.004461795872838818,0.1165644171779141,0.006134969325153374,0.004461795872838818,0.3430005577244841
access,0.19897741798040053,0.13890072432893055,0.092032381763954,0.07584149978696209,0.118023008095441,0.052833404345973584,0.02684277801448658,0.29654878568385173
refund,0.24450549450549453,0.12332112332112333,0.0463980463980464,0.016483516483516484,0.12301587301587304,0.12332112332112333,0.09218559218559219,0.23076923076923078
paragraph,0.2967032967032967,0.06802721088435375,0.059131344845630554,0.03506017791732078,0.06384092098377812,0.1664050235478807,0.032443746729461015,0.2783882783882784
literary,0.11417322834645668,0.15403543307086615,0.034940944881889764,0.020669291338582675,0.08562992125984252,0.1653543307086614,0.02854330708661417,0.39665354330708663
archive,0.1307443365695793,0.14368932038834953,0.03365695792880259,0.0,0.04207119741100324,0.1941747572815534,0.0012944983818770227,0.45436893203883494
fees,0.1330508474576271,0.13983050847457626,0.046610169491525424,0.005932203389830509,0.05423728813559322,0.13050847457627118,0.005932203389830509,0.48389830508474574
including,0.12886352829291486,0.17118402282453637,0.03185924869234427,0.040893961008083686,0.0932001902044698,0.13171659533999047,0.009985734664764621,0.39229671897289586
provide,0.13638651233014595,0.0805234021137393,0.034222445898339206,0.017614494212380472,0.10518369401107196,0.013085052843482638,0.059889280322093605,0.5530951182687468
owner,0.18767507002801118,0.10784313725490195,0.06489262371615312,0.05602240896358543,0.06069094304388422,0.17413632119514472,0.019607843137254898,0.32913165266106437
information,0.03709349593495935,0.18546747967479674,0.02693089430894309,0.07164634146341463,0.14634146341463414,0.06808943089430895,0.03556910569105691,0.42886178861788615
donations,0.0,0.23317788141239174,0.0,0.0,0.10059960026648901,0.09993337774816789,0.0,0.5662891405729513
replacement,0.24324324324324326,0.08108108108108109,0.05405405405405406,0.0,0.10810810810810811,0.16216216216216217,0.08108108108108109,0.2702702702702703
limited,0.2731581214993537,0.061180525635501935,0.07152089616544592,0.00947867298578199,0.10168031021111588,0.2559241706161138,0.05127100387763894,0.17578629900904783
damages,0.17906976744186048,0.03313953488372093,0.11976744186046512,0.06395348837209303,0.002906976744186047,0.32790697674418606,0.0034883720930232558,0.2697674418604651
bertie,0.03474903474903475,0.19498069498069498,0.04826254826254826,0.05212355212355213,0.2007722007722008,0.0694980694980695,0.10424710424710426,0.2953667953667954
mr.,0.07491684306017539,0.1784094345328092,0.058587843967342,0.10500453583308135,0.15799818566676746,0.10780163289990928,0.08330813426065921,0.2339733897792561
curtis,0.04395604395604395,0.2032967032967033,0.03571428571428571,0.04120879120879121,0.23076923076923075,0.06318681318681318,0.09615384615384615,0.2857142857142857
plan,0.06456241032998565,0.35437589670014347,0.03443328550932568,0.0975609756097561,0.1176470588235294,0.0703012912482066,0.07604017216642754,0.18507890961262552
donkey,0.05454545454545455,0.16363636363636366,0.3212121212121212,0.06666666666666667,0.11515151515151516,0.042424242424242434,0.07272727272727272,0.16363636363636366
boy,0.06875275451740856,0.13177611282503307,0.24504186866460997,0.08748347289554871,0.124283825473777,0.10026443367122082,0.06236227412957251,0.18003525782282945
cellar,0.11240310077519379,0.18604651162790697,0.07751937984496124,0.12790697674418605,0.1434108527131783,0.08914728682170543,0.07364341085271317,0.18992248062015504
winnie,0.007874015748031496,0.1889763779527559,0.023622047244094488,0.03937007874015748,0.22047244094488191,0.047244094488188976,0.14173228346456693,0.3307086614173228
kind,0.06143896523848019,0.11386996188936366,0.03915001732301651,0.068714632174616,0.2739346344843515,0.08372791315394387,0.05624206028409747,0.3029218154521307
looked,0.08691206543967281,0.1655163599182004,0.06377811860940696,0.12359406952965236,0.15861451942740287,0.13292433537832313,0.08844580777096114,0.18021472392638038
began,0.09211635750421586,0.17432546374367622,0.06070826306913997,0.13237774030354132,0.1443929173693086,0.12373524451939293,0.08768971332209106,0.18465430016863407
house,0.08430864836872087,0.17079233557742102,0.0615225271879855,0.1166235111341274,0.1601242879337131,0.12408078715691352,0.07912998446400829,0.20341791817711033
words,0.25971842824122715,0.13090985501155708,0.056524479932758984,0.10170203824332844,0.12439588148770751,0.09812985921412062,0.06209287665475941,0.1665265812145409
learn,0.05475285171102662,0.18326996197718634,0.034220532319391636,0.08745247148288973,0.18859315589353615,0.08365019011406846,0.08517110266159697,0.28288973384030425
many,0.0869328246355089,0.16269246491347591,0.06860607712222372,0.11765908161874912,0.1541763182994958,0.12120179861016485,0.07855293636735249,0.210178498433029
building,0.09108341323106424,0.16395014381591563,0.05465004793863854,0.12751677852348994,0.16586768935762225,0.09300095877277086,0.06807286673058485,0.23585810162991372
gentleman,0.05826957033549147,0.1391995291347852,0.051795173631547974,0.07563272513243084,0.1383166568569747,0.0723955267804591,0.0744555620953502,0.3899352560329606
carriage,0.08357348703170028,0.1834774255523535,0.05859750240153698,0.11335254562920269,0.14985590778097982,0.12680115273775217,0.0845341018251681,0.19980787704130645
village,0.0710997442455243,0.18158567774936063,0.058312020460358056,0.10434782608695654,0.1759590792838875,0.11662404092071611,0.05933503836317136,0.2327365728900256
laughing,0.07351077313054498,0.10266159695817491,0.04562737642585551,0.08365019011406843,0.376425855513308,0.08998732572877058,0.08111533586818757,0.14702154626108996
side,0.09462915601023018,0.1648864149240259,0.0603279675041372,0.12200992929140965,0.15330224161275763,0.11764705882352942,0.07747856175718369,0.20971867007672634
back,0.09678571428571428,0.1694642857142857,0.06821428571428571,0.1332142857142857,0.14080357142857142,0.13303571428571428,0.07401785714285714,0.18446428571428572
road,0.08668730650154799,0.16099071207430343,0.05201238390092879,0.12445820433436532,0.1541795665634675,0.12631578947368421,0.08111455108359134,0.21424148606811147
large,0.08848715509039011,0.17431018078020932,0.06393910561370124,0.1071360608943863,0.16403425309229305,0.1065651760228354,0.07573739295908659,0.21979067554709802
look,0.08723580605055946,0.16048487360132613,0.06848321591380024,0.129714048901782,0.15602983837546622,0.12235806050559468,0.08578532946539576,0.18990882718607538
lake,0.0696629213483146,0.1887640449438202,0.051685393258426963,0.12359550561797754,0.17191011235955056,0.10224719101123596,0.08764044943820225,0.20449438202247192
pretty,0.0406062874251497,0.2475673652694611,0.035179640718562874,0.04940119760479043,0.2593562874251497,0.059131736526946116,0.05800898203592815,0.25074850299401197
ground,0.09321058688147295,0.12497123130034521,0.0577675489067894,0.12543153049482164,0.10586881472957421,0.11116225546605293,0.06858457997698504,0.31300345224395854
papa,0.07267267267267268,0.1747747747747748,0.06306306306306307,0.10390390390390392,0.18738738738738742,0.10600600600600601,0.0945945945945946,0.19759759759759762
wife,0.07876760072494077,0.17454342673916076,0.059249965147079336,0.10664993726474281,0.17747107207583998,0.11403875644779034,0.08239230447511503,0.20688693712533113
like,0.08952116585704371,0.16295872964036412,0.06857982610115523,0.12360697228232027,0.16781646732252928,0.11474874474425438,0.08360207372331305,0.18916602032901988
pleasant,0.034227381905524414,0.21937550040032025,0.025420336269015208,0.04463570856685348,0.22958366693354681,0.04803843074459567,0.16873498799039227,0.22998398718975177
seen,0.08378953771289537,0.170316301703163,0.06979927007299269,0.12119829683698295,0.1607360097323601,0.11450729927007298,0.07983576642335766,0.19981751824817517
man,0.08959404142685667,0.16327598411867902,0.06989627896956081,0.1231417931119387,0.15632021175094643,0.10796836046905298,0.08574682219691608,0.20405650795604938
sir,0.05950873638895923,0.11825778678146365,0.04988604710053178,0.08457837427196759,0.09875917953912382,0.07571537097999494,0.05950873638895923,0.45378576854899977
place,0.08280499519692602,0.16484149855907781,0.06397694524495677,0.12382324687800193,0.15417867435158503,0.11469740634005764,0.07540826128722382,0.220268972142171
dinner,0.061213132999443524,0.21035058430717862,0.05954368391764052,0.06455203116304953,0.18085698386199223,0.10239287701725099,0.09181969949916528,0.22927100723427937
yes,0.07936507936507937,0.15925925925925927,0.05873015873015874,0.11375661375661376,0.17328042328042328,0.11296296296296296,0.0746031746031746,0.22804232804232805
'll,0.08388788062109295,0.1728171002218189,0.063722524702561,0.10909457551925791,0.15366001209921354,0.10869126840088726,0.09598709417221213,0.21213954426295623
walked,0.09030704394942805,0.1860325105358218,0.052980132450331126,0.10295003010234799,0.16134858518964482,0.11739915713425647,0.08007224563515955,0.20891029500301025
ready,0.06907265774378585,0.33365200764818354,0.04493307839388145,0.09894837476099425,0.11854684512428297,0.08269598470363287,0.0738527724665392,0.1782982791586998
farm,0.06188118811881188,0.42326732673267325,0.06188118811881188,0.04702970297029703,0.13613861386138615,0.054455445544554455,0.05198019801980198,0.16336633663366337
taylor,0.045871559633027525,0.19266055045871558,0.10091743119266054,0.055045871559633024,0.2110091743119266,0.09174311926605505,0.09174311926605505,0.2110091743119266
answered,0.08552097428958051,0.1577807848443843,0.060351826792963456,0.11096075778078483,0.17618403247631934,0.10852503382949931,0.08227334235453315,0.21840324763193503
men,0.0978583612357066,0.1569271590119401,0.07284098805989006,0.1329205887927222,0.14896708572872572,0.10777686524733082,0.07726325099500915,0.2054457009286752
soon,0.08065196009554587,0.18603344105662498,0.04917802444850358,0.1184487846002529,0.1545595054095827,0.11816776731769003,0.08163552058451594,0.21132499648728395
following,0.0888585099111415,0.19958988380041012,0.061859193438140815,0.10423786739576213,0.1291866028708134,0.1076555023923445,0.0645933014354067,0.24401913875598086
mamma,0.0434108527131783,0.15813953488372093,0.037209302325581395,0.059689922480620154,0.1565891472868217,0.06976744186046512,0.07054263565891473,0.4046511627906976
saw,0.09116712079927339,0.1772252497729337,0.06482742960944596,0.12431880108991825,0.15099909173478657,0.12352406902815623,0.08049500454132606,0.1874432334241599
say,0.08221949281121306,0.17202514269200198,0.06444621053392095,0.10815692507766779,0.15620258651831512,0.11119138790549814,0.07499458131637887,0.23076367314500393
morning,0.07006780755569907,0.19405876654827253,0.054084597998062645,0.10154988698740718,0.17242492734904746,0.1147885050048434,0.0902486277042299,0.20277688085243786
told,0.08527245949926361,0.17820324005891014,0.06877761413843887,0.12002945508100146,0.14403534609720176,0.11163475699558173,0.0792341678939617,0.2128129602356406
drove,0.11462450592885373,0.13636363636363635,0.0968379446640316,0.14624505928853754,0.12648221343873517,0.11857707509881421,0.08498023715415019,0.1758893280632411
great,0.0887263339070568,0.16411359724612737,0.06252151462994836,0.1225473321858864,0.16071428571428573,0.10985370051635113,0.08696213425129087,0.20456110154905335
deal,0.042048624950179345,0.2136309286568354,0.02789956157831805,0.049222797927461134,0.2120366679952172,0.05101634117178158,0.17417297728178555,0.22997210043842164
rand,0.0,0.2571428571428572,0.0,0.08571428571428572,0.20000000000000004,0.0,0.05714285714285715,0.4000000000000001
stone,0.24683544303797467,0.11618444846292947,0.06509945750452079,0.11528028933092223,0.11934900542495479,0.10940325497287522,0.05063291139240506,0.17721518987341772
heart,0.08917631041524846,0.15427934896961443,0.06343214307816077,0.12042824432204961,0.17903335602450643,0.133176557955319,0.0769230769230769,0.18355096231202422
son,0.09951331967213113,0.14690061475409835,0.07671618852459015,0.13268442622950816,0.14357069672131145,0.11757172131147539,0.06557377049180327,0.21746926229508193
grass,0.07530312699425654,0.16975111678366306,0.06955966815571156,0.09636247606892151,0.200382897255903,0.10976388002552648,0.08296107211231653,0.19591576260370133
till,0.09144542772861357,0.1670353982300885,0.06477384464110128,0.1361848574237955,0.14220747295968536,0.13360373647984267,0.07645034414945918,0.18829891838741397
oxen,0.037037037037037035,0.24691358024691357,0.09876543209876543,0.08641975308641976,0.16049382716049382,0.09876543209876543,0.06172839506172839,0.20987654320987653
tom,0.11078472513638273,0.15484683172471675,0.07343684431389005,0.1351237935375577,0.1258917331095258,0.1233738984473353,0.08182962652119177,0.19471254720939993
whitefoot,0.04545454545454545,0.25757575757575757,0.10606060606060606,0.030303030303030304,0.1818181818181818,0.0,0.12121212121212122,0.25757575757575757
tree,0.13913282107574096,0.15724478594950606,0.12321624588364435,0.06339187705817784,0.1561470911086718,0.052963776070252475,0.13117453347969266,0.17672886937431395
friendships,0.057607090103397346,0.1861152141802068,0.03840472673559823,0.07533234859675038,0.2274741506646972,0.05908419497784343,0.06351550960118169,0.292466765140325
women,0.08308368284401838,0.15098861593768723,0.06730577191931296,0.10565208707809068,0.18434192131016577,0.10904733373277412,0.07169962053125624,0.22788096664669463
william,0.133216986620128,0.1270118285825092,0.08260616637579989,0.16055846422338568,0.12061275935621485,0.11460151250727167,0.07213496218731821,0.1892573201473725
anywhere,0.09574468085106383,0.18439716312056736,0.07446808510638298,0.12411347517730495,0.1382978723404255,0.11347517730496454,0.0673758865248227,0.20212765957446804
cost,0.11295971978984239,0.1628721541155867,0.06830122591943959,0.11383537653239931,0.1243432574430823,0.1085814360770578,0.063922942206655,0.24518388791593693
title,0.07861635220125787,0.14570230607966458,0.055555555555555566,0.1058700209643606,0.11635220125786165,0.07023060796645704,0.06918238993710693,0.3584905660377359
author,0.05670567056705671,0.17641764176417643,0.034203420342034205,0.06120612061206122,0.13231323132313233,0.0738073807380738,0.06840684068406841,0.396939693969397
date,0.06216216216216216,0.21216216216216216,0.03783783783783784,0.08648648648648648,0.1297297297297297,0.12027027027027026,0.0527027027027027,0.29864864864864865
